--------------------------------------------------------------------------------
CPU name:	Intel(R) Xeon(R) CPU E5-2670 v3 @ 2.30GHz
CPU type:	Intel Xeon Haswell EN/EP/EX processor
CPU clock:	2.30 GHz
--------------------------------------------------------------------------------
Group 1: POWERPERF
+--------------------------------+---------+-------------+-------------+-------------+-------------+-------------+-------------+-------------+-------------+-------------+-------------+-------------+-------------+-------------+-------------+-------------+-------------+-------------+-------------+-------------+-------------+-------------+-------------+-------------+-------------+
|              Event             | Counter |    Core 0   |    Core 1   |    Core 2   |    Core 3   |    Core 4   |    Core 5   |    Core 6   |    Core 7   |    Core 8   |    Core 9   |   Core 10   |   Core 11   |   Core 12   |   Core 13   |   Core 14   |   Core 15   |   Core 16   |   Core 17   |   Core 18   |   Core 19   |   Core 20   |   Core 21   |   Core 22   |   Core 23   |
+--------------------------------+---------+-------------+-------------+-------------+-------------+-------------+-------------+-------------+-------------+-------------+-------------+-------------+-------------+-------------+-------------+-------------+-------------+-------------+-------------+-------------+-------------+-------------+-------------+-------------+-------------+
|        INSTR_RETIRED_ANY       |  FIXC0  | 27894432071 | 27918688925 | 27921400140 | 27917186788 | 27923494746 | 27925933732 | 33849611554 | 39663936514 | 36741222560 | 33740491619 | 36507044448 | 36715026682 | 27829154512 | 27911573149 | 27948008885 | 27940870166 | 27933023754 | 27939028825 | 33949133079 | 33771396507 | 35494481213 | 36314411532 | 39581658538 | 42306042418 |
|      CPU_CLK_UNHALTED_CORE     |  FIXC1  | 23790511569 | 23811513759 | 23810508639 | 23810913215 | 23810878563 | 23812775079 | 21821446082 | 22221748881 | 21994675731 | 21824332708 | 22068666671 | 22003220062 | 23781510782 | 23791839657 | 23807107411 | 23806231448 | 23796427227 | 23797826936 | 21790831577 | 21842074469 | 21962497291 | 21983414277 | 22161024817 | 22519624561 |
|      CPU_CLK_UNHALTED_REF      |  FIXC2  | 45598439389 | 45638690677 | 45636764726 | 45637547876 | 45637490560 | 45641107126 | 41824425923 | 42591650401 | 42156465699 | 41829957860 | 42298242805 | 42172832246 | 45581178188 | 45600991078 | 45630261016 | 45628565571 | 45609771466 | 45612458280 | 41765754809 | 41863968443 | 42094777790 | 42134855589 | 42475301175 | 43162601964 |
|           FIXC1/FIXC0          |   CPI   |           0 |           0 |           0 |           0 |           0 |           0 |           0 |           0 |           0 |           0 |           0 |           0 |           0 |           0 |           0 |           0 |           0 |           0 |           0 |           0 |           0 |           0 |           0 |           0 |
|  OFFCORE_RESPONSE_0_LOCAL_DRAM |   PMC0  |    16514161 |    16019457 |    15913963 |    16083068 |    16096436 |    16036680 |   205182574 |    67539605 |   135874103 |   202097733 |   136198466 |   133097164 |    13716098 |    13710976 |    13717491 |    13645777 |    13840979 |    13708296 |   205358585 |   205710585 |   134436523 |   135113645 |    67163470 |      357749 |
| OFFCORE_RESPONSE_1_REMOTE_DRAM |   PMC1  |       38060 |       30891 |       33323 |       31054 |       32348 |       36426 |     1432382 |     1300311 |      140629 |     1325453 |      156867 |     1553212 |      101854 |        1764 |        1638 |        2624 |        2156 |       24752 |     2082642 |     1532858 |      117826 |     1601477 |       83084 |      102097 |
|  MEM_LOAD_UOPS_RETIRED_L3_ALL  |   PMC2  |      804900 |      809984 |      827018 |      793741 |      803666 |      773055 |   155961241 |    52779552 |   104757357 |   156669177 |   104755657 |   104536908 |      754235 |      788160 |      744630 |      752550 |      785616 |      743153 |   158010463 |   157729739 |   105848885 |   105594549 |    53387232 |     1037169 |
|  MEM_LOAD_UOPS_RETIRED_L3_MISS |   PMC3  |      112230 |      108293 |      114439 |      110051 |      115714 |      107661 |    59164739 |    19916850 |    39248506 |    58807707 |    39298293 |    38731228 |       83840 |       85097 |       79336 |       82023 |       84837 |       83028 |    60675510 |    60523966 |    39753607 |    39709684 |    19895182 |      284265 |
|      L2_TRANS_ALL_REQUESTS     |   PMC4  |   320672856 |   319826420 |   319742028 |   319475180 |   320029679 |   320042567 |  2557123160 |   871401850 |  1706436891 |  2556753575 |  1702360502 |  1708647184 |   317659347 |   317631293 |   318313514 |   318182692 |   318487552 |   318481897 |  2551871836 |  2551325314 |  1710880395 |  1703733018 |   863674865 |    22281775 |
|          L2_RQSTS_MISS         |   PMC5  |    77729489 |    77590982 |    77614135 |    77511182 |    77450245 |    77400943 |   753211163 |   254886989 |   503365986 |   753751418 |   502473598 |   503942939 |    77181966 |    77386923 |    77368573 |    77346247 |    77361552 |    77243304 |   750402262 |   750720053 |   504255404 |   500756578 |   254501967 |     4329492 |
|        UOPS_RETIRED_ALL        |   PMC6  | 32797671558 | 32822649049 | 32825502301 | 32820574702 | 32827964571 | 32830758400 | 39451747931 | 52668886956 | 46148865026 | 39106701708 | 45997323397 | 46112278650 | 32717126255 | 32813043194 | 32853727123 | 32845769152 | 32836627506 | 32843013575 | 39595016713 | 39329845468 | 43989186070 | 45560619137 | 52552578165 | 59182538385 |
|            TEMP_CORE           |   TMP0  |          29 |          30 |          31 |          32 |          27 |          30 |          29 |          30 |          33 |          28 |          28 |          29 |          30 |          30 |          31 |          34 |          34 |          31 |          33 |          31 |          32 |          32 |          32 |          31 |
|         PWR_PKG_ENERGY         |   PWR0  |    870.5505 |           0 |           0 |           0 |           0 |           0 |           0 |           0 |           0 |           0 |           0 |           0 |    888.5425 |           0 |           0 |           0 |           0 |           0 |           0 |           0 |           0 |           0 |           0 |           0 |
|         PWR_PP0_ENERGY         |   PWR1  |           0 |           0 |           0 |           0 |           0 |           0 |           0 |           0 |           0 |           0 |           0 |           0 |           0 |           0 |           0 |           0 |           0 |           0 |           0 |           0 |           0 |           0 |           0 |           0 |
|         PWR_DRAM_ENERGY        |   PWR3  |    153.8952 |           0 |           0 |           0 |           0 |           0 |           0 |           0 |           0 |           0 |           0 |           0 |    154.3815 |           0 |           0 |           0 |           0 |           0 |           0 |           0 |           0 |           0 |           0 |           0 |
|          CAS_COUNT_RD          | MBOX0C0 |   382800144 |           0 |           0 |           0 |           0 |           0 |           0 |           0 |           0 |           0 |           0 |           0 |   330274998 |           0 |           0 |           0 |           0 |           0 |           0 |           0 |           0 |           0 |           0 |           0 |
|          CAS_COUNT_WR          | MBOX0C1 |   199862738 |           0 |           0 |           0 |           0 |           0 |           0 |           0 |           0 |           0 |           0 |           0 |   170883440 |           0 |           0 |           0 |           0 |           0 |           0 |           0 |           0 |           0 |           0 |           0 |
|          CAS_COUNT_RD          | MBOX1C0 |   380617662 |           0 |           0 |           0 |           0 |           0 |           0 |           0 |           0 |           0 |           0 |           0 |   328255821 |           0 |           0 |           0 |           0 |           0 |           0 |           0 |           0 |           0 |           0 |           0 |
|          CAS_COUNT_WR          | MBOX1C1 |   198437283 |           0 |           0 |           0 |           0 |           0 |           0 |           0 |           0 |           0 |           0 |           0 |   169477695 |           0 |           0 |           0 |           0 |           0 |           0 |           0 |           0 |           0 |           0 |           0 |
|          CAS_COUNT_RD          | MBOX2C0 |           0 |           0 |           0 |           0 |           0 |           0 |           0 |           0 |           0 |           0 |           0 |           0 |           0 |           0 |           0 |           0 |           0 |           0 |           0 |           0 |           0 |           0 |           0 |           0 |
|          CAS_COUNT_WR          | MBOX2C1 |           0 |           0 |           0 |           0 |           0 |           0 |           0 |           0 |           0 |           0 |           0 |           0 |           0 |           0 |           0 |           0 |           0 |           0 |           0 |           0 |           0 |           0 |           0 |           0 |
|          CAS_COUNT_RD          | MBOX3C0 |           0 |           0 |           0 |           0 |           0 |           0 |           0 |           0 |           0 |           0 |           0 |           0 |           0 |           0 |           0 |           0 |           0 |           0 |           0 |           0 |           0 |           0 |           0 |           0 |
|          CAS_COUNT_WR          | MBOX3C1 |           0 |           0 |           0 |           0 |           0 |           0 |           0 |           0 |           0 |           0 |           0 |           0 |           0 |           0 |           0 |           0 |           0 |           0 |           0 |           0 |           0 |           0 |           0 |           0 |
|          CAS_COUNT_RD          | MBOX4C0 |   381749578 |           0 |           0 |           0 |           0 |           0 |           0 |           0 |           0 |           0 |           0 |           0 |   329445373 |           0 |           0 |           0 |           0 |           0 |           0 |           0 |           0 |           0 |           0 |           0 |
|          CAS_COUNT_WR          | MBOX4C1 |   199659099 |           0 |           0 |           0 |           0 |           0 |           0 |           0 |           0 |           0 |           0 |           0 |   170712202 |           0 |           0 |           0 |           0 |           0 |           0 |           0 |           0 |           0 |           0 |           0 |
|          CAS_COUNT_RD          | MBOX5C0 |   380545879 |           0 |           0 |           0 |           0 |           0 |           0 |           0 |           0 |           0 |           0 |           0 |   328209160 |           0 |           0 |           0 |           0 |           0 |           0 |           0 |           0 |           0 |           0 |           0 |
|          CAS_COUNT_WR          | MBOX5C1 |   198549846 |           0 |           0 |           0 |           0 |           0 |           0 |           0 |           0 |           0 |           0 |           0 |   169664412 |           0 |           0 |           0 |           0 |           0 |           0 |           0 |           0 |           0 |           0 |           0 |
|          CAS_COUNT_RD          | MBOX6C0 |           0 |           0 |           0 |           0 |           0 |           0 |           0 |           0 |           0 |           0 |           0 |           0 |           0 |           0 |           0 |           0 |           0 |           0 |           0 |           0 |           0 |           0 |           0 |           0 |
|          CAS_COUNT_WR          | MBOX6C1 |           0 |           0 |           0 |           0 |           0 |           0 |           0 |           0 |           0 |           0 |           0 |           0 |           0 |           0 |           0 |           0 |           0 |           0 |           0 |           0 |           0 |           0 |           0 |           0 |
|          CAS_COUNT_RD          | MBOX7C0 |           0 |           0 |           0 |           0 |           0 |           0 |           0 |           0 |           0 |           0 |           0 |           0 |           0 |           0 |           0 |           0 |           0 |           0 |           0 |           0 |           0 |           0 |           0 |           0 |
|          CAS_COUNT_WR          | MBOX7C1 |           0 |           0 |           0 |           0 |           0 |           0 |           0 |           0 |           0 |           0 |           0 |           0 |           0 |           0 |           0 |           0 |           0 |           0 |           0 |           0 |           0 |           0 |           0 |           0 |
+--------------------------------+---------+-------------+-------------+-------------+-------------+-------------+-------------+-------------+-------------+-------------+-------------+-------------+-------------+-------------+-------------+-------------+-------------+-------------+-------------+-------------+-------------+-------------+-------------+-------------+-------------+
+-------------------------------------+---------+---------------+-------------+-------------+--------------+
|                Event                | Counter |      Sum      |     Min     |     Max     |      Avg     |
+-------------------------------------+---------+---------------+-------------+-------------+--------------+
|        INSTR_RETIRED_ANY STAT       |  FIXC0  |  773637252357 | 27829154512 | 42306042418 | 3.223489e+10 |
|      CPU_CLK_UNHALTED_CORE STAT     |  FIXC1  |  549821601412 | 21790831577 | 23812775079 | 2.290923e+10 |
|      CPU_CLK_UNHALTED_REF STAT      |  FIXC2  | 1053824100657 | 41765754809 | 45641107126 | 4.390934e+10 |
|           FIXC1/FIXC0 STAT          |   CPI   |             0 |           0 |           0 |            0 |
|  OFFCORE_RESPONSE_0_LOCAL_DRAM STAT |   PMC0  |    1807133584 |      357749 |   205710585 | 7.529723e+07 |
| OFFCORE_RESPONSE_1_REMOTE_DRAM STAT |   PMC1  |      11765728 |        1638 |     2082642 |  490238.6667 |
|  MEM_LOAD_UOPS_RETIRED_L3_ALL STAT  |   PMC2  |    1270448637 |      743153 |   158010463 | 5.293536e+07 |
|  MEM_LOAD_UOPS_RETIRED_L3_MISS STAT |   PMC3  |     477176086 |       79336 |    60675510 | 1.988234e+07 |
|      L2_TRANS_ALL_REQUESTS STAT     |   PMC4  |   24335035390 |    22281775 |  2557123160 | 1.013960e+09 |
|          L2_RQSTS_MISS STAT         |   PMC5  |    6965783390 |     4329492 |   753751418 | 2.902410e+08 |
|        UOPS_RETIRED_ALL STAT        |   PMC6  |  943530014992 | 32717126255 | 59182538385 | 3.931375e+10 |
|            TEMP_CORE STAT           |   TMP0  |           737 |          27 |          34 |      30.7083 |
|         PWR_PKG_ENERGY STAT         |   PWR0  |     1759.0930 |           0 |    888.5425 |      73.2955 |
|         PWR_PP0_ENERGY STAT         |   PWR1  |             0 |           0 |           0 |            0 |
|         PWR_DRAM_ENERGY STAT        |   PWR3  |      308.2767 |           0 |    154.3815 |      12.8449 |
|          CAS_COUNT_RD STAT          | MBOX0C0 |     713075142 |           0 |   382800144 | 2.971146e+07 |
|          CAS_COUNT_WR STAT          | MBOX0C1 |     370746178 |           0 |   199862738 | 1.544776e+07 |
|          CAS_COUNT_RD STAT          | MBOX1C0 |     708873483 |           0 |   380617662 | 2.953640e+07 |
|          CAS_COUNT_WR STAT          | MBOX1C1 |     367914978 |           0 |   198437283 | 1.532979e+07 |
|          CAS_COUNT_RD STAT          | MBOX2C0 |             0 |           0 |           0 |            0 |
|          CAS_COUNT_WR STAT          | MBOX2C1 |             0 |           0 |           0 |            0 |
|          CAS_COUNT_RD STAT          | MBOX3C0 |             0 |           0 |           0 |            0 |
|          CAS_COUNT_WR STAT          | MBOX3C1 |             0 |           0 |           0 |            0 |
|          CAS_COUNT_RD STAT          | MBOX4C0 |     711194951 |           0 |   381749578 | 2.963312e+07 |
|          CAS_COUNT_WR STAT          | MBOX4C1 |     370371301 |           0 |   199659099 | 1.543214e+07 |
|          CAS_COUNT_RD STAT          | MBOX5C0 |     708755039 |           0 |   380545879 | 2.953146e+07 |
|          CAS_COUNT_WR STAT          | MBOX5C1 |     368214258 |           0 |   198549846 | 1.534226e+07 |
|          CAS_COUNT_RD STAT          | MBOX6C0 |             0 |           0 |           0 |            0 |
|          CAS_COUNT_WR STAT          | MBOX6C1 |             0 |           0 |           0 |            0 |
|          CAS_COUNT_RD STAT          | MBOX7C0 |             0 |           0 |           0 |            0 |
|          CAS_COUNT_WR STAT          | MBOX7C1 |             0 |           0 |           0 |            0 |
+-------------------------------------+---------+---------------+-------------+-------------+--------------+
+-----------------------------------+-----------+-----------+-----------+-----------+-----------+-----------+-----------+-----------+-----------+-----------+-----------+-----------+-----------+-----------+-----------+-----------+-----------+-----------+-----------+-----------+-----------+-----------+-----------+-----------+
|               Metric              |   Core 0  |   Core 1  |   Core 2  |   Core 3  |   Core 4  |   Core 5  |   Core 6  |   Core 7  |   Core 8  |   Core 9  |  Core 10  |  Core 11  |  Core 12  |  Core 13  |  Core 14  |  Core 15  |  Core 16  |  Core 17  |  Core 18  |  Core 19  |  Core 20  |  Core 21  |  Core 22  |  Core 23  |
+-----------------------------------+-----------+-----------+-----------+-----------+-----------+-----------+-----------+-----------+-----------+-----------+-----------+-----------+-----------+-----------+-----------+-----------+-----------+-----------+-----------+-----------+-----------+-----------+-----------+-----------+
|        Runtime (RDTSC) [s]        |   20.0007 |   20.0007 |   20.0007 |   20.0007 |   20.0007 |   20.0007 |   20.0007 |   20.0007 |   20.0007 |   20.0007 |   20.0007 |   20.0007 |   20.0007 |   20.0007 |   20.0007 |   20.0007 |   20.0007 |   20.0007 |   20.0007 |   20.0007 |   20.0007 |   20.0007 |   20.0007 |   20.0007 |
|        Runtime unhalted [s]       |   10.3437 |   10.3528 |   10.3524 |   10.3525 |   10.3525 |   10.3533 |    9.4876 |    9.6616 |    9.5629 |    9.4888 |    9.5950 |    9.5666 |   10.3398 |   10.3442 |   10.3509 |   10.3505 |   10.3462 |   10.3468 |    9.4742 |    9.4965 |    9.5489 |    9.5580 |    9.6352 |    9.7911 |
|            Clock [MHz]            | 1200.0049 | 1200.0049 | 1200.0049 | 1200.0047 | 1200.0045 | 1200.0050 | 1200.0041 | 1200.0048 | 1200.0037 | 1200.0042 | 1200.0048 | 1200.0040 | 1200.0051 | 1200.0047 | 1200.0045 | 1200.0050 | 1200.0050 | 1200.0049 | 1200.0040 | 1200.0040 | 1200.0040 | 1200.0044 | 1200.0037 | 1200.0041 |
|                CPI                |    0.8529 |    0.8529 |    0.8528 |    0.8529 |    0.8527 |    0.8527 |    0.6447 |    0.5603 |    0.5986 |    0.6468 |    0.6045 |    0.5993 |    0.8546 |    0.8524 |    0.8518 |    0.8520 |    0.8519 |    0.8518 |    0.6419 |    0.6468 |    0.6188 |    0.6054 |    0.5599 |    0.5323 |
|   Local DRAM data volume [GByte]  |    1.0569 |    1.0252 |    1.0185 |    1.0293 |    1.0302 |    1.0263 |   13.1317 |    4.3225 |    8.6959 |   12.9343 |    8.7167 |    8.5182 |    0.8778 |    0.8775 |    0.8779 |    0.8733 |    0.8858 |    0.8773 |   13.1429 |   13.1655 |    8.6039 |    8.6473 |    4.2985 |    0.0229 |
|   Local DRAM bandwidth [MByte/s]  |   52.8435 |   51.2605 |   50.9229 |   51.4640 |   51.5068 |   51.3156 |  656.5617 |  216.1193 |  434.7822 |  646.6905 |  435.8201 |  425.8963 |   43.8900 |   43.8736 |   43.8945 |   43.6650 |   44.2896 |   43.8650 |  657.1249 |  658.2513 |  430.1821 |  432.3488 |  214.9157 |    1.1448 |
|  Remote DRAM data volume [GByte]  |    0.0024 |    0.0020 |    0.0021 |    0.0020 |    0.0021 |    0.0023 |    0.0917 |    0.0832 |    0.0090 |    0.0848 |    0.0100 |    0.0994 |    0.0065 |    0.0001 |    0.0001 |    0.0002 |    0.0001 |    0.0016 |    0.1333 |    0.0981 |    0.0075 |    0.1025 |    0.0053 |    0.0065 |
|  Remote DRAM bandwidth [MByte/s]  |    0.1218 |    0.0988 |    0.1066 |    0.0994 |    0.1035 |    0.1166 |    4.5835 |    4.1609 |    0.4500 |    4.2413 |    0.5020 |    4.9701 |    0.3259 |    0.0056 |    0.0052 |    0.0084 |    0.0069 |    0.0792 |    6.6642 |    4.9050 |    0.3770 |    5.1246 |    0.2659 |    0.3267 |
|     Memory data volume [GByte]    |    1.0593 |    1.0272 |    1.0206 |    1.0313 |    1.0322 |    1.0287 |   13.2234 |    4.4058 |    8.7049 |   13.0191 |    8.7267 |    8.6176 |    0.8843 |    0.8776 |    0.8780 |    0.8735 |    0.8860 |    0.8789 |   13.2762 |   13.2636 |    8.6115 |    8.7498 |    4.3038 |    0.0294 |
|     Memory bandwidth [MByte/s]    |   52.9653 |   51.3593 |   51.0296 |   51.5634 |   51.6103 |   51.4322 |  661.1451 |  220.2802 |  435.2322 |  650.9318 |  436.3221 |  430.8664 |   44.2159 |   43.8793 |   43.8997 |   43.6734 |   44.2965 |   43.9442 |  663.7891 |  663.1562 |  430.5591 |  437.4734 |  215.1816 |    1.4715 |
|          L3 request rate          |    7.1719 |    7.4796 |    7.2267 |    7.2125 |    6.9453 |    7.1805 |    2.6361 |    2.6500 |    2.6691 |    2.6641 |    2.6657 |    2.6990 |    8.9961 |    9.2619 |    9.3858 |    9.1749 |    9.2603 |    8.9506 |    2.6042 |    2.6061 |    2.6626 |    2.6592 |    2.6834 |    3.6486 |
|            L3 miss rate           |    0.0473 |    0.0381 |    0.0403 |    0.0391 |    0.0403 |    0.0471 |    0.0092 |    0.0246 |    0.0013 |    0.0085 |    0.0015 |    0.0149 |    0.1350 |    0.0022 |    0.0022 |    0.0035 |    0.0027 |    0.0333 |    0.0132 |    0.0097 |    0.0011 |    0.0152 |    0.0016 |    0.0984 |
|           L3 miss ratio           |    0.0023 |    0.0019 |    0.0021 |    0.0019 |    0.0020 |    0.0023 |    0.0070 |    0.0193 |    0.0010 |    0.0066 |    0.0012 |    0.0117 |    0.0074 |    0.0001 |    0.0001 |    0.0002 |    0.0002 |    0.0018 |    0.0101 |    0.0075 |    0.0009 |    0.0119 |    0.0012 |    0.2854 |
|          L2 request rate          |    0.0115 |    0.0115 |    0.0115 |    0.0114 |    0.0115 |    0.0115 |    0.0755 |    0.0220 |    0.0464 |    0.0758 |    0.0466 |    0.0465 |    0.0114 |    0.0114 |    0.0114 |    0.0114 |    0.0114 |    0.0114 |    0.0752 |    0.0755 |    0.0482 |    0.0469 |    0.0218 |    0.0005 |
|            L2 miss rate           |    0.0028 |    0.0028 |    0.0028 |    0.0028 |    0.0028 |    0.0028 |    0.0223 |    0.0064 |    0.0137 |    0.0223 |    0.0138 |    0.0137 |    0.0028 |    0.0028 |    0.0028 |    0.0028 |    0.0028 |    0.0028 |    0.0221 |    0.0222 |    0.0142 |    0.0138 |    0.0064 |    0.0001 |
|           L2 miss ratio           |    0.2424 |    0.2426 |    0.2427 |    0.2426 |    0.2420 |    0.2418 |    0.2946 |    0.2925 |    0.2950 |    0.2948 |    0.2952 |    0.2949 |    0.2430 |    0.2436 |    0.2431 |    0.2431 |    0.2429 |    0.2425 |    0.2941 |    0.2942 |    0.2947 |    0.2939 |    0.2947 |    0.1943 |
|  Memory read bandwidth [MBytes/s] | 4882.1147 |         0 |         0 |         0 |         0 |         0 |         0 |         0 |         0 |         0 |         0 |         0 | 4211.6484 |         0 |         0 |         0 |         0 |         0 |         0 |         0 |         0 |         0 |         0 |         0 |
|  Memory read data volume [GBytes] |   97.6456 |         0 |         0 |         0 |         0 |         0 |         0 |         0 |         0 |         0 |         0 |         0 |   84.2359 |         0 |         0 |         0 |         0 |         0 |         0 |         0 |         0 |         0 |         0 |         0 |
| Memory write bandwidth [MBytes/s] | 2548.7411 |         0 |         0 |         0 |         0 |         0 |         0 |         0 |         0 |         0 |         0 |         0 | 2178.2860 |         0 |         0 |         0 |         0 |         0 |         0 |         0 |         0 |         0 |         0 |         0 |
| Memory write data volume [GBytes] |   50.9766 |         0 |         0 |         0 |         0 |         0 |         0 |         0 |         0 |         0 |         0 |         0 |   43.5672 |         0 |         0 |         0 |         0 |         0 |         0 |         0 |         0 |         0 |         0 |         0 |
|    Memory bandwidth [MBytes/s]    | 7430.8558 |         0 |         0 |         0 |         0 |         0 |         0 |         0 |         0 |         0 |         0 |         0 | 6389.9344 |         0 |         0 |         0 |         0 |         0 |         0 |         0 |         0 |         0 |         0 |         0 |
|    Memory data volume [GBytes]    |  148.6222 |         0 |         0 |         0 |         0 |         0 |         0 |         0 |         0 |         0 |         0 |         0 |  127.8031 |         0 |         0 |         0 |         0 |         0 |         0 |         0 |         0 |         0 |         0 |         0 |
|          Temperature [C]          |        29 |        30 |        31 |        32 |        27 |        30 |        29 |        30 |        33 |        28 |        28 |        29 |        30 |        30 |        31 |        34 |        34 |        31 |        33 |        31 |        32 |        32 |        32 |        31 |
|             Energy [J]            |  870.5505 |         0 |         0 |         0 |         0 |         0 |         0 |         0 |         0 |         0 |         0 |         0 |  888.5425 |         0 |         0 |         0 |         0 |         0 |         0 |         0 |         0 |         0 |         0 |         0 |
|             Power [W]             |   43.5260 |         0 |         0 |         0 |         0 |         0 |         0 |         0 |         0 |         0 |         0 |         0 |   44.4256 |         0 |         0 |         0 |         0 |         0 |         0 |         0 |         0 |         0 |         0 |         0 |
|           Energy PP0 [J]          |         0 |         0 |         0 |         0 |         0 |         0 |         0 |         0 |         0 |         0 |         0 |         0 |         0 |         0 |         0 |         0 |         0 |         0 |         0 |         0 |         0 |         0 |         0 |         0 |
|           Power PP0 [W]           |         0 |         0 |         0 |         0 |         0 |         0 |         0 |         0 |         0 |         0 |         0 |         0 |         0 |         0 |         0 |         0 |         0 |         0 |         0 |         0 |         0 |         0 |         0 |         0 |
|          Energy DRAM [J]          |  153.8952 |         0 |         0 |         0 |         0 |         0 |         0 |         0 |         0 |         0 |         0 |         0 |  154.3815 |         0 |         0 |         0 |         0 |         0 |         0 |         0 |         0 |         0 |         0 |         0 |
|           Power DRAM [W]          |    7.6945 |         0 |         0 |         0 |         0 |         0 |         0 |         0 |         0 |         0 |         0 |         0 |    7.7188 |         0 |         0 |         0 |         0 |         0 |         0 |         0 |         0 |         0 |         0 |         0 |
+-----------------------------------+-----------+-----------+-----------+-----------+-----------+-----------+-----------+-----------+-----------+-----------+-----------+-----------+-----------+-----------+-----------+-----------+-----------+-----------+-----------+-----------+-----------+-----------+-----------+-----------+
+----------------------------------------+------------+-----------+-----------+-----------+
|                 Metric                 |     Sum    |    Min    |    Max    |    Avg    |
+----------------------------------------+------------+-----------+-----------+-----------+
|        Runtime (RDTSC) [s] STAT        |   480.0168 |   20.0007 |   20.0007 |   20.0007 |
|        Runtime unhalted [s] STAT       |   239.0520 |    9.4742 |   10.3533 |    9.9605 |
|            Clock [MHz] STAT            | 28800.1079 | 1200.0037 | 1200.0051 | 1200.0045 |
|                CPI STAT                |    17.4907 |    0.5323 |    0.8546 |    0.7288 |
|   Local DRAM data volume [GByte] STAT  |   115.6563 |    0.0229 |   13.1655 |    4.8190 |
|   Local DRAM bandwidth [MByte/s] STAT  |  5782.6287 |    1.1448 |  658.2513 |  240.9429 |
|  Remote DRAM data volume [GByte] STAT  |     0.7528 |    0.0001 |    0.1333 |    0.0314 |
|  Remote DRAM bandwidth [MByte/s] STAT  |    37.6491 |    0.0052 |    6.6642 |    1.5687 |
|     Memory data volume [GByte] STAT    |   116.4094 |    0.0294 |   13.2762 |    4.8504 |
|     Memory bandwidth [MByte/s] STAT    |  5820.2778 |    1.4715 |  663.7891 |  242.5116 |
|          L3 request rate STAT          |   131.0942 |    2.6042 |    9.3858 |    5.4623 |
|            L3 miss rate STAT           |     0.6303 |    0.0011 |    0.1350 |    0.0263 |
|           L3 miss ratio STAT           |     0.3861 |    0.0001 |    0.2854 |    0.0161 |
|          L2 request rate STAT          |     0.7182 |    0.0005 |    0.0758 |    0.0299 |
|            L2 miss rate STAT           |     0.2046 |    0.0001 |    0.0223 |    0.0085 |
|           L2 miss ratio STAT           |     6.3452 |    0.1943 |    0.2952 |    0.2644 |
|  Memory read bandwidth [MBytes/s] STAT |  9093.7631 |         0 | 4882.1147 |  378.9068 |
|  Memory read data volume [GBytes] STAT |   181.8815 |         0 |   97.6456 |    7.5784 |
| Memory write bandwidth [MBytes/s] STAT |  4727.0271 |         0 | 2548.7411 |  196.9595 |
| Memory write data volume [GBytes] STAT |    94.5438 |         0 |   50.9766 |    3.9393 |
|    Memory bandwidth [MBytes/s] STAT    | 13820.7902 |         0 | 7430.8558 |  575.8663 |
|    Memory data volume [GBytes] STAT    |   276.4253 |         0 |  148.6222 |   11.5177 |
|          Temperature [C] STAT          |        737 |        27 |        34 |   30.7083 |
|             Energy [J] STAT            |  1759.0930 |         0 |  888.5425 |   73.2955 |
|             Power [W] STAT             |    87.9516 |         0 |   44.4256 |    3.6647 |
|           Energy PP0 [J] STAT          |          0 |         0 |         0 |         0 |
|           Power PP0 [W] STAT           |          0 |         0 |         0 |         0 |
|          Energy DRAM [J] STAT          |   308.2767 |         0 |  154.3815 |   12.8449 |
|           Power DRAM [W] STAT          |    15.4133 |         0 |    7.7188 |    0.6422 |
+----------------------------------------+------------+-----------+-----------+-----------+
