--------------------------------------------------------------------------------
CPU name:	Intel(R) Xeon(R) CPU E5-2670 v3 @ 2.30GHz
CPU type:	Intel Xeon Haswell EN/EP/EX processor
CPU clock:	2.30 GHz
--------------------------------------------------------------------------------
Group 1: POWERPERF
+--------------------------------+---------+-------------+-------------+-------------+-------------+-------------+-------------+---------+----------+---------+----------+---------+----------+-------------+-------------+-------------+-------------+-------------+-------------+---------+---------+---------+---------+---------+---------+
|              Event             | Counter |    Core 0   |    Core 1   |    Core 2   |    Core 3   |    Core 4   |    Core 5   |  Core 6 |  Core 7  |  Core 8 |  Core 9  | Core 10 |  Core 11 |   Core 12   |   Core 13   |   Core 14   |   Core 15   |   Core 16   |   Core 17   | Core 18 | Core 19 | Core 20 | Core 21 | Core 22 | Core 23 |
+--------------------------------+---------+-------------+-------------+-------------+-------------+-------------+-------------+---------+----------+---------+----------+---------+----------+-------------+-------------+-------------+-------------+-------------+-------------+---------+---------+---------+---------+---------+---------+
|        INSTR_RETIRED_ANY       |  FIXC0  | 27725802214 | 28154543547 | 28293919583 | 28239584602 | 27774431321 | 27251021395 | 2117695 |  5377367 | 4513560 |  2019723 | 1253442 | 11480260 | 27377765490 | 27431665429 | 27347609998 | 26870346225 | 27488817712 | 27543464349 |  258375 | 1125000 |       0 |    4773 |       0 |  109205 |
|      CPU_CLK_UNHALTED_CORE     |  FIXC1  | 21869966313 | 23864525436 | 23840926598 | 23823181756 | 23706095152 | 23696542694 | 2329979 |  6496687 | 5017678 |  5349264 | 2901499 | 11555230 | 23564976393 | 23576434555 | 23554158710 | 23565035483 | 23501396140 | 23534421554 |  426236 |  730730 |       0 |   37781 |       0 |  286017 |
|      CPU_CLK_UNHALTED_REF      |  FIXC2  | 41917418580 | 45740321973 | 45695072118 | 45661085501 | 45436660356 | 45418356772 | 4465795 | 12451740 | 9617082 | 10252181 | 5561561 | 22146838 | 45166191488 | 45188139905 | 45145455907 | 45166306488 | 45044330128 | 45107629900 |  816730 | 1400585 |       0 |   72404 |       0 |  547791 |
|           FIXC1/FIXC0          |   CPI   |           0 |           0 |           0 |           0 |           0 |           0 |       0 |        0 |       0 |        0 |       0 |        0 |           0 |           0 |           0 |           0 |           0 |           0 |       0 |       0 |       0 |       0 |       0 |       0 |
|  OFFCORE_RESPONSE_0_LOCAL_DRAM |   PMC0  |   199301920 |   180062665 |   179544214 |   177564624 |   171442727 |   164441649 |   18479 |    38667 |   53350 |    83903 |   37245 |   230189 |   163995839 |   170202930 |   170402965 |   168139082 |   169868738 |   166328462 |    1310 |    1445 |       0 |     126 |       0 |    1195 |
| OFFCORE_RESPONSE_1_REMOTE_DRAM |   PMC1  |    18939588 |    10811727 |    10331062 |    11056721 |    11855684 |    17838808 |    1147 |    25223 |    2620 |     4542 |    1174 |     1685 |    17681782 |    12769026 |    12362143 |    11697319 |    11497833 |    14876038 |    3413 |    2550 |       0 |     488 |       0 |     774 |
|  MEM_LOAD_UOPS_RETIRED_L3_ALL  |   PMC2  |   115491235 |   113693501 |   115612580 |   113774768 |   114570813 |   113769124 |    3140 |    12739 |    7221 |    11463 |    5293 |     8999 |   116135349 |   115548473 |   116154183 |   116078432 |   117876549 |   119382443 |     393 |     982 |       0 |     115 |       0 |     682 |
|  MEM_LOAD_UOPS_RETIRED_L3_MISS |   PMC3  |    37147402 |    28942153 |    27687425 |    27327752 |    26831824 |    29472996 |    1692 |    10418 |    4571 |     8983 |    3781 |     4070 |    29467035 |    28821959 |    28711540 |    31364294 |    29157521 |    28573058 |     369 |     446 |       0 |      78 |       0 |     601 |
|      L2_TRANS_ALL_REQUESTS     |   PMC4  |  2194231417 |  2020933316 |  2007646005 |  2001031840 |  1937277202 |  1875449566 |  103565 |   285636 |  229529 |   311546 |  180015 |  1293072 |  1929710880 |  1934020996 |  1928129614 |  1862712720 |  1917489165 |  1905065471 |   11034 |   37047 |       0 |    3063 |       0 |   21784 |
|          L2_RQSTS_MISS         |   PMC5  |   475462099 |   436015621 |   434680459 |   432924724 |   418732451 |   403962263 |   35876 |    99987 |   91580 |   119510 |   67049 |   356750 |   421016606 |   420962820 |   421685720 |   402444051 |   416570389 |   412386869 |    4819 |    7236 |       0 |    1355 |       0 |    2349 |
|        UOPS_RETIRED_ALL        |   PMC6  | 36098357174 | 37113462061 | 37199822617 | 37173718440 | 36695862581 | 36131159241 | 2665445 |  6290046 | 5704870 |  2536721 | 1715179 | 16816349 | 36165691207 | 36251165591 | 36136694394 | 35662951263 | 36280460579 | 36409359418 |  277922 | 1280248 |       0 |    7172 |       0 |  177813 |
|            TEMP_CORE           |   TMP0  |          31 |          30 |          31 |          28 |          29 |          30 |      31 |       29 |      28 |       29 |      31 |       32 |          28 |          32 |          30 |          33 |          34 |          31 |      29 |      31 |      27 |      29 |      29 |      27 |
|         PWR_PKG_ENERGY         |   PWR0  |    640.3293 |           0 |           0 |           0 |           0 |           0 |       0 |        0 |       0 |        0 |       0 |        0 |    686.2469 |           0 |           0 |           0 |           0 |           0 |       0 |       0 |       0 |       0 |       0 |       0 |
|         PWR_PP0_ENERGY         |   PWR1  |           0 |           0 |           0 |           0 |           0 |           0 |       0 |        0 |       0 |        0 |       0 |        0 |           0 |           0 |           0 |           0 |           0 |           0 |       0 |       0 |       0 |       0 |       0 |       0 |
|         PWR_DRAM_ENERGY        |   PWR3  |    173.7389 |           0 |           0 |           0 |           0 |           0 |       0 |        0 |       0 |        0 |       0 |        0 |    180.4285 |           0 |           0 |           0 |           0 |           0 |       0 |       0 |       0 |       0 |       0 |       0 |
|          CAS_COUNT_RD          | MBOX0C0 |   351969900 |           0 |           0 |           0 |           0 |           0 |       0 |        0 |       0 |        0 |       0 |        0 |   329266190 |           0 |           0 |           0 |           0 |           0 |       0 |       0 |       0 |       0 |       0 |       0 |
|          CAS_COUNT_WR          | MBOX0C1 |   129220715 |           0 |           0 |           0 |           0 |           0 |       0 |        0 |       0 |        0 |       0 |        0 |   132800236 |           0 |           0 |           0 |           0 |           0 |       0 |       0 |       0 |       0 |       0 |       0 |
|          CAS_COUNT_RD          | MBOX1C0 |   353007187 |           0 |           0 |           0 |           0 |           0 |       0 |        0 |       0 |        0 |       0 |        0 |   330345661 |           0 |           0 |           0 |           0 |           0 |       0 |       0 |       0 |       0 |       0 |       0 |
|          CAS_COUNT_WR          | MBOX1C1 |   130351845 |           0 |           0 |           0 |           0 |           0 |       0 |        0 |       0 |        0 |       0 |        0 |   133862653 |           0 |           0 |           0 |           0 |           0 |       0 |       0 |       0 |       0 |       0 |       0 |
|          CAS_COUNT_RD          | MBOX2C0 |           0 |           0 |           0 |           0 |           0 |           0 |       0 |        0 |       0 |        0 |       0 |        0 |           0 |           0 |           0 |           0 |           0 |           0 |       0 |       0 |       0 |       0 |       0 |       0 |
|          CAS_COUNT_WR          | MBOX2C1 |           0 |           0 |           0 |           0 |           0 |           0 |       0 |        0 |       0 |        0 |       0 |        0 |           0 |           0 |           0 |           0 |           0 |           0 |       0 |       0 |       0 |       0 |       0 |       0 |
|          CAS_COUNT_RD          | MBOX3C0 |           0 |           0 |           0 |           0 |           0 |           0 |       0 |        0 |       0 |        0 |       0 |        0 |           0 |           0 |           0 |           0 |           0 |           0 |       0 |       0 |       0 |       0 |       0 |       0 |
|          CAS_COUNT_WR          | MBOX3C1 |           0 |           0 |           0 |           0 |           0 |           0 |       0 |        0 |       0 |        0 |       0 |        0 |           0 |           0 |           0 |           0 |           0 |           0 |       0 |       0 |       0 |       0 |       0 |       0 |
|          CAS_COUNT_RD          | MBOX4C0 |   352317722 |           0 |           0 |           0 |           0 |           0 |       0 |        0 |       0 |        0 |       0 |        0 |   329296538 |           0 |           0 |           0 |           0 |           0 |       0 |       0 |       0 |       0 |       0 |       0 |
|          CAS_COUNT_WR          | MBOX4C1 |   129313138 |           0 |           0 |           0 |           0 |           0 |       0 |        0 |       0 |        0 |       0 |        0 |   132814299 |           0 |           0 |           0 |           0 |           0 |       0 |       0 |       0 |       0 |       0 |       0 |
|          CAS_COUNT_RD          | MBOX5C0 |   353137477 |           0 |           0 |           0 |           0 |           0 |       0 |        0 |       0 |        0 |       0 |        0 |   330299816 |           0 |           0 |           0 |           0 |           0 |       0 |       0 |       0 |       0 |       0 |       0 |
|          CAS_COUNT_WR          | MBOX5C1 |   130380327 |           0 |           0 |           0 |           0 |           0 |       0 |        0 |       0 |        0 |       0 |        0 |   133861382 |           0 |           0 |           0 |           0 |           0 |       0 |       0 |       0 |       0 |       0 |       0 |
|          CAS_COUNT_RD          | MBOX6C0 |           0 |           0 |           0 |           0 |           0 |           0 |       0 |        0 |       0 |        0 |       0 |        0 |           0 |           0 |           0 |           0 |           0 |           0 |       0 |       0 |       0 |       0 |       0 |       0 |
|          CAS_COUNT_WR          | MBOX6C1 |           0 |           0 |           0 |           0 |           0 |           0 |       0 |        0 |       0 |        0 |       0 |        0 |           0 |           0 |           0 |           0 |           0 |           0 |       0 |       0 |       0 |       0 |       0 |       0 |
|          CAS_COUNT_RD          | MBOX7C0 |           0 |           0 |           0 |           0 |           0 |           0 |       0 |        0 |       0 |        0 |       0 |        0 |           0 |           0 |           0 |           0 |           0 |           0 |       0 |       0 |       0 |       0 |       0 |       0 |
|          CAS_COUNT_WR          | MBOX7C1 |           0 |           0 |           0 |           0 |           0 |           0 |       0 |        0 |       0 |        0 |       0 |        0 |           0 |           0 |           0 |           0 |           0 |           0 |       0 |       0 |       0 |       0 |       0 |       0 |
+--------------------------------+---------+-------------+-------------+-------------+-------------+-------------+-------------+---------+----------+---------+----------+---------+----------+-------------+-------------+-------------+-------------+-------------+-------------+---------+---------+---------+---------+---------+---------+
+-------------------------------------+---------+--------------+-----+-------------+--------------+
|                Event                | Counter |      Sum     | Min |     Max     |      Avg     |
+-------------------------------------+---------+--------------+-----+-------------+--------------+
|        INSTR_RETIRED_ANY STAT       |  FIXC0  | 331527231265 |   0 | 28293919583 | 1.381363e+10 |
|      CPU_CLK_UNHALTED_CORE STAT     |  FIXC1  | 282132791885 |   0 | 23864525436 | 1.175553e+10 |
|      CPU_CLK_UNHALTED_REF STAT      |  FIXC2  | 540754301823 |   0 | 45740321973 | 2.253143e+10 |
|           FIXC1/FIXC0 STAT          |   CPI   |            0 |   0 |           0 |            0 |
|  OFFCORE_RESPONSE_0_LOCAL_DRAM STAT |   PMC0  |   2081761724 |   0 |   199301920 | 8.674007e+07 |
| OFFCORE_RESPONSE_1_REMOTE_DRAM STAT |   PMC1  |    161761347 |   0 |    18939588 | 6.740056e+06 |
|  MEM_LOAD_UOPS_RETIRED_L3_ALL STAT  |   PMC2  |   1388138477 |   0 |   119382443 | 5.783910e+07 |
|  MEM_LOAD_UOPS_RETIRED_L3_MISS STAT |   PMC3  |    353539968 |   0 |    37147402 |     14730832 |
|      L2_TRANS_ALL_REQUESTS STAT     |   PMC4  |  23516174483 |   0 |  2194231417 | 9.798406e+08 |
|          L2_RQSTS_MISS STAT         |   PMC5  |   5097630583 |   0 |   475462099 | 2.124013e+08 |
|        UOPS_RETIRED_ALL STAT        |   PMC6  | 437356176331 |   0 | 37199822617 | 1.822317e+10 |
|            TEMP_CORE STAT           |   TMP0  |          719 |  27 |          34 |      29.9583 |
|         PWR_PKG_ENERGY STAT         |   PWR0  |    1326.5762 |   0 |    686.2469 |      55.2740 |
|         PWR_PP0_ENERGY STAT         |   PWR1  |            0 |   0 |           0 |            0 |
|         PWR_DRAM_ENERGY STAT        |   PWR3  |     354.1674 |   0 |    180.4285 |      14.7570 |
|          CAS_COUNT_RD STAT          | MBOX0C0 |    681236090 |   0 |   351969900 | 2.838484e+07 |
|          CAS_COUNT_WR STAT          | MBOX0C1 |    262020951 |   0 |   132800236 | 1.091754e+07 |
|          CAS_COUNT_RD STAT          | MBOX1C0 |    683352848 |   0 |   353007187 | 2.847304e+07 |
|          CAS_COUNT_WR STAT          | MBOX1C1 |    264214498 |   0 |   133862653 | 1.100894e+07 |
|          CAS_COUNT_RD STAT          | MBOX2C0 |            0 |   0 |           0 |            0 |
|          CAS_COUNT_WR STAT          | MBOX2C1 |            0 |   0 |           0 |            0 |
|          CAS_COUNT_RD STAT          | MBOX3C0 |            0 |   0 |           0 |            0 |
|          CAS_COUNT_WR STAT          | MBOX3C1 |            0 |   0 |           0 |            0 |
|          CAS_COUNT_RD STAT          | MBOX4C0 |    681614260 |   0 |   352317722 | 2.840059e+07 |
|          CAS_COUNT_WR STAT          | MBOX4C1 |    262127437 |   0 |   132814299 | 1.092198e+07 |
|          CAS_COUNT_RD STAT          | MBOX5C0 |    683437293 |   0 |   353137477 | 2.847655e+07 |
|          CAS_COUNT_WR STAT          | MBOX5C1 |    264241709 |   0 |   133861382 | 1.101007e+07 |
|          CAS_COUNT_RD STAT          | MBOX6C0 |            0 |   0 |           0 |            0 |
|          CAS_COUNT_WR STAT          | MBOX6C1 |            0 |   0 |           0 |            0 |
|          CAS_COUNT_RD STAT          | MBOX7C0 |            0 |   0 |           0 |            0 |
|          CAS_COUNT_WR STAT          | MBOX7C1 |            0 |   0 |           0 |            0 |
+-------------------------------------+---------+--------------+-----+-------------+--------------+
+-----------------------------------+-----------+-----------+-----------+-----------+-----------+-----------+-----------+-----------+-----------+-----------+-----------+-----------+-----------+-----------+-----------+-----------+-----------+-----------+-----------+-----------+---------+--------------+---------+--------------+
|               Metric              |   Core 0  |   Core 1  |   Core 2  |   Core 3  |   Core 4  |   Core 5  |   Core 6  |   Core 7  |   Core 8  |   Core 9  |  Core 10  |  Core 11  |  Core 12  |  Core 13  |  Core 14  |  Core 15  |  Core 16  |  Core 17  |  Core 18  |  Core 19  | Core 20 |    Core 21   | Core 22 |    Core 23   |
+-----------------------------------+-----------+-----------+-----------+-----------+-----------+-----------+-----------+-----------+-----------+-----------+-----------+-----------+-----------+-----------+-----------+-----------+-----------+-----------+-----------+-----------+---------+--------------+---------+--------------+
|        Runtime (RDTSC) [s]        |   20.0010 |   20.0010 |   20.0010 |   20.0010 |   20.0010 |   20.0010 |   20.0010 |   20.0010 |   20.0010 |   20.0010 |   20.0010 |   20.0010 |   20.0010 |   20.0010 |   20.0010 |   20.0010 |   20.0010 |   20.0010 |   20.0010 |   20.0010 | 20.0010 |      20.0010 | 20.0010 |      20.0010 |
|        Runtime unhalted [s]       |    9.5088 |   10.3760 |   10.3657 |   10.3580 |   10.3071 |   10.3029 |    0.0010 |    0.0028 |    0.0022 |    0.0023 |    0.0013 |    0.0050 |   10.2457 |   10.2507 |   10.2410 |   10.2458 |   10.2181 |   10.2325 |    0.0002 |    0.0003 |       0 | 1.642669e-05 |       0 |       0.0001 |
|            Clock [MHz]            | 1199.9885 | 1199.9885 | 1199.9890 | 1199.9884 | 1199.9886 | 1199.9885 | 1199.9875 | 1200.0115 | 1200.0048 | 1200.0553 | 1199.9115 | 1200.0252 | 1199.9884 | 1199.9887 | 1199.9884 | 1199.9883 | 1199.9883 | 1199.9883 | 1200.3147 | 1199.9716 |   nan   |    1200.1468 |   nan   |    1200.8823 |
|                CPI                |    0.7888 |    0.8476 |    0.8426 |    0.8436 |    0.8535 |    0.8696 |    1.1002 |    1.2082 |    1.1117 |    2.6485 |    2.3148 |    1.0065 |    0.8607 |    0.8595 |    0.8613 |    0.8770 |    0.8549 |    0.8544 |    1.6497 |    0.6495 |   nan   |       7.9156 |   nan   |       2.6191 |
|   Local DRAM data volume [GByte]  |   12.7553 |   11.5240 |   11.4908 |   11.3641 |   10.9723 |   10.5243 |    0.0012 |    0.0025 |    0.0034 |    0.0054 |    0.0024 |    0.0147 |   10.4957 |   10.8930 |   10.9058 |   10.7609 |   10.8716 |   10.6450 |    0.0001 |    0.0001 |       0 | 8.064000e-06 |       0 |       0.0001 |
|   Local DRAM bandwidth [MByte/s]  |  637.7344 |  576.1719 |  574.5129 |  568.1785 |  548.5894 |  526.1871 |    0.0591 |    0.1237 |    0.1707 |    0.2685 |    0.1192 |    0.7366 |  524.7606 |  544.6223 |  545.2624 |  538.0183 |  543.5529 |  532.2246 |    0.0042 |    0.0046 |       0 |       0.0004 |       0 |       0.0038 |
|  Remote DRAM data volume [GByte]  |    1.2121 |    0.6920 |    0.6612 |    0.7076 |    0.7588 |    1.1417 |    0.0001 |    0.0016 |    0.0002 |    0.0003 |    0.0001 |    0.0001 |    1.1316 |    0.8172 |    0.7912 |    0.7486 |    0.7359 |    0.9521 |    0.0002 |    0.0002 |       0 | 3.123200e-05 |       0 | 4.953600e-05 |
|  Remote DRAM bandwidth [MByte/s]  |   60.6037 |   34.5958 |   33.0578 |   35.3797 |   37.9363 |   57.0813 |    0.0037 |    0.0807 |    0.0084 |    0.0145 |    0.0038 |    0.0054 |   56.5789 |   40.8589 |   39.5569 |   37.4296 |   36.7912 |   47.6010 |    0.0109 |    0.0082 |       0 |       0.0016 |       0 |       0.0025 |
|     Memory data volume [GByte]    |   13.9675 |   12.2160 |   12.1520 |   12.0718 |   11.7311 |   11.6659 |    0.0013 |    0.0041 |    0.0036 |    0.0057 |    0.0025 |    0.0148 |   11.6274 |   11.7102 |   11.6970 |   11.5095 |   11.6075 |   11.5971 |    0.0003 |    0.0003 |       0 | 3.929600e-05 |       0 |       0.0001 |
|     Memory bandwidth [MByte/s]    |  698.3381 |  610.7677 |  607.5707 |  603.5583 |  586.5257 |  583.2685 |    0.0628 |    0.2044 |    0.1791 |    0.2830 |    0.1229 |    0.7420 |  581.3395 |  585.4811 |  584.8193 |  575.4479 |  580.3442 |  579.8256 |    0.0151 |    0.0128 |       0 |       0.0020 |       0 |       0.0063 |
|          L3 request rate          |    3.1090 |    3.9283 |    4.1756 |    4.1633 |    4.2700 |    3.8601 |    1.8558 |    1.2228 |    1.5797 |    1.2761 |    1.3999 |    2.2111 |    3.9412 |    4.0090 |    4.0456 |    3.7010 |    4.0427 |    4.1781 |    1.0650 |    2.2018 |   nan   |       1.4744 |   nan   |       1.1348 |
|            L3 miss rate           |    0.1640 |    0.0951 |    0.0894 |    0.0972 |    0.1035 |    0.1568 |    0.3653 |    1.9800 |    0.3628 |    0.3962 |    0.2218 |    0.1872 |    0.1523 |    0.1105 |    0.1064 |    0.1008 |    0.0975 |    0.1246 |    8.6845 |    2.5967 |   nan   |       4.2435 |   nan   |       1.1349 |
|           L3 miss ratio           |    0.0950 |    0.0600 |    0.0575 |    0.0623 |    0.0692 |    0.1085 |    0.0621 |    0.6523 |    0.0491 |    0.0541 |    0.0315 |    0.0073 |    0.1078 |    0.0750 |    0.0725 |    0.0696 |    0.0677 |    0.0894 |    2.6053 |    1.7647 |   nan   |       3.8730 |   nan   |       0.6477 |
|          L2 request rate          |    0.0791 |    0.0718 |    0.0710 |    0.0709 |    0.0698 |    0.0688 |    0.0489 |    0.0531 |    0.0509 |    0.1543 |    0.1436 |    0.1126 |    0.0705 |    0.0705 |    0.0705 |    0.0693 |    0.0698 |    0.0692 |    0.0427 |    0.0329 |   nan   |       0.6417 |   nan   |       0.1995 |
|            L2 miss rate           |    0.0171 |    0.0155 |    0.0154 |    0.0153 |    0.0151 |    0.0148 |    0.0169 |    0.0186 |    0.0203 |    0.0592 |    0.0535 |    0.0311 |    0.0154 |    0.0153 |    0.0154 |    0.0150 |    0.0152 |    0.0150 |    0.0187 |    0.0064 |   nan   |       0.2839 |   nan   |       0.0215 |
|           L2 miss ratio           |    0.2167 |    0.2157 |    0.2165 |    0.2164 |    0.2161 |    0.2154 |    0.3464 |    0.3501 |    0.3990 |    0.3836 |    0.3725 |    0.2759 |    0.2182 |    0.2177 |    0.2187 |    0.2161 |    0.2172 |    0.2165 |    0.4367 |    0.1953 |   nan   |       0.4424 |   nan   |       0.1078 |
|  Memory read bandwidth [MBytes/s] | 4513.1589 |         0 |         0 |         0 |         0 |         0 |         0 |         0 |         0 |         0 |         0 |         0 | 4221.2563 |         0 |         0 |         0 |         0 |         0 |         0 |         0 |       0 |            0 |       0 |            0 |
|  Memory read data volume [GBytes] |   90.2677 |         0 |         0 |         0 |         0 |         0 |         0 |         0 |         0 |         0 |         0 |         0 |   84.4293 |         0 |         0 |         0 |         0 |         0 |         0 |         0 |       0 |            0 |       0 |            0 |
| Memory write bandwidth [MBytes/s] | 1661.5687 |         0 |         0 |         0 |         0 |         0 |         0 |         0 |         0 |         0 |         0 |         0 | 1706.5986 |         0 |         0 |         0 |         0 |         0 |         0 |         0 |       0 |            0 |       0 |            0 |
| Memory write data volume [GBytes] |   33.2330 |         0 |         0 |         0 |         0 |         0 |         0 |         0 |         0 |         0 |         0 |         0 |   34.1337 |         0 |         0 |         0 |         0 |         0 |         0 |         0 |       0 |            0 |       0 |            0 |
|    Memory bandwidth [MBytes/s]    | 6174.7275 |         0 |         0 |         0 |         0 |         0 |         0 |         0 |         0 |         0 |         0 |         0 | 5927.8549 |         0 |         0 |         0 |         0 |         0 |         0 |         0 |       0 |            0 |       0 |            0 |
|    Memory data volume [GBytes]    |  123.5007 |         0 |         0 |         0 |         0 |         0 |         0 |         0 |         0 |         0 |         0 |         0 |  118.5630 |         0 |         0 |         0 |         0 |         0 |         0 |         0 |       0 |            0 |       0 |            0 |
|          Temperature [C]          |        31 |        30 |        31 |        28 |        29 |        30 |        31 |        29 |        28 |        29 |        31 |        32 |        28 |        32 |        30 |        33 |        34 |        31 |        29 |        31 |      27 |           29 |      29 |           27 |
|             Energy [J]            |  640.3293 |         0 |         0 |         0 |         0 |         0 |         0 |         0 |         0 |         0 |         0 |         0 |  686.2469 |         0 |         0 |         0 |         0 |         0 |         0 |         0 |       0 |            0 |       0 |            0 |
|             Power [W]             |   32.0149 |         0 |         0 |         0 |         0 |         0 |         0 |         0 |         0 |         0 |         0 |         0 |   34.3106 |         0 |         0 |         0 |         0 |         0 |         0 |         0 |       0 |            0 |       0 |            0 |
|           Energy PP0 [J]          |         0 |         0 |         0 |         0 |         0 |         0 |         0 |         0 |         0 |         0 |         0 |         0 |         0 |         0 |         0 |         0 |         0 |         0 |         0 |         0 |       0 |            0 |       0 |            0 |
|           Power PP0 [W]           |         0 |         0 |         0 |         0 |         0 |         0 |         0 |         0 |         0 |         0 |         0 |         0 |         0 |         0 |         0 |         0 |         0 |         0 |         0 |         0 |       0 |            0 |       0 |            0 |
|          Energy DRAM [J]          |  173.7389 |         0 |         0 |         0 |         0 |         0 |         0 |         0 |         0 |         0 |         0 |         0 |  180.4285 |         0 |         0 |         0 |         0 |         0 |         0 |         0 |       0 |            0 |       0 |            0 |
|           Power DRAM [W]          |    8.6865 |         0 |         0 |         0 |         0 |         0 |         0 |         0 |         0 |         0 |         0 |         0 |    9.0210 |         0 |         0 |         0 |         0 |         0 |         0 |         0 |       0 |            0 |       0 |            0 |
+-----------------------------------+-----------+-----------+-----------+-----------+-----------+-----------+-----------+-----------+-----------+-----------+-----------+-----------+-----------+-----------+-----------+-----------+-----------+-----------+-----------+-----------+---------+--------------+---------+--------------+
+----------------------------------------+------------+---------+-----------+----------+
|                 Metric                 |     Sum    |   Min   |    Max    |    Avg   |
+----------------------------------------+------------+---------+-----------+----------+
|        Runtime (RDTSC) [s] STAT        |   480.0240 | 20.0010 |   20.0010 |  20.0010 |
|        Runtime unhalted [s] STAT       |   122.6675 |       0 |   10.3760 |   5.1111 |
|            Clock [MHz] STAT            |  1200.8823 |       0 | 1200.8823 |  50.0368 |
|                CPI STAT                |     2.6191 |       0 |    2.6191 |   0.1091 |
|   Local DRAM data volume [GByte] STAT  |   133.2327 |       0 |   12.7553 |   5.5514 |
|   Local DRAM bandwidth [MByte/s] STAT  |  6661.3061 |       0 |  637.7344 | 277.5544 |
|  Remote DRAM data volume [GByte] STAT  |    10.3529 |       0 |    1.2121 |   0.4314 |
|  Remote DRAM bandwidth [MByte/s] STAT  |   517.6108 |       0 |   60.6037 |  21.5671 |
|     Memory data volume [GByte] STAT    |   143.5857 |       0 |   13.9675 |   5.9827 |
|     Memory bandwidth [MByte/s] STAT    |  7178.9170 |       0 |  698.3381 | 299.1215 |
|          L3 request rate STAT          |     1.1348 |       0 |    1.1348 |   0.0473 |
|            L3 miss rate STAT           |     1.1349 |       0 |    1.1349 |   0.0473 |
|           L3 miss ratio STAT           |     0.6477 |       0 |    0.6477 |   0.0270 |
|          L2 request rate STAT          |     0.1995 |       0 |    0.1995 |   0.0083 |
|            L2 miss rate STAT           |     0.0215 |       0 |    0.0215 |   0.0009 |
|           L2 miss ratio STAT           |     0.1078 |       0 |    0.1078 |   0.0045 |
|  Memory read bandwidth [MBytes/s] STAT |  8734.4152 |       0 | 4513.1589 | 363.9340 |
|  Memory read data volume [GBytes] STAT |   174.6970 |       0 |   90.2677 |   7.2790 |
| Memory write bandwidth [MBytes/s] STAT |  3368.1673 |       0 | 1706.5986 | 140.3403 |
| Memory write data volume [GBytes] STAT |    67.3667 |       0 |   34.1337 |   2.8069 |
|    Memory bandwidth [MBytes/s] STAT    | 12102.5824 |       0 | 6174.7275 | 504.2743 |
|    Memory data volume [GBytes] STAT    |   242.0637 |       0 |  123.5007 |  10.0860 |
|          Temperature [C] STAT          |        719 |      27 |        34 |  29.9583 |
|             Energy [J] STAT            |  1326.5762 |       0 |  686.2469 |  55.2740 |
|             Power [W] STAT             |    66.3255 |       0 |   34.3106 |   2.7636 |
|           Energy PP0 [J] STAT          |          0 |       0 |         0 |        0 |
|           Power PP0 [W] STAT           |          0 |       0 |         0 |        0 |
|          Energy DRAM [J] STAT          |   354.1674 |       0 |  180.4285 |  14.7570 |
|           Power DRAM [W] STAT          |    17.7075 |       0 |    9.0210 |   0.7378 |
+----------------------------------------+------------+---------+-----------+----------+
