--------------------------------------------------------------------------------
CPU name:	Intel(R) Xeon(R) CPU E5-2670 v3 @ 2.30GHz
CPU type:	Intel Xeon Haswell EN/EP/EX processor
CPU clock:	2.30 GHz
--------------------------------------------------------------------------------
Group 1: POWERPERF
+--------------------------------+---------+--------------+--------------+--------------+--------------+--------------+--------------+--------------+--------------+--------------+--------------+--------------+--------------+--------------+--------------+--------------+--------------+--------------+--------------+--------------+--------------+--------------+--------------+--------------+--------------+
|              Event             | Counter |    Core 0    |    Core 1    |    Core 2    |    Core 3    |    Core 4    |    Core 5    |    Core 6    |    Core 7    |    Core 8    |    Core 9    |    Core 10   |    Core 11   |    Core 12   |    Core 13   |    Core 14   |    Core 15   |    Core 16   |    Core 17   |    Core 18   |    Core 19   |    Core 20   |    Core 21   |    Core 22   |    Core 23   |
+--------------------------------+---------+--------------+--------------+--------------+--------------+--------------+--------------+--------------+--------------+--------------+--------------+--------------+--------------+--------------+--------------+--------------+--------------+--------------+--------------+--------------+--------------+--------------+--------------+--------------+--------------+
|        INSTR_RETIRED_ANY       |  FIXC0  | 222662760175 | 208979675636 | 207301248892 | 203855261478 | 202001779033 | 198020779644 | 344812383757 | 344562584319 | 344551616851 | 344537333831 | 258404796828 | 258391919277 | 194464880419 | 193586785687 | 191936331098 | 189755631361 | 189002769020 | 190170936317 | 258389036203 | 258395506774 | 258378400841 | 258354284761 | 258341779437 | 258341475315 |
|      CPU_CLK_UNHALTED_CORE     |  FIXC1  | 156771348105 | 144932782136 | 144969772177 | 145134515914 | 145288171145 | 145438915781 | 155965039844 | 156073232910 | 157023474961 | 157271594183 | 119694973506 | 122773083963 | 145456671844 | 145581843328 | 145729809276 | 145768848710 | 145818768872 | 145739609228 | 118231830243 | 119132756133 | 119694900697 | 119382829439 | 119593966278 | 120771166209 |
|      CPU_CLK_UNHALTED_REF      |  FIXC2  | 156849633279 | 145150018142 | 145185747584 | 145365678447 | 145519068667 | 145655745730 | 155965084950 | 156098109360 | 157025114148 | 157273337807 | 119933594116 | 122965000464 | 145535769358 | 145654342914 | 145798380943 | 145847443876 | 145875034860 | 145826495775 | 118419953030 | 119337806578 | 119900331194 | 119588453540 | 119793943337 | 120956818668 |
|           FIXC1/FIXC0          |   CPI   |            0 |            0 |            0 |            0 |            0 |            0 |            0 |            0 |            0 |            0 |            0 |            0 |            0 |            0 |            0 |            0 |            0 |            0 |            0 |            0 |            0 |            0 |            0 |            0 |
|  OFFCORE_RESPONSE_0_LOCAL_DRAM |   PMC0  |    813222330 |    764299661 |    767115612 |    771046722 |    772670266 |    732146467 |    876980739 |    866855966 |    842918674 |    817924219 |    537210351 |    298703114 |    672426820 |    739595109 |    739471354 |    740635299 |    742723337 |    743032958 |    586307962 |    576266014 |    555403093 |    552283346 |    539583728 |    450604570 |
| OFFCORE_RESPONSE_1_REMOTE_DRAM |   PMC1  |     17085554 |      2808905 |      3536633 |      3557778 |      6610950 |     48394181 |     20638780 |     30648381 |     54264711 |     79279580 |    135060366 |    372298376 |    106730091 |     43050167 |     43700164 |     43525825 |     43080837 |     41883617 |     84534683 |     94288384 |    115409052 |    118059185 |    130824098 |    218676683 |
|  MEM_LOAD_UOPS_RETIRED_L3_ALL  |   PMC2  |    161583987 |    200446038 |    260729176 |    332547941 |    410496208 |    484321123 |    173728552 |    175157971 |    178231170 |    178085113 |    137797529 |    142624014 |    538692578 |    573457087 |    601832933 |    624145194 |    652019558 |    632694288 |    134891658 |    141315813 |    141946533 |    139636615 |    138908583 |    141632644 |
|  MEM_LOAD_UOPS_RETIRED_L3_MISS |   PMC3  |     36903816 |     23829072 |     41139687 |     77431835 |    114710164 |    142563992 |     89148349 |     89761776 |     89944499 |     90226197 |     69779921 |     71133260 |    157610616 |    165887264 |    173230805 |    178237667 |    182714326 |    172444065 |     68815330 |     72137259 |     71440486 |     70443059 |     70089131 |     70797546 |
|      L2_TRANS_ALL_REQUESTS     |   PMC4  |   9728795555 |  10262769613 |  10461931737 |  10232190320 |  10067686273 |  10062341293 |   8650408505 |   8600157389 |   8631318354 |   8589577187 |   6389007580 |   6362598385 |  10071046183 |  10065973498 |  10043672769 |  10023589541 |  10013621569 |  10005743396 |   6383602405 |   6251797919 |   6305067294 |   6326305735 |   6350253007 |   6329995834 |
|          L2_RQSTS_MISS         |   PMC5  |   1590388106 |   1628380564 |   1705943815 |   1714610115 |   1739497721 |   1779915822 |   1856382415 |   1834023289 |   1837966179 |   1836730312 |   1377461076 |   1379945385 |   1824810188 |   1853994553 |   1875012639 |   1895606898 |   1915497157 |   1907857186 |   1375454042 |   1374490383 |   1377813929 |   1376868617 |   1377006326 |   1378025708 |
|        UOPS_RETIRED_ALL        |   PMC6  | 279186533983 | 261610366967 | 258905527655 | 253459815622 | 250280468013 | 244061967608 | 492651206942 | 492322838504 | 492310320681 | 492292308763 | 369230782845 | 369215290931 | 238377309378 | 236929497727 | 234200402463 | 230763972318 | 229518498262 | 231381908645 | 369204851303 | 369215338463 | 369195789936 | 369161919891 | 369147075542 | 369147840051 |
|            TEMP_CORE           |   TMP0  |           42 |           41 |           41 |           41 |           39 |           40 |           44 |           43 |           46 |           44 |           41 |           41 |           40 |           40 |           43 |           44 |           45 |           43 |           44 |           45 |           42 |           43 |           42 |           43 |
|         PWR_PKG_ENERGY         |   PWR0  |    5302.8624 |            0 |            0 |            0 |            0 |            0 |            0 |            0 |            0 |            0 |            0 |            0 |    5029.1754 |            0 |            0 |            0 |            0 |            0 |            0 |            0 |            0 |            0 |            0 |            0 |
|         PWR_PP0_ENERGY         |   PWR1  |            0 |            0 |            0 |            0 |            0 |            0 |            0 |            0 |            0 |            0 |            0 |            0 |            0 |            0 |            0 |            0 |            0 |            0 |            0 |            0 |            0 |            0 |            0 |            0 |
|         PWR_DRAM_ENERGY        |   PWR3  |     842.9332 |            0 |            0 |            0 |            0 |            0 |            0 |            0 |            0 |            0 |            0 |            0 |     797.1371 |            0 |            0 |            0 |            0 |            0 |            0 |            0 |            0 |            0 |            0 |            0 |
|          CAS_COUNT_RD          | MBOX0C0 |   2777484367 |            0 |            0 |            0 |            0 |            0 |            0 |            0 |            0 |            0 |            0 |            0 |   2374490634 |            0 |            0 |            0 |            0 |            0 |            0 |            0 |            0 |            0 |            0 |            0 |
|          CAS_COUNT_WR          | MBOX0C1 |   1890863059 |            0 |            0 |            0 |            0 |            0 |            0 |            0 |            0 |            0 |            0 |            0 |   1566577638 |            0 |            0 |            0 |            0 |            0 |            0 |            0 |            0 |            0 |            0 |            0 |
|          CAS_COUNT_RD          | MBOX1C0 |   2780295104 |            0 |            0 |            0 |            0 |            0 |            0 |            0 |            0 |            0 |            0 |            0 |   2367445165 |            0 |            0 |            0 |            0 |            0 |            0 |            0 |            0 |            0 |            0 |            0 |
|          CAS_COUNT_WR          | MBOX1C1 |   1894101570 |            0 |            0 |            0 |            0 |            0 |            0 |            0 |            0 |            0 |            0 |            0 |   1560917562 |            0 |            0 |            0 |            0 |            0 |            0 |            0 |            0 |            0 |            0 |            0 |
|          CAS_COUNT_RD          | MBOX2C0 |            0 |            0 |            0 |            0 |            0 |            0 |            0 |            0 |            0 |            0 |            0 |            0 |            0 |            0 |            0 |            0 |            0 |            0 |            0 |            0 |            0 |            0 |            0 |            0 |
|          CAS_COUNT_WR          | MBOX2C1 |            0 |            0 |            0 |            0 |            0 |            0 |            0 |            0 |            0 |            0 |            0 |            0 |            0 |            0 |            0 |            0 |            0 |            0 |            0 |            0 |            0 |            0 |            0 |            0 |
|          CAS_COUNT_RD          | MBOX3C0 |            0 |            0 |            0 |            0 |            0 |            0 |            0 |            0 |            0 |            0 |            0 |            0 |            0 |            0 |            0 |            0 |            0 |            0 |            0 |            0 |            0 |            0 |            0 |            0 |
|          CAS_COUNT_WR          | MBOX3C1 |            0 |            0 |            0 |            0 |            0 |            0 |            0 |            0 |            0 |            0 |            0 |            0 |            0 |            0 |            0 |            0 |            0 |            0 |            0 |            0 |            0 |            0 |            0 |            0 |
|          CAS_COUNT_RD          | MBOX4C0 |   2777762492 |            0 |            0 |            0 |            0 |            0 |            0 |            0 |            0 |            0 |            0 |            0 |   2370797899 |            0 |            0 |            0 |            0 |            0 |            0 |            0 |            0 |            0 |            0 |            0 |
|          CAS_COUNT_WR          | MBOX4C1 |   1890844215 |            0 |            0 |            0 |            0 |            0 |            0 |            0 |            0 |            0 |            0 |            0 |   1564297327 |            0 |            0 |            0 |            0 |            0 |            0 |            0 |            0 |            0 |            0 |            0 |
|          CAS_COUNT_RD          | MBOX5C0 |   2781279894 |            0 |            0 |            0 |            0 |            0 |            0 |            0 |            0 |            0 |            0 |            0 |   2367321542 |            0 |            0 |            0 |            0 |            0 |            0 |            0 |            0 |            0 |            0 |            0 |
|          CAS_COUNT_WR          | MBOX5C1 |   1894664111 |            0 |            0 |            0 |            0 |            0 |            0 |            0 |            0 |            0 |            0 |            0 |   1560816937 |            0 |            0 |            0 |            0 |            0 |            0 |            0 |            0 |            0 |            0 |            0 |
|          CAS_COUNT_RD          | MBOX6C0 |            0 |            0 |            0 |            0 |            0 |            0 |            0 |            0 |            0 |            0 |            0 |            0 |            0 |            0 |            0 |            0 |            0 |            0 |            0 |            0 |            0 |            0 |            0 |            0 |
|          CAS_COUNT_WR          | MBOX6C1 |            0 |            0 |            0 |            0 |            0 |            0 |            0 |            0 |            0 |            0 |            0 |            0 |            0 |            0 |            0 |            0 |            0 |            0 |            0 |            0 |            0 |            0 |            0 |            0 |
|          CAS_COUNT_RD          | MBOX7C0 |            0 |            0 |            0 |            0 |            0 |            0 |            0 |            0 |            0 |            0 |            0 |            0 |            0 |            0 |            0 |            0 |            0 |            0 |            0 |            0 |            0 |            0 |            0 |            0 |
|          CAS_COUNT_WR          | MBOX7C1 |            0 |            0 |            0 |            0 |            0 |            0 |            0 |            0 |            0 |            0 |            0 |            0 |            0 |            0 |            0 |            0 |            0 |            0 |            0 |            0 |            0 |            0 |            0 |            0 |
+--------------------------------+---------+--------------+--------------+--------------+--------------+--------------+--------------+--------------+--------------+--------------+--------------+--------------+--------------+--------------+--------------+--------------+--------------+--------------+--------------+--------------+--------------+--------------+--------------+--------------+--------------+
+-------------------------------------+---------+---------------+--------------+--------------+--------------+
|                Event                | Counter |      Sum      |      Min     |      Max     |      Avg     |
+-------------------------------------+---------+---------------+--------------+--------------+--------------+
|        INSTR_RETIRED_ANY STAT       |  FIXC0  | 5837199956954 | 189002769020 | 344812383757 | 2.432167e+11 |
|      CPU_CLK_UNHALTED_CORE STAT     |  FIXC1  | 3342239904882 | 118231830243 | 157271594183 | 1.392600e+11 |
|      CPU_CLK_UNHALTED_REF STAT      |  FIXC2  | 3345520906767 | 118419953030 | 157273337807 | 1.393967e+11 |
|           FIXC1/FIXC0 STAT          |   CPI   |             0 |            0 |            0 |            0 |
|  OFFCORE_RESPONSE_0_LOCAL_DRAM STAT |   PMC0  |   16499427711 |    298703114 |    876980739 | 6.874762e+08 |
| OFFCORE_RESPONSE_1_REMOTE_DRAM STAT |   PMC1  |    1857946981 |      2808905 |    372298376 | 7.741446e+07 |
|  MEM_LOAD_UOPS_RETIRED_L3_ALL STAT  |   PMC2  |    7296922306 |    134891658 |    652019558 | 3.040384e+08 |
|  MEM_LOAD_UOPS_RETIRED_L3_MISS STAT |   PMC3  |    2390420122 |     23829072 |    182714326 | 9.960084e+07 |
|      L2_TRANS_ALL_REQUESTS STAT     |   PMC4  |  206209451341 |   6251797919 |  10461931737 | 8.592060e+09 |
|          L2_RQSTS_MISS STAT         |   PMC5  |   39813682425 |   1374490383 |   1915497157 | 1.658903e+09 |
|        UOPS_RETIRED_ALL STAT        |   PMC6  | 7871771832493 | 229518498262 | 492651206942 | 3.279905e+11 |
|            TEMP_CORE STAT           |   TMP0  |          1017 |           39 |           46 |      42.3750 |
|         PWR_PKG_ENERGY STAT         |   PWR0  |    10332.0378 |            0 |    5302.8624 |     430.5016 |
|         PWR_PP0_ENERGY STAT         |   PWR1  |             0 |            0 |            0 |            0 |
|         PWR_DRAM_ENERGY STAT        |   PWR3  |     1640.0703 |            0 |     842.9332 |      68.3363 |
|          CAS_COUNT_RD STAT          | MBOX0C0 |    5151975001 |            0 |   2777484367 | 2.146656e+08 |
|          CAS_COUNT_WR STAT          | MBOX0C1 |    3457440697 |            0 |   1890863059 | 1.440600e+08 |
|          CAS_COUNT_RD STAT          | MBOX1C0 |    5147740269 |            0 |   2780295104 | 2.144892e+08 |
|          CAS_COUNT_WR STAT          | MBOX1C1 |    3455019132 |            0 |   1894101570 | 1.439591e+08 |
|          CAS_COUNT_RD STAT          | MBOX2C0 |             0 |            0 |            0 |            0 |
|          CAS_COUNT_WR STAT          | MBOX2C1 |             0 |            0 |            0 |            0 |
|          CAS_COUNT_RD STAT          | MBOX3C0 |             0 |            0 |            0 |            0 |
|          CAS_COUNT_WR STAT          | MBOX3C1 |             0 |            0 |            0 |            0 |
|          CAS_COUNT_RD STAT          | MBOX4C0 |    5148560391 |            0 |   2777762492 | 2.145233e+08 |
|          CAS_COUNT_WR STAT          | MBOX4C1 |    3455141542 |            0 |   1890844215 | 1.439642e+08 |
|          CAS_COUNT_RD STAT          | MBOX5C0 |    5148601436 |            0 |   2781279894 | 2.145251e+08 |
|          CAS_COUNT_WR STAT          | MBOX5C1 |    3455481048 |            0 |   1894664111 |    143978377 |
|          CAS_COUNT_RD STAT          | MBOX6C0 |             0 |            0 |            0 |            0 |
|          CAS_COUNT_WR STAT          | MBOX6C1 |             0 |            0 |            0 |            0 |
|          CAS_COUNT_RD STAT          | MBOX7C0 |             0 |            0 |            0 |            0 |
|          CAS_COUNT_WR STAT          | MBOX7C1 |             0 |            0 |            0 |            0 |
+-------------------------------------+---------+---------------+--------------+--------------+--------------+
+-----------------------------------+------------+-----------+-----------+-----------+-----------+-----------+-----------+-----------+-----------+-----------+-----------+-----------+------------+-----------+-----------+-----------+-----------+-----------+-----------+-----------+-----------+-----------+-----------+-----------+
|               Metric              |   Core 0   |   Core 1  |   Core 2  |   Core 3  |   Core 4  |   Core 5  |   Core 6  |   Core 7  |   Core 8  |   Core 9  |  Core 10  |  Core 11  |   Core 12  |  Core 13  |  Core 14  |  Core 15  |  Core 16  |  Core 17  |  Core 18  |  Core 19  |  Core 20  |  Core 21  |  Core 22  |  Core 23  |
+-----------------------------------+------------+-----------+-----------+-----------+-----------+-----------+-----------+-----------+-----------+-----------+-----------+-----------+------------+-----------+-----------+-----------+-----------+-----------+-----------+-----------+-----------+-----------+-----------+-----------+
|        Runtime (RDTSC) [s]        |    69.6974 |   69.6974 |   69.6974 |   69.6974 |   69.6974 |   69.6974 |   69.6974 |   69.6974 |   69.6974 |   69.6974 |   69.6974 |   69.6974 |    69.6974 |   69.6974 |   69.6974 |   69.6974 |   69.6974 |   69.6974 |   69.6974 |   69.6974 |   69.6974 |   69.6974 |   69.6974 |   69.6974 |
|        Runtime unhalted [s]       |    68.1615 |   63.0143 |   63.0304 |   63.1020 |   63.1688 |   63.2344 |   67.8110 |   67.8580 |   68.2712 |   68.3790 |   52.0414 |   53.3797 |    63.2421 |   63.2965 |   63.3609 |   63.3778 |   63.3995 |   63.3651 |   51.4052 |   51.7969 |   52.0413 |   51.9056 |   51.9974 |   52.5093 |
|            Clock [MHz]            |  2298.8494 | 2296.5551 | 2296.5759 | 2296.3399 | 2296.3479 | 2296.5735 | 2299.9967 | 2299.6308 | 2299.9733 | 2299.9718 | 2295.4213 | 2296.4076 |  2298.7473 | 2298.8525 | 2298.9156 | 2298.7579 | 2299.1102 | 2298.6270 | 2296.3436 | 2296.0454 | 2296.0567 | 2296.0427 | 2296.1579 | 2296.4672 |
|                CPI                |     0.7041 |    0.6935 |    0.6993 |    0.7119 |    0.7192 |    0.7345 |    0.4523 |    0.4530 |    0.4557 |    0.4565 |    0.4632 |    0.4751 |     0.7480 |    0.7520 |    0.7593 |    0.7682 |    0.7715 |    0.7664 |    0.4576 |    0.4610 |    0.4633 |    0.4621 |    0.4629 |    0.4675 |
|   Local DRAM data volume [GByte]  |    52.0462 |   48.9152 |   49.0954 |   49.3470 |   49.4509 |   46.8574 |   56.1268 |   55.4788 |   53.9468 |   52.3472 |   34.3815 |   19.1170 |    43.0353 |   47.3341 |   47.3262 |   47.4007 |   47.5343 |   47.5541 |   37.5237 |   36.8810 |   35.5458 |   35.3461 |   34.5334 |   28.8387 |
|   Local DRAM bandwidth [MByte/s]  |   746.7453 |  701.8218 |  704.4075 |  708.0173 |  709.5081 |  672.2970 |  805.2917 |  795.9946 |  774.0141 |  751.0628 |  493.2959 |  274.2855 |   617.4591 |  679.1367 |  679.0231 |  680.0919 |  682.0092 |  682.2935 |  538.3801 |  529.1590 |  510.0015 |  507.1368 |  495.4753 |  413.7698 |
|  Remote DRAM data volume [GByte]  |     1.0935 |    0.1798 |    0.2263 |    0.2277 |    0.4231 |    3.0972 |    1.3209 |    1.9615 |    3.4729 |    5.0739 |    8.6439 |   23.8271 |     6.8307 |    2.7552 |    2.7968 |    2.7857 |    2.7572 |    2.6806 |    5.4102 |    6.0345 |    7.3862 |    7.5558 |    8.3727 |   13.9953 |
|  Remote DRAM bandwidth [MByte/s]  |    15.6889 |    2.5793 |    3.2475 |    3.2669 |    6.0705 |   44.4382 |   18.9517 |   28.1430 |   49.8288 |   72.7988 |  124.0198 |  341.8647 |    98.0054 |   39.5310 |   40.1279 |   39.9678 |   39.5592 |   38.4598 |   77.6244 |   86.5808 |  105.9749 |  108.4084 |  120.1298 |  200.8009 |
|     Memory data volume [GByte]    |    53.1397 |   49.0949 |   49.3217 |   49.5747 |   49.8740 |   49.9546 |   57.4476 |   57.4403 |   57.4197 |   57.4210 |   43.0253 |   42.9441 |    49.8660 |   50.0893 |   50.1230 |   50.1863 |   50.2915 |   50.2347 |   42.9339 |   42.9155 |   42.9320 |   42.9019 |   42.9061 |   42.8340 |
|     Memory bandwidth [MByte/s]    |   762.4341 |  704.4011 |  707.6551 |  711.2842 |  715.5787 |  716.7351 |  824.2434 |  824.1376 |  823.8429 |  823.8616 |  617.3158 |  616.1503 |   715.4645 |  718.6677 |  719.1510 |  720.0597 |  721.5684 |  720.7534 |  616.0044 |  615.7398 |  615.9764 |  615.5452 |  615.6052 |  614.5707 |
|          L3 request rate          |     4.3785 |    8.4118 |    6.3377 |    4.2947 |    3.5786 |    3.3972 |    1.9488 |    1.9514 |    1.9816 |    1.9738 |    1.9747 |    2.0050 |     3.4179 |    3.4569 |    3.4742 |    3.5018 |    3.5685 |    3.6690 |    1.9602 |    1.9590 |    1.9869 |    1.9823 |    1.9819 |    2.0005 |
|            L3 miss rate           |     0.1057 |    0.0140 |    0.0136 |    0.0107 |    0.0161 |    0.0999 |    0.1188 |    0.1750 |    0.3045 |    0.4452 |    0.9801 |    2.6103 |     0.1981 |    0.0751 |    0.0726 |    0.0697 |    0.0661 |    0.0662 |    0.6267 |    0.6672 |    0.8130 |    0.8455 |    0.9418 |    1.5440 |
|           L3 miss ratio           |     0.0210 |    0.0037 |    0.0046 |    0.0046 |    0.0086 |    0.0661 |    0.0235 |    0.0354 |    0.0644 |    0.0969 |    0.2514 |    1.2464 |     0.1587 |    0.0582 |    0.0591 |    0.0588 |    0.0580 |    0.0564 |    0.1442 |    0.1636 |    0.2078 |    0.2138 |    0.2425 |    0.4853 |
|          L2 request rate          |     0.0437 |    0.0491 |    0.0505 |    0.0502 |    0.0498 |    0.0508 |    0.0251 |    0.0250 |    0.0251 |    0.0249 |    0.0247 |    0.0246 |     0.0518 |    0.0520 |    0.0523 |    0.0528 |    0.0530 |    0.0526 |    0.0247 |    0.0242 |    0.0244 |    0.0245 |    0.0246 |    0.0245 |
|            L2 miss rate           |     0.0071 |    0.0078 |    0.0082 |    0.0084 |    0.0086 |    0.0090 |    0.0054 |    0.0053 |    0.0053 |    0.0053 |    0.0053 |    0.0053 |     0.0094 |    0.0096 |    0.0098 |    0.0100 |    0.0101 |    0.0100 |    0.0053 |    0.0053 |    0.0053 |    0.0053 |    0.0053 |    0.0053 |
|           L2 miss ratio           |     0.1635 |    0.1587 |    0.1631 |    0.1676 |    0.1728 |    0.1769 |    0.2146 |    0.2133 |    0.2129 |    0.2138 |    0.2156 |    0.2169 |     0.1812 |    0.1842 |    0.1867 |    0.1891 |    0.1913 |    0.1907 |    0.2155 |    0.2199 |    0.2185 |    0.2176 |    0.2168 |    0.2177 |
|  Memory read bandwidth [MBytes/s] | 10208.0743 |         0 |         0 |         0 |         0 |         0 |         0 |         0 |         0 |         0 |         0 |         0 |  8705.1056 |         0 |         0 |         0 |         0 |         0 |         0 |         0 |         0 |         0 |         0 |         0 |
|  Memory read data volume [GBytes] |   711.4766 |         0 |         0 |         0 |         0 |         0 |         0 |         0 |         0 |         0 |         0 |         0 |   606.7235 |         0 |         0 |         0 |         0 |         0 |         0 |         0 |         0 |         0 |         0 |         0 |
| Memory write bandwidth [MBytes/s] |  6951.6226 |         0 |         0 |         0 |         0 |         0 |         0 |         0 |         0 |         0 |         0 |         0 |  5741.4882 |         0 |         0 |         0 |         0 |         0 |         0 |         0 |         0 |         0 |         0 |         0 |
| Memory write data volume [GBytes] |   484.5103 |         0 |         0 |         0 |         0 |         0 |         0 |         0 |         0 |         0 |         0 |         0 |   400.1670 |         0 |         0 |         0 |         0 |         0 |         0 |         0 |         0 |         0 |         0 |         0 |
|    Memory bandwidth [MBytes/s]    | 17159.6969 |         0 |         0 |         0 |         0 |         0 |         0 |         0 |         0 |         0 |         0 |         0 | 14446.5938 |         0 |         0 |         0 |         0 |         0 |         0 |         0 |         0 |         0 |         0 |         0 |
|    Memory data volume [GBytes]    |  1195.9869 |         0 |         0 |         0 |         0 |         0 |         0 |         0 |         0 |         0 |         0 |         0 |  1006.8905 |         0 |         0 |         0 |         0 |         0 |         0 |         0 |         0 |         0 |         0 |         0 |
|          Temperature [C]          |         42 |        41 |        41 |        41 |        39 |        40 |        44 |        43 |        46 |        44 |        41 |        41 |         40 |        40 |        43 |        44 |        45 |        43 |        44 |        45 |        42 |        43 |        42 |        43 |
|             Energy [J]            |  5302.8624 |         0 |         0 |         0 |         0 |         0 |         0 |         0 |         0 |         0 |         0 |         0 |  5029.1754 |         0 |         0 |         0 |         0 |         0 |         0 |         0 |         0 |         0 |         0 |         0 |
|             Power [W]             |    76.0840 |         0 |         0 |         0 |         0 |         0 |         0 |         0 |         0 |         0 |         0 |         0 |    72.1573 |         0 |         0 |         0 |         0 |         0 |         0 |         0 |         0 |         0 |         0 |         0 |
|           Energy PP0 [J]          |          0 |         0 |         0 |         0 |         0 |         0 |         0 |         0 |         0 |         0 |         0 |         0 |          0 |         0 |         0 |         0 |         0 |         0 |         0 |         0 |         0 |         0 |         0 |         0 |
|           Power PP0 [W]           |          0 |         0 |         0 |         0 |         0 |         0 |         0 |         0 |         0 |         0 |         0 |         0 |          0 |         0 |         0 |         0 |         0 |         0 |         0 |         0 |         0 |         0 |         0 |         0 |
|          Energy DRAM [J]          |   842.9332 |         0 |         0 |         0 |         0 |         0 |         0 |         0 |         0 |         0 |         0 |         0 |   797.1371 |         0 |         0 |         0 |         0 |         0 |         0 |         0 |         0 |         0 |         0 |         0 |
|           Power DRAM [W]          |    12.0942 |         0 |         0 |         0 |         0 |         0 |         0 |         0 |         0 |         0 |         0 |         0 |    11.4371 |         0 |         0 |         0 |         0 |         0 |         0 |         0 |         0 |         0 |         0 |         0 |
+-----------------------------------+------------+-----------+-----------+-----------+-----------+-----------+-----------+-----------+-----------+-----------+-----------+-----------+------------+-----------+-----------+-----------+-----------+-----------+-----------+-----------+-----------+-----------+-----------+-----------+
+----------------------------------------+------------+-----------+------------+-----------+
|                 Metric                 |     Sum    |    Min    |     Max    |    Avg    |
+----------------------------------------+------------+-----------+------------+-----------+
|        Runtime (RDTSC) [s] STAT        |  1672.7376 |   69.6974 |    69.6974 |   69.6974 |
|        Runtime unhalted [s] STAT       |  1453.1493 |   51.4052 |    68.3790 |   60.5479 |
|            Clock [MHz] STAT            | 55142.7672 | 2295.4213 |  2299.9967 | 2297.6153 |
|                CPI STAT                |    14.3581 |    0.4523 |     0.7715 |    0.5983 |
|   Local DRAM data volume [GByte] STAT  |  1055.9636 |   19.1170 |    56.1268 |   43.9985 |
|   Local DRAM bandwidth [MByte/s] STAT  | 15150.6776 |  274.2855 |   805.2917 |  631.2782 |
|  Remote DRAM data volume [GByte] STAT  |   118.9087 |    0.1798 |    23.8271 |    4.9545 |
|  Remote DRAM bandwidth [MByte/s] STAT  |  1706.0684 |    2.5793 |   341.8647 |   71.0862 |
|     Memory data volume [GByte] STAT    |  1174.8718 |   42.8340 |    57.4476 |   48.9530 |
|     Memory bandwidth [MByte/s] STAT    | 16856.7463 |  614.5707 |   824.2434 |  702.3644 |
|          L3 request rate STAT          |    75.1929 |    1.9488 |     8.4118 |    3.1330 |
|            L3 miss rate STAT           |    10.8799 |    0.0107 |     2.6103 |    0.4533 |
|           L3 miss ratio STAT           |     3.7330 |    0.0037 |     1.2464 |    0.1555 |
|          L2 request rate STAT          |     0.9049 |    0.0242 |     0.0530 |    0.0377 |
|            L2 miss rate STAT           |     0.1717 |    0.0053 |     0.0101 |    0.0072 |
|           L2 miss ratio STAT           |     4.7189 |    0.1587 |     0.2199 |    0.1966 |
|  Memory read bandwidth [MBytes/s] STAT | 18913.1799 |         0 | 10208.0743 |  788.0492 |
|  Memory read data volume [GBytes] STAT |  1318.2001 |         0 |   711.4766 |   54.9250 |
| Memory write bandwidth [MBytes/s] STAT | 12693.1108 |         0 |  6951.6226 |  528.8796 |
| Memory write data volume [GBytes] STAT |   884.6773 |         0 |   484.5103 |   36.8616 |
|    Memory bandwidth [MBytes/s] STAT    | 31606.2907 |         0 | 17159.6969 | 1316.9288 |
|    Memory data volume [GBytes] STAT    |  2202.8774 |         0 |  1195.9869 |   91.7866 |
|          Temperature [C] STAT          |       1017 |        39 |         46 |   42.3750 |
|             Energy [J] STAT            | 10332.0378 |         0 |  5302.8624 |  430.5016 |
|             Power [W] STAT             |   148.2413 |         0 |    76.0840 |    6.1767 |
|           Energy PP0 [J] STAT          |          0 |         0 |          0 |         0 |
|           Power PP0 [W] STAT           |          0 |         0 |          0 |         0 |
|          Energy DRAM [J] STAT          |  1640.0703 |         0 |   842.9332 |   68.3363 |
|           Power DRAM [W] STAT          |    23.5313 |         0 |    12.0942 |    0.9805 |
+----------------------------------------+------------+-----------+------------+-----------+
