--------------------------------------------------------------------------------
CPU name:	Intel(R) Xeon(R) CPU E5-2670 v3 @ 2.30GHz
CPU type:	Intel Xeon Haswell EN/EP/EX processor
CPU clock:	2.30 GHz
--------------------------------------------------------------------------------
Group 1: POWERPERF
+--------------------------------+---------+--------------+--------------+--------------+--------------+--------------+--------------+--------------+--------------+--------------+--------------+--------------+--------------+--------------+--------------+--------------+--------------+--------------+--------------+--------------+--------------+--------------+--------------+--------------+--------------+
|              Event             | Counter |    Core 0    |    Core 1    |    Core 2    |    Core 3    |    Core 4    |    Core 5    |    Core 6    |    Core 7    |    Core 8    |    Core 9    |    Core 10   |    Core 11   |    Core 12   |    Core 13   |    Core 14   |    Core 15   |    Core 16   |    Core 17   |    Core 18   |    Core 19   |    Core 20   |    Core 21   |    Core 22   |    Core 23   |
+--------------------------------+---------+--------------+--------------+--------------+--------------+--------------+--------------+--------------+--------------+--------------+--------------+--------------+--------------+--------------+--------------+--------------+--------------+--------------+--------------+--------------+--------------+--------------+--------------+--------------+--------------+
|        INSTR_RETIRED_ANY       |  FIXC0  | 226242916796 | 212369438817 | 210916352112 | 206982122217 | 204898919783 | 200528708458 | 227430313253 | 238821045040 | 216679644537 | 226871992997 | 242036628846 | 240795469529 | 196288123630 | 195167805436 | 192703775546 | 190506231233 | 189949647136 | 189847721313 | 228369179321 | 229061706510 | 224271343037 | 216060453117 | 236575019302 | 238472666138 |
|      CPU_CLK_UNHALTED_CORE     |  FIXC1  | 160480063336 | 148835182231 | 148989138317 | 149222673201 | 149382500356 | 149535376586 | 148287992628 | 148504904383 | 147022685918 | 148526191280 | 149334174576 | 149468333815 | 149349094063 | 149501265329 | 149483196103 | 149684497176 | 149676239576 | 149627507565 | 148047748885 | 148640438422 | 148213462302 | 147331921596 | 148504632805 | 149959981020 |
|      CPU_CLK_UNHALTED_REF      |  FIXC2  | 160573834196 | 149057082951 | 149222099878 | 149420073298 | 149579290499 | 149732586603 | 148982564285 | 149227000212 | 147572909304 | 149120686921 | 149992606318 | 150054670875 | 149575924196 | 149705488210 | 149794452854 | 149913167814 | 149905447404 | 149834336510 | 148721367131 | 149139444111 | 148834830731 | 148256271481 | 149345804527 | 150142679248 |
|           FIXC1/FIXC0          |   CPI   |            0 |            0 |            0 |            0 |            0 |            0 |            0 |            0 |            0 |            0 |            0 |            0 |            0 |            0 |            0 |            0 |            0 |            0 |            0 |            0 |            0 |            0 |            0 |            0 |
|  OFFCORE_RESPONSE_0_LOCAL_DRAM |   PMC0  |    807361927 |    766720785 |    771253432 |    775686381 |    780802008 |    721921313 |    762605471 |    623321271 |    875115394 |    760909077 |    559161571 |    561210961 |    704982796 |    733956183 |    737758080 |    745824227 |    747845093 |    748252559 |    770373079 |    771157675 |    806962509 |    886409103 |    635725316 |    574446407 |
| OFFCORE_RESPONSE_1_REMOTE_DRAM |   PMC1  |     17763691 |      2342652 |      3276314 |      2489488 |      3062365 |     63432219 |      9505567 |     10140263 |     12342594 |     11729243 |      6188005 |      7884126 |     82558610 |     55131611 |     52997527 |     46192159 |     46147197 |     44884726 |      2080706 |      5000895 |      4688370 |      3764538 |      4197624 |      4538307 |
|  MEM_LOAD_UOPS_RETIRED_L3_ALL  |   PMC2  |    160237838 |    182585576 |    238227157 |    327899132 |    408915138 |    484709979 |    663339612 |    543136471 |    779297105 |    665874970 |    495158396 |    492399696 |    538858997 |    573291345 |    623894432 |    685950167 |    693669400 |    698079856 |    668712488 |    662788610 |    715467144 |    779228744 |    556784937 |    508927041 |
|  MEM_LOAD_UOPS_RETIRED_L3_MISS |   PMC3  |     34744793 |     23037491 |     37164451 |     77981310 |    117286439 |    145718213 |    223875353 |    182744922 |    259055019 |    223774852 |    165022335 |    164916538 |    162599530 |    170514367 |    181728247 |    186546981 |    188397356 |    182774270 |    223881284 |    224246520 |    236299769 |    259599154 |    186384104 |    170050629 |
|      L2_TRANS_ALL_REQUESTS     |   PMC4  |   9722438547 |  10180448904 |  10459417731 |  10253030009 |  10054059583 |  10059119111 |  10730192759 |   8786875383 |  12500188751 |  10817185932 |   7925473762 |   7966831597 |  10079827994 |  10084535444 |  10075941527 |  10088270888 |  10063707393 |  10082419464 |  10749373267 |  10768654137 |  11422928951 |  12514739454 |   8996254196 |   8190217039 |
|          L2_RQSTS_MISS         |   PMC5  |   1588727353 |   1587206663 |   1676283115 |   1712789519 |   1732661844 |   1777024320 |   3219218698 |   2633211910 |   3760977716 |   3240540953 |   2382375425 |   2389805572 |   1825059507 |   1860054604 |   1904876575 |   1971788404 |   1970438296 |   1993347471 |   3242111043 |   3236961061 |   3457156286 |   3782372774 |   2710397307 |   2463417379 |
|        UOPS_RETIRED_ALL        |   PMC6  | 284817909350 | 267003998137 | 264654495460 | 258431860134 | 254873705183 | 248054242399 | 284966205922 | 307691298644 | 264292300320 | 283532013257 | 314360358533 | 312685235980 | 241279285799 | 239459007038 | 235438616817 | 231972665800 | 231046101742 | 230904171432 | 286301080083 | 287184097445 | 278682705776 | 263345652258 | 303431948263 | 308229040591 |
|            TEMP_CORE           |   TMP0  |           40 |           40 |           40 |           40 |           39 |           40 |           43 |           42 |           44 |           43 |           41 |           41 |           41 |           40 |           42 |           44 |           48 |           45 |           47 |           48 |           44 |           45 |           46 |           44 |
|         PWR_PKG_ENERGY         |   PWR0  |    5468.0671 |            0 |            0 |            0 |            0 |            0 |            0 |            0 |            0 |            0 |            0 |            0 |    5597.7788 |            0 |            0 |            0 |            0 |            0 |            0 |            0 |            0 |            0 |            0 |            0 |
|         PWR_PP0_ENERGY         |   PWR1  |            0 |            0 |            0 |            0 |            0 |            0 |            0 |            0 |            0 |            0 |            0 |            0 |            0 |            0 |            0 |            0 |            0 |            0 |            0 |            0 |            0 |            0 |            0 |            0 |
|         PWR_DRAM_ENERGY        |   PWR3  |   66529.4718 |            0 |            0 |            0 |            0 |            0 |            0 |            0 |            0 |            0 |            0 |            0 |     847.5252 |            0 |            0 |            0 |            0 |            0 |            0 |            0 |            0 |            0 |            0 |            0 |
|          CAS_COUNT_RD          | MBOX0C0 |   3326538595 |            0 |            0 |            0 |            0 |            0 |            0 |            0 |            0 |            0 |            0 |            0 |   3470544781 |            0 |            0 |            0 |            0 |            0 |            0 |            0 |            0 |            0 |            0 |            0 |
|          CAS_COUNT_WR          | MBOX0C1 |   1646920923 |            0 |            0 |            0 |            0 |            0 |            0 |            0 |            0 |            0 |            0 |            0 |   1669646128 |            0 |            0 |            0 |            0 |            0 |            0 |            0 |            0 |            0 |            0 |            0 |
|          CAS_COUNT_RD          | MBOX1C0 |   3322226443 |            0 |            0 |            0 |            0 |            0 |            0 |            0 |            0 |            0 |            0 |            0 |   3473076936 |            0 |            0 |            0 |            0 |            0 |            0 |            0 |            0 |            0 |            0 |            0 |
|          CAS_COUNT_WR          | MBOX1C1 |   1642810416 |            0 |            0 |            0 |            0 |            0 |            0 |            0 |            0 |            0 |            0 |            0 |   1665885983 |            0 |            0 |            0 |            0 |            0 |            0 |            0 |            0 |            0 |            0 |            0 |
|          CAS_COUNT_RD          | MBOX2C0 |            0 |            0 |            0 |            0 |            0 |            0 |            0 |            0 |            0 |            0 |            0 |            0 |            0 |            0 |            0 |            0 |            0 |            0 |            0 |            0 |            0 |            0 |            0 |            0 |
|          CAS_COUNT_WR          | MBOX2C1 |            0 |            0 |            0 |            0 |            0 |            0 |            0 |            0 |            0 |            0 |            0 |            0 |            0 |            0 |            0 |            0 |            0 |            0 |            0 |            0 |            0 |            0 |            0 |            0 |
|          CAS_COUNT_RD          | MBOX3C0 |            0 |            0 |            0 |            0 |            0 |            0 |            0 |            0 |            0 |            0 |            0 |            0 |            0 |            0 |            0 |            0 |            0 |            0 |            0 |            0 |            0 |            0 |            0 |            0 |
|          CAS_COUNT_WR          | MBOX3C1 |            0 |            0 |            0 |            0 |            0 |            0 |            0 |            0 |            0 |            0 |            0 |            0 |            0 |            0 |            0 |            0 |            0 |            0 |            0 |            0 |            0 |            0 |            0 |            0 |
|          CAS_COUNT_RD          | MBOX4C0 |   3326140045 |            0 |            0 |            0 |            0 |            0 |            0 |            0 |            0 |            0 |            0 |            0 |   3467913158 |            0 |            0 |            0 |            0 |            0 |            0 |            0 |            0 |            0 |            0 |            0 |
|          CAS_COUNT_WR          | MBOX4C1 |   1646951925 |            0 |            0 |            0 |            0 |            0 |            0 |            0 |            0 |            0 |            0 |            0 |   1667662224 |            0 |            0 |            0 |            0 |            0 |            0 |            0 |            0 |            0 |            0 |            0 |
|          CAS_COUNT_RD          | MBOX5C0 |   3322542661 |            0 |            0 |            0 |            0 |            0 |            0 |            0 |            0 |            0 |            0 |            0 |   3464041016 |            0 |            0 |            0 |            0 |            0 |            0 |            0 |            0 |            0 |            0 |            0 |
|          CAS_COUNT_WR          | MBOX5C1 |   1643284288 |            0 |            0 |            0 |            0 |            0 |            0 |            0 |            0 |            0 |            0 |            0 |   1663904417 |            0 |            0 |            0 |            0 |            0 |            0 |            0 |            0 |            0 |            0 |            0 |
|          CAS_COUNT_RD          | MBOX6C0 |            0 |            0 |            0 |            0 |            0 |            0 |            0 |            0 |            0 |            0 |            0 |            0 |            0 |            0 |            0 |            0 |            0 |            0 |            0 |            0 |            0 |            0 |            0 |            0 |
|          CAS_COUNT_WR          | MBOX6C1 |            0 |            0 |            0 |            0 |            0 |            0 |            0 |            0 |            0 |            0 |            0 |            0 |            0 |            0 |            0 |            0 |            0 |            0 |            0 |            0 |            0 |            0 |            0 |            0 |
|          CAS_COUNT_RD          | MBOX7C0 |            0 |            0 |            0 |            0 |            0 |            0 |            0 |            0 |            0 |            0 |            0 |            0 |            0 |            0 |            0 |            0 |            0 |            0 |            0 |            0 |            0 |            0 |            0 |            0 |
|          CAS_COUNT_WR          | MBOX7C1 |            0 |            0 |            0 |            0 |            0 |            0 |            0 |            0 |            0 |            0 |            0 |            0 |            0 |            0 |            0 |            0 |            0 |            0 |            0 |            0 |            0 |            0 |            0 |            0 |
+--------------------------------+---------+--------------+--------------+--------------+--------------+--------------+--------------+--------------+--------------+--------------+--------------+--------------+--------------+--------------+--------------+--------------+--------------+--------------+--------------+--------------+--------------+--------------+--------------+--------------+--------------+
+-------------------------------------+---------+---------------+--------------+--------------+--------------+
|                Event                | Counter |      Sum      |      Min     |      Max     |      Avg     |
+-------------------------------------+---------+---------------+--------------+--------------+--------------+
|        INSTR_RETIRED_ANY STAT       |  FIXC0  | 5181847224104 | 189847721313 | 242036628846 | 2.159103e+11 |
|      CPU_CLK_UNHALTED_CORE STAT     |  FIXC1  | 3585609201469 | 147022685918 | 160480063336 | 1.494004e+11 |
|      CPU_CLK_UNHALTED_REF STAT      |  FIXC2  | 3595704619557 | 147572909304 | 160573834196 | 1.498210e+11 |
|           FIXC1/FIXC0 STAT          |   CPI   |             0 |            0 |            0 |            0 |
|  OFFCORE_RESPONSE_0_LOCAL_DRAM STAT |   PMC0  |   17629762618 |    559161571 |    886409103 | 7.345734e+08 |
| OFFCORE_RESPONSE_1_REMOTE_DRAM STAT |   PMC1  |     502338797 |      2080706 |     82558610 | 2.093078e+07 |
|  MEM_LOAD_UOPS_RETIRED_L3_ALL STAT  |   PMC2  |   13147434231 |    160237838 |    779297105 | 5.478098e+08 |
|  MEM_LOAD_UOPS_RETIRED_L3_MISS STAT |   PMC3  |    4028343927 |     23037491 |    259599154 | 1.678477e+08 |
|      L2_TRANS_ALL_REQUESTS STAT     |   PMC4  |  242572131823 |   7925473762 |  12514739454 | 1.010717e+10 |
|          L2_RQSTS_MISS STAT         |   PMC5  |   58118803795 |   1587206663 |   3782372774 | 2.421617e+09 |
|        UOPS_RETIRED_ALL STAT        |   PMC6  | 6482637996363 | 230904171432 | 314360358533 | 2.701099e+11 |
|            TEMP_CORE STAT           |   TMP0  |          1027 |           39 |           48 |      42.7917 |
|         PWR_PKG_ENERGY STAT         |   PWR0  |    11065.8459 |            0 |    5597.7788 |     461.0769 |
|         PWR_PP0_ENERGY STAT         |   PWR1  |             0 |            0 |            0 |            0 |
|         PWR_DRAM_ENERGY STAT        |   PWR3  |    67376.9970 |            0 |   66529.4718 |    2807.3749 |
|          CAS_COUNT_RD STAT          | MBOX0C0 |    6797083376 |            0 |   3470544781 | 2.832118e+08 |
|          CAS_COUNT_WR STAT          | MBOX0C1 |    3316567051 |            0 |   1669646128 | 1.381903e+08 |
|          CAS_COUNT_RD STAT          | MBOX1C0 |    6795303379 |            0 |   3473076936 | 2.831376e+08 |
|          CAS_COUNT_WR STAT          | MBOX1C1 |    3308696399 |            0 |   1665885983 | 1.378623e+08 |
|          CAS_COUNT_RD STAT          | MBOX2C0 |             0 |            0 |            0 |            0 |
|          CAS_COUNT_WR STAT          | MBOX2C1 |             0 |            0 |            0 |            0 |
|          CAS_COUNT_RD STAT          | MBOX3C0 |             0 |            0 |            0 |            0 |
|          CAS_COUNT_WR STAT          | MBOX3C1 |             0 |            0 |            0 |            0 |
|          CAS_COUNT_RD STAT          | MBOX4C0 |    6794053203 |            0 |   3467913158 | 2.830856e+08 |
|          CAS_COUNT_WR STAT          | MBOX4C1 |    3314614149 |            0 |   1667662224 | 1.381089e+08 |
|          CAS_COUNT_RD STAT          | MBOX5C0 |    6786583677 |            0 |   3464041016 | 2.827743e+08 |
|          CAS_COUNT_WR STAT          | MBOX5C1 |    3307188705 |            0 |   1663904417 | 1.377995e+08 |
|          CAS_COUNT_RD STAT          | MBOX6C0 |             0 |            0 |            0 |            0 |
|          CAS_COUNT_WR STAT          | MBOX6C1 |             0 |            0 |            0 |            0 |
|          CAS_COUNT_RD STAT          | MBOX7C0 |             0 |            0 |            0 |            0 |
|          CAS_COUNT_WR STAT          | MBOX7C1 |             0 |            0 |            0 |            0 |
+-------------------------------------+---------+---------------+--------------+--------------+--------------+
+-----------------------------------+------------+-----------+-----------+-----------+-----------+-----------+-----------+-----------+-----------+-----------+-----------+-----------+------------+-----------+-----------+-----------+-----------+-----------+-----------+-----------+-----------+-----------+-----------+-----------+
|               Metric              |   Core 0   |   Core 1  |   Core 2  |   Core 3  |   Core 4  |   Core 5  |   Core 6  |   Core 7  |   Core 8  |   Core 9  |  Core 10  |  Core 11  |   Core 12  |  Core 13  |  Core 14  |  Core 15  |  Core 16  |  Core 17  |  Core 18  |  Core 19  |  Core 20  |  Core 21  |  Core 22  |  Core 23  |
+-----------------------------------+------------+-----------+-----------+-----------+-----------+-----------+-----------+-----------+-----------+-----------+-----------+-----------+------------+-----------+-----------+-----------+-----------+-----------+-----------+-----------+-----------+-----------+-----------+-----------+
|        Runtime (RDTSC) [s]        |    71.4173 |   71.4173 |   71.4173 |   71.4173 |   71.4173 |   71.4173 |   71.4173 |   71.4173 |   71.4173 |   71.4173 |   71.4173 |   71.4173 |    71.4173 |   71.4173 |   71.4173 |   71.4173 |   71.4173 |   71.4173 |   71.4173 |   71.4173 |   71.4173 |   71.4173 |   71.4173 |   71.4173 |
|        Runtime unhalted [s]       |    69.7753 |   64.7122 |   64.7792 |   64.8807 |   64.9502 |   65.0167 |   64.4743 |   64.5686 |   63.9242 |   64.5779 |   64.9292 |   64.9875 |    64.9357 |   65.0018 |   64.9940 |   65.0815 |   65.0779 |   65.0567 |   64.3699 |   64.6276 |   64.4419 |   64.0586 |   64.5685 |   65.2013 |
|            Clock [MHz]            |  2298.6111 | 2296.5303 | 2296.3636 | 2296.9157 | 2296.9283 | 2296.9250 | 2289.2316 | 2288.8249 | 2291.3789 | 2290.7850 | 2289.8580 | 2290.9672 |  2296.4664 | 2296.8167 | 2295.1751 | 2296.4460 | 2296.4375 | 2296.7794 | 2289.5368 | 2292.2588 | 2290.3522 | 2285.6144 | 2287.0000 | 2297.1555 |
|                CPI                |     0.7093 |    0.7008 |    0.7064 |    0.7209 |    0.7291 |    0.7457 |    0.6520 |    0.6218 |    0.6785 |    0.6547 |    0.6170 |    0.6207 |     0.7609 |    0.7660 |    0.7757 |    0.7857 |    0.7880 |    0.7881 |    0.6483 |    0.6489 |    0.6609 |    0.6819 |    0.6277 |    0.6288 |
|   Local DRAM data volume [GByte]  |    51.6712 |   49.0701 |   49.3602 |   49.6439 |   49.9713 |   46.2030 |   48.8068 |   39.8926 |   56.0074 |   48.6982 |   35.7863 |   35.9175 |    45.1189 |   46.9732 |   47.2165 |   47.7328 |   47.8621 |   47.8882 |   49.3039 |   49.3541 |   51.6456 |   56.7302 |   40.6864 |   36.7646 |
|   Local DRAM bandwidth [MByte/s]  |   723.5106 |  687.0903 |  691.1522 |  695.1248 |  699.7091 |  646.9437 |  683.4024 |  558.5841 |  784.2273 |  681.8822 |  501.0879 |  502.9245 |   631.7644 |  657.7286 |  661.1357 |  668.3641 |  670.1751 |  670.5402 |  690.3633 |  691.0664 |  723.1526 |  794.3480 |  569.6999 |  514.7853 |
|  Remote DRAM data volume [GByte]  |     1.1369 |    0.1499 |    0.2097 |    0.1593 |    0.1960 |    4.0597 |    0.6084 |    0.6490 |    0.7899 |    0.7507 |    0.3960 |    0.5046 |     5.2838 |    3.5284 |    3.3918 |    2.9563 |    2.9534 |    2.8726 |    0.1332 |    0.3201 |    0.3001 |    0.2409 |    0.2686 |    0.2905 |
|  Remote DRAM bandwidth [MByte/s]  |    15.9188 |    2.0993 |    2.9360 |    2.2309 |    2.7443 |   56.8442 |    8.5183 |    9.0871 |   11.0607 |   10.5111 |    5.5453 |    7.0653 |    73.9842 |   49.4057 |   47.4933 |   41.3947 |   41.3544 |   40.2231 |    1.8646 |    4.4815 |    4.2014 |    3.3736 |    3.7617 |    4.0670 |
|     Memory data volume [GByte]    |    52.8080 |   49.2201 |   49.5699 |   49.8033 |   50.1673 |   50.2626 |   49.4151 |   40.5415 |   56.7973 |   49.4489 |   36.1824 |   36.4221 |    50.4026 |   50.5016 |   50.6084 |   50.6890 |   50.8155 |   50.7608 |   49.4370 |   49.6741 |   51.9457 |   56.9711 |   40.9551 |   37.0550 |
|     Memory bandwidth [MByte/s]    |   739.4293 |  689.1897 |  694.0883 |  697.3557 |  702.4534 |  703.7879 |  691.9208 |  567.6712 |  795.2880 |  692.3933 |  506.6332 |  509.9897 |   705.7486 |  707.1344 |  708.6289 |  709.7588 |  711.5295 |  710.7633 |  692.2279 |  695.5479 |  727.3541 |  797.7216 |  573.4615 |  518.8523 |
|          L3 request rate          |     4.6119 |    7.9256 |    6.4101 |    4.2048 |    3.4865 |    3.3264 |    2.9630 |    2.9721 |    3.0082 |    2.9756 |    3.0006 |    2.9858 |     3.3140 |    3.3621 |    3.4331 |    3.6771 |    3.6819 |    3.8194 |    2.9869 |    2.9556 |    3.0278 |    3.0017 |    2.9873 |    2.9928 |
|            L3 miss rate           |     0.1109 |    0.0128 |    0.0138 |    0.0076 |    0.0075 |    0.1309 |    0.0143 |    0.0187 |    0.0158 |    0.0176 |    0.0125 |    0.0160 |     0.1532 |    0.0962 |    0.0849 |    0.0673 |    0.0665 |    0.0643 |    0.0031 |    0.0075 |    0.0066 |    0.0048 |    0.0075 |    0.0089 |
|           L3 miss ratio           |     0.0220 |    0.0031 |    0.0042 |    0.0032 |    0.0039 |    0.0879 |    0.0125 |    0.0163 |    0.0141 |    0.0154 |    0.0111 |    0.0140 |     0.1171 |    0.0751 |    0.0718 |    0.0619 |    0.0617 |    0.0600 |    0.0027 |    0.0065 |    0.0058 |    0.0042 |    0.0066 |    0.0079 |
|          L2 request rate          |     0.0430 |    0.0479 |    0.0496 |    0.0495 |    0.0491 |    0.0502 |    0.0472 |    0.0368 |    0.0577 |    0.0477 |    0.0327 |    0.0331 |     0.0514 |    0.0517 |    0.0523 |    0.0530 |    0.0530 |    0.0531 |    0.0471 |    0.0470 |    0.0509 |    0.0579 |    0.0380 |    0.0343 |
|            L2 miss rate           |     0.0070 |    0.0075 |    0.0079 |    0.0083 |    0.0085 |    0.0089 |    0.0142 |    0.0110 |    0.0174 |    0.0143 |    0.0098 |    0.0099 |     0.0093 |    0.0095 |    0.0099 |    0.0104 |    0.0104 |    0.0105 |    0.0142 |    0.0141 |    0.0154 |    0.0175 |    0.0115 |    0.0103 |
|           L2 miss ratio           |     0.1634 |    0.1559 |    0.1603 |    0.1671 |    0.1723 |    0.1767 |    0.3000 |    0.2997 |    0.3009 |    0.2996 |    0.3006 |    0.3000 |     0.1811 |    0.1844 |    0.1891 |    0.1955 |    0.1958 |    0.1977 |    0.3016 |    0.3006 |    0.3027 |    0.3022 |    0.3013 |    0.3008 |
|  Memory read bandwidth [MBytes/s] | 11916.3953 |         0 |         0 |         0 |         0 |         0 |         0 |         0 |         0 |         0 |         0 |         0 | 12434.4799 |         0 |         0 |         0 |         0 |         0 |         0 |         0 |         0 |         0 |         0 |         0 |
|  Memory read data volume [GBytes] |   851.0367 |         0 |         0 |         0 |         0 |         0 |         0 |         0 |         0 |         0 |         0 |         0 |   888.0369 |         0 |         0 |         0 |         0 |         0 |         0 |         0 |         0 |         0 |         0 |         0 |
| Memory write bandwidth [MBytes/s] |  5896.5823 |         0 |         0 |         0 |         0 |         0 |         0 |         0 |         0 |         0 |         0 |         0 |  5974.6641 |         0 |         0 |         0 |         0 |         0 |         0 |         0 |         0 |         0 |         0 |         0 |
| Memory write data volume [GBytes] |   421.1179 |         0 |         0 |         0 |         0 |         0 |         0 |         0 |         0 |         0 |         0 |         0 |   426.6943 |         0 |         0 |         0 |         0 |         0 |         0 |         0 |         0 |         0 |         0 |         0 |
|    Memory bandwidth [MBytes/s]    | 17812.9776 |         0 |         0 |         0 |         0 |         0 |         0 |         0 |         0 |         0 |         0 |         0 | 18409.1441 |         0 |         0 |         0 |         0 |         0 |         0 |         0 |         0 |         0 |         0 |         0 |
|    Memory data volume [GBytes]    |  1272.1546 |         0 |         0 |         0 |         0 |         0 |         0 |         0 |         0 |         0 |         0 |         0 |  1314.7312 |         0 |         0 |         0 |         0 |         0 |         0 |         0 |         0 |         0 |         0 |         0 |
|          Temperature [C]          |         40 |        40 |        40 |        40 |        39 |        40 |        43 |        42 |        44 |        43 |        41 |        41 |         41 |        40 |        42 |        44 |        48 |        45 |        47 |        48 |        44 |        45 |        46 |        44 |
|             Energy [J]            |  5468.0671 |         0 |         0 |         0 |         0 |         0 |         0 |         0 |         0 |         0 |         0 |         0 |  5597.7788 |         0 |         0 |         0 |         0 |         0 |         0 |         0 |         0 |         0 |         0 |         0 |
|             Power [W]             |    76.5650 |         0 |         0 |         0 |         0 |         0 |         0 |         0 |         0 |         0 |         0 |         0 |    78.3813 |         0 |         0 |         0 |         0 |         0 |         0 |         0 |         0 |         0 |         0 |         0 |
|           Energy PP0 [J]          |          0 |         0 |         0 |         0 |         0 |         0 |         0 |         0 |         0 |         0 |         0 |         0 |          0 |         0 |         0 |         0 |         0 |         0 |         0 |         0 |         0 |         0 |         0 |         0 |
|           Power PP0 [W]           |          0 |         0 |         0 |         0 |         0 |         0 |         0 |         0 |         0 |         0 |         0 |         0 |          0 |         0 |         0 |         0 |         0 |         0 |         0 |         0 |         0 |         0 |         0 |         0 |
|          Energy DRAM [J]          | 66529.4718 |         0 |         0 |         0 |         0 |         0 |         0 |         0 |         0 |         0 |         0 |         0 |   847.5252 |         0 |         0 |         0 |         0 |         0 |         0 |         0 |         0 |         0 |         0 |         0 |
|           Power DRAM [W]          |   931.5597 |         0 |         0 |         0 |         0 |         0 |         0 |         0 |         0 |         0 |         0 |         0 |    11.8672 |         0 |         0 |         0 |         0 |         0 |         0 |         0 |         0 |         0 |         0 |         0 |
+-----------------------------------+------------+-----------+-----------+-----------+-----------+-----------+-----------+-----------+-----------+-----------+-----------+-----------+------------+-----------+-----------+-----------+-----------+-----------+-----------+-----------+-----------+-----------+-----------+-----------+
+----------------------------------------+------------+-----------+------------+-----------+
|                 Metric                 |     Sum    |    Min    |     Max    |    Avg    |
+----------------------------------------+------------+-----------+------------+-----------+
|        Runtime (RDTSC) [s] STAT        |  1714.0152 |   71.4173 |    71.4173 |   71.4173 |
|        Runtime unhalted [s] STAT       |  1558.9914 |   63.9242 |    69.7753 |   64.9580 |
|            Clock [MHz] STAT            | 55043.3584 | 2285.6144 |  2298.6111 | 2293.4733 |
|                CPI STAT                |    16.7178 |    0.6170 |     0.7881 |    0.6966 |
|   Local DRAM data volume [GByte] STAT  |  1128.3050 |   35.7863 |    56.7302 |   47.0127 |
|   Local DRAM bandwidth [MByte/s] STAT  | 15798.7627 |  501.0879 |   794.3480 |  658.2818 |
|  Remote DRAM data volume [GByte] STAT  |    32.1498 |    0.1332 |     5.2838 |    1.3396 |
|  Remote DRAM bandwidth [MByte/s] STAT  |   450.1665 |    1.8646 |    73.9842 |   18.7569 |
|     Memory data volume [GByte] STAT    |  1160.4544 |   36.1824 |    56.9711 |   48.3523 |
|     Memory bandwidth [MByte/s] STAT    | 16248.9293 |  506.6332 |   797.7216 |  677.0387 |
|          L3 request rate STAT          |    87.1103 |    2.9556 |     7.9256 |    3.6296 |
|            L3 miss rate STAT           |     0.9492 |    0.0031 |     0.1532 |    0.0395 |
|           L3 miss ratio STAT           |     0.6890 |    0.0027 |     0.1171 |    0.0287 |
|          L2 request rate STAT          |     1.1342 |    0.0327 |     0.0579 |    0.0473 |
|            L2 miss rate STAT           |     0.2677 |    0.0070 |     0.0175 |    0.0112 |
|           L2 miss ratio STAT           |     5.7493 |    0.1559 |     0.3027 |    0.2396 |
|  Memory read bandwidth [MBytes/s] STAT | 24350.8752 |         0 | 12434.4799 | 1014.6198 |
|  Memory read data volume [GBytes] STAT |  1739.0736 |         0 |   888.0369 |   72.4614 |
| Memory write bandwidth [MBytes/s] STAT | 11871.2464 |         0 |  5974.6641 |  494.6353 |
| Memory write data volume [GBytes] STAT |   847.8122 |         0 |   426.6943 |   35.3255 |
|    Memory bandwidth [MBytes/s] STAT    | 36222.1217 |         0 | 18409.1441 | 1509.2551 |
|    Memory data volume [GBytes] STAT    |  2586.8858 |         0 |  1314.7312 |  107.7869 |
|          Temperature [C] STAT          |       1027 |        39 |         48 |   42.7917 |
|             Energy [J] STAT            | 11065.8459 |         0 |  5597.7788 |  461.0769 |
|             Power [W] STAT             |   154.9463 |         0 |    78.3813 |    6.4561 |
|           Energy PP0 [J] STAT          |          0 |         0 |          0 |         0 |
|           Power PP0 [W] STAT           |          0 |         0 |          0 |         0 |
|          Energy DRAM [J] STAT          | 67376.9970 |         0 | 66529.4718 | 2807.3749 |
|           Power DRAM [W] STAT          |   943.4269 |         0 |   931.5597 |   39.3095 |
+----------------------------------------+------------+-----------+------------+-----------+
