--------------------------------------------------------------------------------
CPU name:	Intel(R) Xeon(R) CPU E5-2670 v3 @ 2.30GHz
CPU type:	Intel Xeon Haswell EN/EP/EX processor
CPU clock:	2.30 GHz
--------------------------------------------------------------------------------
Group 1: POWERPERF
+--------------------------------+---------+--------------+--------------+--------------+--------------+--------------+--------------+--------------+--------------+--------------+--------------+--------------+--------------+--------------+--------------+--------------+--------------+--------------+--------------+--------------+--------------+--------------+--------------+--------------+--------------+
|              Event             | Counter |    Core 0    |    Core 1    |    Core 2    |    Core 3    |    Core 4    |    Core 5    |    Core 6    |    Core 7    |    Core 8    |    Core 9    |    Core 10   |    Core 11   |    Core 12   |    Core 13   |    Core 14   |    Core 15   |    Core 16   |    Core 17   |    Core 18   |    Core 19   |    Core 20   |    Core 21   |    Core 22   |    Core 23   |
+--------------------------------+---------+--------------+--------------+--------------+--------------+--------------+--------------+--------------+--------------+--------------+--------------+--------------+--------------+--------------+--------------+--------------+--------------+--------------+--------------+--------------+--------------+--------------+--------------+--------------+--------------+
|        INSTR_RETIRED_ANY       |  FIXC0  | 228972957229 | 215969667538 | 214049816758 | 208935440624 | 206712625433 | 201717237684 | 186852431716 | 194751014104 | 197179403567 | 197821853214 | 198046111659 | 195669568855 | 196574307476 | 194721596357 | 192418364024 | 190017648720 | 188658246029 | 190566904498 | 196645656244 | 196780005985 | 196202118342 | 195659241818 | 195126445007 | 190434852440 |
|      CPU_CLK_UNHALTED_CORE     |  FIXC1  | 167672501793 | 155557369391 | 155711931550 | 155805731030 | 156107235360 | 156293128488 | 154568580516 | 163209812624 | 165591838191 | 165885655712 | 166366020881 | 165658089071 | 156216523425 | 156394917557 | 156245827343 | 156585088285 | 156653993378 | 156505140218 | 165572033791 | 165084532356 | 164686893249 | 164504284267 | 163718834558 | 156944038718 |
|      CPU_CLK_UNHALTED_REF      |  FIXC2  | 167755655312 | 155669352491 | 155823862581 | 155904265521 | 156206375006 | 156408503744 | 154637011613 | 163242257856 | 165603933966 | 165891792927 | 166373090996 | 165670805937 | 156282040084 | 156457747986 | 156547042611 | 156649497859 | 156719177187 | 156575404716 | 165584707714 | 165105506693 | 164703100004 | 164515381295 | 163732066086 | 156981871687 |
|           FIXC1/FIXC0          |   CPI   |            0 |            0 |            0 |            0 |            0 |            0 |            0 |            0 |            0 |            0 |            0 |            0 |            0 |            0 |            0 |            0 |            0 |            0 |            0 |            0 |            0 |            0 |            0 |            0 |
|  OFFCORE_RESPONSE_0_LOCAL_DRAM |   PMC0  |    807215510 |    761025891 |    766424232 |    772971257 |    779300921 |    736342949 |   1291916102 |   1319155826 |   1296656834 |   1301950072 |   1285175895 |   1001707231 |    692632469 |    741890311 |    753937631 |    755745030 |    759401559 |    755036307 |   1282013596 |   1326859533 |   1310157689 |   1320160270 |   1326769264 |   1300082462 |
| OFFCORE_RESPONSE_1_REMOTE_DRAM |   PMC1  |     16351713 |      2314863 |      2882549 |      2466710 |      2606258 |     48987488 |     64986517 |     15535412 |      9083315 |     10114160 |     30182580 |    307884652 |     92281982 |     47043652 |     37366766 |     36679735 |     36418720 |     35979070 |     57172723 |     16412650 |     13670733 |     14253328 |     15512522 |     48722599 |
|  MEM_LOAD_UOPS_RETIRED_L3_ALL  |   PMC2  |    160500899 |    186580121 |    245611230 |    333753722 |    408104858 |    485539669 |    184363381 |    183374856 |    186490606 |    186587872 |    186265058 |    187665994 |    540501245 |    575172915 |    605450245 |    627516448 |    650194392 |    631609185 |    180908111 |    183292948 |    189293125 |    182316191 |    184082769 |    187207450 |
|  MEM_LOAD_UOPS_RETIRED_L3_MISS |   PMC3  |     38267863 |     23912206 |     39573694 |     80968758 |    118978658 |    147980994 |     55327000 |     52721676 |     51636186 |     51628219 |     51204999 |     51819037 |    163679656 |    173096220 |    181492796 |    186792478 |    192360349 |    181144165 |     52074164 |     52432815 |     52533332 |     52426765 |     53022672 |     53436276 |
|      L2_TRANS_ALL_REQUESTS     |   PMC4  |   9769217911 |  10214392747 |  10467153270 |  10247501016 |  10064920091 |  10074863177 |  13048535499 |  12840944621 |  12862099560 |  12844786485 |  12890581025 |  13012539242 |  10105489657 |  10098888697 |  10091233073 |  10073038491 |  10049280133 |   9998315904 |  12924991258 |  12910604791 |  12977909177 |  12963478906 |  13005037681 |  13185498763 |
|          L2_RQSTS_MISS         |   PMC5  |   1593551883 |   1600834888 |   1689958082 |   1720169823 |   1737270436 |   1785601752 |   3962788788 |   3942067975 |   3972650975 |   3966757448 |   3965671046 |   3977931101 |   1835005961 |   1865792531 |   1893127843 |   1912597044 |   1924929328 |   1912227749 |   3950157727 |   3949563532 |   3980664415 |   3975427523 |   3982109788 |   4028318444 |
|        UOPS_RETIRED_ALL        |   PMC6  | 289206546046 | 272782081590 | 269696394293 | 261628304283 | 257790284651 | 250010098964 | 269793024252 | 279874060987 | 282902258613 | 283805754232 | 283825158251 | 279562220580 | 241824633042 | 238819461622 | 235058658511 | 231279339298 | 229074819252 | 232119595108 | 281271755794 | 281744919680 | 280947213997 | 279986924890 | 279468455886 | 274182104102 |
|            TEMP_CORE           |   TMP0  |           40 |           41 |           39 |           41 |           39 |           39 |           43 |           41 |           44 |           44 |           40 |           41 |           41 |           43 |           42 |           44 |           46 |           45 |           45 |           46 |           44 |           45 |           43 |           45 |
|         PWR_PKG_ENERGY         |   PWR0  |    5641.7668 |            0 |            0 |            0 |            0 |            0 |            0 |            0 |            0 |            0 |            0 |            0 |    5769.4981 |            0 |            0 |            0 |            0 |            0 |            0 |            0 |            0 |            0 |            0 |            0 |
|         PWR_PP0_ENERGY         |   PWR1  |            0 |            0 |            0 |            0 |            0 |            0 |            0 |            0 |            0 |            0 |            0 |            0 |            0 |            0 |            0 |            0 |            0 |            0 |            0 |            0 |            0 |            0 |            0 |            0 |
|         PWR_DRAM_ENERGY        |   PWR3  |     953.1498 |            0 |            0 |            0 |            0 |            0 |            0 |            0 |            0 |            0 |            0 |            0 |     994.1168 |            0 |            0 |            0 |            0 |            0 |            0 |            0 |            0 |            0 |            0 |            0 |
|          CAS_COUNT_RD          | MBOX0C0 |   5161609424 |            0 |            0 |            0 |            0 |            0 |            0 |            0 |            0 |            0 |            0 |            0 |   5341108409 |            0 |            0 |            0 |            0 |            0 |            0 |            0 |            0 |            0 |            0 |            0 |
|          CAS_COUNT_WR          | MBOX0C1 |   1833187353 |            0 |            0 |            0 |            0 |            0 |            0 |            0 |            0 |            0 |            0 |            0 |   1879560176 |            0 |            0 |            0 |            0 |            0 |            0 |            0 |            0 |            0 |            0 |            0 |
|          CAS_COUNT_RD          | MBOX1C0 |   5164236633 |            0 |            0 |            0 |            0 |            0 |            0 |            0 |            0 |            0 |            0 |            0 |   5340914201 |            0 |            0 |            0 |            0 |            0 |            0 |            0 |            0 |            0 |            0 |            0 |
|          CAS_COUNT_WR          | MBOX1C1 |   1836044542 |            0 |            0 |            0 |            0 |            0 |            0 |            0 |            0 |            0 |            0 |            0 |   1881326791 |            0 |            0 |            0 |            0 |            0 |            0 |            0 |            0 |            0 |            0 |            0 |
|          CAS_COUNT_RD          | MBOX2C0 |            0 |            0 |            0 |            0 |            0 |            0 |            0 |            0 |            0 |            0 |            0 |            0 |            0 |            0 |            0 |            0 |            0 |            0 |            0 |            0 |            0 |            0 |            0 |            0 |
|          CAS_COUNT_WR          | MBOX2C1 |            0 |            0 |            0 |            0 |            0 |            0 |            0 |            0 |            0 |            0 |            0 |            0 |            0 |            0 |            0 |            0 |            0 |            0 |            0 |            0 |            0 |            0 |            0 |            0 |
|          CAS_COUNT_RD          | MBOX3C0 |            0 |            0 |            0 |            0 |            0 |            0 |            0 |            0 |            0 |            0 |            0 |            0 |            0 |            0 |            0 |            0 |            0 |            0 |            0 |            0 |            0 |            0 |            0 |            0 |
|          CAS_COUNT_WR          | MBOX3C1 |            0 |            0 |            0 |            0 |            0 |            0 |            0 |            0 |            0 |            0 |            0 |            0 |            0 |            0 |            0 |            0 |            0 |            0 |            0 |            0 |            0 |            0 |            0 |            0 |
|          CAS_COUNT_RD          | MBOX4C0 |   5162198163 |            0 |            0 |            0 |            0 |            0 |            0 |            0 |            0 |            0 |            0 |            0 |   5337016518 |            0 |            0 |            0 |            0 |            0 |            0 |            0 |            0 |            0 |            0 |            0 |
|          CAS_COUNT_WR          | MBOX4C1 |   1833238298 |            0 |            0 |            0 |            0 |            0 |            0 |            0 |            0 |            0 |            0 |            0 |   1877879024 |            0 |            0 |            0 |            0 |            0 |            0 |            0 |            0 |            0 |            0 |            0 |
|          CAS_COUNT_RD          | MBOX5C0 |   5164896935 |            0 |            0 |            0 |            0 |            0 |            0 |            0 |            0 |            0 |            0 |            0 |   5341148571 |            0 |            0 |            0 |            0 |            0 |            0 |            0 |            0 |            0 |            0 |            0 |
|          CAS_COUNT_WR          | MBOX5C1 |   1837097290 |            0 |            0 |            0 |            0 |            0 |            0 |            0 |            0 |            0 |            0 |            0 |   1882115412 |            0 |            0 |            0 |            0 |            0 |            0 |            0 |            0 |            0 |            0 |            0 |
|          CAS_COUNT_RD          | MBOX6C0 |            0 |            0 |            0 |            0 |            0 |            0 |            0 |            0 |            0 |            0 |            0 |            0 |            0 |            0 |            0 |            0 |            0 |            0 |            0 |            0 |            0 |            0 |            0 |            0 |
|          CAS_COUNT_WR          | MBOX6C1 |            0 |            0 |            0 |            0 |            0 |            0 |            0 |            0 |            0 |            0 |            0 |            0 |            0 |            0 |            0 |            0 |            0 |            0 |            0 |            0 |            0 |            0 |            0 |            0 |
|          CAS_COUNT_RD          | MBOX7C0 |            0 |            0 |            0 |            0 |            0 |            0 |            0 |            0 |            0 |            0 |            0 |            0 |            0 |            0 |            0 |            0 |            0 |            0 |            0 |            0 |            0 |            0 |            0 |            0 |
|          CAS_COUNT_WR          | MBOX7C1 |            0 |            0 |            0 |            0 |            0 |            0 |            0 |            0 |            0 |            0 |            0 |            0 |            0 |            0 |            0 |            0 |            0 |            0 |            0 |            0 |            0 |            0 |            0 |            0 |
+--------------------------------+---------+--------------+--------------+--------------+--------------+--------------+--------------+--------------+--------------+--------------+--------------+--------------+--------------+--------------+--------------+--------------+--------------+--------------+--------------+--------------+--------------+--------------+--------------+--------------+--------------+
+-------------------------------------+---------+---------------+--------------+--------------+--------------+
|                Event                | Counter |      Sum      |      Min     |      Max     |      Avg     |
+-------------------------------------+---------+---------------+--------------+--------------+--------------+
|        INSTR_RETIRED_ANY STAT       |  FIXC0  | 4770483515321 | 186852431716 | 228972957229 | 1.987701e+11 |
|      CPU_CLK_UNHALTED_CORE STAT     |  FIXC1  | 3847540001752 | 154568580516 | 167672501793 | 1.603142e+11 |
|      CPU_CLK_UNHALTED_REF STAT      |  FIXC2  | 3849040451872 | 154637011613 | 167755655312 | 1.603767e+11 |
|           FIXC1/FIXC0 STAT          |   CPI   |             0 |            0 |            0 |            0 |
|  OFFCORE_RESPONSE_0_LOCAL_DRAM STAT |   PMC0  |   24444528841 |    692632469 |   1326859533 | 1.018522e+09 |
| OFFCORE_RESPONSE_1_REMOTE_DRAM STAT |   PMC1  |     964910697 |      2314863 |    307884652 | 4.020461e+07 |
|  MEM_LOAD_UOPS_RETIRED_L3_ALL STAT  |   PMC2  |    7672383290 |    160500899 |    650194392 | 3.196826e+08 |
|  MEM_LOAD_UOPS_RETIRED_L3_MISS STAT |   PMC3  |    2158510978 |     23912206 |    192360349 | 8.993796e+07 |
|      L2_TRANS_ALL_REQUESTS STAT     |   PMC4  |  276721301175 |   9769217911 |  13185498763 | 1.153005e+10 |
|          L2_RQSTS_MISS STAT         |   PMC5  |   69125176082 |   1593551883 |   4028318444 | 2.880216e+09 |
|        UOPS_RETIRED_ALL STAT        |   PMC6  | 6366654067924 | 229074819252 | 289206546046 | 2.652773e+11 |
|            TEMP_CORE STAT           |   TMP0  |          1021 |           39 |           46 |      42.5417 |
|         PWR_PKG_ENERGY STAT         |   PWR0  |    11411.2649 |            0 |    5769.4981 |     475.4694 |
|         PWR_PP0_ENERGY STAT         |   PWR1  |             0 |            0 |            0 |            0 |
|         PWR_DRAM_ENERGY STAT        |   PWR3  |     1947.2666 |            0 |     994.1168 |      81.1361 |
|          CAS_COUNT_RD STAT          | MBOX0C0 |   10502717833 |            0 |   5341108409 | 4.376132e+08 |
|          CAS_COUNT_WR STAT          | MBOX0C1 |    3712747529 |            0 |   1879560176 | 1.546978e+08 |
|          CAS_COUNT_RD STAT          | MBOX1C0 |   10505150834 |            0 |   5340914201 | 4.377146e+08 |
|          CAS_COUNT_WR STAT          | MBOX1C1 |    3717371333 |            0 |   1881326791 | 1.548905e+08 |
|          CAS_COUNT_RD STAT          | MBOX2C0 |             0 |            0 |            0 |            0 |
|          CAS_COUNT_WR STAT          | MBOX2C1 |             0 |            0 |            0 |            0 |
|          CAS_COUNT_RD STAT          | MBOX3C0 |             0 |            0 |            0 |            0 |
|          CAS_COUNT_WR STAT          | MBOX3C1 |             0 |            0 |            0 |            0 |
|          CAS_COUNT_RD STAT          | MBOX4C0 |   10499214681 |            0 |   5337016518 | 4.374673e+08 |
|          CAS_COUNT_WR STAT          | MBOX4C1 |    3711117322 |            0 |   1877879024 | 1.546299e+08 |
|          CAS_COUNT_RD STAT          | MBOX5C0 |   10506045506 |            0 |   5341148571 | 4.377519e+08 |
|          CAS_COUNT_WR STAT          | MBOX5C1 |    3719212702 |            0 |   1882115412 | 1.549672e+08 |
|          CAS_COUNT_RD STAT          | MBOX6C0 |             0 |            0 |            0 |            0 |
|          CAS_COUNT_WR STAT          | MBOX6C1 |             0 |            0 |            0 |            0 |
|          CAS_COUNT_RD STAT          | MBOX7C0 |             0 |            0 |            0 |            0 |
|          CAS_COUNT_WR STAT          | MBOX7C1 |             0 |            0 |            0 |            0 |
+-------------------------------------+---------+---------------+--------------+--------------+--------------+
+-----------------------------------+------------+-----------+-----------+-----------+-----------+-----------+-----------+-----------+-----------+-----------+-----------+-----------+------------+-----------+-----------+-----------+-----------+-----------+-----------+-----------+-----------+-----------+-----------+-----------+
|               Metric              |   Core 0   |   Core 1  |   Core 2  |   Core 3  |   Core 4  |   Core 5  |   Core 6  |   Core 7  |   Core 8  |   Core 9  |  Core 10  |  Core 11  |   Core 12  |  Core 13  |  Core 14  |  Core 15  |  Core 16  |  Core 17  |  Core 18  |  Core 19  |  Core 20  |  Core 21  |  Core 22  |  Core 23  |
+-----------------------------------+------------+-----------+-----------+-----------+-----------+-----------+-----------+-----------+-----------+-----------+-----------+-----------+------------+-----------+-----------+-----------+-----------+-----------+-----------+-----------+-----------+-----------+-----------+-----------+
|        Runtime (RDTSC) [s]        |    74.8268 |   74.8268 |   74.8268 |   74.8268 |   74.8268 |   74.8268 |   74.8268 |   74.8268 |   74.8268 |   74.8268 |   74.8268 |   74.8268 |    74.8268 |   74.8268 |   74.8268 |   74.8268 |   74.8268 |   74.8268 |   74.8268 |   74.8268 |   74.8268 |   74.8268 |   74.8268 |   74.8268 |
|        Runtime unhalted [s]       |    72.9011 |   67.6337 |   67.7009 |   67.7416 |   67.8727 |   67.9536 |   67.2038 |   70.9608 |   71.9965 |   72.1242 |   72.3331 |   72.0253 |    67.9202 |   67.9978 |   67.9330 |   68.0805 |   68.1105 |   68.0457 |   71.9879 |   71.7759 |   71.6030 |   71.5236 |   71.1821 |   68.2366 |
|            Clock [MHz]            |  2298.8592 | 2298.3448 | 2298.3472 | 2298.5457 | 2298.5396 | 2298.3027 | 2298.9815 | 2299.5422 | 2299.8313 | 2299.9142 | 2299.9016 | 2299.8228 |  2299.0351 | 2299.0757 | 2295.5738 | 2299.0536 | 2299.0427 | 2298.9672 | 2299.8233 | 2299.7071 | 2299.7730 | 2299.8442 | 2299.8134 | 2299.4450 |
|                CPI                |     0.7323 |    0.7203 |    0.7275 |    0.7457 |    0.7552 |    0.7748 |    0.8272 |    0.8380 |    0.8398 |    0.8386 |    0.8400 |    0.8466 |     0.7947 |    0.8032 |    0.8120 |    0.8241 |    0.8304 |    0.8213 |    0.8420 |    0.8389 |    0.8394 |    0.8408 |    0.8390 |    0.8241 |
|   Local DRAM data volume [GByte]  |    51.6618 |   48.7057 |   49.0512 |   49.4702 |   49.8753 |   47.1259 |   82.6826 |   84.4260 |   82.9860 |   83.3248 |   82.2513 |   64.1093 |    44.3285 |   47.4810 |   48.2520 |   48.3677 |   48.6017 |   48.3223 |   82.0489 |   84.9190 |   83.8501 |   84.4903 |   84.9132 |   83.2053 |
|   Local DRAM bandwidth [MByte/s]  |   690.4186 |  650.9122 |  655.5295 |  661.1292 |  666.5430 |  629.8007 | 1104.9873 | 1128.2857 | 1109.0421 | 1113.5695 | 1099.2224 |  856.7691 |   592.4147 |  634.5454 |  644.8496 |  646.3954 |  649.5229 |  645.7893 | 1096.5176 | 1134.8748 | 1120.5895 | 1129.1448 | 1134.7976 | 1111.9721 |
|  Remote DRAM data volume [GByte]  |     1.0465 |    0.1482 |    0.1845 |    0.1579 |    0.1668 |    3.1352 |    4.1591 |    0.9943 |    0.5813 |    0.6473 |    1.9317 |   19.7046 |     5.9060 |    3.0108 |    2.3915 |    2.3475 |    2.3308 |    2.3027 |    3.6591 |    1.0504 |    0.8749 |    0.9122 |    0.9928 |    3.1182 |
|  Remote DRAM bandwidth [MByte/s]  |    13.9858 |    1.9799 |    2.4655 |    2.1098 |    2.2292 |   41.8994 |   55.5835 |   13.2876 |    7.7690 |    8.6507 |   25.8154 |  263.3365 |    78.9296 |   40.2369 |   31.9601 |   31.3725 |   31.1493 |   30.7732 |   48.9003 |   14.0379 |   11.6927 |   12.1910 |   13.2680 |   41.6729 |
|     Memory data volume [GByte]    |    52.7083 |   48.8538 |   49.2356 |   49.6280 |   50.0421 |   50.2611 |   86.8418 |   85.4202 |   83.5674 |   83.9721 |   84.1829 |   83.8139 |    50.2345 |   50.4918 |   50.6435 |   50.7152 |   50.9325 |   50.6250 |   85.7079 |   85.9694 |   84.7250 |   85.4025 |   85.9060 |   86.3235 |
|     Memory bandwidth [MByte/s]    |   704.4044 |  652.8921 |  657.9949 |  663.2390 |  668.7722 |  671.7001 | 1160.5709 | 1141.5733 | 1116.8112 | 1122.2202 | 1125.0378 | 1120.1056 |   671.3443 |  674.7822 |  676.8097 |  677.7679 |  680.6722 |  676.5625 | 1145.4180 | 1148.9126 | 1132.2822 | 1141.3358 | 1148.0656 | 1153.6450 |
|          L3 request rate          |     4.1941 |    7.8027 |    6.2064 |    4.1220 |    3.4301 |    3.2811 |    3.3322 |    3.4782 |    3.6116 |    3.6141 |    3.6376 |    3.6216 |     3.3022 |    3.3229 |    3.3359 |    3.3594 |    3.3801 |    3.4868 |    3.4740 |    3.4958 |    3.6033 |    3.4775 |    3.4718 |    3.5034 |
|            L3 miss rate           |     0.1019 |    0.0124 |    0.0117 |    0.0074 |    0.0064 |    0.1009 |    0.3525 |    0.0847 |    0.0487 |    0.0542 |    0.1620 |    1.6406 |     0.1707 |    0.0818 |    0.0617 |    0.0585 |    0.0560 |    0.0570 |    0.3160 |    0.0895 |    0.0722 |    0.0782 |    0.0843 |    0.2603 |
|           L3 miss ratio           |     0.0203 |    0.0030 |    0.0038 |    0.0032 |    0.0033 |    0.0665 |    0.0503 |    0.0118 |    0.0070 |    0.0078 |    0.0235 |    0.3074 |     0.1332 |    0.0634 |    0.0496 |    0.0485 |    0.0480 |    0.0477 |    0.0446 |    0.0124 |    0.0104 |    0.0108 |    0.0117 |    0.0375 |
|          L2 request rate          |     0.0427 |    0.0473 |    0.0489 |    0.0490 |    0.0487 |    0.0499 |    0.0698 |    0.0659 |    0.0652 |    0.0649 |    0.0651 |    0.0665 |     0.0514 |    0.0519 |    0.0524 |    0.0530 |    0.0533 |    0.0525 |    0.0657 |    0.0656 |    0.0661 |    0.0663 |    0.0666 |    0.0692 |
|            L2 miss rate           |     0.0070 |    0.0074 |    0.0079 |    0.0082 |    0.0084 |    0.0089 |    0.0212 |    0.0202 |    0.0201 |    0.0201 |    0.0200 |    0.0203 |     0.0093 |    0.0096 |    0.0098 |    0.0101 |    0.0102 |    0.0100 |    0.0201 |    0.0201 |    0.0203 |    0.0203 |    0.0204 |    0.0212 |
|           L2 miss ratio           |     0.1631 |    0.1567 |    0.1615 |    0.1679 |    0.1726 |    0.1772 |    0.3037 |    0.3070 |    0.3089 |    0.3088 |    0.3076 |    0.3057 |     0.1816 |    0.1848 |    0.1876 |    0.1899 |    0.1915 |    0.1913 |    0.3056 |    0.3059 |    0.3067 |    0.3067 |    0.3062 |    0.3055 |
|  Memory read bandwidth [MBytes/s] | 17664.6443 |         0 |         0 |         0 |         0 |         0 |         0 |         0 |         0 |         0 |         0 |         0 | 18269.5585 |         0 |         0 |         0 |         0 |         0 |         0 |         0 |         0 |         0 |         0 |         0 |
|  Memory read data volume [GBytes] |  1321.7882 |         0 |         0 |         0 |         0 |         0 |         0 |         0 |         0 |         0 |         0 |         0 |  1367.0520 |         0 |         0 |         0 |         0 |         0 |         0 |         0 |         0 |         0 |         0 |         0 |
| Memory write bandwidth [MBytes/s] |  6277.5974 |         0 |         0 |         0 |         0 |         0 |         0 |         0 |         0 |         0 |         0 |         0 |  6432.6768 |         0 |         0 |         0 |         0 |         0 |         0 |         0 |         0 |         0 |         0 |         0 |
| Memory write data volume [GBytes] |   469.7323 |         0 |         0 |         0 |         0 |         0 |         0 |         0 |         0 |         0 |         0 |         0 |   481.3364 |         0 |         0 |         0 |         0 |         0 |         0 |         0 |         0 |         0 |         0 |         0 |
|    Memory bandwidth [MBytes/s]    | 23942.2416 |         0 |         0 |         0 |         0 |         0 |         0 |         0 |         0 |         0 |         0 |         0 | 24702.2353 |         0 |         0 |         0 |         0 |         0 |         0 |         0 |         0 |         0 |         0 |         0 |
|    Memory data volume [GBytes]    |  1791.5206 |         0 |         0 |         0 |         0 |         0 |         0 |         0 |         0 |         0 |         0 |         0 |  1848.3884 |         0 |         0 |         0 |         0 |         0 |         0 |         0 |         0 |         0 |         0 |         0 |
|          Temperature [C]          |         40 |        41 |        39 |        41 |        39 |        39 |        43 |        41 |        44 |        44 |        40 |        41 |         41 |        43 |        42 |        44 |        46 |        45 |        45 |        46 |        44 |        45 |        43 |        45 |
|             Energy [J]            |  5641.7668 |         0 |         0 |         0 |         0 |         0 |         0 |         0 |         0 |         0 |         0 |         0 |  5769.4981 |         0 |         0 |         0 |         0 |         0 |         0 |         0 |         0 |         0 |         0 |         0 |
|             Power [W]             |    75.3977 |         0 |         0 |         0 |         0 |         0 |         0 |         0 |         0 |         0 |         0 |         0 |    77.1047 |         0 |         0 |         0 |         0 |         0 |         0 |         0 |         0 |         0 |         0 |         0 |
|           Energy PP0 [J]          |          0 |         0 |         0 |         0 |         0 |         0 |         0 |         0 |         0 |         0 |         0 |         0 |          0 |         0 |         0 |         0 |         0 |         0 |         0 |         0 |         0 |         0 |         0 |         0 |
|           Power PP0 [W]           |          0 |         0 |         0 |         0 |         0 |         0 |         0 |         0 |         0 |         0 |         0 |         0 |          0 |         0 |         0 |         0 |         0 |         0 |         0 |         0 |         0 |         0 |         0 |         0 |
|          Energy DRAM [J]          |   953.1498 |         0 |         0 |         0 |         0 |         0 |         0 |         0 |         0 |         0 |         0 |         0 |   994.1168 |         0 |         0 |         0 |         0 |         0 |         0 |         0 |         0 |         0 |         0 |         0 |
|           Power DRAM [W]          |    12.7381 |         0 |         0 |         0 |         0 |         0 |         0 |         0 |         0 |         0 |         0 |         0 |    13.2856 |         0 |         0 |         0 |         0 |         0 |         0 |         0 |         0 |         0 |         0 |         0 |
+-----------------------------------+------------+-----------+-----------+-----------+-----------+-----------+-----------+-----------+-----------+-----------+-----------+-----------+------------+-----------+-----------+-----------+-----------+-----------+-----------+-----------+-----------+-----------+-----------+-----------+
+----------------------------------------+------------+-----------+------------+-----------+
|                 Metric                 |     Sum    |    Min    |     Max    |    Avg    |
+----------------------------------------+------------+-----------+------------+-----------+
|        Runtime (RDTSC) [s] STAT        |  1795.8432 |   74.8268 |    74.8268 |   74.8268 |
|        Runtime unhalted [s] STAT       |  1672.8441 |   67.2038 |    72.9011 |   69.7018 |
|            Clock [MHz] STAT            | 55178.0869 | 2295.5738 |  2299.9142 | 2299.0870 |
|                CPI STAT                |    19.3959 |    0.7203 |     0.8466 |    0.8082 |
|   Local DRAM data volume [GByte] STAT  |  1564.4501 |   44.3285 |    84.9190 |   65.1854 |
|   Local DRAM bandwidth [MByte/s] STAT  | 20907.6230 |  592.4147 |  1134.8748 |  871.1510 |
|  Remote DRAM data volume [GByte] STAT  |    61.7543 |    0.1482 |    19.7046 |    2.5731 |
|  Remote DRAM bandwidth [MByte/s] STAT  |   825.2967 |    1.9799 |   263.3365 |   34.3874 |
|     Memory data volume [GByte] STAT    |  1626.2040 |   48.8538 |    86.8418 |   67.7585 |
|     Memory bandwidth [MByte/s] STAT    | 21732.9197 |  652.8921 |  1160.5709 |  905.5383 |
|          L3 request rate STAT          |    91.5448 |    3.2811 |     7.8027 |    3.8144 |
|            L3 miss rate STAT           |     3.9696 |    0.0064 |     1.6406 |    0.1654 |
|           L3 miss ratio STAT           |     1.0257 |    0.0030 |     0.3074 |    0.0427 |
|          L2 request rate STAT          |     1.3979 |    0.0427 |     0.0698 |    0.0582 |
|            L2 miss rate STAT           |     0.3511 |    0.0070 |     0.0212 |    0.0146 |
|           L2 miss ratio STAT           |     5.8040 |    0.1567 |     0.3089 |    0.2418 |
|  Memory read bandwidth [MBytes/s] STAT | 35934.2028 |         0 | 18269.5585 | 1497.2585 |
|  Memory read data volume [GBytes] STAT |  2688.8402 |         0 |  1367.0520 |  112.0350 |
| Memory write bandwidth [MBytes/s] STAT | 12710.2742 |         0 |  6432.6768 |  529.5948 |
| Memory write data volume [GBytes] STAT |   951.0687 |         0 |   481.3364 |   39.6279 |
|    Memory bandwidth [MBytes/s] STAT    | 48644.4769 |         0 | 24702.2353 | 2026.8532 |
|    Memory data volume [GBytes] STAT    |  3639.9090 |         0 |  1848.3884 |  151.6629 |
|          Temperature [C] STAT          |       1021 |        39 |         46 |   42.5417 |
|             Energy [J] STAT            | 11411.2649 |         0 |  5769.4981 |  475.4694 |
|             Power [W] STAT             |   152.5024 |         0 |    77.1047 |    6.3543 |
|           Energy PP0 [J] STAT          |          0 |         0 |          0 |         0 |
|           Power PP0 [W] STAT           |          0 |         0 |          0 |         0 |
|          Energy DRAM [J] STAT          |  1947.2666 |         0 |   994.1168 |   81.1361 |
|           Power DRAM [W] STAT          |    26.0237 |         0 |    13.2856 |    1.0843 |
+----------------------------------------+------------+-----------+------------+-----------+
