--------------------------------------------------------------------------------
CPU name:	Intel(R) Xeon(R) CPU E5-2670 v3 @ 2.30GHz
CPU type:	Intel Xeon Haswell EN/EP/EX processor
CPU clock:	2.30 GHz
--------------------------------------------------------------------------------
Group 1: POWERPERF
+--------------------------------+---------+--------------+--------------+--------------+--------------+--------------+--------------+--------------+--------------+--------------+--------------+--------------+--------------+--------------+--------------+--------------+--------------+--------------+--------------+--------------+--------------+--------------+--------------+--------------+--------------+
|              Event             | Counter |    Core 0    |    Core 1    |    Core 2    |    Core 3    |    Core 4    |    Core 5    |    Core 6    |    Core 7    |    Core 8    |    Core 9    |    Core 10   |    Core 11   |    Core 12   |    Core 13   |    Core 14   |    Core 15   |    Core 16   |    Core 17   |    Core 18   |    Core 19   |    Core 20   |    Core 21   |    Core 22   |    Core 23   |
+--------------------------------+---------+--------------+--------------+--------------+--------------+--------------+--------------+--------------+--------------+--------------+--------------+--------------+--------------+--------------+--------------+--------------+--------------+--------------+--------------+--------------+--------------+--------------+--------------+--------------+--------------+
|        INSTR_RETIRED_ANY       |  FIXC0  | 225505953447 | 211695123097 | 209910043663 | 205634323349 | 203760625337 | 199251156335 | 219200020039 | 219769752486 | 216713118969 | 218364526611 | 217935257015 | 218233105848 | 194929171800 | 193783980984 | 191813347770 | 189783659726 | 188627673347 | 190197121038 | 217427608778 | 218363312746 | 215931402302 | 216599182130 | 216765216506 | 218441765604 |
|      CPU_CLK_UNHALTED_CORE     |  FIXC1  | 161095477650 | 149230558201 | 149290374374 | 149388930630 | 149711382992 | 149925438497 | 145773547428 | 146049409544 | 145257885537 | 146122433916 | 145837898582 | 145845514492 | 149696995260 | 149711305916 | 149765337682 | 149914175075 | 149956148888 | 149832525737 | 145361632641 | 145589180501 | 145245366817 | 144962205349 | 145390851197 | 146519598783 |
|      CPU_CLK_UNHALTED_REF      |  FIXC2  | 161169029139 | 149377871242 | 149445648401 | 149508069734 | 149790739688 | 149997343352 | 146520311774 | 146690703778 | 146287983254 | 146758104358 | 146549171737 | 146595004803 | 149936669513 | 149967265654 | 150083073989 | 150171062720 | 150184155953 | 150049164514 | 146225578550 | 146428445128 | 146220930112 | 146095529282 | 146221723106 | 146762953839 |
|           FIXC1/FIXC0          |   CPI   |            0 |            0 |            0 |            0 |            0 |            0 |            0 |            0 |            0 |            0 |            0 |            0 |            0 |            0 |            0 |            0 |            0 |            0 |            0 |            0 |            0 |            0 |            0 |            0 |
|  OFFCORE_RESPONSE_0_LOCAL_DRAM |   PMC0  |    807057721 |    764648569 |    769076237 |    773962798 |    780773667 |    739945543 |   1107491959 |   1106227320 |   1100966418 |   1100448399 |   1103446389 |   1100342094 |    698569747 |    750092713 |    753138889 |    753870288 |    755488229 |    754696893 |   1110244881 |   1109746641 |   1105243608 |   1105392922 |   1105853851 |   1103361718 |
| OFFCORE_RESPONSE_1_REMOTE_DRAM |   PMC1  |     17451208 |      3022318 |      3731786 |      4034068 |      2774827 |     47554629 |       462526 |       621986 |       421377 |       455964 |       449944 |       425123 |     89995188 |     39905889 |     38874154 |     38648906 |     38482667 |     38443450 |       508961 |       584630 |       456058 |       240708 |       294925 |       877436 |
|  MEM_LOAD_UOPS_RETIRED_L3_ALL  |   PMC2  |    160820805 |    191709427 |    245186094 |    333056450 |    412454218 |    489164309 |    789397946 |    787531340 |    797964147 |    790497493 |    796484115 |    771151088 |    542954485 |    579338954 |    608907777 |    630271804 |    657066784 |    633488761 |    796187080 |    776519598 |    806799256 |    764873638 |    786972397 |    785834048 |
|  MEM_LOAD_UOPS_RETIRED_L3_MISS |   PMC3  |     36979115 |     24635160 |     39387688 |     81147522 |    119688616 |    148399263 |    250716873 |    252715899 |    254306112 |    253720459 |    254758324 |    252445332 |    164674530 |    173060641 |    180752867 |    185749619 |    191187537 |    178537973 |    251741389 |    251050774 |    255678155 |    251666450 |    253405303 |    253593193 |
|      L2_TRANS_ALL_REQUESTS     |   PMC4  |   9726883983 |  10267493848 |  10502262445 |  10266437326 |  10083234572 |  10087423513 |  15156324730 |  15128545408 |  15366314156 |  15244343236 |  15236061703 |  15080930850 |  10108749634 |  10103273462 |  10070174142 |  10055955738 |  10039414314 |   9972094905 |  15317354496 |  15180719001 |  15554491163 |  15224942760 |  15234786015 |  15246633885 |
|          L2_RQSTS_MISS         |   PMC5  |   1590531696 |   1614724271 |   1691212571 |   1720484304 |   1743529548 |   1788623043 |   2784133923 |   2769905406 |   2916742047 |   2849912481 |   2818422445 |   2754174580 |   1832221985 |   1866887961 |   1887257339 |   1905947681 |   1928163334 |   1901297007 |   2874288882 |   2807089956 |   3040694445 |   2838425704 |   2838904420 |   2832251537 |
|        UOPS_RETIRED_ALL        |   PMC6  | 283675702848 | 265922158092 | 263061618097 | 256316771409 | 253073695162 | 246031168745 | 246478612803 | 247257679649 | 243056035950 | 245337229558 | 244643244499 | 245092332521 | 239123048385 | 237265110615 | 234036100559 | 230830657634 | 228957945089 | 231465269434 | 244007558795 | 245251707372 | 241924271125 | 242819331764 | 243097332240 | 245369425161 |
|            TEMP_CORE           |   TMP0  |           39 |           40 |           39 |           41 |           38 |           39 |           41 |           42 |           43 |           42 |           40 |           41 |           41 |           41 |           42 |           44 |           45 |           44 |           46 |           47 |           44 |           45 |           45 |           43 |
|         PWR_PKG_ENERGY         |   PWR0  |    5377.3729 |            0 |            0 |            0 |            0 |            0 |            0 |            0 |            0 |            0 |            0 |            0 |    5480.7732 |            0 |            0 |            0 |            0 |            0 |            0 |            0 |            0 |            0 |            0 |            0 |
|         PWR_PP0_ENERGY         |   PWR1  |            0 |            0 |            0 |            0 |            0 |            0 |            0 |            0 |            0 |            0 |            0 |            0 |            0 |            0 |            0 |            0 |            0 |            0 |            0 |            0 |            0 |            0 |            0 |            0 |
|         PWR_DRAM_ENERGY        |   PWR3  |     905.0727 |            0 |            0 |            0 |            0 |            0 |            0 |            0 |            0 |            0 |            0 |            0 |     925.3042 |            0 |            0 |            0 |            0 |            0 |            0 |            0 |            0 |            0 |            0 |            0 |
|          CAS_COUNT_RD          | MBOX0C0 |   3672779790 |            0 |            0 |            0 |            0 |            0 |            0 |            0 |            0 |            0 |            0 |            0 |   3578731130 |            0 |            0 |            0 |            0 |            0 |            0 |            0 |            0 |            0 |            0 |            0 |
|          CAS_COUNT_WR          | MBOX0C1 |   2296622974 |            0 |            0 |            0 |            0 |            0 |            0 |            0 |            0 |            0 |            0 |            0 |   2245038355 |            0 |            0 |            0 |            0 |            0 |            0 |            0 |            0 |            0 |            0 |            0 |
|          CAS_COUNT_RD          | MBOX1C0 |   3675531674 |            0 |            0 |            0 |            0 |            0 |            0 |            0 |            0 |            0 |            0 |            0 |   3582304614 |            0 |            0 |            0 |            0 |            0 |            0 |            0 |            0 |            0 |            0 |            0 |
|          CAS_COUNT_WR          | MBOX1C1 |   2299908823 |            0 |            0 |            0 |            0 |            0 |            0 |            0 |            0 |            0 |            0 |            0 |   2242031404 |            0 |            0 |            0 |            0 |            0 |            0 |            0 |            0 |            0 |            0 |            0 |
|          CAS_COUNT_RD          | MBOX2C0 |            0 |            0 |            0 |            0 |            0 |            0 |            0 |            0 |            0 |            0 |            0 |            0 |            0 |            0 |            0 |            0 |            0 |            0 |            0 |            0 |            0 |            0 |            0 |            0 |
|          CAS_COUNT_WR          | MBOX2C1 |            0 |            0 |            0 |            0 |            0 |            0 |            0 |            0 |            0 |            0 |            0 |            0 |            0 |            0 |            0 |            0 |            0 |            0 |            0 |            0 |            0 |            0 |            0 |            0 |
|          CAS_COUNT_RD          | MBOX3C0 |            0 |            0 |            0 |            0 |            0 |            0 |            0 |            0 |            0 |            0 |            0 |            0 |            0 |            0 |            0 |            0 |            0 |            0 |            0 |            0 |            0 |            0 |            0 |            0 |
|          CAS_COUNT_WR          | MBOX3C1 |            0 |            0 |            0 |            0 |            0 |            0 |            0 |            0 |            0 |            0 |            0 |            0 |            0 |            0 |            0 |            0 |            0 |            0 |            0 |            0 |            0 |            0 |            0 |            0 |
|          CAS_COUNT_RD          | MBOX4C0 |   3672693016 |            0 |            0 |            0 |            0 |            0 |            0 |            0 |            0 |            0 |            0 |            0 |   3576470880 |            0 |            0 |            0 |            0 |            0 |            0 |            0 |            0 |            0 |            0 |            0 |
|          CAS_COUNT_WR          | MBOX4C1 |   2296639252 |            0 |            0 |            0 |            0 |            0 |            0 |            0 |            0 |            0 |            0 |            0 |   2242546390 |            0 |            0 |            0 |            0 |            0 |            0 |            0 |            0 |            0 |            0 |            0 |
|          CAS_COUNT_RD          | MBOX5C0 |   3675978130 |            0 |            0 |            0 |            0 |            0 |            0 |            0 |            0 |            0 |            0 |            0 |   3570751164 |            0 |            0 |            0 |            0 |            0 |            0 |            0 |            0 |            0 |            0 |            0 |
|          CAS_COUNT_WR          | MBOX5C1 |   2300372024 |            0 |            0 |            0 |            0 |            0 |            0 |            0 |            0 |            0 |            0 |            0 |   2238784149 |            0 |            0 |            0 |            0 |            0 |            0 |            0 |            0 |            0 |            0 |            0 |
|          CAS_COUNT_RD          | MBOX6C0 |            0 |            0 |            0 |            0 |            0 |            0 |            0 |            0 |            0 |            0 |            0 |            0 |            0 |            0 |            0 |            0 |            0 |            0 |            0 |            0 |            0 |            0 |            0 |            0 |
|          CAS_COUNT_WR          | MBOX6C1 |            0 |            0 |            0 |            0 |            0 |            0 |            0 |            0 |            0 |            0 |            0 |            0 |            0 |            0 |            0 |            0 |            0 |            0 |            0 |            0 |            0 |            0 |            0 |            0 |
|          CAS_COUNT_RD          | MBOX7C0 |            0 |            0 |            0 |            0 |            0 |            0 |            0 |            0 |            0 |            0 |            0 |            0 |            0 |            0 |            0 |            0 |            0 |            0 |            0 |            0 |            0 |            0 |            0 |            0 |
|          CAS_COUNT_WR          | MBOX7C1 |            0 |            0 |            0 |            0 |            0 |            0 |            0 |            0 |            0 |            0 |            0 |            0 |            0 |            0 |            0 |            0 |            0 |            0 |            0 |            0 |            0 |            0 |            0 |            0 |
+--------------------------------+---------+--------------+--------------+--------------+--------------+--------------+--------------+--------------+--------------+--------------+--------------+--------------+--------------+--------------+--------------+--------------+--------------+--------------+--------------+--------------+--------------+--------------+--------------+--------------+--------------+
+-------------------------------------+---------+---------------+--------------+--------------+--------------+
|                Event                | Counter |      Sum      |      Min     |      Max     |      Avg     |
+-------------------------------------+---------+---------------+--------------+--------------+--------------+
|        INSTR_RETIRED_ANY STAT       |  FIXC0  | 5018636448927 | 188627673347 | 225505953447 | 2.091099e+11 |
|      CPU_CLK_UNHALTED_CORE STAT     |  FIXC1  | 3555474175689 | 144962205349 | 161095477650 | 1.481448e+11 |
|      CPU_CLK_UNHALTED_REF STAT      |  FIXC2  | 3567036533620 | 146095529282 | 161169029139 | 1.486265e+11 |
|           FIXC1/FIXC0 STAT          |   CPI   |             0 |            0 |            0 |            0 |
|  OFFCORE_RESPONSE_0_LOCAL_DRAM STAT |   PMC0  |   22360087494 |    698569747 |   1110244881 | 9.316703e+08 |
| OFFCORE_RESPONSE_1_REMOTE_DRAM STAT |   PMC1  |     368718728 |       240708 |     89995188 | 1.536328e+07 |
|  MEM_LOAD_UOPS_RETIRED_L3_ALL STAT  |   PMC2  |   14934632014 |    160820805 |    806799256 | 6.222763e+08 |
|  MEM_LOAD_UOPS_RETIRED_L3_MISS STAT |   PMC3  |    4559998794 |     24635160 |    255678155 | 1.899999e+08 |
|      L2_TRANS_ALL_REQUESTS STAT     |   PMC4  |  304254845285 |   9726883983 |  15554491163 | 1.267729e+10 |
|          L2_RQSTS_MISS STAT         |   PMC5  |   55595826566 |   1590531696 |   3040694445 | 2.316493e+09 |
|        UOPS_RETIRED_ALL STAT        |   PMC6  | 5904094007506 | 228957945089 | 283675702848 | 2.460039e+11 |
|            TEMP_CORE STAT           |   TMP0  |          1012 |           38 |           47 |      42.1667 |
|         PWR_PKG_ENERGY STAT         |   PWR0  |    10858.1461 |            0 |    5480.7732 |     452.4228 |
|         PWR_PP0_ENERGY STAT         |   PWR1  |             0 |            0 |            0 |            0 |
|         PWR_DRAM_ENERGY STAT        |   PWR3  |     1830.3769 |            0 |     925.3042 |      76.2657 |
|          CAS_COUNT_RD STAT          | MBOX0C0 |    7251510920 |            0 |   3672779790 | 3.021463e+08 |
|          CAS_COUNT_WR STAT          | MBOX0C1 |    4541661329 |            0 |   2296622974 | 1.892359e+08 |
|          CAS_COUNT_RD STAT          | MBOX1C0 |    7257836288 |            0 |   3675531674 | 3.024098e+08 |
|          CAS_COUNT_WR STAT          | MBOX1C1 |    4541940227 |            0 |   2299908823 | 1.892475e+08 |
|          CAS_COUNT_RD STAT          | MBOX2C0 |             0 |            0 |            0 |            0 |
|          CAS_COUNT_WR STAT          | MBOX2C1 |             0 |            0 |            0 |            0 |
|          CAS_COUNT_RD STAT          | MBOX3C0 |             0 |            0 |            0 |            0 |
|          CAS_COUNT_WR STAT          | MBOX3C1 |             0 |            0 |            0 |            0 |
|          CAS_COUNT_RD STAT          | MBOX4C0 |    7249163896 |            0 |   3672693016 | 3.020485e+08 |
|          CAS_COUNT_WR STAT          | MBOX4C1 |    4539185642 |            0 |   2296639252 | 1.891327e+08 |
|          CAS_COUNT_RD STAT          | MBOX5C0 |    7246729294 |            0 |   3675978130 | 3.019471e+08 |
|          CAS_COUNT_WR STAT          | MBOX5C1 |    4539156173 |            0 |   2300372024 | 1.891315e+08 |
|          CAS_COUNT_RD STAT          | MBOX6C0 |             0 |            0 |            0 |            0 |
|          CAS_COUNT_WR STAT          | MBOX6C1 |             0 |            0 |            0 |            0 |
|          CAS_COUNT_RD STAT          | MBOX7C0 |             0 |            0 |            0 |            0 |
|          CAS_COUNT_WR STAT          | MBOX7C1 |             0 |            0 |            0 |            0 |
+-------------------------------------+---------+---------------+--------------+--------------+--------------+
+-----------------------------------+------------+-----------+-----------+-----------+-----------+-----------+-----------+-----------+-----------+-----------+-----------+-----------+------------+-----------+-----------+-----------+-----------+-----------+-----------+-----------+-----------+-----------+-----------+-----------+
|               Metric              |   Core 0   |   Core 1  |   Core 2  |   Core 3  |   Core 4  |   Core 5  |   Core 6  |   Core 7  |   Core 8  |   Core 9  |  Core 10  |  Core 11  |   Core 12  |  Core 13  |  Core 14  |  Core 15  |  Core 16  |  Core 17  |  Core 18  |  Core 19  |  Core 20  |  Core 21  |  Core 22  |  Core 23  |
+-----------------------------------+------------+-----------+-----------+-----------+-----------+-----------+-----------+-----------+-----------+-----------+-----------+-----------+------------+-----------+-----------+-----------+-----------+-----------+-----------+-----------+-----------+-----------+-----------+-----------+
|        Runtime (RDTSC) [s]        |    71.7456 |   71.7456 |   71.7456 |   71.7456 |   71.7456 |   71.7456 |   71.7456 |   71.7456 |   71.7456 |   71.7456 |   71.7456 |   71.7456 |    71.7456 |   71.7456 |   71.7456 |   71.7456 |   71.7456 |   71.7456 |   71.7456 |   71.7456 |   71.7456 |   71.7456 |   71.7456 |   71.7456 |
|        Runtime unhalted [s]       |    70.0416 |   64.8829 |   64.9089 |   64.9518 |   65.0920 |   65.1850 |   63.3799 |   63.4998 |   63.1557 |   63.5315 |   63.4078 |   63.4111 |    65.0857 |   65.0919 |   65.1154 |   65.1801 |   65.1984 |   65.1446 |   63.2008 |   63.2997 |   63.1502 |   63.0271 |   63.2135 |   63.7042 |
|            Clock [MHz]            |  2298.9484 | 2297.7298 | 2297.6084 | 2298.1652 | 2298.7796 | 2298.8955 | 2288.2757 | 2289.9430 | 2283.8024 | 2290.0358 | 2288.8351 | 2288.2389 |  2296.3215 | 2296.0725 | 2295.1288 | 2296.0636 | 2296.5062 | 2296.6773 | 2286.4090 | 2286.8155 | 2284.6528 | 2282.1560 | 2286.9288 | 2296.1843 |
|                CPI                |     0.7144 |    0.7049 |    0.7112 |    0.7265 |    0.7347 |    0.7524 |    0.6650 |    0.6646 |    0.6703 |    0.6692 |    0.6692 |    0.6683 |     0.7680 |    0.7726 |    0.7808 |    0.7899 |    0.7950 |    0.7878 |    0.6686 |    0.6667 |    0.6726 |    0.6693 |    0.6707 |    0.6707 |
|   Local DRAM data volume [GByte]  |    51.6517 |   48.9375 |   49.2209 |   49.5336 |   49.9695 |   47.3565 |   70.8795 |   70.7985 |   70.4619 |   70.4287 |   70.6206 |   70.4219 |    44.7085 |   48.0059 |   48.2009 |   48.2477 |   48.3512 |   48.3006 |   71.0557 |   71.0238 |   70.7356 |   70.7451 |   70.7746 |   70.6151 |
|   Local DRAM bandwidth [MByte/s]  |   719.9286 |  682.0979 |  686.0476 |  690.4066 |  696.4822 |  660.0618 |  987.9283 |  986.8002 |  982.1073 |  981.6452 |  984.3195 |  981.5504 |   623.1529 |  669.1135 |  671.8308 |  672.4833 |  673.9265 |  673.2206 |  990.3841 |  989.9396 |  985.9227 |  986.0559 |  986.4671 |  984.2440 |
|  Remote DRAM data volume [GByte]  |     1.1169 |    0.1934 |    0.2388 |    0.2582 |    0.1776 |    3.0435 |    0.0296 |    0.0398 |    0.0270 |    0.0292 |    0.0288 |    0.0272 |     5.7597 |    2.5540 |    2.4879 |    2.4735 |    2.4629 |    2.4604 |    0.0326 |    0.0374 |    0.0292 |    0.0154 |    0.0189 |    0.0562 |
|  Remote DRAM bandwidth [MByte/s]  |    15.5672 |    2.6960 |    3.3289 |    3.5986 |    2.4753 |   42.4207 |    0.4126 |    0.5548 |    0.3759 |    0.4067 |    0.4014 |    0.3792 |    80.2794 |   35.5977 |   34.6773 |   34.4764 |   34.3281 |   34.2931 |    0.4540 |    0.5215 |    0.4068 |    0.2147 |    0.2631 |    0.7827 |
|     Memory data volume [GByte]    |    52.7686 |   49.1309 |   49.4597 |   49.7918 |   50.1471 |   50.4000 |   70.9091 |   70.8384 |   70.4888 |   70.4579 |   70.6494 |   70.4491 |    50.4682 |   50.5599 |   50.6888 |   50.7212 |   50.8141 |   50.7610 |   71.0882 |   71.0612 |   70.7648 |   70.7606 |   70.7935 |   70.6713 |
|     Memory bandwidth [MByte/s]    |   735.4958 |  684.7940 |  689.3765 |  694.0052 |  698.9575 |  702.4825 |  988.3409 |  987.3551 |  982.4832 |  982.0519 |  984.7209 |  981.9296 |   703.4323 |  704.7112 |  706.5082 |  706.9597 |  708.2547 |  707.5138 |  990.8381 |  990.4611 |  986.3295 |  986.2706 |  986.7302 |  985.0267 |
|          L3 request rate          |     4.3490 |    7.7819 |    6.2249 |    4.1043 |    3.4461 |    3.2963 |    3.1486 |    3.1163 |    3.1378 |    3.1156 |    3.1264 |    3.0547 |     3.2971 |    3.3476 |    3.3687 |    3.3931 |    3.4368 |    3.5482 |    3.1627 |    3.0931 |    3.1555 |    3.0392 |    3.1056 |    3.0988 |
|            L3 miss rate           |     0.1085 |    0.0158 |    0.0152 |    0.0121 |    0.0067 |    0.0972 |    0.0006 |    0.0008 |    0.0005 |    0.0006 |    0.0006 |    0.0006 |     0.1658 |    0.0689 |    0.0638 |    0.0613 |    0.0586 |    0.0607 |    0.0006 |    0.0008 |    0.0006 |    0.0003 |    0.0004 |    0.0011 |
|           L3 miss ratio           |     0.0216 |    0.0040 |    0.0049 |    0.0052 |    0.0036 |    0.0643 |    0.0004 |    0.0006 |    0.0004 |    0.0004 |    0.0004 |    0.0004 |     0.1288 |    0.0532 |    0.0516 |    0.0513 |    0.0509 |    0.0509 |    0.0005 |    0.0005 |    0.0004 |    0.0002 |    0.0003 |    0.0008 |
|          L2 request rate          |     0.0431 |    0.0485 |    0.0500 |    0.0499 |    0.0495 |    0.0506 |    0.0691 |    0.0688 |    0.0709 |    0.0698 |    0.0699 |    0.0691 |     0.0519 |    0.0521 |    0.0525 |    0.0530 |    0.0532 |    0.0524 |    0.0704 |    0.0695 |    0.0720 |    0.0703 |    0.0703 |    0.0698 |
|            L2 miss rate           |     0.0071 |    0.0076 |    0.0081 |    0.0084 |    0.0086 |    0.0090 |    0.0127 |    0.0126 |    0.0135 |    0.0131 |    0.0129 |    0.0126 |     0.0094 |    0.0096 |    0.0098 |    0.0100 |    0.0102 |    0.0100 |    0.0132 |    0.0129 |    0.0141 |    0.0131 |    0.0131 |    0.0130 |
|           L2 miss ratio           |     0.1635 |    0.1573 |    0.1610 |    0.1676 |    0.1729 |    0.1773 |    0.1837 |    0.1831 |    0.1898 |    0.1869 |    0.1850 |    0.1826 |     0.1813 |    0.1848 |    0.1874 |    0.1895 |    0.1921 |    0.1907 |    0.1876 |    0.1849 |    0.1955 |    0.1864 |    0.1863 |    0.1858 |
|  Memory read bandwidth [MBytes/s] | 13110.3123 |         0 |         0 |         0 |         0 |         0 |         0 |         0 |         0 |         0 |         0 |         0 | 12763.5538 |         0 |         0 |         0 |         0 |         0 |         0 |         0 |         0 |         0 |         0 |         0 |
|  Memory read data volume [GBytes] |   940.6069 |         0 |         0 |         0 |         0 |         0 |         0 |         0 |         0 |         0 |         0 |         0 |   915.7285 |         0 |         0 |         0 |         0 |         0 |         0 |         0 |         0 |         0 |         0 |         0 |
| Memory write bandwidth [MBytes/s] |  8201.0182 |         0 |         0 |         0 |         0 |         0 |         0 |         0 |         0 |         0 |         0 |         0 |  8000.1816 |         0 |         0 |         0 |         0 |         0 |         0 |         0 |         0 |         0 |         0 |         0 |
| Memory write data volume [GBytes] |   588.3868 |         0 |         0 |         0 |         0 |         0 |         0 |         0 |         0 |         0 |         0 |         0 |   573.9776 |         0 |         0 |         0 |         0 |         0 |         0 |         0 |         0 |         0 |         0 |         0 |
|    Memory bandwidth [MBytes/s]    | 21311.3305 |         0 |         0 |         0 |         0 |         0 |         0 |         0 |         0 |         0 |         0 |         0 | 20763.7354 |         0 |         0 |         0 |         0 |         0 |         0 |         0 |         0 |         0 |         0 |         0 |
|    Memory data volume [GBytes]    |  1528.9936 |         0 |         0 |         0 |         0 |         0 |         0 |         0 |         0 |         0 |         0 |         0 |  1489.7061 |         0 |         0 |         0 |         0 |         0 |         0 |         0 |         0 |         0 |         0 |         0 |
|          Temperature [C]          |         39 |        40 |        39 |        41 |        38 |        39 |        41 |        42 |        43 |        42 |        40 |        41 |         41 |        41 |        42 |        44 |        45 |        44 |        46 |        47 |        44 |        45 |        45 |        43 |
|             Energy [J]            |  5377.3729 |         0 |         0 |         0 |         0 |         0 |         0 |         0 |         0 |         0 |         0 |         0 |  5480.7732 |         0 |         0 |         0 |         0 |         0 |         0 |         0 |         0 |         0 |         0 |         0 |
|             Power [W]             |    74.9506 |         0 |         0 |         0 |         0 |         0 |         0 |         0 |         0 |         0 |         0 |         0 |    76.3918 |         0 |         0 |         0 |         0 |         0 |         0 |         0 |         0 |         0 |         0 |         0 |
|           Energy PP0 [J]          |          0 |         0 |         0 |         0 |         0 |         0 |         0 |         0 |         0 |         0 |         0 |         0 |          0 |         0 |         0 |         0 |         0 |         0 |         0 |         0 |         0 |         0 |         0 |         0 |
|           Power PP0 [W]           |          0 |         0 |         0 |         0 |         0 |         0 |         0 |         0 |         0 |         0 |         0 |         0 |          0 |         0 |         0 |         0 |         0 |         0 |         0 |         0 |         0 |         0 |         0 |         0 |
|          Energy DRAM [J]          |   905.0727 |         0 |         0 |         0 |         0 |         0 |         0 |         0 |         0 |         0 |         0 |         0 |   925.3042 |         0 |         0 |         0 |         0 |         0 |         0 |         0 |         0 |         0 |         0 |         0 |
|           Power DRAM [W]          |    12.6150 |         0 |         0 |         0 |         0 |         0 |         0 |         0 |         0 |         0 |         0 |         0 |    12.8970 |         0 |         0 |         0 |         0 |         0 |         0 |         0 |         0 |         0 |         0 |         0 |
+-----------------------------------+------------+-----------+-----------+-----------+-----------+-----------+-----------+-----------+-----------+-----------+-----------+-----------+------------+-----------+-----------+-----------+-----------+-----------+-----------+-----------+-----------+-----------+-----------+-----------+
+----------------------------------------+------------+-----------+------------+-----------+
|                 Metric                 |     Sum    |    Min    |     Max    |    Avg    |
+----------------------------------------+------------+-----------+------------+-----------+
|        Runtime (RDTSC) [s] STAT        |  1721.8944 |   71.7456 |    71.7456 |   71.7456 |
|        Runtime unhalted [s] STAT       |  1545.8596 |   63.0271 |    70.0416 |   64.4108 |
|            Clock [MHz] STAT            | 55019.1741 | 2282.1560 |  2298.9484 | 2292.4656 |
|                CPI STAT                |    17.0634 |    0.6646 |     0.7950 |    0.7110 |
|   Local DRAM data volume [GByte] STAT  |  1431.0455 |   44.7085 |    71.0557 |   59.6269 |
|   Local DRAM bandwidth [MByte/s] STAT  | 19946.1166 |  623.1529 |   990.3841 |  831.0882 |
|  Remote DRAM data volume [GByte] STAT  |    23.5981 |    0.0154 |     5.7597 |    0.9833 |
|  Remote DRAM bandwidth [MByte/s] STAT  |   328.9121 |    0.2147 |    80.2794 |   13.7047 |
|     Memory data volume [GByte] STAT    |  1454.6436 |   49.1309 |    71.0882 |   60.6101 |
|     Memory bandwidth [MByte/s] STAT    | 20275.0292 |  684.7940 |   990.8381 |  844.7929 |
|          L3 request rate STAT          |    86.9483 |    3.0392 |     7.7819 |    3.6228 |
|            L3 miss rate STAT           |     0.7421 |    0.0003 |     0.1658 |    0.0309 |
|           L3 miss ratio STAT           |     0.4956 |    0.0002 |     0.1288 |    0.0207 |
|          L2 request rate STAT          |     1.4466 |    0.0431 |     0.0720 |    0.0603 |
|            L2 miss rate STAT           |     0.2646 |    0.0071 |     0.0141 |    0.0110 |
|           L2 miss ratio STAT           |     4.3630 |    0.1573 |     0.1955 |    0.1818 |
|  Memory read bandwidth [MBytes/s] STAT | 25873.8661 |         0 | 13110.3123 | 1078.0778 |
|  Memory read data volume [GBytes] STAT |  1856.3354 |         0 |   940.6069 |   77.3473 |
| Memory write bandwidth [MBytes/s] STAT | 16201.1998 |         0 |  8201.0182 |  675.0500 |
| Memory write data volume [GBytes] STAT |  1162.3644 |         0 |   588.3868 |   48.4318 |
|    Memory bandwidth [MBytes/s] STAT    | 42075.0659 |         0 | 21311.3305 | 1753.1277 |
|    Memory data volume [GBytes] STAT    |  3018.6997 |         0 |  1528.9936 |  125.7792 |
|          Temperature [C] STAT          |       1012 |        38 |         47 |   42.1667 |
|             Energy [J] STAT            | 10858.1461 |         0 |  5480.7732 |  452.4228 |
|             Power [W] STAT             |   151.3424 |         0 |    76.3918 |    6.3059 |
|           Energy PP0 [J] STAT          |          0 |         0 |          0 |         0 |
|           Power PP0 [W] STAT           |          0 |         0 |          0 |         0 |
|          Energy DRAM [J] STAT          |  1830.3769 |         0 |   925.3042 |   76.2657 |
|           Power DRAM [W] STAT          |    25.5120 |         0 |    12.8970 |    1.0630 |
+----------------------------------------+------------+-----------+------------+-----------+
