--------------------------------------------------------------------------------
CPU name:	Intel(R) Xeon(R) CPU E5-2670 v3 @ 2.30GHz
CPU type:	Intel Xeon Haswell EN/EP/EX processor
CPU clock:	2.30 GHz
--------------------------------------------------------------------------------
Group 1: POWERPERF
+--------------------------------+---------+--------------+--------------+--------------+--------------+--------------+--------------+--------------+--------------+--------------+--------------+--------------+--------------+--------------+--------------+--------------+--------------+--------------+--------------+--------------+--------------+--------------+--------------+--------------+--------------+
|              Event             | Counter |    Core 0    |    Core 1    |    Core 2    |    Core 3    |    Core 4    |    Core 5    |    Core 6    |    Core 7    |    Core 8    |    Core 9    |    Core 10   |    Core 11   |    Core 12   |    Core 13   |    Core 14   |    Core 15   |    Core 16   |    Core 17   |    Core 18   |    Core 19   |    Core 20   |    Core 21   |    Core 22   |    Core 23   |
+--------------------------------+---------+--------------+--------------+--------------+--------------+--------------+--------------+--------------+--------------+--------------+--------------+--------------+--------------+--------------+--------------+--------------+--------------+--------------+--------------+--------------+--------------+--------------+--------------+--------------+--------------+
|        INSTR_RETIRED_ANY       |  FIXC0  | 230869366109 | 217413446575 | 214743188437 | 210401060621 | 206803524168 | 201528513965 | 267420392360 | 267406927214 | 266842048821 | 267139688889 | 253485383190 | 252829880975 | 197308287085 | 196253568792 | 193856108234 | 191326666525 | 189663901398 | 189469178846 | 253502024975 | 253624762757 | 253433555099 | 253451319101 | 253451560320 | 253217191873 |
|      CPU_CLK_UNHALTED_CORE     |  FIXC1  | 174260324607 | 161295633699 | 161389066795 | 161698933194 | 161923656902 | 162173233136 | 177589017361 | 177592367346 | 177554230323 | 177607399306 | 175016485173 | 175908462594 | 162185768032 | 162263278614 | 162370202426 | 162493800118 | 162568350835 | 162546995733 | 176087251278 | 175936237166 | 176270408040 | 176225174184 | 176197408645 | 176395734276 |
|      CPU_CLK_UNHALTED_REF      |  FIXC2  | 174325969080 | 161573506771 | 161666045040 | 161974324413 | 162199637864 | 162428493775 | 177590846266 | 177594228623 | 177554671268 | 177609261929 | 175018359953 | 175910333142 | 162284809256 | 162399905051 | 162474547503 | 162597184860 | 162667473458 | 162632076872 | 176096719277 | 175945849305 | 176279875085 | 176234831356 | 176206915014 | 176405200843 |
|           FIXC1/FIXC0          |   CPI   |            0 |            0 |            0 |            0 |            0 |            0 |            0 |            0 |            0 |            0 |            0 |            0 |            0 |            0 |            0 |            0 |            0 |            0 |            0 |            0 |            0 |            0 |            0 |            0 |
|  OFFCORE_RESPONSE_0_LOCAL_DRAM |   PMC0  |    814286116 |    763053065 |    770909217 |    776816622 |    785718700 |    738136022 |   2055545591 |   2071371952 |   2054968654 |   2033755750 |   1932710878 |   1758990518 |    705451639 |    770171724 |    775148881 |    778314031 |    782630702 |    780284531 |   1898075164 |   1939872090 |   1942101860 |   1949717700 |   1951259509 |   1859035490 |
| OFFCORE_RESPONSE_1_REMOTE_DRAM |   PMC1  |     18299917 |      3003877 |      3020475 |      2585217 |      3146850 |     60220100 |     96076167 |     72245003 |     71329313 |     71272719 |     65237831 |    245508678 |     96223561 |     34191572 |     33414323 |     33196618 |     33365386 |     33543333 |    169781528 |    115166708 |     95009233 |    104578298 |     97344823 |    176384500 |
|  MEM_LOAD_UOPS_RETIRED_L3_ALL  |   PMC2  |    166870083 |    201509887 |    261945456 |    331504389 |    411279124 |    483213293 |    413438876 |    378306969 |    419914274 |    423300030 |    371182354 |    387466624 |    538611396 |    573783451 |    603296493 |    623578526 |    660635709 |    675186549 |    395688188 |    366573076 |    400708746 |    403155408 |    397391648 |    393129258 |
|  MEM_LOAD_UOPS_RETIRED_L3_MISS |   PMC3  |     47052265 |     29190511 |     48825291 |     85777004 |    126147573 |    156905033 |     96137472 |     93735309 |     97193366 |     96259361 |     88582971 |     91372056 |    172412057 |    182603118 |    192090518 |    198825454 |    206252770 |    198418117 |     90979265 |     89924053 |     91464979 |     91871646 |     91369443 |     91394365 |
|      L2_TRANS_ALL_REQUESTS     |   PMC4  |   9953155210 |  10399327137 |  10559798029 |  10329793052 |  10144087633 |  10158579234 |  39221132233 |  39204194237 |  39200879582 |  39239502365 |  36309979667 |  36572020093 |  10173151400 |  10169267333 |  10151567276 |  10130885614 |  10128431324 |  10141329792 |  36420901919 |  36291220872 |  36411622281 |  36462367142 |  36213699489 |  36349442518 |
|          L2_RQSTS_MISS         |   PMC5  |   1629948679 |   1652417101 |   1727628691 |   1735524231 |   1758038784 |   1800618408 |   9174207297 |   9169188392 |   9279857906 |   9245399744 |   8700824432 |   8746747567 |   1848739495 |   1880426587 |   1902586569 |   1919713636 |   1955050278 |   1984158035 |   8617807111 |   8621976241 |   8719096188 |   8706862344 |   8696441993 |   8727768167 |
|        UOPS_RETIRED_ALL        |   PMC6  | 292456700133 | 275269392011 | 270990486207 | 264121615705 | 258134650769 | 249905834926 | 325194535514 | 325163147937 | 324042900528 | 324631464241 | 311116459194 | 309801376668 | 243170612591 | 241448054096 | 237534043665 | 233551393400 | 230867541596 | 230574195951 | 311524397277 | 311778132371 | 311396735987 | 311433418313 | 311434141014 | 310963060670 |
|            TEMP_CORE           |   TMP0  |           43 |           43 |           42 |           43 |           42 |           42 |           45 |           45 |           46 |           46 |           43 |           45 |           43 |           45 |           45 |           47 |           48 |           46 |           48 |           49 |           45 |           46 |           46 |           46 |
|         PWR_PKG_ENERGY         |   PWR0  |    6806.3469 |            0 |            0 |            0 |            0 |            0 |            0 |            0 |            0 |            0 |            0 |            0 |    6841.9717 |            0 |            0 |            0 |            0 |            0 |            0 |            0 |            0 |            0 |            0 |            0 |
|         PWR_PP0_ENERGY         |   PWR1  |            0 |            0 |            0 |            0 |            0 |            0 |            0 |            0 |            0 |            0 |            0 |            0 |            0 |            0 |            0 |            0 |            0 |            0 |            0 |            0 |            0 |            0 |            0 |            0 |
|         PWR_DRAM_ENERGY        |   PWR3  |    1202.2488 |            0 |            0 |            0 |            0 |            0 |            0 |            0 |            0 |            0 |            0 |            0 |    1209.9833 |            0 |            0 |            0 |            0 |            0 |            0 |            0 |            0 |            0 |            0 |            0 |
|          CAS_COUNT_RD          | MBOX0C0 |   7132740738 |            0 |            0 |            0 |            0 |            0 |            0 |            0 |            0 |            0 |            0 |            0 |   6810078289 |            0 |            0 |            0 |            0 |            0 |            0 |            0 |            0 |            0 |            0 |            0 |
|          CAS_COUNT_WR          | MBOX0C1 |   3213411544 |            0 |            0 |            0 |            0 |            0 |            0 |            0 |            0 |            0 |            0 |            0 |   3091294303 |            0 |            0 |            0 |            0 |            0 |            0 |            0 |            0 |            0 |            0 |            0 |
|          CAS_COUNT_RD          | MBOX1C0 |   7134321459 |            0 |            0 |            0 |            0 |            0 |            0 |            0 |            0 |            0 |            0 |            0 |   6803194577 |            0 |            0 |            0 |            0 |            0 |            0 |            0 |            0 |            0 |            0 |            0 |
|          CAS_COUNT_WR          | MBOX1C1 |   3214747582 |            0 |            0 |            0 |            0 |            0 |            0 |            0 |            0 |            0 |            0 |            0 |   3086192602 |            0 |            0 |            0 |            0 |            0 |            0 |            0 |            0 |            0 |            0 |            0 |
|          CAS_COUNT_RD          | MBOX2C0 |            0 |            0 |            0 |            0 |            0 |            0 |            0 |            0 |            0 |            0 |            0 |            0 |            0 |            0 |            0 |            0 |            0 |            0 |            0 |            0 |            0 |            0 |            0 |            0 |
|          CAS_COUNT_WR          | MBOX2C1 |            0 |            0 |            0 |            0 |            0 |            0 |            0 |            0 |            0 |            0 |            0 |            0 |            0 |            0 |            0 |            0 |            0 |            0 |            0 |            0 |            0 |            0 |            0 |            0 |
|          CAS_COUNT_RD          | MBOX3C0 |            0 |            0 |            0 |            0 |            0 |            0 |            0 |            0 |            0 |            0 |            0 |            0 |            0 |            0 |            0 |            0 |            0 |            0 |            0 |            0 |            0 |            0 |            0 |            0 |
|          CAS_COUNT_WR          | MBOX3C1 |            0 |            0 |            0 |            0 |            0 |            0 |            0 |            0 |            0 |            0 |            0 |            0 |            0 |            0 |            0 |            0 |            0 |            0 |            0 |            0 |            0 |            0 |            0 |            0 |
|          CAS_COUNT_RD          | MBOX4C0 |   7133368706 |            0 |            0 |            0 |            0 |            0 |            0 |            0 |            0 |            0 |            0 |            0 |   6806666719 |            0 |            0 |            0 |            0 |            0 |            0 |            0 |            0 |            0 |            0 |            0 |
|          CAS_COUNT_WR          | MBOX4C1 |   3214246533 |            0 |            0 |            0 |            0 |            0 |            0 |            0 |            0 |            0 |            0 |            0 |   3090869423 |            0 |            0 |            0 |            0 |            0 |            0 |            0 |            0 |            0 |            0 |            0 |
|          CAS_COUNT_RD          | MBOX5C0 |   7135399371 |            0 |            0 |            0 |            0 |            0 |            0 |            0 |            0 |            0 |            0 |            0 |   6803410683 |            0 |            0 |            0 |            0 |            0 |            0 |            0 |            0 |            0 |            0 |            0 |
|          CAS_COUNT_WR          | MBOX5C1 |   3216843707 |            0 |            0 |            0 |            0 |            0 |            0 |            0 |            0 |            0 |            0 |            0 |   3087456519 |            0 |            0 |            0 |            0 |            0 |            0 |            0 |            0 |            0 |            0 |            0 |
|          CAS_COUNT_RD          | MBOX6C0 |            0 |            0 |            0 |            0 |            0 |            0 |            0 |            0 |            0 |            0 |            0 |            0 |            0 |            0 |            0 |            0 |            0 |            0 |            0 |            0 |            0 |            0 |            0 |            0 |
|          CAS_COUNT_WR          | MBOX6C1 |            0 |            0 |            0 |            0 |            0 |            0 |            0 |            0 |            0 |            0 |            0 |            0 |            0 |            0 |            0 |            0 |            0 |            0 |            0 |            0 |            0 |            0 |            0 |            0 |
|          CAS_COUNT_RD          | MBOX7C0 |            0 |            0 |            0 |            0 |            0 |            0 |            0 |            0 |            0 |            0 |            0 |            0 |            0 |            0 |            0 |            0 |            0 |            0 |            0 |            0 |            0 |            0 |            0 |            0 |
|          CAS_COUNT_WR          | MBOX7C1 |            0 |            0 |            0 |            0 |            0 |            0 |            0 |            0 |            0 |            0 |            0 |            0 |            0 |            0 |            0 |            0 |            0 |            0 |            0 |            0 |            0 |            0 |            0 |            0 |
+--------------------------------+---------+--------------+--------------+--------------+--------------+--------------+--------------+--------------+--------------+--------------+--------------+--------------+--------------+--------------+--------------+--------------+--------------+--------------+--------------+--------------+--------------+--------------+--------------+--------------+--------------+
+-------------------------------------+---------+---------------+--------------+--------------+--------------+
|                Event                | Counter |      Sum      |      Min     |      Max     |      Avg     |
+-------------------------------------+---------+---------------+--------------+--------------+--------------+
|        INSTR_RETIRED_ANY STAT       |  FIXC0  | 5535441546329 | 189469178846 | 267420392360 | 2.306434e+11 |
|      CPU_CLK_UNHALTED_CORE STAT     |  FIXC1  | 4075549419783 | 161295633699 | 177607399306 | 1.698146e+11 |
|      CPU_CLK_UNHALTED_REF STAT      |  FIXC2  | 4077671066004 | 161573506771 | 177609261929 | 1.699030e+11 |
|           FIXC1/FIXC0 STAT          |   CPI   |             0 |            0 |            0 |            0 |
|  OFFCORE_RESPONSE_0_LOCAL_DRAM STAT |   PMC0  |   32688326406 |    705451639 |   2071371952 | 1.362014e+09 |
| OFFCORE_RESPONSE_1_REMOTE_DRAM STAT |   PMC1  |    1734146030 |      2585217 |    245508678 | 7.225608e+07 |
|  MEM_LOAD_UOPS_RETIRED_L3_ALL STAT  |   PMC2  |   10281669807 |    166870083 |    675186549 | 4.284029e+08 |
|  MEM_LOAD_UOPS_RETIRED_L3_MISS STAT |   PMC3  |    2754783997 |     29190511 |    206252770 | 1.147827e+08 |
|      L2_TRANS_ALL_REQUESTS STAT     |   PMC4  |  570336335432 |   9953155210 |  39239502365 | 2.376401e+10 |
|          L2_RQSTS_MISS STAT         |   PMC5  |  128201027876 |   1629948679 |   9279857906 | 5.341709e+09 |
|        UOPS_RETIRED_ALL STAT        |   PMC6  | 6816504290764 | 230574195951 | 325194535514 | 2.840210e+11 |
|            TEMP_CORE STAT           |   TMP0  |          1079 |           42 |           49 |      44.9583 |
|         PWR_PKG_ENERGY STAT         |   PWR0  |    13648.3186 |            0 |    6841.9717 |     568.6799 |
|         PWR_PP0_ENERGY STAT         |   PWR1  |             0 |            0 |            0 |            0 |
|         PWR_DRAM_ENERGY STAT        |   PWR3  |     2412.2321 |            0 |    1209.9833 |     100.5097 |
|          CAS_COUNT_RD STAT          | MBOX0C0 |   13942819027 |            0 |   7132740738 | 5.809508e+08 |
|          CAS_COUNT_WR STAT          | MBOX0C1 |    6304705847 |            0 |   3213411544 | 2.626961e+08 |
|          CAS_COUNT_RD STAT          | MBOX1C0 |   13937516036 |            0 |   7134321459 | 5.807298e+08 |
|          CAS_COUNT_WR STAT          | MBOX1C1 |    6300940184 |            0 |   3214747582 | 2.625392e+08 |
|          CAS_COUNT_RD STAT          | MBOX2C0 |             0 |            0 |            0 |            0 |
|          CAS_COUNT_WR STAT          | MBOX2C1 |             0 |            0 |            0 |            0 |
|          CAS_COUNT_RD STAT          | MBOX3C0 |             0 |            0 |            0 |            0 |
|          CAS_COUNT_WR STAT          | MBOX3C1 |             0 |            0 |            0 |            0 |
|          CAS_COUNT_RD STAT          | MBOX4C0 |   13940035425 |            0 |   7133368706 | 5.808348e+08 |
|          CAS_COUNT_WR STAT          | MBOX4C1 |    6305115956 |            0 |   3214246533 | 2.627132e+08 |
|          CAS_COUNT_RD STAT          | MBOX5C0 |   13938810054 |            0 |   7135399371 | 5.807838e+08 |
|          CAS_COUNT_WR STAT          | MBOX5C1 |    6304300226 |            0 |   3216843707 | 2.626792e+08 |
|          CAS_COUNT_RD STAT          | MBOX6C0 |             0 |            0 |            0 |            0 |
|          CAS_COUNT_WR STAT          | MBOX6C1 |             0 |            0 |            0 |            0 |
|          CAS_COUNT_RD STAT          | MBOX7C0 |             0 |            0 |            0 |            0 |
|          CAS_COUNT_WR STAT          | MBOX7C1 |             0 |            0 |            0 |            0 |
+-------------------------------------+---------+---------------+--------------+--------------+--------------+
+-----------------------------------+------------+-----------+-----------+-----------+-----------+-----------+-----------+-----------+-----------+-----------+-----------+-----------+------------+-----------+-----------+-----------+-----------+-----------+-----------+-----------+-----------+-----------+-----------+-----------+
|               Metric              |   Core 0   |   Core 1  |   Core 2  |   Core 3  |   Core 4  |   Core 5  |   Core 6  |   Core 7  |   Core 8  |   Core 9  |  Core 10  |  Core 11  |   Core 12  |  Core 13  |  Core 14  |  Core 15  |  Core 16  |  Core 17  |  Core 18  |  Core 19  |  Core 20  |  Core 21  |  Core 22  |  Core 23  |
+-----------------------------------+------------+-----------+-----------+-----------+-----------+-----------+-----------+-----------+-----------+-----------+-----------+-----------+------------+-----------+-----------+-----------+-----------+-----------+-----------+-----------+-----------+-----------+-----------+-----------+
|        Runtime (RDTSC) [s]        |    77.9703 |   77.9703 |   77.9703 |   77.9703 |   77.9703 |   77.9703 |   77.9703 |   77.9703 |   77.9703 |   77.9703 |   77.9703 |   77.9703 |    77.9703 |   77.9703 |   77.9703 |   77.9703 |   77.9703 |   77.9703 |   77.9703 |   77.9703 |   77.9703 |   77.9703 |   77.9703 |   77.9703 |
|        Runtime unhalted [s]       |    75.7671 |   70.1301 |   70.1707 |   70.3055 |   70.4032 |   70.5117 |   77.2143 |   77.2158 |   77.1992 |   77.2223 |   76.0958 |   76.4837 |    70.5171 |   70.5508 |   70.5973 |   70.6511 |   70.6835 |   70.6742 |   76.5614 |   76.4957 |   76.6410 |   76.6214 |   76.6093 |   76.6955 |
|            Clock [MHz]            |  2299.0825 | 2295.9931 | 2296.0081 | 2296.0382 | 2296.0352 | 2296.3341 | 2299.9249 | 2299.9245 | 2299.9429 | 2299.9244 | 2299.9239 | 2299.9241 |  2298.5449 | 2298.0136 | 2298.4715 | 2298.4862 | 2298.5471 | 2298.7453 | 2299.8249 | 2299.8229 | 2299.8250 | 2299.8225 | 2299.8245 | 2299.8251 |
|                CPI                |     0.7548 |    0.7419 |    0.7515 |    0.7685 |    0.7830 |    0.8047 |    0.6641 |    0.6641 |    0.6654 |    0.6648 |    0.6904 |    0.6958 |     0.8220 |    0.8268 |    0.8376 |    0.8493 |    0.8571 |    0.8579 |    0.6946 |    0.6937 |    0.6955 |    0.6953 |    0.6952 |    0.6966 |
|   Local DRAM data volume [GByte]  |    52.1143 |   48.8354 |   49.3382 |   49.7163 |   50.2860 |   47.2407 |  131.5549 |  132.5678 |  131.5180 |  130.1604 |  123.6935 |  112.5754 |    45.1489 |   49.2910 |   49.6095 |   49.8121 |   50.0884 |   49.9382 |  121.4768 |  124.1518 |  124.2945 |  124.7819 |  124.8806 |  118.9783 |
|   Local DRAM bandwidth [MByte/s]  |   668.3864 |  626.3330 |  632.7815 |  637.6305 |  644.9375 |  605.8805 | 1687.2432 | 1700.2338 | 1686.7696 | 1669.3575 | 1586.4174 | 1443.8233 |   579.0523 |  632.1762 |  636.2616 |  638.8596 |  642.4028 |  640.4770 | 1557.9875 | 1592.2955 | 1594.1257 | 1600.3770 | 1601.6425 | 1525.9428 |
|  Remote DRAM data volume [GByte]  |     1.1712 |    0.1922 |    0.1933 |    0.1655 |    0.2014 |    3.8541 |    6.1489 |    4.6237 |    4.5651 |    4.5615 |    4.1752 |   15.7126 |     6.1583 |    2.1883 |    2.1385 |    2.1246 |    2.1354 |    2.1468 |   10.8660 |    7.3707 |    6.0806 |    6.6930 |    6.2301 |   11.2886 |
|  Remote DRAM bandwidth [MByte/s]  |    15.0210 |    2.4657 |    2.4793 |    2.1220 |    2.5830 |   49.4302 |   78.8617 |   59.3005 |   58.5489 |   58.5024 |   53.5488 |  201.5197 |    78.9827 |   28.0653 |   27.4273 |   27.2486 |   27.3871 |   27.5332 |  139.3609 |   94.5317 |   77.9860 |   85.8405 |   79.9031 |  144.7808 |
|     Memory data volume [GByte]    |    53.2855 |   49.0276 |   49.5315 |   49.8817 |   50.4874 |   51.0948 |  137.7038 |  137.1915 |  136.0831 |  134.7218 |  127.8687 |  128.2879 |    51.3072 |   51.4793 |   51.7480 |   51.9367 |   52.2237 |   52.0850 |  132.3428 |  131.5225 |  130.3751 |  131.4749 |  131.1107 |  130.2669 |
|     Memory bandwidth [MByte/s]    |   683.4074 |  628.7987 |  635.2608 |  639.7525 |  647.5205 |  655.3106 | 1766.1049 | 1759.5343 | 1745.3185 | 1727.8599 | 1639.9662 | 1645.3430 |   658.0350 |  660.2415 |  663.6889 |  666.1082 |  669.7900 |  668.0102 | 1697.3484 | 1686.8272 | 1672.1117 | 1686.2175 | 1681.5456 | 1670.7236 |
|          L3 request rate          |     3.5465 |    6.9033 |    5.3650 |    3.8647 |    3.2603 |    3.0797 |    4.3005 |    4.0359 |    4.3204 |    4.3975 |    4.1902 |    4.2405 |     3.1240 |    3.1422 |    3.1407 |    3.1363 |    3.2030 |    3.4028 |    4.3492 |    4.0765 |    4.3810 |    4.3882 |    4.3493 |    4.3015 |
|            L3 miss rate           |     0.1097 |    0.0149 |    0.0115 |    0.0078 |    0.0077 |    0.1246 |    0.2324 |    0.1910 |    0.1699 |    0.1684 |    0.1758 |    0.6336 |     0.1787 |    0.0596 |    0.0554 |    0.0532 |    0.0505 |    0.0497 |    0.4291 |    0.3142 |    0.2371 |    0.2594 |    0.2450 |    0.4487 |
|           L3 miss ratio           |     0.0225 |    0.0039 |    0.0039 |    0.0033 |    0.0040 |    0.0816 |    0.0467 |    0.0349 |    0.0347 |    0.0350 |    0.0338 |    0.1396 |     0.1364 |    0.0444 |    0.0431 |    0.0427 |    0.0426 |    0.0430 |    0.0894 |    0.0594 |    0.0489 |    0.0536 |    0.0499 |    0.0949 |
|          L2 request rate          |     0.0431 |    0.0478 |    0.0492 |    0.0491 |    0.0491 |    0.0504 |    0.1467 |    0.1466 |    0.1469 |    0.1469 |    0.1432 |    0.1447 |     0.0516 |    0.0518 |    0.0524 |    0.0530 |    0.0534 |    0.0535 |    0.1437 |    0.1431 |    0.1437 |    0.1439 |    0.1429 |    0.1436 |
|            L2 miss rate           |     0.0071 |    0.0076 |    0.0080 |    0.0082 |    0.0085 |    0.0089 |    0.0343 |    0.0343 |    0.0348 |    0.0346 |    0.0343 |    0.0346 |     0.0094 |    0.0096 |    0.0098 |    0.0100 |    0.0103 |    0.0105 |    0.0340 |    0.0340 |    0.0344 |    0.0344 |    0.0343 |    0.0345 |
|           L2 miss ratio           |     0.1638 |    0.1589 |    0.1636 |    0.1680 |    0.1733 |    0.1773 |    0.2339 |    0.2339 |    0.2367 |    0.2356 |    0.2396 |    0.2392 |     0.1817 |    0.1849 |    0.1874 |    0.1895 |    0.1930 |    0.1957 |    0.2366 |    0.2376 |    0.2395 |    0.2388 |    0.2401 |    0.2401 |
|  Memory read bandwidth [MBytes/s] | 23422.9221 |         0 |         0 |         0 |         0 |         0 |         0 |         0 |         0 |         0 |         0 |         0 | 22345.6057 |         0 |         0 |         0 |         0 |         0 |         0 |         0 |         0 |         0 |         0 |         0 |
|  Memory read data volume [GBytes] |  1826.2931 |         0 |         0 |         0 |         0 |         0 |         0 |         0 |         0 |         0 |         0 |         0 |  1742.2944 |         0 |         0 |         0 |         0 |         0 |         0 |         0 |         0 |         0 |         0 |         0 |
| Memory write bandwidth [MBytes/s] | 10555.1930 |         0 |         0 |         0 |         0 |         0 |         0 |         0 |         0 |         0 |         0 |         0 | 10141.9597 |         0 |         0 |         0 |         0 |         0 |         0 |         0 |         0 |         0 |         0 |         0 |
| Memory write data volume [GBytes] |   822.9920 |         0 |         0 |         0 |         0 |         0 |         0 |         0 |         0 |         0 |         0 |         0 |   790.7720 |         0 |         0 |         0 |         0 |         0 |         0 |         0 |         0 |         0 |         0 |         0 |
|    Memory bandwidth [MBytes/s]    | 33978.1151 |         0 |         0 |         0 |         0 |         0 |         0 |         0 |         0 |         0 |         0 |         0 | 32487.5654 |         0 |         0 |         0 |         0 |         0 |         0 |         0 |         0 |         0 |         0 |         0 |
|    Memory data volume [GBytes]    |  2649.2851 |         0 |         0 |         0 |         0 |         0 |         0 |         0 |         0 |         0 |         0 |         0 |  2533.0664 |         0 |         0 |         0 |         0 |         0 |         0 |         0 |         0 |         0 |         0 |         0 |
|          Temperature [C]          |         43 |        43 |        42 |        43 |        42 |        42 |        45 |        45 |        46 |        46 |        43 |        45 |         43 |        45 |        45 |        47 |        48 |        46 |        48 |        49 |        45 |        46 |        46 |        46 |
|             Energy [J]            |  6806.3469 |         0 |         0 |         0 |         0 |         0 |         0 |         0 |         0 |         0 |         0 |         0 |  6841.9717 |         0 |         0 |         0 |         0 |         0 |         0 |         0 |         0 |         0 |         0 |         0 |
|             Power [W]             |    87.2941 |         0 |         0 |         0 |         0 |         0 |         0 |         0 |         0 |         0 |         0 |         0 |    87.7510 |         0 |         0 |         0 |         0 |         0 |         0 |         0 |         0 |         0 |         0 |         0 |
|           Energy PP0 [J]          |          0 |         0 |         0 |         0 |         0 |         0 |         0 |         0 |         0 |         0 |         0 |         0 |          0 |         0 |         0 |         0 |         0 |         0 |         0 |         0 |         0 |         0 |         0 |         0 |
|           Power PP0 [W]           |          0 |         0 |         0 |         0 |         0 |         0 |         0 |         0 |         0 |         0 |         0 |         0 |          0 |         0 |         0 |         0 |         0 |         0 |         0 |         0 |         0 |         0 |         0 |         0 |
|          Energy DRAM [J]          |  1202.2488 |         0 |         0 |         0 |         0 |         0 |         0 |         0 |         0 |         0 |         0 |         0 |  1209.9833 |         0 |         0 |         0 |         0 |         0 |         0 |         0 |         0 |         0 |         0 |         0 |
|           Power DRAM [W]          |    15.4193 |         0 |         0 |         0 |         0 |         0 |         0 |         0 |         0 |         0 |         0 |         0 |    15.5185 |         0 |         0 |         0 |         0 |         0 |         0 |         0 |         0 |         0 |         0 |         0 |
+-----------------------------------+------------+-----------+-----------+-----------+-----------+-----------+-----------+-----------+-----------+-----------+-----------+-----------+------------+-----------+-----------+-----------+-----------+-----------+-----------+-----------+-----------+-----------+-----------+-----------+
+----------------------------------------+------------+-----------+------------+-----------+
|                 Metric                 |     Sum    |    Min    |     Max    |    Avg    |
+----------------------------------------+------------+-----------+------------+-----------+
|        Runtime (RDTSC) [s] STAT        |  1871.2872 |   77.9703 |    77.9703 |   77.9703 |
|        Runtime unhalted [s] STAT       |  1772.0177 |   70.1301 |    77.2223 |   73.8341 |
|            Clock [MHz] STAT            | 55168.8094 | 2295.9931 |  2299.9429 | 2298.7004 |
|                CPI STAT                |    17.8706 |    0.6641 |     0.8579 |    0.7446 |
|   Local DRAM data volume [GByte] STAT  |  2092.0529 |   45.1489 |   132.5678 |   87.1689 |
|   Local DRAM bandwidth [MByte/s] STAT  | 26831.3947 |  579.0523 |  1700.2338 | 1117.9748 |
|  Remote DRAM data volume [GByte] STAT  |   110.9856 |    0.1655 |    15.7126 |    4.6244 |
|  Remote DRAM bandwidth [MByte/s] STAT  |  1423.4304 |    2.1220 |   201.5197 |   59.3096 |
|     Memory data volume [GByte] STAT    |  2203.0381 |   49.0276 |   137.7038 |   91.7933 |
|     Memory bandwidth [MByte/s] STAT    | 28254.8251 |  628.7987 |  1766.1049 | 1177.2844 |
|          L3 request rate STAT          |    96.4992 |    3.0797 |     6.9033 |    4.0208 |
|            L3 miss rate STAT           |     4.2279 |    0.0077 |     0.6336 |    0.1762 |
|           L3 miss ratio STAT           |     1.1922 |    0.0033 |     0.1396 |    0.0497 |
|          L2 request rate STAT          |     2.3403 |    0.0431 |     0.1469 |    0.0975 |
|            L2 miss rate STAT           |     0.5204 |    0.0071 |     0.0348 |    0.0217 |
|           L2 miss ratio STAT           |     4.9887 |    0.1589 |     0.2401 |    0.2079 |
|  Memory read bandwidth [MBytes/s] STAT | 45768.5278 |         0 | 23422.9221 | 1907.0220 |
|  Memory read data volume [GBytes] STAT |  3568.5875 |         0 |  1826.2931 |  148.6911 |
| Memory write bandwidth [MBytes/s] STAT | 20697.1527 |         0 | 10555.1930 |  862.3814 |
| Memory write data volume [GBytes] STAT |  1613.7640 |         0 |   822.9920 |   67.2402 |
|    Memory bandwidth [MBytes/s] STAT    | 66465.6805 |         0 | 33978.1151 | 2769.4034 |
|    Memory data volume [GBytes] STAT    |  5182.3515 |         0 |  2649.2851 |  215.9313 |
|          Temperature [C] STAT          |       1079 |        42 |         49 |   44.9583 |
|             Energy [J] STAT            | 13648.3186 |         0 |  6841.9717 |  568.6799 |
|             Power [W] STAT             |   175.0451 |         0 |    87.7510 |    7.2935 |
|           Energy PP0 [J] STAT          |          0 |         0 |          0 |         0 |
|           Power PP0 [W] STAT           |          0 |         0 |          0 |         0 |
|          Energy DRAM [J] STAT          |  2412.2321 |         0 |  1209.9833 |  100.5097 |
|           Power DRAM [W] STAT          |    30.9378 |         0 |    15.5185 |    1.2891 |
+----------------------------------------+------------+-----------+------------+-----------+
