--------------------------------------------------------------------------------
CPU name:	Intel(R) Xeon(R) CPU E5-2670 v3 @ 2.30GHz
CPU type:	Intel Xeon Haswell EN/EP/EX processor
CPU clock:	2.30 GHz
--------------------------------------------------------------------------------
Group 1: POWERPERF
+--------------------------------+---------+-------------+-------------+-------------+-------------+-------------+-------------+-------------+-------------+-------------+-------------+-------------+-------------+-------------+-------------+-------------+-------------+-------------+-------------+-------------+-------------+-------------+-------------+-------------+-------------+
|              Event             | Counter |    Core 0   |    Core 1   |    Core 2   |    Core 3   |    Core 4   |    Core 5   |    Core 6   |    Core 7   |    Core 8   |    Core 9   |   Core 10   |   Core 11   |   Core 12   |   Core 13   |   Core 14   |   Core 15   |   Core 16   |   Core 17   |   Core 18   |   Core 19   |   Core 20   |   Core 21   |   Core 22   |   Core 23   |
+--------------------------------+---------+-------------+-------------+-------------+-------------+-------------+-------------+-------------+-------------+-------------+-------------+-------------+-------------+-------------+-------------+-------------+-------------+-------------+-------------+-------------+-------------+-------------+-------------+-------------+-------------+
|        INSTR_RETIRED_ANY       |  FIXC0  | 28672035111 | 27478726500 | 27477155995 | 22010405007 | 22009349125 | 22008410611 | 14335776362 | 14531662430 | 14410425053 | 14457095332 | 14521769158 | 14159584542 | 21988007636 | 21990910277 | 21991025975 | 21976677491 | 21992982475 | 21993485923 | 14407462311 | 14521046901 | 14181051415 | 14336026943 | 14137447498 | 14062208321 |
|      CPU_CLK_UNHALTED_CORE     |  FIXC1  | 11757266904 | 11419082844 | 11415831600 |  9303446710 |  9301552696 |  9299789016 | 11902187927 | 11907980323 | 11895883648 | 11899035189 | 11898027061 | 11899714481 |  9292146837 |  9294351498 |  9291033451 |  9289172713 |  9292897041 |  9291942780 | 11900555577 | 11904393730 | 11903796185 | 11904424931 | 11903735643 | 11903245915 |
|      CPU_CLK_UNHALTED_REF      |  FIXC2  | 22534749353 | 21886575842 | 21880321820 | 17831601667 | 17827968357 | 17824581699 | 22812519663 | 22823615507 | 22800453081 | 22806447525 | 22804529670 | 22807781019 | 17809945856 | 17814153913 | 17807807914 | 17804231023 | 17811373489 | 17809555477 | 22809367605 | 22816754101 | 22815624502 | 22816797640 | 22815523578 | 22814548608 |
|           FIXC1/FIXC0          |   CPI   |           0 |           0 |           0 |           0 |           0 |           0 |           0 |           0 |           0 |           0 |           0 |           0 |           0 |           0 |           0 |           0 |           0 |           0 |           0 |           0 |           0 |           0 |           0 |           0 |
|  OFFCORE_RESPONSE_0_LOCAL_DRAM |   PMC0  |      186489 |      142768 |      183756 |      151192 |      149014 |      135335 |      109803 |        2346 |       13906 |        3775 |        8468 |        2449 |        5692 |        5452 |        5825 |        5110 |        4251 |        5887 |        1240 |         404 |         229 |         373 |         419 |         474 |
| OFFCORE_RESPONSE_1_REMOTE_DRAM |   PMC1  |        6186 |          99 |         250 |         594 |         161 |         376 |       23431 |         146 |         388 |         283 |         290 |         122 |         899 |         481 |         514 |         564 |         264 |         920 |        2618 |         438 |         516 |         347 |         468 |         378 |
|  MEM_LOAD_UOPS_RETIRED_L3_ALL  |   PMC2  |     1421811 |      163452 |      138003 |      114431 |      106712 |      113193 |    63349164 |    64644646 |    62341463 |    62264499 |    60963082 |    63776525 |      116782 |      132551 |      131434 |      119111 |      105143 |      118698 |    63924450 |    62702588 |    63525103 |    62297005 |    64222958 |    63832948 |
|  MEM_LOAD_UOPS_RETIRED_L3_MISS |   PMC3  |       20006 |        8834 |       12385 |       11698 |        9928 |        7252 |       15967 |        4357 |        5934 |        5080 |        5110 |        4107 |       11659 |        9774 |       12701 |       12986 |       11512 |       10956 |        8128 |        8308 |        7927 |        8743 |        7532 |        8098 |
|      L2_TRANS_ALL_REQUESTS     |   PMC4  |    58454764 |    29205249 |    28085556 |    24305826 |    21540626 |    22792900 |   567459594 |   568169167 |   554475967 |   552628860 |   552013152 |   557444406 |    23295435 |    22626167 |    22542085 |    25151390 |    21527732 |    22600427 |   565794463 |   565885725 |   555472094 |   555445491 |   560283862 |   557250605 |
|          L2_RQSTS_MISS         |   PMC5  |     6632558 |     4221093 |     4115144 |     3312495 |     3233947 |     3370003 |   190730048 |   192523789 |   188257880 |   186630115 |   183685688 |   189673143 |     3293843 |     3360597 |     3422232 |     3344078 |     3220764 |     3331830 |   191126265 |   187803135 |   188886493 |   186903162 |   190825807 |   189804557 |
|        UOPS_RETIRED_ALL        |   PMC6  | 32143688674 | 30727479089 | 30724729689 | 24696045912 | 24694646247 | 24693578071 | 19347055019 | 19612795834 | 19451928718 | 19514454427 | 19597345575 | 19106391066 | 24671779661 | 24675215552 | 24675393634 | 24658975720 | 24677177049 | 24677450617 | 19441947044 | 19596651392 | 19136995294 | 19344251311 | 19080328246 | 18978943326 |
|            TEMP_CORE           |   TMP0  |          32 |          31 |          31 |          30 |          31 |          32 |          33 |          31 |          31 |          32 |          32 |          35 |          29 |          33 |          30 |          32 |          35 |          32 |          31 |          31 |          30 |          30 |          32 |          29 |
|         PWR_PKG_ENERGY         |   PWR0  |    367.2727 |           0 |           0 |           0 |           0 |           0 |           0 |           0 |           0 |           0 |           0 |           0 |    383.5960 |           0 |           0 |           0 |           0 |           0 |           0 |           0 |           0 |           0 |           0 |           0 |
|         PWR_PP0_ENERGY         |   PWR1  |           0 |           0 |           0 |           0 |           0 |           0 |           0 |           0 |           0 |           0 |           0 |           0 |           0 |           0 |           0 |           0 |           0 |           0 |           0 |           0 |           0 |           0 |           0 |           0 |
|         PWR_DRAM_ENERGY        |   PWR3  |     46.0495 |           0 |           0 |           0 |           0 |           0 |           0 |           0 |           0 |           0 |           0 |           0 |     47.5383 |           0 |           0 |           0 |           0 |           0 |           0 |           0 |           0 |           0 |           0 |           0 |
|          CAS_COUNT_RD          | MBOX0C0 |     1568545 |           0 |           0 |           0 |           0 |           0 |           0 |           0 |           0 |           0 |           0 |           0 |      653158 |           0 |           0 |           0 |           0 |           0 |           0 |           0 |           0 |           0 |           0 |           0 |
|          CAS_COUNT_WR          | MBOX0C1 |     1107665 |           0 |           0 |           0 |           0 |           0 |           0 |           0 |           0 |           0 |           0 |           0 |      584692 |           0 |           0 |           0 |           0 |           0 |           0 |           0 |           0 |           0 |           0 |           0 |
|          CAS_COUNT_RD          | MBOX1C0 |     1149191 |           0 |           0 |           0 |           0 |           0 |           0 |           0 |           0 |           0 |           0 |           0 |       80040 |           0 |           0 |           0 |           0 |           0 |           0 |           0 |           0 |           0 |           0 |           0 |
|          CAS_COUNT_WR          | MBOX1C1 |      749528 |           0 |           0 |           0 |           0 |           0 |           0 |           0 |           0 |           0 |           0 |           0 |       49062 |           0 |           0 |           0 |           0 |           0 |           0 |           0 |           0 |           0 |           0 |           0 |
|          CAS_COUNT_RD          | MBOX2C0 |           0 |           0 |           0 |           0 |           0 |           0 |           0 |           0 |           0 |           0 |           0 |           0 |           0 |           0 |           0 |           0 |           0 |           0 |           0 |           0 |           0 |           0 |           0 |           0 |
|          CAS_COUNT_WR          | MBOX2C1 |           0 |           0 |           0 |           0 |           0 |           0 |           0 |           0 |           0 |           0 |           0 |           0 |           0 |           0 |           0 |           0 |           0 |           0 |           0 |           0 |           0 |           0 |           0 |           0 |
|          CAS_COUNT_RD          | MBOX3C0 |           0 |           0 |           0 |           0 |           0 |           0 |           0 |           0 |           0 |           0 |           0 |           0 |           0 |           0 |           0 |           0 |           0 |           0 |           0 |           0 |           0 |           0 |           0 |           0 |
|          CAS_COUNT_WR          | MBOX3C1 |           0 |           0 |           0 |           0 |           0 |           0 |           0 |           0 |           0 |           0 |           0 |           0 |           0 |           0 |           0 |           0 |           0 |           0 |           0 |           0 |           0 |           0 |           0 |           0 |
|          CAS_COUNT_RD          | MBOX4C0 |     1370122 |           0 |           0 |           0 |           0 |           0 |           0 |           0 |           0 |           0 |           0 |           0 |      681204 |           0 |           0 |           0 |           0 |           0 |           0 |           0 |           0 |           0 |           0 |           0 |
|          CAS_COUNT_WR          | MBOX4C1 |     1092409 |           0 |           0 |           0 |           0 |           0 |           0 |           0 |           0 |           0 |           0 |           0 |      577215 |           0 |           0 |           0 |           0 |           0 |           0 |           0 |           0 |           0 |           0 |           0 |
|          CAS_COUNT_RD          | MBOX5C0 |      982101 |           0 |           0 |           0 |           0 |           0 |           0 |           0 |           0 |           0 |           0 |           0 |       87277 |           0 |           0 |           0 |           0 |           0 |           0 |           0 |           0 |           0 |           0 |           0 |
|          CAS_COUNT_WR          | MBOX5C1 |      543689 |           0 |           0 |           0 |           0 |           0 |           0 |           0 |           0 |           0 |           0 |           0 |       51657 |           0 |           0 |           0 |           0 |           0 |           0 |           0 |           0 |           0 |           0 |           0 |
|          CAS_COUNT_RD          | MBOX6C0 |           0 |           0 |           0 |           0 |           0 |           0 |           0 |           0 |           0 |           0 |           0 |           0 |           0 |           0 |           0 |           0 |           0 |           0 |           0 |           0 |           0 |           0 |           0 |           0 |
|          CAS_COUNT_WR          | MBOX6C1 |           0 |           0 |           0 |           0 |           0 |           0 |           0 |           0 |           0 |           0 |           0 |           0 |           0 |           0 |           0 |           0 |           0 |           0 |           0 |           0 |           0 |           0 |           0 |           0 |
|          CAS_COUNT_RD          | MBOX7C0 |           0 |           0 |           0 |           0 |           0 |           0 |           0 |           0 |           0 |           0 |           0 |           0 |           0 |           0 |           0 |           0 |           0 |           0 |           0 |           0 |           0 |           0 |           0 |           0 |
|          CAS_COUNT_WR          | MBOX7C1 |           0 |           0 |           0 |           0 |           0 |           0 |           0 |           0 |           0 |           0 |           0 |           0 |           0 |           0 |           0 |           0 |           0 |           0 |           0 |           0 |           0 |           0 |           0 |           0 |
+--------------------------------+---------+-------------+-------------+-------------+-------------+-------------+-------------+-------------+-------------+-------------+-------------+-------------+-------------+-------------+-------------+-------------+-------------+-------------+-------------+-------------+-------------+-------------+-------------+-------------+-------------+
+-------------------------------------+---------+--------------+-------------+-------------+--------------+
|                Event                | Counter |      Sum     |     Min     |     Max     |      Avg     |
+-------------------------------------+---------+--------------+-------------+-------------+--------------+
|        INSTR_RETIRED_ANY STAT       |  FIXC0  | 453650728392 | 14062208321 | 28672035111 |  18902113683 |
|      CPU_CLK_UNHALTED_CORE STAT     |  FIXC1  | 261071494700 |  9289172713 | 11907980323 | 1.087798e+10 |
|      CPU_CLK_UNHALTED_REF STAT      |  FIXC2  | 500386828909 | 17804231023 | 22823615507 | 2.084945e+10 |
|           FIXC1/FIXC0 STAT          |   CPI   |            0 |           0 |           0 |            0 |
|  OFFCORE_RESPONSE_0_LOCAL_DRAM STAT |   PMC0  |      1124657 |         229 |      186489 |   46860.7083 |
| OFFCORE_RESPONSE_1_REMOTE_DRAM STAT |   PMC1  |        40733 |          99 |       23431 |    1697.2083 |
|  MEM_LOAD_UOPS_RETIRED_L3_ALL STAT  |   PMC2  |    760625752 |      105143 |    64644646 | 3.169274e+07 |
|  MEM_LOAD_UOPS_RETIRED_L3_MISS STAT |   PMC3  |       228982 |        4107 |       20006 |    9540.9167 |
|      L2_TRANS_ALL_REQUESTS STAT     |   PMC4  |   7034451543 |    21527732 |   568169167 | 2.931021e+08 |
|          L2_RQSTS_MISS STAT         |   PMC5  |   2311708666 |     3220764 |   192523789 | 9.632119e+07 |
|        UOPS_RETIRED_ALL STAT        |   PMC6  | 547925247167 | 18978943326 | 32143688674 | 2.283022e+10 |
|            TEMP_CORE STAT           |   TMP0  |          755 |          29 |          35 |      31.4583 |
|         PWR_PKG_ENERGY STAT         |   PWR0  |     750.8687 |           0 |    383.5960 |      31.2862 |
|         PWR_PP0_ENERGY STAT         |   PWR1  |            0 |           0 |           0 |            0 |
|         PWR_DRAM_ENERGY STAT        |   PWR3  |      93.5878 |           0 |     47.5383 |       3.8995 |
|          CAS_COUNT_RD STAT          | MBOX0C0 |      2221703 |           0 |     1568545 |   92570.9583 |
|          CAS_COUNT_WR STAT          | MBOX0C1 |      1692357 |           0 |     1107665 |   70514.8750 |
|          CAS_COUNT_RD STAT          | MBOX1C0 |      1229231 |           0 |     1149191 |   51217.9583 |
|          CAS_COUNT_WR STAT          | MBOX1C1 |       798590 |           0 |      749528 |   33274.5833 |
|          CAS_COUNT_RD STAT          | MBOX2C0 |            0 |           0 |           0 |            0 |
|          CAS_COUNT_WR STAT          | MBOX2C1 |            0 |           0 |           0 |            0 |
|          CAS_COUNT_RD STAT          | MBOX3C0 |            0 |           0 |           0 |            0 |
|          CAS_COUNT_WR STAT          | MBOX3C1 |            0 |           0 |           0 |            0 |
|          CAS_COUNT_RD STAT          | MBOX4C0 |      2051326 |           0 |     1370122 |   85471.9167 |
|          CAS_COUNT_WR STAT          | MBOX4C1 |      1669624 |           0 |     1092409 |   69567.6667 |
|          CAS_COUNT_RD STAT          | MBOX5C0 |      1069378 |           0 |      982101 |   44557.4167 |
|          CAS_COUNT_WR STAT          | MBOX5C1 |       595346 |           0 |      543689 |   24806.0833 |
|          CAS_COUNT_RD STAT          | MBOX6C0 |            0 |           0 |           0 |            0 |
|          CAS_COUNT_WR STAT          | MBOX6C1 |            0 |           0 |           0 |            0 |
|          CAS_COUNT_RD STAT          | MBOX7C0 |            0 |           0 |           0 |            0 |
|          CAS_COUNT_WR STAT          | MBOX7C1 |            0 |           0 |           0 |            0 |
+-------------------------------------+---------+--------------+-------------+-------------+--------------+
+-----------------------------------+-----------+--------------+--------------+--------------+--------------+--------------+-----------+--------------+--------------+--------------+--------------+--------------+-----------+--------------+--------------+--------------+--------------+-----------+--------------+--------------+--------------+--------------+--------------+--------------+
|               Metric              |   Core 0  |    Core 1    |    Core 2    |    Core 3    |    Core 4    |    Core 5    |   Core 6  |    Core 7    |    Core 8    |    Core 9    |    Core 10   |    Core 11   |  Core 12  |    Core 13   |    Core 14   |    Core 15   |    Core 16   |  Core 17  |    Core 18   |    Core 19   |    Core 20   |    Core 21   |    Core 22   |    Core 23   |
+-----------------------------------+-----------+--------------+--------------+--------------+--------------+--------------+-----------+--------------+--------------+--------------+--------------+--------------+-----------+--------------+--------------+--------------+--------------+-----------+--------------+--------------+--------------+--------------+--------------+--------------+
|        Runtime (RDTSC) [s]        |   10.0007 |      10.0007 |      10.0007 |      10.0007 |      10.0007 |      10.0007 |   10.0007 |      10.0007 |      10.0007 |      10.0007 |      10.0007 |      10.0007 |   10.0007 |      10.0007 |      10.0007 |      10.0007 |      10.0007 |   10.0007 |      10.0007 |      10.0007 |      10.0007 |      10.0007 |      10.0007 |      10.0007 |
|        Runtime unhalted [s]       |    5.1118 |       4.9648 |       4.9634 |       4.0450 |       4.0441 |       4.0434 |    5.1749 |       5.1774 |       5.1721 |       5.1735 |       5.1730 |       5.1738 |    4.0401 |       4.0410 |       4.0396 |       4.0388 |       4.0404 |    4.0400 |       5.1741 |       5.1758 |       5.1756 |       5.1758 |       5.1755 |       5.1753 |
|            Clock [MHz]            | 1200.0037 |    1200.0030 |    1200.0042 |    1200.0033 |    1200.0036 |    1200.0040 | 1200.0034 |    1200.0037 |    1200.0025 |    1200.0050 |    1200.0042 |    1200.0033 | 1200.0032 |    1200.0044 |    1200.0035 |    1200.0042 |    1200.0039 | 1200.0031 |    1200.0046 |    1200.0031 |    1200.0022 |    1200.0039 |    1200.0014 |    1200.0034 |
|                CPI                |    0.4101 |       0.4156 |       0.4155 |       0.4227 |       0.4226 |       0.4226 |    0.8302 |       0.8195 |       0.8255 |       0.8231 |       0.8193 |       0.8404 |    0.4226 |       0.4226 |       0.4225 |       0.4227 |       0.4225 |    0.4225 |       0.8260 |       0.8198 |       0.8394 |       0.8304 |       0.8420 |       0.8465 |
|   Local DRAM data volume [GByte]  |    0.0119 |       0.0091 |       0.0118 |       0.0097 |       0.0095 |       0.0087 |    0.0070 |       0.0002 |       0.0009 |       0.0002 |       0.0005 |       0.0002 |    0.0004 |       0.0003 |       0.0004 |       0.0003 |       0.0003 |    0.0004 |       0.0001 | 2.585600e-05 | 1.465600e-05 | 2.387200e-05 | 2.681600e-05 | 3.033600e-05 |
|   Local DRAM bandwidth [MByte/s]  |    1.1935 |       0.9137 |       1.1760 |       0.9676 |       0.9536 |       0.8661 |    0.7027 |       0.0150 |       0.0890 |       0.0242 |       0.0542 |       0.0157 |    0.0364 |       0.0349 |       0.0373 |       0.0327 |       0.0272 |    0.0377 |       0.0079 |       0.0026 |       0.0015 |       0.0024 |       0.0027 |       0.0030 |
|  Remote DRAM data volume [GByte]  |    0.0004 | 6.336000e-06 | 1.600000e-05 | 3.801600e-05 | 1.030400e-05 | 2.406400e-05 |    0.0015 | 9.344000e-06 | 2.483200e-05 | 1.811200e-05 | 1.856000e-05 | 7.808000e-06 |    0.0001 | 3.078400e-05 | 3.289600e-05 | 3.609600e-05 | 1.689600e-05 |    0.0001 |       0.0002 | 2.803200e-05 | 3.302400e-05 | 2.220800e-05 | 2.995200e-05 | 2.419200e-05 |
|  Remote DRAM bandwidth [MByte/s]  |    0.0396 |       0.0006 |       0.0016 |       0.0038 |       0.0010 |       0.0024 |    0.1499 |       0.0009 |       0.0025 |       0.0018 |       0.0019 |       0.0008 |    0.0058 |       0.0031 |       0.0033 |       0.0036 |       0.0017 |    0.0059 |       0.0168 |       0.0028 |       0.0033 |       0.0022 |       0.0030 |       0.0024 |
|     Memory data volume [GByte]    |    0.0123 |       0.0091 |       0.0118 |       0.0097 |       0.0095 |       0.0087 |    0.0085 |       0.0002 |       0.0009 |       0.0003 |       0.0006 |       0.0002 |    0.0004 |       0.0004 |       0.0004 |       0.0004 |       0.0003 |    0.0004 |       0.0002 |       0.0001 | 4.768000e-05 | 4.608000e-05 |       0.0001 |       0.0001 |
|     Memory bandwidth [MByte/s]    |    1.2330 |       0.9143 |       1.1776 |       0.9714 |       0.9547 |       0.8685 |    0.8526 |       0.0159 |       0.0915 |       0.0260 |       0.0560 |       0.0165 |    0.0422 |       0.0380 |       0.0406 |       0.0363 |       0.0289 |    0.0436 |       0.0247 |       0.0054 |       0.0048 |       0.0046 |       0.0057 |       0.0055 |
|          L3 request rate          |   71.0692 |      18.5026 |      11.1428 |       9.7821 |      10.7486 |      15.6085 | 3967.5057 |   14836.9626 |   10505.8077 |   12256.7911 |   11930.1530 |   15528.7375 |   10.0165 |      13.5616 |      10.3483 |       9.1723 |       9.1333 |   10.8341 |    7864.7207 |    7547.2542 |    8013.7635 |    7125.3580 |    8526.6806 |    7882.5572 |
|            L3 miss rate           |    0.0044 |       0.0006 |       0.0018 |       0.0052 |       0.0015 |       0.0033 |    0.0004 | 2.258501e-06 | 6.223787e-06 | 4.545126e-06 | 4.756977e-06 | 1.912930e-06 |    0.0077 |       0.0036 |       0.0039 |       0.0047 |       0.0025 |    0.0078 | 4.095460e-05 | 6.985358e-06 | 8.122773e-06 | 5.570091e-06 | 7.287114e-06 | 5.921707e-06 |
|           L3 miss ratio           |    0.0332 |       0.0007 |       0.0014 |       0.0039 |       0.0011 |       0.0028 |    0.2134 |       0.0622 |       0.0279 |       0.0750 |       0.0342 |       0.0498 |    0.1579 |       0.0882 |       0.0882 |       0.1104 |       0.0621 |    0.1563 |       2.1113 |       1.0842 |       2.2533 |       0.9303 |       1.1169 |       0.7975 |
|          L2 request rate          |    0.0020 |       0.0011 |       0.0010 |       0.0011 |       0.0010 |       0.0010 |    0.0396 |       0.0391 |       0.0385 |       0.0382 |       0.0380 |       0.0394 |    0.0011 |       0.0010 |       0.0010 |       0.0011 |       0.0010 |    0.0010 |       0.0393 |       0.0390 |       0.0392 |       0.0387 |       0.0396 |       0.0396 |
|            L2 miss rate           |    0.0002 |       0.0002 |       0.0001 |       0.0002 |       0.0001 |       0.0002 |    0.0133 |       0.0132 |       0.0131 |       0.0129 |       0.0126 |       0.0134 |    0.0001 |       0.0002 |       0.0002 |       0.0002 |       0.0001 |    0.0002 |       0.0133 |       0.0129 |       0.0133 |       0.0130 |       0.0135 |       0.0135 |
|           L2 miss ratio           |    0.1135 |       0.1445 |       0.1465 |       0.1363 |       0.1501 |       0.1479 |    0.3361 |       0.3388 |       0.3395 |       0.3377 |       0.3328 |       0.3403 |    0.1414 |       0.1485 |       0.1518 |       0.1330 |       0.1496 |    0.1474 |       0.3378 |       0.3319 |       0.3400 |       0.3365 |       0.3406 |       0.3406 |
|  Memory read bandwidth [MBytes/s] |   32.4456 |            0 |            0 |            0 |            0 |            0 |         0 |            0 |            0 |            0 |            0 |            0 |    9.6101 |            0 |            0 |            0 |            0 |         0 |            0 |            0 |            0 |            0 |            0 |            0 |
|  Memory read data volume [GBytes] |    0.3245 |            0 |            0 |            0 |            0 |            0 |         0 |            0 |            0 |            0 |            0 |            0 |    0.0961 |            0 |            0 |            0 |            0 |         0 |            0 |            0 |            0 |            0 |            0 |            0 |
| Memory write bandwidth [MBytes/s] |   22.3556 |            0 |            0 |            0 |            0 |            0 |         0 |            0 |            0 |            0 |            0 |            0 |    8.0803 |            0 |            0 |            0 |            0 |         0 |            0 |            0 |            0 |            0 |            0 |            0 |
| Memory write data volume [GBytes] |    0.2236 |            0 |            0 |            0 |            0 |            0 |         0 |            0 |            0 |            0 |            0 |            0 |    0.0808 |            0 |            0 |            0 |            0 |         0 |            0 |            0 |            0 |            0 |            0 |            0 |
|    Memory bandwidth [MBytes/s]    |   54.8012 |            0 |            0 |            0 |            0 |            0 |         0 |            0 |            0 |            0 |            0 |            0 |   17.6904 |            0 |            0 |            0 |            0 |         0 |            0 |            0 |            0 |            0 |            0 |            0 |
|    Memory data volume [GBytes]    |    0.5480 |            0 |            0 |            0 |            0 |            0 |         0 |            0 |            0 |            0 |            0 |            0 |    0.1769 |            0 |            0 |            0 |            0 |         0 |            0 |            0 |            0 |            0 |            0 |            0 |
|          Temperature [C]          |        32 |           31 |           31 |           30 |           31 |           32 |        33 |           31 |           31 |           32 |           32 |           35 |        29 |           33 |           30 |           32 |           35 |        32 |           31 |           31 |           30 |           30 |           32 |           29 |
|             Energy [J]            |  367.2727 |            0 |            0 |            0 |            0 |            0 |         0 |            0 |            0 |            0 |            0 |            0 |  383.5960 |            0 |            0 |            0 |            0 |         0 |            0 |            0 |            0 |            0 |            0 |            0 |
|             Power [W]             |   36.7248 |            0 |            0 |            0 |            0 |            0 |         0 |            0 |            0 |            0 |            0 |            0 |   38.3571 |            0 |            0 |            0 |            0 |         0 |            0 |            0 |            0 |            0 |            0 |            0 |
|           Energy PP0 [J]          |         0 |            0 |            0 |            0 |            0 |            0 |         0 |            0 |            0 |            0 |            0 |            0 |         0 |            0 |            0 |            0 |            0 |         0 |            0 |            0 |            0 |            0 |            0 |            0 |
|           Power PP0 [W]           |         0 |            0 |            0 |            0 |            0 |            0 |         0 |            0 |            0 |            0 |            0 |            0 |         0 |            0 |            0 |            0 |            0 |         0 |            0 |            0 |            0 |            0 |            0 |            0 |
|          Energy DRAM [J]          |   46.0495 |            0 |            0 |            0 |            0 |            0 |         0 |            0 |            0 |            0 |            0 |            0 |   47.5383 |            0 |            0 |            0 |            0 |         0 |            0 |            0 |            0 |            0 |            0 |            0 |
|           Power DRAM [W]          |    4.6046 |            0 |            0 |            0 |            0 |            0 |         0 |            0 |            0 |            0 |            0 |            0 |    4.7535 |            0 |            0 |            0 |            0 |         0 |            0 |            0 |            0 |            0 |            0 |            0 |
+-----------------------------------+-----------+--------------+--------------+--------------+--------------+--------------+-----------+--------------+--------------+--------------+--------------+--------------+-----------+--------------+--------------+--------------+--------------+-----------+--------------+--------------+--------------+--------------+--------------+--------------+
+----------------------------------------+-------------+--------------+------------+-----------+
|                 Metric                 |     Sum     |      Min     |     Max    |    Avg    |
+----------------------------------------+-------------+--------------+------------+-----------+
|        Runtime (RDTSC) [s] STAT        |    240.0168 |      10.0007 |    10.0007 |   10.0007 |
|        Runtime unhalted [s] STAT       |    113.5092 |       4.0388 |     5.1774 |    4.7295 |
|            Clock [MHz] STAT            |  28800.0848 |    1200.0014 |  1200.0050 | 1200.0035 |
|                CPI STAT                |     15.0066 |       0.4101 |     0.8465 |    0.6253 |
|   Local DRAM data volume [GByte] STAT  |      0.0720 | 1.465600e-05 |     0.0119 |    0.0030 |
|   Local DRAM bandwidth [MByte/s] STAT  |      7.1976 |       0.0015 |     1.1935 |    0.2999 |
|  Remote DRAM data volume [GByte] STAT  |      0.0027 | 6.336000e-06 |     0.0015 |    0.0001 |
|  Remote DRAM bandwidth [MByte/s] STAT  |      0.2607 |       0.0006 |     0.1499 |    0.0109 |
|     Memory data volume [GByte] STAT    |      0.0747 | 4.608000e-05 |     0.0123 |    0.0031 |
|     Memory bandwidth [MByte/s] STAT    |      7.4583 |       0.0046 |     1.2330 |    0.3108 |
|          L3 request rate STAT          | 116186.2117 |       9.1333 | 15528.7375 | 4841.0922 |
|            L3 miss rate STAT           |      0.0475 | 1.912930e-06 |     0.0078 |    0.0020 |
|           L3 miss ratio STAT           |      9.4622 |       0.0007 |     2.2533 |    0.3943 |
|          L2 request rate STAT          |      0.4816 |       0.0010 |     0.0396 |    0.0201 |
|            L2 miss rate STAT           |      0.1600 |       0.0001 |     0.0135 |    0.0067 |
|           L2 miss ratio STAT           |      5.7631 |       0.1135 |     0.3406 |    0.2401 |
|  Memory read bandwidth [MBytes/s] STAT |     42.0557 |            0 |    32.4456 |    1.7523 |
|  Memory read data volume [GBytes] STAT |      0.4206 |            0 |     0.3245 |    0.0175 |
| Memory write bandwidth [MBytes/s] STAT |     30.4359 |            0 |    22.3556 |    1.2682 |
| Memory write data volume [GBytes] STAT |      0.3044 |            0 |     0.2236 |    0.0127 |
|    Memory bandwidth [MBytes/s] STAT    |     72.4916 |            0 |    54.8012 |    3.0205 |
|    Memory data volume [GBytes] STAT    |      0.7249 |            0 |     0.5480 |    0.0302 |
|          Temperature [C] STAT          |         755 |           29 |         35 |   31.4583 |
|             Energy [J] STAT            |    750.8687 |            0 |   383.5960 |   31.2862 |
|             Power [W] STAT             |     75.0819 |            0 |    38.3571 |    3.1284 |
|           Energy PP0 [J] STAT          |           0 |            0 |          0 |         0 |
|           Power PP0 [W] STAT           |           0 |            0 |          0 |         0 |
|          Energy DRAM [J] STAT          |     93.5878 |            0 |    47.5383 |    3.8995 |
|           Power DRAM [W] STAT          |      9.3581 |            0 |     4.7535 |    0.3899 |
+----------------------------------------+-------------+--------------+------------+-----------+
