--------------------------------------------------------------------------------
CPU name:	Intel(R) Xeon(R) CPU E5-2670 v3 @ 2.30GHz
CPU type:	Intel Xeon Haswell EN/EP/EX processor
CPU clock:	2.30 GHz
--------------------------------------------------------------------------------
Group 1: POWERPERF
+--------------------------------+---------+-------------+-------------+-------------+-------------+-------------+-------------+-------------+-------------+-------------+-------------+-------------+-------------+-------------+-------------+-------------+-------------+-------------+-------------+-------------+-------------+-------------+-------------+-------------+-------------+
|              Event             | Counter |    Core 0   |    Core 1   |    Core 2   |    Core 3   |    Core 4   |    Core 5   |    Core 6   |    Core 7   |    Core 8   |    Core 9   |   Core 10   |   Core 11   |   Core 12   |   Core 13   |   Core 14   |   Core 15   |   Core 16   |   Core 17   |   Core 18   |   Core 19   |   Core 20   |   Core 21   |   Core 22   |   Core 23   |
+--------------------------------+---------+-------------+-------------+-------------+-------------+-------------+-------------+-------------+-------------+-------------+-------------+-------------+-------------+-------------+-------------+-------------+-------------+-------------+-------------+-------------+-------------+-------------+-------------+-------------+-------------+
|        INSTR_RETIRED_ANY       |  FIXC0  | 28628108217 | 27476904730 | 27476742745 | 22009773999 | 22009865625 | 22006622781 | 21901327494 | 23419229561 | 23526874881 | 21292928854 | 23294866056 | 19130672819 | 21989065970 | 21984907546 | 21984400193 | 21982142737 | 21980766014 | 21980203406 | 20688084805 | 17536318662 | 19339145174 | 17604368989 | 16506823158 | 21190131467 |
|      CPU_CLK_UNHALTED_CORE     |  FIXC1  | 11739566856 | 11423449924 | 11422570172 |  9302517720 |  9299657972 |  9299237083 | 10856717993 | 11547654318 | 11598992994 | 10510754525 | 11594949888 |  9692448236 |  9294082604 |  9286150960 |  9289840509 |  9288767511 |  9286079357 |  9288058364 | 10431762484 |  8868069449 |  9813846429 |  8983515648 |  8445377070 | 10470565864 |
|      CPU_CLK_UNHALTED_REF      |  FIXC2  | 22500820328 | 21894946600 | 21893245382 | 17829815809 | 17824327963 | 17823528299 | 20808702462 | 22132989447 | 22231424916 | 20145587001 | 22223639186 | 18577185491 | 17813651846 | 17798451238 | 17805521783 | 17803458246 | 17798304751 | 17802107042 | 19994191502 | 16997128501 | 18809891280 | 17218396597 | 16186990876 | 20068577849 |
|           FIXC1/FIXC0          |   CPI   |           0 |           0 |           0 |           0 |           0 |           0 |           0 |           0 |           0 |           0 |           0 |           0 |           0 |           0 |           0 |           0 |           0 |           0 |           0 |           0 |           0 |           0 |           0 |           0 |
|  OFFCORE_RESPONSE_0_LOCAL_DRAM |   PMC0  |      321228 |      327392 |      320310 |      283456 |      228495 |      219182 |       23092 |       10908 |       12606 |      150400 |       10195 |       20858 |       48659 |       48385 |       45444 |       53487 |       47802 |       60325 |        3191 |        5642 |        3489 |        3646 |        4180 |        3278 |
| OFFCORE_RESPONSE_1_REMOTE_DRAM |   PMC1  |        1420 |         436 |         196 |        1255 |        5160 |        6616 |        3635 |         215 |         319 |        1047 |         325 |         919 |       17682 |        1892 |        1929 |        1561 |        1289 |        1674 |        2183 |        3408 |        2169 |        3420 |        7313 |        3897 |
|  MEM_LOAD_UOPS_RETIRED_L3_ALL  |   PMC2  |     1390277 |      133694 |      122520 |       95898 |      110603 |      105501 |     1029193 |     1063466 |     1086471 |     1077420 |     1070725 |      895090 |      120638 |      100833 |      120354 |      108109 |      118006 |      106646 |      943790 |      868839 |      891800 |      817219 |      775448 |      976537 |
|  MEM_LOAD_UOPS_RETIRED_L3_MISS |   PMC3  |       25568 |       13659 |       18361 |       16763 |       14480 |       11056 |       16440 |        2737 |        3262 |        4890 |        4296 |        4763 |       17081 |       12635 |       14683 |       13342 |       12968 |       12641 |        6047 |        5324 |        4784 |        6479 |        7168 |        6852 |
|      L2_TRANS_ALL_REQUESTS     |   PMC4  |    61722234 |    30743869 |    28122994 |    24196781 |    22106389 |    22784967 |   519557549 |   550136662 |   553282758 |   492686885 |   547280988 |   450755458 |    23636229 |    21354981 |    22893445 |    24934864 |    21810599 |    22816053 |   485340431 |   401361679 |   455156917 |   413750807 |   387092269 |   498418888 |
|          L2_RQSTS_MISS         |   PMC5  |     6553410 |     4168406 |     4024359 |     3337735 |     3324747 |     3298591 |   123552244 |   130550581 |   131777199 |   111116531 |   129831869 |   107691090 |     3286462 |     3234213 |     3323628 |     3290271 |     3299181 |     3212868 |   115268158 |    89870841 |   108502933 |    98575892 |    91903566 |   118852374 |
|        UOPS_RETIRED_ALL        |   PMC6  | 32089129943 | 30729372169 | 30729087897 | 24693577459 | 24693596966 | 24689864522 | 25482190554 | 27267013900 | 27394023435 | 24803562429 | 27125808453 | 22291921304 | 24670732528 | 24665349574 | 24664768472 | 24662208587 | 24660672858 | 24659893169 | 24102020788 | 20439836162 | 22535837112 | 20519472616 | 19245431406 | 24684463485 |
|            TEMP_CORE           |   TMP0  |          31 |          29 |          31 |          27 |          29 |          29 |          31 |          29 |          29 |          31 |          33 |          33 |          26 |          30 |          29 |          30 |          32 |          31 |          29 |          29 |          30 |          30 |          30 |          28 |
|         PWR_PKG_ENERGY         |   PWR0  |    358.9715 |           0 |           0 |           0 |           0 |           0 |           0 |           0 |           0 |           0 |           0 |           0 |    363.0754 |           0 |           0 |           0 |           0 |           0 |           0 |           0 |           0 |           0 |           0 |           0 |
|         PWR_PP0_ENERGY         |   PWR1  |           0 |           0 |           0 |           0 |           0 |           0 |           0 |           0 |           0 |           0 |           0 |           0 |           0 |           0 |           0 |           0 |           0 |           0 |           0 |           0 |           0 |           0 |           0 |           0 |
|         PWR_DRAM_ENERGY        |   PWR3  |     47.1728 |           0 |           0 |           0 |           0 |           0 |           0 |           0 |           0 |           0 |           0 |           0 |     47.9723 |           0 |           0 |           0 |           0 |           0 |           0 |           0 |           0 |           0 |           0 |           0 |
|          CAS_COUNT_RD          | MBOX0C0 |     2018371 |           0 |           0 |           0 |           0 |           0 |           0 |           0 |           0 |           0 |           0 |           0 |      227539 |           0 |           0 |           0 |           0 |           0 |           0 |           0 |           0 |           0 |           0 |           0 |
|          CAS_COUNT_WR          | MBOX0C1 |     1543594 |           0 |           0 |           0 |           0 |           0 |           0 |           0 |           0 |           0 |           0 |           0 |      218201 |           0 |           0 |           0 |           0 |           0 |           0 |           0 |           0 |           0 |           0 |           0 |
|          CAS_COUNT_RD          | MBOX1C0 |     1762039 |           0 |           0 |           0 |           0 |           0 |           0 |           0 |           0 |           0 |           0 |           0 |      713498 |           0 |           0 |           0 |           0 |           0 |           0 |           0 |           0 |           0 |           0 |           0 |
|          CAS_COUNT_WR          | MBOX1C1 |     1175627 |           0 |           0 |           0 |           0 |           0 |           0 |           0 |           0 |           0 |           0 |           0 |      732350 |           0 |           0 |           0 |           0 |           0 |           0 |           0 |           0 |           0 |           0 |           0 |
|          CAS_COUNT_RD          | MBOX2C0 |           0 |           0 |           0 |           0 |           0 |           0 |           0 |           0 |           0 |           0 |           0 |           0 |           0 |           0 |           0 |           0 |           0 |           0 |           0 |           0 |           0 |           0 |           0 |           0 |
|          CAS_COUNT_WR          | MBOX2C1 |           0 |           0 |           0 |           0 |           0 |           0 |           0 |           0 |           0 |           0 |           0 |           0 |           0 |           0 |           0 |           0 |           0 |           0 |           0 |           0 |           0 |           0 |           0 |           0 |
|          CAS_COUNT_RD          | MBOX3C0 |           0 |           0 |           0 |           0 |           0 |           0 |           0 |           0 |           0 |           0 |           0 |           0 |           0 |           0 |           0 |           0 |           0 |           0 |           0 |           0 |           0 |           0 |           0 |           0 |
|          CAS_COUNT_WR          | MBOX3C1 |           0 |           0 |           0 |           0 |           0 |           0 |           0 |           0 |           0 |           0 |           0 |           0 |           0 |           0 |           0 |           0 |           0 |           0 |           0 |           0 |           0 |           0 |           0 |           0 |
|          CAS_COUNT_RD          | MBOX4C0 |     1870179 |           0 |           0 |           0 |           0 |           0 |           0 |           0 |           0 |           0 |           0 |           0 |      195768 |           0 |           0 |           0 |           0 |           0 |           0 |           0 |           0 |           0 |           0 |           0 |
|          CAS_COUNT_WR          | MBOX4C1 |     1546628 |           0 |           0 |           0 |           0 |           0 |           0 |           0 |           0 |           0 |           0 |           0 |      217846 |           0 |           0 |           0 |           0 |           0 |           0 |           0 |           0 |           0 |           0 |           0 |
|          CAS_COUNT_RD          | MBOX5C0 |     1624094 |           0 |           0 |           0 |           0 |           0 |           0 |           0 |           0 |           0 |           0 |           0 |      789148 |           0 |           0 |           0 |           0 |           0 |           0 |           0 |           0 |           0 |           0 |           0 |
|          CAS_COUNT_WR          | MBOX5C1 |     1018640 |           0 |           0 |           0 |           0 |           0 |           0 |           0 |           0 |           0 |           0 |           0 |      750810 |           0 |           0 |           0 |           0 |           0 |           0 |           0 |           0 |           0 |           0 |           0 |
|          CAS_COUNT_RD          | MBOX6C0 |           0 |           0 |           0 |           0 |           0 |           0 |           0 |           0 |           0 |           0 |           0 |           0 |           0 |           0 |           0 |           0 |           0 |           0 |           0 |           0 |           0 |           0 |           0 |           0 |
|          CAS_COUNT_WR          | MBOX6C1 |           0 |           0 |           0 |           0 |           0 |           0 |           0 |           0 |           0 |           0 |           0 |           0 |           0 |           0 |           0 |           0 |           0 |           0 |           0 |           0 |           0 |           0 |           0 |           0 |
|          CAS_COUNT_RD          | MBOX7C0 |           0 |           0 |           0 |           0 |           0 |           0 |           0 |           0 |           0 |           0 |           0 |           0 |           0 |           0 |           0 |           0 |           0 |           0 |           0 |           0 |           0 |           0 |           0 |           0 |
|          CAS_COUNT_WR          | MBOX7C1 |           0 |           0 |           0 |           0 |           0 |           0 |           0 |           0 |           0 |           0 |           0 |           0 |           0 |           0 |           0 |           0 |           0 |           0 |           0 |           0 |           0 |           0 |           0 |           0 |
+--------------------------------+---------+-------------+-------------+-------------+-------------+-------------+-------------+-------------+-------------+-------------+-------------+-------------+-------------+-------------+-------------+-------------+-------------+-------------+-------------+-------------+-------------+-------------+-------------+-------------+-------------+
+-------------------------------------+---------+--------------+-------------+-------------+--------------+
|                Event                | Counter |      Sum     |     Min     |     Max     |      Avg     |
+-------------------------------------+---------+--------------+-------------+-------------+--------------+
|        INSTR_RETIRED_ANY STAT       |  FIXC0  | 526940275883 | 16506823158 | 28628108217 | 2.195584e+10 |
|      CPU_CLK_UNHALTED_CORE STAT     |  FIXC1  | 241034633930 |  8445377070 | 11739566856 | 1.004311e+10 |
|      CPU_CLK_UNHALTED_REF STAT      |  FIXC2  | 461982884395 | 16186990876 | 22500820328 | 1.924929e+10 |
|           FIXC1/FIXC0 STAT          |   CPI   |            0 |           0 |           0 |            0 |
|  OFFCORE_RESPONSE_0_LOCAL_DRAM STAT |   PMC0  |      2255650 |        3191 |      327392 |   93985.4167 |
| OFFCORE_RESPONSE_1_REMOTE_DRAM STAT |   PMC1  |        69960 |         196 |       17682 |         2915 |
|  MEM_LOAD_UOPS_RETIRED_L3_ALL STAT  |   PMC2  |     14129077 |       95898 |     1390277 |  588711.5417 |
|  MEM_LOAD_UOPS_RETIRED_L3_MISS STAT |   PMC3  |       256279 |        2737 |       25568 |   10678.2917 |
|      L2_TRANS_ALL_REQUESTS STAT     |   PMC4  |   6081944696 |    21354981 |   553282758 | 2.534144e+08 |
|          L2_RQSTS_MISS STAT         |   PMC5  |   1401847149 |     3212868 |   131777199 | 5.841030e+07 |
|        UOPS_RETIRED_ALL STAT        |   PMC6  | 601499835788 | 19245431406 | 32089129943 | 2.506249e+10 |
|            TEMP_CORE STAT           |   TMP0  |          716 |          26 |          33 |      29.8333 |
|         PWR_PKG_ENERGY STAT         |   PWR0  |     722.0469 |           0 |    363.0754 |      30.0853 |
|         PWR_PP0_ENERGY STAT         |   PWR1  |            0 |           0 |           0 |            0 |
|         PWR_DRAM_ENERGY STAT        |   PWR3  |      95.1451 |           0 |     47.9723 |       3.9644 |
|          CAS_COUNT_RD STAT          | MBOX0C0 |      2245910 |           0 |     2018371 |   93579.5833 |
|          CAS_COUNT_WR STAT          | MBOX0C1 |      1761795 |           0 |     1543594 |   73408.1250 |
|          CAS_COUNT_RD STAT          | MBOX1C0 |      2475537 |           0 |     1762039 |  103147.3750 |
|          CAS_COUNT_WR STAT          | MBOX1C1 |      1907977 |           0 |     1175627 |   79499.0417 |
|          CAS_COUNT_RD STAT          | MBOX2C0 |            0 |           0 |           0 |            0 |
|          CAS_COUNT_WR STAT          | MBOX2C1 |            0 |           0 |           0 |            0 |
|          CAS_COUNT_RD STAT          | MBOX3C0 |            0 |           0 |           0 |            0 |
|          CAS_COUNT_WR STAT          | MBOX3C1 |            0 |           0 |           0 |            0 |
|          CAS_COUNT_RD STAT          | MBOX4C0 |      2065947 |           0 |     1870179 |   86081.1250 |
|          CAS_COUNT_WR STAT          | MBOX4C1 |      1764474 |           0 |     1546628 |   73519.7500 |
|          CAS_COUNT_RD STAT          | MBOX5C0 |      2413242 |           0 |     1624094 |  100551.7500 |
|          CAS_COUNT_WR STAT          | MBOX5C1 |      1769450 |           0 |     1018640 |   73727.0833 |
|          CAS_COUNT_RD STAT          | MBOX6C0 |            0 |           0 |           0 |            0 |
|          CAS_COUNT_WR STAT          | MBOX6C1 |            0 |           0 |           0 |            0 |
|          CAS_COUNT_RD STAT          | MBOX7C0 |            0 |           0 |           0 |            0 |
|          CAS_COUNT_WR STAT          | MBOX7C1 |            0 |           0 |           0 |            0 |
+-------------------------------------+---------+--------------+-------------+-------------+--------------+
+-----------------------------------+-----------+--------------+--------------+-----------+-----------+-----------+-----------+--------------+--------------+-----------+--------------+-----------+-----------+-----------+-----------+-----------+-----------+-----------+-----------+-----------+-----------+-----------+-----------+-----------+
|               Metric              |   Core 0  |    Core 1    |    Core 2    |   Core 3  |   Core 4  |   Core 5  |   Core 6  |    Core 7    |    Core 8    |   Core 9  |    Core 10   |  Core 11  |  Core 12  |  Core 13  |  Core 14  |  Core 15  |  Core 16  |  Core 17  |  Core 18  |  Core 19  |  Core 20  |  Core 21  |  Core 22  |  Core 23  |
+-----------------------------------+-----------+--------------+--------------+-----------+-----------+-----------+-----------+--------------+--------------+-----------+--------------+-----------+-----------+-----------+-----------+-----------+-----------+-----------+-----------+-----------+-----------+-----------+-----------+-----------+
|        Runtime (RDTSC) [s]        |   10.0007 |      10.0007 |      10.0007 |   10.0007 |   10.0007 |   10.0007 |   10.0007 |      10.0007 |      10.0007 |   10.0007 |      10.0007 |   10.0007 |   10.0007 |   10.0007 |   10.0007 |   10.0007 |   10.0007 |   10.0007 |   10.0007 |   10.0007 |   10.0007 |   10.0007 |   10.0007 |   10.0007 |
|        Runtime unhalted [s]       |    5.1042 |       4.9667 |       4.9663 |    4.0446 |    4.0433 |    4.0431 |    4.7203 |       5.0207 |       5.0430 |    4.5699 |       5.0413 |    4.2141 |    4.0409 |    4.0375 |    4.0391 |    4.0386 |    4.0374 |    4.0383 |    4.5355 |    3.8557 |    4.2669 |    3.9059 |    3.6719 |    4.5524 |
|            Clock [MHz]            | 1200.0014 |    1200.0005 |    1200.0013 | 1200.0012 | 1200.0017 | 1200.0012 | 1200.0009 |    1200.0013 |    1199.9994 | 1200.0021 |    1200.0013 | 1200.0010 | 1200.0010 | 1200.0009 | 1200.0009 | 1200.0014 | 1200.0015 | 1200.0009 | 1200.0017 | 1200.0009 | 1199.9993 | 1200.0011 | 1199.9992 | 1200.0009 |
|                CPI                |    0.4101 |       0.4157 |       0.4157 |    0.4227 |    0.4225 |    0.4226 |    0.4957 |       0.4931 |       0.4930 |    0.4936 |       0.4977 |    0.5066 |    0.4227 |    0.4224 |    0.4226 |    0.4226 |    0.4225 |    0.4226 |    0.5042 |    0.5057 |    0.5075 |    0.5103 |    0.5116 |    0.4941 |
|   Local DRAM data volume [GByte]  |    0.0206 |       0.0210 |       0.0205 |    0.0181 |    0.0146 |    0.0140 |    0.0015 |       0.0007 |       0.0008 |    0.0096 |       0.0007 |    0.0013 |    0.0031 |    0.0031 |    0.0029 |    0.0034 |    0.0031 |    0.0039 |    0.0002 |    0.0004 |    0.0002 |    0.0002 |    0.0003 |    0.0002 |
|   Local DRAM bandwidth [MByte/s]  |    2.0557 |       2.0952 |       2.0498 |    1.8140 |    1.4623 |    1.4027 |    0.1478 |       0.0698 |       0.0807 |    0.9625 |       0.0652 |    0.1335 |    0.3114 |    0.3096 |    0.2908 |    0.3423 |    0.3059 |    0.3861 |    0.0204 |    0.0361 |    0.0223 |    0.0233 |    0.0268 |    0.0210 |
|  Remote DRAM data volume [GByte]  |    0.0001 | 2.790400e-05 | 1.254400e-05 |    0.0001 |    0.0003 |    0.0004 |    0.0002 | 1.376000e-05 | 2.041600e-05 |    0.0001 | 2.080000e-05 |    0.0001 |    0.0011 |    0.0001 |    0.0001 |    0.0001 |    0.0001 |    0.0001 |    0.0001 |    0.0002 |    0.0001 |    0.0002 |    0.0005 |    0.0002 |
|  Remote DRAM bandwidth [MByte/s]  |    0.0091 |       0.0028 |       0.0013 |    0.0080 |    0.0330 |    0.0423 |    0.0233 |       0.0014 |       0.0020 |    0.0067 |       0.0021 |    0.0059 |    0.1132 |    0.0121 |    0.0123 |    0.0100 |    0.0082 |    0.0107 |    0.0140 |    0.0218 |    0.0139 |    0.0219 |    0.0468 |    0.0249 |
|     Memory data volume [GByte]    |    0.0206 |       0.0210 |       0.0205 |    0.0182 |    0.0150 |    0.0145 |    0.0017 |       0.0007 |       0.0008 |    0.0097 |       0.0007 |    0.0014 |    0.0042 |    0.0032 |    0.0030 |    0.0035 |    0.0031 |    0.0040 |    0.0003 |    0.0006 |    0.0004 |    0.0005 |    0.0007 |    0.0005 |
|     Memory bandwidth [MByte/s]    |    2.0648 |       2.0980 |       2.0511 |    1.8220 |    1.4953 |    1.4450 |    0.1710 |       0.0712 |       0.0827 |    0.9692 |       0.0673 |    0.1394 |    0.4246 |    0.3218 |    0.3032 |    0.3523 |    0.3142 |    0.3968 |    0.0344 |    0.0579 |    0.0362 |    0.0452 |    0.0736 |    0.0459 |
|          L3 request rate          |   54.3757 |       9.7880 |       6.6728 |    5.7208 |    7.6383 |    9.5424 |   62.6030 |     388.5517 |     333.0690 |  220.3313 |     249.2377 |  187.9257 |    7.0627 |    7.9805 |    8.1968 |    8.1029 |    9.0998 |    8.4365 |  156.0757 |  163.1929 |  186.4130 |  126.1335 |  108.1819 |  142.5185 |
|            L3 miss rate           |    0.0010 |       0.0033 |       0.0016 |    0.0131 |    0.0467 |    0.0627 |    0.0035 |       0.0002 |       0.0003 |    0.0010 |       0.0003 |    0.0010 |    0.1466 |    0.0188 |    0.0160 |    0.0144 |    0.0109 |    0.0157 |    0.0023 |    0.0039 |    0.0024 |    0.0042 |    0.0094 |    0.0040 |
|           L3 miss ratio           |    0.0044 |       0.0013 |       0.0006 |    0.0044 |    0.0226 |    0.0302 |    0.1574 |       0.0197 |       0.0253 |    0.0070 |       0.0319 |    0.0441 |    0.3634 |    0.0391 |    0.0424 |    0.0292 |    0.0270 |    0.0277 |    0.6841 |    0.6040 |    0.6217 |    0.9380 |    1.7495 |    1.1888 |
|          L2 request rate          |    0.0022 |       0.0011 |       0.0010 |    0.0011 |    0.0010 |    0.0010 |    0.0237 |       0.0235 |       0.0235 |    0.0231 |       0.0235 |    0.0236 |    0.0011 |    0.0010 |    0.0010 |    0.0011 |    0.0010 |    0.0010 |    0.0235 |    0.0229 |    0.0235 |    0.0235 |    0.0235 |    0.0235 |
|            L2 miss rate           |    0.0002 |       0.0002 |       0.0001 |    0.0002 |    0.0002 |    0.0001 |    0.0056 |       0.0056 |       0.0056 |    0.0052 |       0.0056 |    0.0056 |    0.0001 |    0.0001 |    0.0002 |    0.0001 |    0.0002 |    0.0001 |    0.0056 |    0.0051 |    0.0056 |    0.0056 |    0.0056 |    0.0056 |
|           L2 miss ratio           |    0.1062 |       0.1356 |       0.1431 |    0.1379 |    0.1504 |    0.1448 |    0.2378 |       0.2373 |       0.2382 |    0.2255 |       0.2372 |    0.2389 |    0.1390 |    0.1515 |    0.1452 |    0.1320 |    0.1513 |    0.1408 |    0.2375 |    0.2239 |    0.2384 |    0.2382 |    0.2374 |    0.2385 |
|  Memory read bandwidth [MBytes/s] |   46.5547 |            0 |            0 |         0 |         0 |         0 |         0 |            0 |            0 |         0 |            0 |         0 |   12.3252 |         0 |         0 |         0 |         0 |         0 |         0 |         0 |         0 |         0 |         0 |         0 |
|  Memory read data volume [GBytes] |    0.4656 |            0 |            0 |         0 |         0 |         0 |         0 |            0 |            0 |         0 |            0 |         0 |    0.1233 |         0 |         0 |         0 |         0 |         0 |         0 |         0 |         0 |         0 |         0 |         0 |
| Memory write bandwidth [MBytes/s] |   33.8184 |            0 |            0 |         0 |         0 |         0 |         0 |            0 |            0 |         0 |            0 |         0 |   12.2821 |         0 |         0 |         0 |         0 |         0 |         0 |         0 |         0 |         0 |         0 |         0 |
| Memory write data volume [GBytes] |    0.3382 |            0 |            0 |         0 |         0 |         0 |         0 |            0 |            0 |         0 |            0 |         0 |    0.1228 |         0 |         0 |         0 |         0 |         0 |         0 |         0 |         0 |         0 |         0 |         0 |
|    Memory bandwidth [MBytes/s]    |   80.3731 |            0 |            0 |         0 |         0 |         0 |         0 |            0 |            0 |         0 |            0 |         0 |   24.6073 |         0 |         0 |         0 |         0 |         0 |         0 |         0 |         0 |         0 |         0 |         0 |
|    Memory data volume [GBytes]    |    0.8038 |            0 |            0 |         0 |         0 |         0 |         0 |            0 |            0 |         0 |            0 |         0 |    0.2461 |         0 |         0 |         0 |         0 |         0 |         0 |         0 |         0 |         0 |         0 |         0 |
|          Temperature [C]          |        31 |           29 |           31 |        27 |        29 |        29 |        31 |           29 |           29 |        31 |           33 |        33 |        26 |        30 |        29 |        30 |        32 |        31 |        29 |        29 |        30 |        30 |        30 |        28 |
|             Energy [J]            |  358.9715 |            0 |            0 |         0 |         0 |         0 |         0 |            0 |            0 |         0 |            0 |         0 |  363.0754 |         0 |         0 |         0 |         0 |         0 |         0 |         0 |         0 |         0 |         0 |         0 |
|             Power [W]             |   35.8947 |            0 |            0 |         0 |         0 |         0 |         0 |            0 |            0 |         0 |            0 |         0 |   36.3050 |         0 |         0 |         0 |         0 |         0 |         0 |         0 |         0 |         0 |         0 |         0 |
|           Energy PP0 [J]          |         0 |            0 |            0 |         0 |         0 |         0 |         0 |            0 |            0 |         0 |            0 |         0 |         0 |         0 |         0 |         0 |         0 |         0 |         0 |         0 |         0 |         0 |         0 |         0 |
|           Power PP0 [W]           |         0 |            0 |            0 |         0 |         0 |         0 |         0 |            0 |            0 |         0 |            0 |         0 |         0 |         0 |         0 |         0 |         0 |         0 |         0 |         0 |         0 |         0 |         0 |         0 |
|          Energy DRAM [J]          |   47.1728 |            0 |            0 |         0 |         0 |         0 |         0 |            0 |            0 |         0 |            0 |         0 |   47.9723 |         0 |         0 |         0 |         0 |         0 |         0 |         0 |         0 |         0 |         0 |         0 |
|           Power DRAM [W]          |    4.7170 |            0 |            0 |         0 |         0 |         0 |         0 |            0 |            0 |         0 |            0 |         0 |    4.7969 |         0 |         0 |         0 |         0 |         0 |         0 |         0 |         0 |         0 |         0 |         0 |
+-----------------------------------+-----------+--------------+--------------+-----------+-----------+-----------+-----------+--------------+--------------+-----------+--------------+-----------+-----------+-----------+-----------+-----------+-----------+-----------+-----------+-----------+-----------+-----------+-----------+-----------+
+----------------------------------------+------------+--------------+-----------+-----------+
|                 Metric                 |     Sum    |      Min     |    Max    |    Avg    |
+----------------------------------------+------------+--------------+-----------+-----------+
|        Runtime (RDTSC) [s] STAT        |   240.0168 |      10.0007 |   10.0007 |   10.0007 |
|        Runtime unhalted [s] STAT       |   104.7976 |       3.6719 |    5.1042 |    4.3666 |
|            Clock [MHz] STAT            | 28800.0230 |    1199.9992 | 1200.0021 | 1200.0010 |
|                CPI STAT                |    11.0578 |       0.4101 |    0.5116 |    0.4607 |
|   Local DRAM data volume [GByte] STAT  |     0.1444 |       0.0002 |    0.0210 |    0.0060 |
|   Local DRAM bandwidth [MByte/s] STAT  |    14.4352 |       0.0204 |    2.0952 |    0.6015 |
|  Remote DRAM data volume [GByte] STAT  |     0.0043 | 1.254400e-05 |    0.0011 |    0.0002 |
|  Remote DRAM bandwidth [MByte/s] STAT  |     0.4477 |       0.0013 |    0.1132 |    0.0187 |
|     Memory data volume [GByte] STAT    |     0.1488 |       0.0003 |    0.0210 |    0.0062 |
|     Memory bandwidth [MByte/s] STAT    |    14.8831 |       0.0344 |    2.0980 |    0.6201 |
|          L3 request rate STAT          |  2466.8511 |       5.7208 |  388.5517 |  102.7855 |
|            L3 miss rate STAT           |     0.3833 |       0.0002 |    0.1466 |    0.0160 |
|           L3 miss ratio STAT           |     6.6638 |       0.0006 |    1.7495 |    0.2777 |
|          L2 request rate STAT          |     0.2949 |       0.0010 |    0.0237 |    0.0123 |
|            L2 miss rate STAT           |     0.0681 |       0.0001 |    0.0056 |    0.0028 |
|           L2 miss ratio STAT           |     4.5066 |       0.1062 |    0.2389 |    0.1878 |
|  Memory read bandwidth [MBytes/s] STAT |    58.8799 |            0 |   46.5547 |    2.4533 |
|  Memory read data volume [GBytes] STAT |     0.5889 |            0 |    0.4656 |    0.0245 |
| Memory write bandwidth [MBytes/s] STAT |    46.1005 |            0 |   33.8184 |    1.9209 |
| Memory write data volume [GBytes] STAT |     0.4610 |            0 |    0.3382 |    0.0192 |
|    Memory bandwidth [MBytes/s] STAT    |   104.9804 |            0 |   80.3731 |    4.3742 |
|    Memory data volume [GBytes] STAT    |     1.0499 |            0 |    0.8038 |    0.0437 |
|          Temperature [C] STAT          |        716 |           26 |        33 |   29.8333 |
|             Energy [J] STAT            |   722.0469 |            0 |  363.0754 |   30.0853 |
|             Power [W] STAT             |    72.1997 |            0 |   36.3050 |    3.0083 |
|           Energy PP0 [J] STAT          |          0 |            0 |         0 |         0 |
|           Power PP0 [W] STAT           |          0 |            0 |         0 |         0 |
|          Energy DRAM [J] STAT          |    95.1451 |            0 |   47.9723 |    3.9644 |
|           Power DRAM [W] STAT          |     9.5139 |            0 |    4.7969 |    0.3964 |
+----------------------------------------+------------+--------------+-----------+-----------+
