--------------------------------------------------------------------------------
CPU name:	Intel(R) Xeon(R) CPU E5-2670 v3 @ 2.30GHz
CPU type:	Intel Xeon Haswell EN/EP/EX processor
CPU clock:	2.30 GHz
--------------------------------------------------------------------------------
Group 1: POWERPERF
+--------------------------------+---------+--------------+--------------+--------------+--------------+--------------+--------------+----------+-------------+------------+-----------+-----------+---------+--------------+--------------+--------------+--------------+--------------+--------------+----------+-------------+------------+-----------+------------+-----------+
|              Event             | Counter |    Core 0    |    Core 1    |    Core 2    |    Core 3    |    Core 4    |    Core 5    |  Core 6  |    Core 7   |   Core 8   |   Core 9  |  Core 10  | Core 11 |    Core 12   |    Core 13   |    Core 14   |    Core 15   |    Core 16   |    Core 17   |  Core 18 |   Core 19   |   Core 20  |  Core 21  |   Core 22  |  Core 23  |
+--------------------------------+---------+--------------+--------------+--------------+--------------+--------------+--------------+----------+-------------+------------+-----------+-----------+---------+--------------+--------------+--------------+--------------+--------------+--------------+----------+-------------+------------+-----------+------------+-----------+
|        INSTR_RETIRED_ANY       |  FIXC0  | 133556487398 | 135437541844 | 134652030549 | 134043294035 | 134721852500 | 133487227449 | 28792270 | 16173913556 |  693495506 |  20153340 | 346258549 |    9662 | 133263740770 | 133724632709 | 134678892161 | 133013755687 | 134450157721 | 133813256194 |  6537039 | 15191721979 | 3546554254 |  66435980 | 2260917452 | 108501763 |
|      CPU_CLK_UNHALTED_CORE     |  FIXC1  | 146285279532 | 146409019867 | 146073297846 | 146424188213 | 146503981217 | 146489506847 | 26916459 | 13297158050 | 2127109365 |  72169114 | 234676176 |   40010 | 146315248330 | 146340793326 | 146305978779 | 146345763206 | 146268058616 | 146243791176 | 13082764 | 11729907936 | 4050803951 | 241234169 | 1509751437 |  73326164 |
|      CPU_CLK_UNHALTED_REF      |  FIXC2  | 146319338579 | 146458855567 | 146083249329 | 146464321379 | 146518537048 | 146511132773 | 50132663 | 13388937560 | 2143483781 | 125210666 | 429582178 |   66953 | 146334375542 | 146374032671 | 146308844139 | 146370441957 | 146294368422 | 146278069058 | 24945961 | 12270604029 | 4056188391 | 403319467 | 2649804194 | 121716368 |
|           FIXC1/FIXC0          |   CPI   |            0 |            0 |            0 |            0 |            0 |            0 |        0 |           0 |          0 |         0 |         0 |       0 |            0 |            0 |            0 |            0 |            0 |            0 |        0 |           0 |          0 |         0 |          0 |         0 |
|  OFFCORE_RESPONSE_0_LOCAL_DRAM |   PMC0  |   3349132003 |   3341790626 |   3334946839 |   3335707465 |   3402620012 |   3165372570 |   503902 |    12719599 |    9898068 |    293788 |    280505 |       0 |   3178355870 |   3357021238 |   3332832304 |   3334700685 |   3389088181 |   3387250989 |    92161 |    24314707 |    9990881 |    897417 |    3844629 |    133528 |
| OFFCORE_RESPONSE_1_REMOTE_DRAM |   PMC1  |      1500047 |       579128 |       295300 |       261940 |       376929 |    218083869 |    23804 |    24510486 |    6778234 |    257344 |    476076 |       0 |    151004401 |       150784 |       358743 |        98591 |       163975 |      1676189 |    90467 |     7588495 |   10281777 |   1280737 |     949530 |     53712 |
|  MEM_LOAD_UOPS_RETIRED_L3_ALL  |   PMC2  |    874967231 |    864933697 |    870863903 |    874583535 |    862623488 |    860223847 |    15449 |    14661241 |    4907235 |    167084 |    287184 |     125 |    876328134 |    868163998 |    873932633 |    872771078 |    850484909 |    854504379 |    26829 |    13636749 |    6858034 |    616271 |    1847931 |    137019 |
|  MEM_LOAD_UOPS_RETIRED_L3_MISS |   PMC3  |    291205412 |    289613620 |    291545174 |    291858989 |    290907710 |    290349398 |     6560 |     8236969 |    3630266 |    117726 |    161601 |      10 |    291373901 |    289681066 |    290794493 |    288833685 |    286720856 |    288191260 |    24710 |     7196393 |    4456048 |    446757 |    1025804 |     38508 |
|      L2_TRANS_ALL_REQUESTS     |   PMC4  |  32794737030 |  32752107042 |  32734809933 |  32739142577 |  32761006804 |  32716871673 |  3289706 |   546489617 |   72979714 |   2658787 |  11311706 |    3128 |  32711228512 |  32731254671 |  32713716145 |  32720801320 |  32687322921 |  32706496667 |   599140 |   502736917 |  158067685 |   9354536 |   72874920 |   3631218 |
|          L2_RQSTS_MISS         |   PMC5  |  11554143804 |  11506075812 |  11517900269 |  11518561039 |  11464222956 |  11459946789 |   807101 |    70050448 |   22788722 |    911832 |   1330771 |    1395 |  11541667567 |  11521939587 |  11537024513 |  11539029045 |  11460696607 |  11473056626 |   199093 |    64588598 |   31727005 |   3235198 |    8535616 |    579157 |
|        UOPS_RETIRED_ALL        |   PMC6  | 141896021455 | 144878899193 | 143683130185 | 142692114978 | 143711556372 | 141807751732 | 42216455 | 18518433169 |  815713443 |  33044997 | 392658729 |   13845 | 141462291097 | 142172056510 | 143670054741 | 141063812787 | 143334526043 | 142337198268 |  8093480 | 17387077954 | 4042660349 |  96879355 | 2562121931 | 131086387 |
|            TEMP_CORE           |   TMP0  |           41 |           41 |           40 |           39 |           39 |           40 |       40 |          39 |         38 |        38 |        38 |      41 |           40 |           44 |           43 |           45 |           46 |           43 |       43 |          43 |         40 |        40 |         39 |        38 |
|         PWR_PKG_ENERGY         |   PWR0  |    4726.1833 |            0 |            0 |            0 |            0 |            0 |        0 |           0 |          0 |         0 |         0 |       0 |    5087.6572 |            0 |            0 |            0 |            0 |            0 |        0 |           0 |          0 |         0 |          0 |         0 |
|         PWR_PP0_ENERGY         |   PWR1  |            0 |            0 |            0 |            0 |            0 |            0 |        0 |           0 |          0 |         0 |         0 |       0 |            0 |            0 |            0 |            0 |            0 |            0 |        0 |           0 |          0 |         0 |          0 |         0 |
|         PWR_DRAM_ENERGY        |   PWR3  |    1203.8379 |            0 |            0 |            0 |            0 |            0 |        0 |           0 |          0 |         0 |         0 |       0 |    1240.9724 |            0 |            0 |            0 |            0 |            0 |        0 |           0 |          0 |         0 |          0 |         0 |
|          CAS_COUNT_RD          | MBOX0C0 |   9810084967 |            0 |            0 |            0 |            0 |            0 |        0 |           0 |          0 |         0 |         0 |       0 |   9818220889 |            0 |            0 |            0 |            0 |            0 |        0 |           0 |          0 |         0 |          0 |         0 |
|          CAS_COUNT_WR          | MBOX0C1 |   2705755143 |            0 |            0 |            0 |            0 |            0 |        0 |           0 |          0 |         0 |         0 |       0 |   2755956569 |            0 |            0 |            0 |            0 |            0 |        0 |           0 |          0 |         0 |          0 |         0 |
|          CAS_COUNT_RD          | MBOX1C0 |   9810414372 |            0 |            0 |            0 |            0 |            0 |        0 |           0 |          0 |         0 |         0 |       0 |   9822219343 |            0 |            0 |            0 |            0 |            0 |        0 |           0 |          0 |         0 |          0 |         0 |
|          CAS_COUNT_WR          | MBOX1C1 |   2708874316 |            0 |            0 |            0 |            0 |            0 |        0 |           0 |          0 |         0 |         0 |       0 |   2759943966 |            0 |            0 |            0 |            0 |            0 |        0 |           0 |          0 |         0 |          0 |         0 |
|          CAS_COUNT_RD          | MBOX2C0 |            0 |            0 |            0 |            0 |            0 |            0 |        0 |           0 |          0 |         0 |         0 |       0 |            0 |            0 |            0 |            0 |            0 |            0 |        0 |           0 |          0 |         0 |          0 |         0 |
|          CAS_COUNT_WR          | MBOX2C1 |            0 |            0 |            0 |            0 |            0 |            0 |        0 |           0 |          0 |         0 |         0 |       0 |            0 |            0 |            0 |            0 |            0 |            0 |        0 |           0 |          0 |         0 |          0 |         0 |
|          CAS_COUNT_RD          | MBOX3C0 |            0 |            0 |            0 |            0 |            0 |            0 |        0 |           0 |          0 |         0 |         0 |       0 |            0 |            0 |            0 |            0 |            0 |            0 |        0 |           0 |          0 |         0 |          0 |         0 |
|          CAS_COUNT_WR          | MBOX3C1 |            0 |            0 |            0 |            0 |            0 |            0 |        0 |           0 |          0 |         0 |         0 |       0 |            0 |            0 |            0 |            0 |            0 |            0 |        0 |           0 |          0 |         0 |          0 |         0 |
|          CAS_COUNT_RD          | MBOX4C0 |   9809266411 |            0 |            0 |            0 |            0 |            0 |        0 |           0 |          0 |         0 |         0 |       0 |   9820466376 |            0 |            0 |            0 |            0 |            0 |        0 |           0 |          0 |         0 |          0 |         0 |
|          CAS_COUNT_WR          | MBOX4C1 |   2707242365 |            0 |            0 |            0 |            0 |            0 |        0 |           0 |          0 |         0 |         0 |       0 |   2758411491 |            0 |            0 |            0 |            0 |            0 |        0 |           0 |          0 |         0 |          0 |         0 |
|          CAS_COUNT_RD          | MBOX5C0 |   9811450809 |            0 |            0 |            0 |            0 |            0 |        0 |           0 |          0 |         0 |         0 |       0 |   9824766826 |            0 |            0 |            0 |            0 |            0 |        0 |           0 |          0 |         0 |          0 |         0 |
|          CAS_COUNT_WR          | MBOX5C1 |   2711006788 |            0 |            0 |            0 |            0 |            0 |        0 |           0 |          0 |         0 |         0 |       0 |   2761909309 |            0 |            0 |            0 |            0 |            0 |        0 |           0 |          0 |         0 |          0 |         0 |
|          CAS_COUNT_RD          | MBOX6C0 |            0 |            0 |            0 |            0 |            0 |            0 |        0 |           0 |          0 |         0 |         0 |       0 |            0 |            0 |            0 |            0 |            0 |            0 |        0 |           0 |          0 |         0 |          0 |         0 |
|          CAS_COUNT_WR          | MBOX6C1 |            0 |            0 |            0 |            0 |            0 |            0 |        0 |           0 |          0 |         0 |         0 |       0 |            0 |            0 |            0 |            0 |            0 |            0 |        0 |           0 |          0 |         0 |          0 |         0 |
|          CAS_COUNT_RD          | MBOX7C0 |            0 |            0 |            0 |            0 |            0 |            0 |        0 |           0 |          0 |         0 |         0 |       0 |            0 |            0 |            0 |            0 |            0 |            0 |        0 |           0 |          0 |         0 |          0 |         0 |
|          CAS_COUNT_WR          | MBOX7C1 |            0 |            0 |            0 |            0 |            0 |            0 |        0 |           0 |          0 |         0 |         0 |       0 |            0 |            0 |            0 |            0 |            0 |            0 |        0 |           0 |          0 |         0 |          0 |         0 |
+--------------------------------+---------+--------------+--------------+--------------+--------------+--------------+--------------+----------+-------------+------------+-----------+-----------+---------+--------------+--------------+--------------+--------------+--------------+--------------+----------+-------------+------------+-----------+------------+-----------+
+-------------------------------------+---------+---------------+-------+--------------+--------------+
|                Event                | Counter |      Sum      |  Min  |      Max     |      Avg     |
+-------------------------------------+---------+---------------+-------+--------------+--------------+
|        INSTR_RETIRED_ANY STAT       |  FIXC0  | 1647286160367 |  9662 | 135437541844 | 6.863692e+10 |
|      CPU_CLK_UNHALTED_CORE STAT     |  FIXC1  | 1789381082550 | 40010 | 146503981217 | 7.455755e+10 |
|      CPU_CLK_UNHALTED_REF STAT      |  FIXC2  | 1791979558675 | 66953 | 146518537048 | 7.466581e+10 |
|           FIXC1/FIXC0 STAT          |   CPI   |             0 |     0 |            0 |            0 |
|  OFFCORE_RESPONSE_0_LOCAL_DRAM STAT |   PMC0  |   39971787967 |     0 |   3402620012 | 1.665491e+09 |
| OFFCORE_RESPONSE_1_REMOTE_DRAM STAT |   PMC1  |     426840558 |     0 |    218083869 | 1.778502e+07 |
|  MEM_LOAD_UOPS_RETIRED_L3_ALL STAT  |   PMC2  |   10447541983 |   125 |    876328134 | 4.353142e+08 |
|  MEM_LOAD_UOPS_RETIRED_L3_MISS STAT |   PMC3  |    3506416916 |    10 |    291858989 | 1.461007e+08 |
|      L2_TRANS_ALL_REQUESTS STAT     |   PMC4  |  394153492369 |  3128 |  32794737030 | 1.642306e+10 |
|          L2_RQSTS_MISS STAT         |   PMC5  |  138299019550 |  1395 |  11554143804 | 5.762459e+09 |
|        UOPS_RETIRED_ALL STAT        |   PMC6  | 1756739413455 | 13845 | 144878899193 | 7.319748e+10 |
|            TEMP_CORE STAT           |   TMP0  |           978 |    38 |           46 |      40.7500 |
|         PWR_PKG_ENERGY STAT         |   PWR0  |     9813.8405 |     0 |    5087.6572 |     408.9100 |
|         PWR_PP0_ENERGY STAT         |   PWR1  |             0 |     0 |            0 |            0 |
|         PWR_DRAM_ENERGY STAT        |   PWR3  |     2444.8103 |     0 |    1240.9724 |     101.8671 |
|          CAS_COUNT_RD STAT          | MBOX0C0 |   19628305856 |     0 |   9818220889 | 8.178461e+08 |
|          CAS_COUNT_WR STAT          | MBOX0C1 |    5461711712 |     0 |   2755956569 | 2.275713e+08 |
|          CAS_COUNT_RD STAT          | MBOX1C0 |   19632633715 |     0 |   9822219343 | 8.180264e+08 |
|          CAS_COUNT_WR STAT          | MBOX1C1 |    5468818282 |     0 |   2759943966 | 2.278674e+08 |
|          CAS_COUNT_RD STAT          | MBOX2C0 |             0 |     0 |            0 |            0 |
|          CAS_COUNT_WR STAT          | MBOX2C1 |             0 |     0 |            0 |            0 |
|          CAS_COUNT_RD STAT          | MBOX3C0 |             0 |     0 |            0 |            0 |
|          CAS_COUNT_WR STAT          | MBOX3C1 |             0 |     0 |            0 |            0 |
|          CAS_COUNT_RD STAT          | MBOX4C0 |   19629732787 |     0 |   9820466376 | 8.179055e+08 |
|          CAS_COUNT_WR STAT          | MBOX4C1 |    5465653856 |     0 |   2758411491 | 2.277356e+08 |
|          CAS_COUNT_RD STAT          | MBOX5C0 |   19636217635 |     0 |   9824766826 | 8.181757e+08 |
|          CAS_COUNT_WR STAT          | MBOX5C1 |    5472916097 |     0 |   2761909309 | 2.280382e+08 |
|          CAS_COUNT_RD STAT          | MBOX6C0 |             0 |     0 |            0 |            0 |
|          CAS_COUNT_WR STAT          | MBOX6C1 |             0 |     0 |            0 |            0 |
|          CAS_COUNT_RD STAT          | MBOX7C0 |             0 |     0 |            0 |            0 |
|          CAS_COUNT_WR STAT          | MBOX7C1 |             0 |     0 |            0 |            0 |
+-------------------------------------+---------+---------------+-------+--------------+--------------+
+-----------------------------------+------------+-----------+-----------+-----------+-----------+-----------+-----------+-----------+-----------+-----------+-----------+--------------+------------+--------------+-----------+--------------+--------------+-----------+-----------+-----------+-----------+-----------+-----------+-----------+
|               Metric              |   Core 0   |   Core 1  |   Core 2  |   Core 3  |   Core 4  |   Core 5  |   Core 6  |   Core 7  |   Core 8  |   Core 9  |  Core 10  |    Core 11   |   Core 12  |    Core 13   |  Core 14  |    Core 15   |    Core 16   |  Core 17  |  Core 18  |  Core 19  |  Core 20  |  Core 21  |  Core 22  |  Core 23  |
+-----------------------------------+------------+-----------+-----------+-----------+-----------+-----------+-----------+-----------+-----------+-----------+-----------+--------------+------------+--------------+-----------+--------------+--------------+-----------+-----------+-----------+-----------+-----------+-----------+-----------+
|        Runtime (RDTSC) [s]        |    64.3875 |   64.3875 |   64.3875 |   64.3875 |   64.3875 |   64.3875 |   64.3875 |   64.3875 |   64.3875 |   64.3875 |   64.3875 |      64.3875 |    64.3875 |      64.3875 |   64.3875 |      64.3875 |      64.3875 |   64.3875 |   64.3875 |   64.3875 |   64.3875 |   64.3875 |   64.3875 |   64.3875 |
|        Runtime unhalted [s]       |    63.6024 |   63.6562 |   63.5102 |   63.6627 |   63.6974 |   63.6911 |    0.0117 |    5.7814 |    0.9248 |    0.0314 |    0.1020 | 1.739567e-05 |    63.6154 |      63.6265 |   63.6114 |      63.6287 |      63.5949 |   63.5843 |    0.0057 |    5.1000 |    1.7612 |    0.1049 |    0.6564 |    0.0319 |
|            Clock [MHz]            |  2299.4625 | 2299.2153 | 2299.8412 | 2299.3677 | 2299.7694 | 2299.6584 | 1234.8795 | 2284.2317 | 2282.4278 | 1325.6763 | 1256.4644 |    1374.4405 |  2299.6973 |    2299.4756 | 2299.9529 |    2299.6101 |    2299.5843 | 2299.4589 | 1206.2205 | 2198.6500 | 2296.9447 | 1375.6789 | 1310.4459 | 1385.5986 |
|                CPI                |     1.0953 |    1.0810 |    1.0848 |    1.0924 |    1.0875 |    1.0974 |    0.9349 |    0.8221 |    3.0672 |    3.5810 |    0.6777 |       4.1410 |     1.0979 |       1.0943 |    1.0863 |       1.1002 |       1.0879 |    1.0929 |    2.0013 |    0.7721 |    1.1422 |    3.6311 |    0.6678 |    0.6758 |
|   Local DRAM data volume [GByte]  |   214.3444 |  213.8746 |  213.4366 |  213.4853 |  217.7677 |  202.5838 |    0.0322 |    0.8141 |    0.6335 |    0.0188 |    0.0180 |            0 |   203.4148 |     214.8494 |  213.3013 |     213.4208 |     216.9016 |  216.7841 |    0.0059 |    1.5561 |    0.6394 |    0.0574 |    0.2461 |    0.0085 |
|   Local DRAM bandwidth [MByte/s]  |  3328.9745 | 3321.6773 | 3314.8747 | 3315.6308 | 3382.1406 | 3146.3211 |    0.5009 |   12.6430 |    9.8385 |    0.2920 |    0.2788 |            0 |  3159.2262 |    3336.8163 | 3312.7729 |    3314.6301 |    3368.6902 | 3366.8641 |    0.0916 |   24.1684 |    9.9307 |    0.8920 |    3.8215 |    0.1327 |
|  Remote DRAM data volume [GByte]  |     0.0960 |    0.0371 |    0.0189 |    0.0168 |    0.0241 |   13.9574 |    0.0015 |    1.5687 |    0.4338 |    0.0165 |    0.0305 |            0 |     9.6643 |       0.0097 |    0.0230 |       0.0063 |       0.0105 |    0.1073 |    0.0058 |    0.4857 |    0.6580 |    0.0820 |    0.0608 |    0.0034 |
|  Remote DRAM bandwidth [MByte/s]  |     1.4910 |    0.5756 |    0.2935 |    0.2604 |    0.3747 |  216.7713 |    0.0237 |   24.3630 |    6.7374 |    0.2558 |    0.4732 |            0 |   150.0955 |       0.1499 |    0.3566 |       0.0980 |       0.1630 |    1.6661 |    0.0899 |    7.5428 |   10.2199 |    1.2730 |    0.9438 |    0.0534 |
|     Memory data volume [GByte]    |   214.4405 |  213.9117 |  213.4555 |  213.5020 |  217.7918 |  216.5412 |    0.0338 |    2.3827 |    1.0673 |    0.0353 |    0.0484 |            0 |   213.0791 |     214.8590 |  213.3242 |     213.4272 |     216.9121 |  216.8913 |    0.0117 |    2.0418 |    1.2975 |    0.1394 |    0.3068 |    0.0120 |
|     Memory bandwidth [MByte/s]    |  3330.4655 | 3322.2530 | 3315.1683 | 3315.8912 | 3382.5153 | 3363.0924 |    0.5245 |   37.0060 |   16.5759 |    0.5478 |    0.7520 |            0 |  3309.3218 |    3336.9662 | 3313.1295 |    3314.7281 |    3368.8532 | 3368.5302 |    0.1815 |   31.7112 |   20.1506 |    2.1650 |    4.7653 |    0.1861 |
|          L3 request rate          |     3.0046 |    2.9865 |    2.9871 |    2.9966 |    2.9653 |    2.9627 |    2.3550 |    1.7799 |    1.3518 |    1.4193 |    1.7771 |      12.5000 |     3.0076 |       2.9970 |    3.0053 |       3.0217 |       2.9662 |    2.9651 |    1.0858 |    1.8949 |    1.5390 |    1.3794 |    1.8014 |    3.5582 |
|            L3 miss rate           |     0.0017 |    0.0007 |    0.0003 |    0.0003 |    0.0004 |    0.2535 |    1.5408 |    1.6718 |    1.3813 |    1.5402 |    1.6577 |            0 |     0.1723 |       0.0002 |    0.0004 |       0.0001 |       0.0002 |    0.0020 |    3.3720 |    0.5565 |    1.4992 |    2.0782 |    0.5138 |    0.3920 |
|           L3 miss ratio           |     0.0004 |    0.0002 |    0.0001 |    0.0001 |    0.0001 |    0.0689 |    0.0472 |    1.9270 |    0.6848 |    0.8760 |    1.6972 |      nan     |     0.0475 | 4.491601e-05 |    0.0001 | 2.956517e-05 | 4.838322e-05 |    0.0005 |    0.9816 |    0.3121 |    1.0291 |    1.4271 |    0.2470 |    0.4023 |
|          L2 request rate          |     0.2455 |    0.2418 |    0.2431 |    0.2442 |    0.2432 |    0.2451 |    0.1143 |    0.0338 |    0.1052 |    0.1319 |    0.0327 |       0.3237 |     0.2455 |       0.2448 |    0.2429 |       0.2460 |       0.2431 |    0.2444 |    0.0917 |    0.0331 |    0.0446 |    0.1408 |    0.0322 |    0.0335 |
|            L2 miss rate           |     0.0865 |    0.0850 |    0.0855 |    0.0859 |    0.0851 |    0.0859 |    0.0280 |    0.0043 |    0.0329 |    0.0452 |    0.0038 |       0.1444 |     0.0866 |       0.0862 |    0.0857 |       0.0868 |       0.0852 |    0.0857 |    0.0305 |    0.0043 |    0.0089 |    0.0487 |    0.0038 |    0.0053 |
|           L2 miss ratio           |     0.3523 |    0.3513 |    0.3519 |    0.3518 |    0.3499 |    0.3503 |    0.2453 |    0.1282 |    0.3123 |    0.3430 |    0.1176 |       0.4460 |     0.3528 |       0.3520 |    0.3527 |       0.3527 |       0.3506 |    0.3508 |    0.3323 |    0.1285 |    0.2007 |    0.3458 |    0.1171 |    0.1595 |
|  Memory read bandwidth [MBytes/s] | 39005.0348 |         0 |         0 |         0 |         0 |         0 |         0 |         0 |         0 |         0 |         0 |            0 | 39049.2241 |            0 |         0 |            0 |            0 |         0 |         0 |         0 |         0 |         0 |         0 |         0 |
|  Memory read data volume [GBytes] |  2511.4379 |         0 |         0 |         0 |         0 |         0 |         0 |         0 |         0 |         0 |         0 |            0 |  2514.2831 |            0 |         0 |            0 |            0 |         0 |         0 |         0 |         0 |         0 |         0 |         0 |
| Memory write bandwidth [MBytes/s] | 10767.6786 |         0 |         0 |         0 |         0 |         0 |         0 |         0 |         0 |         0 |         0 |            0 | 10969.7975 |            0 |         0 |            0 |            0 |         0 |         0 |         0 |         0 |         0 |         0 |         0 |
| Memory write data volume [GBytes] |   693.3042 |         0 |         0 |         0 |         0 |         0 |         0 |         0 |         0 |         0 |         0 |            0 |   706.3182 |            0 |         0 |            0 |            0 |         0 |         0 |         0 |         0 |         0 |         0 |         0 |
|    Memory bandwidth [MBytes/s]    | 49772.7134 |         0 |         0 |         0 |         0 |         0 |         0 |         0 |         0 |         0 |         0 |            0 | 50019.0216 |            0 |         0 |            0 |            0 |         0 |         0 |         0 |         0 |         0 |         0 |         0 |
|    Memory data volume [GBytes]    |  3204.7421 |         0 |         0 |         0 |         0 |         0 |         0 |         0 |         0 |         0 |         0 |            0 |  3220.6013 |            0 |         0 |            0 |            0 |         0 |         0 |         0 |         0 |         0 |         0 |         0 |
|          Temperature [C]          |         41 |        41 |        40 |        39 |        39 |        40 |        40 |        39 |        38 |        38 |        38 |           41 |         40 |           44 |        43 |           45 |           46 |        43 |        43 |        43 |        40 |        40 |        39 |        38 |
|             Energy [J]            |  4726.1833 |         0 |         0 |         0 |         0 |         0 |         0 |         0 |         0 |         0 |         0 |            0 |  5087.6572 |            0 |         0 |            0 |            0 |         0 |         0 |         0 |         0 |         0 |         0 |         0 |
|             Power [W]             |    73.4022 |         0 |         0 |         0 |         0 |         0 |         0 |         0 |         0 |         0 |         0 |            0 |    79.0162 |            0 |         0 |            0 |            0 |         0 |         0 |         0 |         0 |         0 |         0 |         0 |
|           Energy PP0 [J]          |          0 |         0 |         0 |         0 |         0 |         0 |         0 |         0 |         0 |         0 |         0 |            0 |          0 |            0 |         0 |            0 |            0 |         0 |         0 |         0 |         0 |         0 |         0 |         0 |
|           Power PP0 [W]           |          0 |         0 |         0 |         0 |         0 |         0 |         0 |         0 |         0 |         0 |         0 |            0 |          0 |            0 |         0 |            0 |            0 |         0 |         0 |         0 |         0 |         0 |         0 |         0 |
|          Energy DRAM [J]          |  1203.8379 |         0 |         0 |         0 |         0 |         0 |         0 |         0 |         0 |         0 |         0 |            0 |  1240.9724 |            0 |         0 |            0 |            0 |         0 |         0 |         0 |         0 |         0 |         0 |         0 |
|           Power DRAM [W]          |    18.6968 |         0 |         0 |         0 |         0 |         0 |         0 |         0 |         0 |         0 |         0 |            0 |    19.2735 |            0 |         0 |            0 |            0 |         0 |         0 |         0 |         0 |         0 |         0 |         0 |
+-----------------------------------+------------+-----------+-----------+-----------+-----------+-----------+-----------+-----------+-----------+-----------+-----------+--------------+------------+--------------+-----------+--------------+--------------+-----------+-----------+-----------+-----------+-----------+-----------+-----------+
+----------------------------------------+------------+--------------+------------+-----------+
|                 Metric                 |     Sum    |      Min     |     Max    |    Avg    |
+----------------------------------------+------------+--------------+------------+-----------+
|        Runtime (RDTSC) [s] STAT        |  1545.3000 |      64.3875 |    64.3875 |   64.3875 |
|        Runtime unhalted [s] STAT       |   777.9926 | 1.739567e-05 |    63.6974 |   32.4164 |
|            Clock [MHz] STAT            | 47126.7524 |    1206.2205 |  2299.9529 | 1963.6147 |
|                CPI STAT                |    35.2121 |       0.6678 |     4.1410 |    1.4672 |
|   Local DRAM data volume [GByte] STAT  |  2558.1944 |            0 |   217.7677 |  106.5914 |
|   Local DRAM bandwidth [MByte/s] STAT  | 39731.2089 |            0 |  3382.1406 | 1655.4670 |
|  Remote DRAM data volume [GByte] STAT  |    27.3181 |            0 |    13.9574 |    1.1383 |
|  Remote DRAM bandwidth [MByte/s] STAT  |   424.2715 |            0 |   216.7713 |   17.6780 |
|     Memory data volume [GByte] STAT    |  2585.5123 |            0 |   217.7918 |  107.7297 |
|     Memory bandwidth [MByte/s] STAT    | 40155.4806 |            0 |  3382.5153 | 1673.1450 |
|          L3 request rate STAT          |    68.3075 |       1.0858 |    12.5000 |    2.8461 |
|            L3 miss rate STAT           |    16.6356 |            0 |     3.3720 |    0.6932 |
|           L3 miss ratio STAT           |     4.4474 |            0 |     1.4271 |    0.1853 |
|          L2 request rate STAT          |     4.0471 |       0.0322 |     0.3237 |    0.1686 |
|            L2 miss rate STAT           |     1.3902 |       0.0038 |     0.1444 |    0.0579 |
|           L2 miss ratio STAT           |     7.0954 |       0.1171 |     0.4460 |    0.2956 |
|  Memory read bandwidth [MBytes/s] STAT | 78054.2589 |            0 | 39049.2241 | 3252.2608 |
|  Memory read data volume [GBytes] STAT |  5025.7210 |            0 |  2514.2831 |  209.4050 |
| Memory write bandwidth [MBytes/s] STAT | 21737.4761 |            0 | 10969.7975 |  905.7282 |
| Memory write data volume [GBytes] STAT |  1399.6224 |            0 |   706.3182 |   58.3176 |
|    Memory bandwidth [MBytes/s] STAT    | 99791.7350 |            0 | 50019.0216 | 4157.9890 |
|    Memory data volume [GBytes] STAT    |  6425.3434 |            0 |  3220.6013 |  267.7226 |
|          Temperature [C] STAT          |        978 |           38 |         46 |   40.7500 |
|             Energy [J] STAT            |  9813.8405 |            0 |  5087.6572 |  408.9100 |
|             Power [W] STAT             |   152.4184 |            0 |    79.0162 |    6.3508 |
|           Energy PP0 [J] STAT          |          0 |            0 |          0 |         0 |
|           Power PP0 [W] STAT           |          0 |            0 |          0 |         0 |
|          Energy DRAM [J] STAT          |  2444.8103 |            0 |  1240.9724 |  101.8671 |
|           Power DRAM [W] STAT          |    37.9703 |            0 |    19.2735 |    1.5821 |
+----------------------------------------+------------+--------------+------------+-----------+
