--------------------------------------------------------------------------------
CPU name:	Intel(R) Xeon(R) CPU E5-2670 v3 @ 2.30GHz
CPU type:	Intel Xeon Haswell EN/EP/EX processor
CPU clock:	2.30 GHz
--------------------------------------------------------------------------------
Group 1: POWERPERF
+--------------------------------+---------+--------------+--------------+--------------+--------------+--------------+--------------+--------------+--------------+--------------+--------------+--------------+--------------+--------------+--------------+--------------+--------------+--------------+--------------+--------------+--------------+--------------+--------------+--------------+--------------+
|              Event             | Counter |    Core 0    |    Core 1    |    Core 2    |    Core 3    |    Core 4    |    Core 5    |    Core 6    |    Core 7    |    Core 8    |    Core 9    |    Core 10   |    Core 11   |    Core 12   |    Core 13   |    Core 14   |    Core 15   |    Core 16   |    Core 17   |    Core 18   |    Core 19   |    Core 20   |    Core 21   |    Core 22   |    Core 23   |
+--------------------------------+---------+--------------+--------------+--------------+--------------+--------------+--------------+--------------+--------------+--------------+--------------+--------------+--------------+--------------+--------------+--------------+--------------+--------------+--------------+--------------+--------------+--------------+--------------+--------------+--------------+
|        INSTR_RETIRED_ANY       |  FIXC0  | 134679208260 | 136128386224 | 135466511734 | 135630429491 | 135504340629 | 133984639976 | 338128384677 | 339288917595 | 339316038393 | 338929125976 | 339387705490 | 339237850457 | 132480861384 | 133537907240 | 135138258281 | 135854826302 | 134742604887 | 135385672177 | 338413752058 | 338780345411 | 338327046099 | 338162716107 | 337317098050 | 338132118508 |
|      CPU_CLK_UNHALTED_CORE     |  FIXC1  | 148603025000 | 148704257032 | 148726219376 | 148720823381 | 148781828124 | 148780575732 | 149259448676 | 149485031726 | 149488873318 | 149471776170 | 149490185737 | 149477745084 | 148686561356 | 148718476448 | 148592090980 | 148481321604 | 148600949681 | 148489481185 | 149214975234 | 149242846131 | 149244632006 | 149237177671 | 149239389136 | 149210835112 |
|      CPU_CLK_UNHALTED_REF      |  FIXC2  | 148637699295 | 148726862866 | 148755237069 | 148758039044 | 148819019036 | 148818794326 | 149259466046 | 149485079509 | 149488901649 | 149471780035 | 149490197239 | 149477773237 | 148735776907 | 148735568757 | 148617008426 | 148520992166 | 148640470818 | 148525919686 | 149214993752 | 149242900687 | 149244671296 | 149237190362 | 149239426261 | 149210876775 |
|           FIXC1/FIXC0          |   CPI   |            0 |            0 |            0 |            0 |            0 |            0 |            0 |            0 |            0 |            0 |            0 |            0 |            0 |            0 |            0 |            0 |            0 |            0 |            0 |            0 |            0 |            0 |            0 |            0 |
|  OFFCORE_RESPONSE_0_LOCAL_DRAM |   PMC0  |   3352594834 |   3335122541 |   3344043990 |   3319338489 |   3382800084 |   3115349553 |     17518784 |     17005269 |     17277609 |     17046993 |     17098783 |     16734463 |   3117971243 |   3343173824 |   3343617625 |   3310732247 |   3389110730 |   3373664157 |     16731825 |     16771088 |     16732834 |     13621012 |     15512638 |     13535978 |
| OFFCORE_RESPONSE_1_REMOTE_DRAM |   PMC1  |      1776950 |       704019 |       419929 |       324286 |       479058 |    253170807 |       497063 |       322411 |       274463 |       454405 |       276122 |       650969 |    205251411 |       143260 |        92195 |       201465 |        76003 |      1457300 |       786146 |       700335 |       680829 |      3801042 |      4377278 |      3764650 |
|  MEM_LOAD_UOPS_RETIRED_L3_ALL  |   PMC2  |    860947041 |    861161231 |    858924957 |    873232032 |    842746752 |    847224818 |      7811366 |      7864859 |      7896529 |      7874637 |      7907040 |      7839616 |    869738881 |    853282650 |    857316430 |    866565046 |    844715338 |    839736043 |      7795019 |      7864925 |      7849650 |      7820534 |      8389695 |      7814269 |
|  MEM_LOAD_UOPS_RETIRED_L3_MISS |   PMC3  |    285892066 |    286767576 |    286785173 |    288836648 |    283033832 |    283231416 |      4218442 |      4221251 |      4245924 |      4230830 |      4256143 |      4209698 |    286459869 |    282455520 |    283466366 |    284776160 |    282712638 |    281754898 |      4214546 |      4265605 |      4251907 |      4224393 |      4797750 |      4212810 |
|      L2_TRANS_ALL_REQUESTS     |   PMC4  |  32803157824 |  32776937786 |  32756753827 |  32779748153 |  32732081048 |  32728336585 |    176399464 |    169328124 |    164719325 |    164022149 |    163767428 |    165016129 |  32749255558 |  32708533636 |  32755472202 |  32715485053 |  32730922902 |  32691057666 |    170064611 |    169670743 |    164133502 |    164564643 |    176568172 |    164013579 |
|          L2_RQSTS_MISS         |   PMC5  |  11534492135 |  11526223722 |  11513447089 |  11547915212 |  11450106728 |  11466576489 |     31053754 |     30260805 |     30355636 |     30363492 |     30236836 |     30326046 |  11553312332 |  11503171250 |  11531724252 |  11542807538 |  11468402381 |  11460207028 |     30585538 |     30383729 |     30395138 |     30294634 |     32780210 |     30150781 |
|        UOPS_RETIRED_ALL        |   PMC6  | 143764380083 | 146112198600 | 145060103230 | 145325270822 | 145067936898 | 142712084740 | 404087034219 | 405394453520 | 405427272671 | 404998230259 | 405512713893 | 405353371957 | 140312051310 | 141987983256 | 144526786379 | 145683554545 | 143917145716 | 144946249600 | 404379584346 | 404782510228 | 404278706597 | 404077781055 | 403086739584 | 404036914789 |
|            TEMP_CORE           |   TMP0  |           44 |           45 |           43 |           39 |           42 |           45 |           46 |           46 |           45 |           47 |           46 |           47 |           44 |           47 |           45 |           47 |           50 |           48 |           50 |           49 |           48 |           50 |           47 |           45 |
|         PWR_PKG_ENERGY         |   PWR0  |    6073.5081 |            0 |            0 |            0 |            0 |            0 |            0 |            0 |            0 |            0 |            0 |            0 |    6430.2619 |            0 |            0 |            0 |            0 |            0 |            0 |            0 |            0 |            0 |            0 |            0 |
|         PWR_PP0_ENERGY         |   PWR1  |            0 |            0 |            0 |            0 |            0 |            0 |            0 |            0 |            0 |            0 |            0 |            0 |            0 |            0 |            0 |            0 |            0 |            0 |            0 |            0 |            0 |            0 |            0 |            0 |
|         PWR_DRAM_ENERGY        |   PWR3  |    1209.1062 |            0 |            0 |            0 |            0 |            0 |            0 |            0 |            0 |            0 |            0 |            0 |    1245.9114 |            0 |            0 |            0 |            0 |            0 |            0 |            0 |            0 |            0 |            0 |            0 |
|          CAS_COUNT_RD          | MBOX0C0 |   9739715554 |            0 |            0 |            0 |            0 |            0 |            0 |            0 |            0 |            0 |            0 |            0 |   9767116648 |            0 |            0 |            0 |            0 |            0 |            0 |            0 |            0 |            0 |            0 |            0 |
|          CAS_COUNT_WR          | MBOX0C1 |   2682416187 |            0 |            0 |            0 |            0 |            0 |            0 |            0 |            0 |            0 |            0 |            0 |   2769375753 |            0 |            0 |            0 |            0 |            0 |            0 |            0 |            0 |            0 |            0 |            0 |
|          CAS_COUNT_RD          | MBOX1C0 |   9743236016 |            0 |            0 |            0 |            0 |            0 |            0 |            0 |            0 |            0 |            0 |            0 |   9769409653 |            0 |            0 |            0 |            0 |            0 |            0 |            0 |            0 |            0 |            0 |            0 |
|          CAS_COUNT_WR          | MBOX1C1 |   2685138730 |            0 |            0 |            0 |            0 |            0 |            0 |            0 |            0 |            0 |            0 |            0 |   2772457078 |            0 |            0 |            0 |            0 |            0 |            0 |            0 |            0 |            0 |            0 |            0 |
|          CAS_COUNT_RD          | MBOX2C0 |            0 |            0 |            0 |            0 |            0 |            0 |            0 |            0 |            0 |            0 |            0 |            0 |            0 |            0 |            0 |            0 |            0 |            0 |            0 |            0 |            0 |            0 |            0 |            0 |
|          CAS_COUNT_WR          | MBOX2C1 |            0 |            0 |            0 |            0 |            0 |            0 |            0 |            0 |            0 |            0 |            0 |            0 |            0 |            0 |            0 |            0 |            0 |            0 |            0 |            0 |            0 |            0 |            0 |            0 |
|          CAS_COUNT_RD          | MBOX3C0 |            0 |            0 |            0 |            0 |            0 |            0 |            0 |            0 |            0 |            0 |            0 |            0 |            0 |            0 |            0 |            0 |            0 |            0 |            0 |            0 |            0 |            0 |            0 |            0 |
|          CAS_COUNT_WR          | MBOX3C1 |            0 |            0 |            0 |            0 |            0 |            0 |            0 |            0 |            0 |            0 |            0 |            0 |            0 |            0 |            0 |            0 |            0 |            0 |            0 |            0 |            0 |            0 |            0 |            0 |
|          CAS_COUNT_RD          | MBOX4C0 |   9739829270 |            0 |            0 |            0 |            0 |            0 |            0 |            0 |            0 |            0 |            0 |            0 |   9769400105 |            0 |            0 |            0 |            0 |            0 |            0 |            0 |            0 |            0 |            0 |            0 |
|          CAS_COUNT_WR          | MBOX4C1 |   2684855198 |            0 |            0 |            0 |            0 |            0 |            0 |            0 |            0 |            0 |            0 |            0 |   2773322310 |            0 |            0 |            0 |            0 |            0 |            0 |            0 |            0 |            0 |            0 |            0 |
|          CAS_COUNT_RD          | MBOX5C0 |   9743925287 |            0 |            0 |            0 |            0 |            0 |            0 |            0 |            0 |            0 |            0 |            0 |   9772724167 |            0 |            0 |            0 |            0 |            0 |            0 |            0 |            0 |            0 |            0 |            0 |
|          CAS_COUNT_WR          | MBOX5C1 |   2687891713 |            0 |            0 |            0 |            0 |            0 |            0 |            0 |            0 |            0 |            0 |            0 |   2776306472 |            0 |            0 |            0 |            0 |            0 |            0 |            0 |            0 |            0 |            0 |            0 |
|          CAS_COUNT_RD          | MBOX6C0 |            0 |            0 |            0 |            0 |            0 |            0 |            0 |            0 |            0 |            0 |            0 |            0 |            0 |            0 |            0 |            0 |            0 |            0 |            0 |            0 |            0 |            0 |            0 |            0 |
|          CAS_COUNT_WR          | MBOX6C1 |            0 |            0 |            0 |            0 |            0 |            0 |            0 |            0 |            0 |            0 |            0 |            0 |            0 |            0 |            0 |            0 |            0 |            0 |            0 |            0 |            0 |            0 |            0 |            0 |
|          CAS_COUNT_RD          | MBOX7C0 |            0 |            0 |            0 |            0 |            0 |            0 |            0 |            0 |            0 |            0 |            0 |            0 |            0 |            0 |            0 |            0 |            0 |            0 |            0 |            0 |            0 |            0 |            0 |            0 |
|          CAS_COUNT_WR          | MBOX7C1 |            0 |            0 |            0 |            0 |            0 |            0 |            0 |            0 |            0 |            0 |            0 |            0 |            0 |            0 |            0 |            0 |            0 |            0 |            0 |            0 |            0 |            0 |            0 |            0 |
+--------------------------------+---------+--------------+--------------+--------------+--------------+--------------+--------------+--------------+--------------+--------------+--------------+--------------+--------------+--------------+--------------+--------------+--------------+--------------+--------------+--------------+--------------+--------------+--------------+--------------+--------------+
+-------------------------------------+---------+---------------+--------------+--------------+--------------+
|                Event                | Counter |      Sum      |      Min     |      Max     |      Avg     |
+-------------------------------------+---------+---------------+--------------+--------------+--------------+
|        INSTR_RETIRED_ANY STAT       |  FIXC0  | 5681954745406 | 132480861384 | 339387705490 | 2.367481e+11 |
|      CPU_CLK_UNHALTED_CORE STAT     |  FIXC1  | 3575948525900 | 148481321604 | 149490185737 | 1.489979e+11 |
|      CPU_CLK_UNHALTED_REF STAT      |  FIXC2  | 3576354645244 | 148520992166 | 149490197239 | 1.490148e+11 |
|           FIXC1/FIXC0 STAT          |   CPI   |             0 |            0 |            0 |            0 |
|  OFFCORE_RESPONSE_0_LOCAL_DRAM STAT |   PMC0  |   39923106593 |     13535978 |   3389110730 | 1.663463e+09 |
| OFFCORE_RESPONSE_1_REMOTE_DRAM STAT |   PMC1  |     480682396 |        76003 |    253170807 | 2.002843e+07 |
|  MEM_LOAD_UOPS_RETIRED_L3_ALL STAT  |   PMC2  |   10370319358 |      7795019 |    873232032 | 4.320966e+08 |
|  MEM_LOAD_UOPS_RETIRED_L3_MISS STAT |   PMC3  |    3467521461 |      4209698 |    288836648 | 1.444801e+08 |
|      L2_TRANS_ALL_REQUESTS STAT     |   PMC4  |  394940010109 |    163767428 |  32803157824 | 1.645583e+10 |
|          L2_RQSTS_MISS STAT         |   PMC5  |  138465572755 |     30150781 |  11553312332 | 5.769399e+09 |
|        UOPS_RETIRED_ALL STAT        |   PMC6  | 6584831058297 | 140312051310 | 405512713893 | 2.743680e+11 |
|            TEMP_CORE STAT           |   TMP0  |          1105 |           39 |           50 |      46.0417 |
|         PWR_PKG_ENERGY STAT         |   PWR0  |    12503.7700 |            0 |    6430.2619 |     520.9904 |
|         PWR_PP0_ENERGY STAT         |   PWR1  |             0 |            0 |            0 |            0 |
|         PWR_DRAM_ENERGY STAT        |   PWR3  |     2455.0176 |            0 |    1245.9114 |     102.2924 |
|          CAS_COUNT_RD STAT          | MBOX0C0 |   19506832202 |            0 |   9767116648 | 8.127847e+08 |
|          CAS_COUNT_WR STAT          | MBOX0C1 |    5451791940 |            0 |   2769375753 | 2.271580e+08 |
|          CAS_COUNT_RD STAT          | MBOX1C0 |   19512645669 |            0 |   9769409653 | 8.130269e+08 |
|          CAS_COUNT_WR STAT          | MBOX1C1 |    5457595808 |            0 |   2772457078 | 2.273998e+08 |
|          CAS_COUNT_RD STAT          | MBOX2C0 |             0 |            0 |            0 |            0 |
|          CAS_COUNT_WR STAT          | MBOX2C1 |             0 |            0 |            0 |            0 |
|          CAS_COUNT_RD STAT          | MBOX3C0 |             0 |            0 |            0 |            0 |
|          CAS_COUNT_WR STAT          | MBOX3C1 |             0 |            0 |            0 |            0 |
|          CAS_COUNT_RD STAT          | MBOX4C0 |   19509229375 |            0 |   9769400105 | 8.128846e+08 |
|          CAS_COUNT_WR STAT          | MBOX4C1 |    5458177508 |            0 |   2773322310 | 2.274241e+08 |
|          CAS_COUNT_RD STAT          | MBOX5C0 |   19516649454 |            0 |   9772724167 | 8.131937e+08 |
|          CAS_COUNT_WR STAT          | MBOX5C1 |    5464198185 |            0 |   2776306472 | 2.276749e+08 |
|          CAS_COUNT_RD STAT          | MBOX6C0 |             0 |            0 |            0 |            0 |
|          CAS_COUNT_WR STAT          | MBOX6C1 |             0 |            0 |            0 |            0 |
|          CAS_COUNT_RD STAT          | MBOX7C0 |             0 |            0 |            0 |            0 |
|          CAS_COUNT_WR STAT          | MBOX7C1 |             0 |            0 |            0 |            0 |
+-------------------------------------+---------+---------------+--------------+--------------+--------------+
+-----------------------------------+------------+-----------+-----------+-----------+-----------+-----------+-----------+-----------+-----------+-----------+-----------+-----------+------------+--------------+--------------+-----------+--------------+-----------+-----------+-----------+-----------+-----------+-----------+-----------+
|               Metric              |   Core 0   |   Core 1  |   Core 2  |   Core 3  |   Core 4  |   Core 5  |   Core 6  |   Core 7  |   Core 8  |   Core 9  |  Core 10  |  Core 11  |   Core 12  |    Core 13   |    Core 14   |  Core 15  |    Core 16   |  Core 17  |  Core 18  |  Core 19  |  Core 20  |  Core 21  |  Core 22  |  Core 23  |
+-----------------------------------+------------+-----------+-----------+-----------+-----------+-----------+-----------+-----------+-----------+-----------+-----------+-----------+------------+--------------+--------------+-----------+--------------+-----------+-----------+-----------+-----------+-----------+-----------+-----------+
|        Runtime (RDTSC) [s]        |    65.6091 |   65.6091 |   65.6091 |   65.6091 |   65.6091 |   65.6091 |   65.6091 |   65.6091 |   65.6091 |   65.6091 |   65.6091 |   65.6091 |    65.6091 |      65.6091 |      65.6091 |   65.6091 |      65.6091 |   65.6091 |   65.6091 |   65.6091 |   65.6091 |   65.6091 |   65.6091 |   65.6091 |
|        Runtime unhalted [s]       |    64.6099 |   64.6540 |   64.6635 |   64.6612 |   64.6877 |   64.6871 |   64.8953 |   64.9934 |   64.9951 |   64.9877 |   64.9957 |   64.9903 |    64.6463 |      64.6601 |      64.6052 |   64.5570 |      64.6090 |   64.5606 |   64.8760 |   64.8881 |   64.8889 |   64.8857 |   64.8866 |   64.8742 |
|            Clock [MHz]            |  2299.4660 | 2299.6530 | 2299.5539 | 2299.4272 | 2299.4278 | 2299.4119 | 2300.0023 | 2300.0019 | 2300.0022 | 2300.0025 | 2300.0024 | 2300.0022 |  2299.2415 |    2299.7383 |    2299.6170 | 2299.3882 |    2299.3911 | 2299.4383 | 2300.0023 | 2300.0017 | 2300.0020 | 2300.0024 | 2300.0020 | 2300.0019 |
|                CPI                |     1.1034 |    1.0924 |    1.0979 |    1.0965 |    1.0980 |    1.1104 |    0.4414 |    0.4406 |    0.4406 |    0.4410 |    0.4405 |    0.4406 |     1.1223 |       1.1137 |       1.0996 |    1.0929 |       1.1029 |    1.0968 |    0.4409 |    0.4405 |    0.4411 |    0.4413 |    0.4424 |    0.4413 |
|   Local DRAM data volume [GByte]  |   214.5661 |  213.4478 |  214.0188 |  212.4377 |  216.4992 |  199.3824 |    1.1212 |    1.0883 |    1.1058 |    1.0910 |    1.0943 |    1.0710 |   199.5502 |     213.9631 |     213.9915 |  211.8869 |     216.9031 |  215.9145 |    1.0708 |    1.0733 |    1.0709 |    0.8717 |    0.9928 |    0.8663 |
|   Local DRAM bandwidth [MByte/s]  |  3270.3691 | 3253.3253 | 3262.0280 | 3237.9284 | 3299.8335 | 3038.9425 |   17.0891 |   16.5882 |   16.8539 |   16.6289 |   16.6794 |   16.3240 |  3041.4999 |    3261.1792 |    3261.6121 | 3229.5332 |    3305.9894 | 3290.9217 |   16.3215 |   16.3598 |   16.3224 |   13.2869 |   15.1322 |   13.2040 |
|  Remote DRAM data volume [GByte]  |     0.1137 |    0.0451 |    0.0269 |    0.0208 |    0.0307 |   16.2029 |    0.0318 |    0.0206 |    0.0176 |    0.0291 |    0.0177 |    0.0417 |    13.1361 |       0.0092 |       0.0059 |    0.0129 |       0.0049 |    0.0933 |    0.0503 |    0.0448 |    0.0436 |    0.2433 |    0.2801 |    0.2409 |
|  Remote DRAM bandwidth [MByte/s]  |     1.7334 |    0.6868 |    0.4096 |    0.3163 |    0.4673 |  246.9615 |    0.4849 |    0.3145 |    0.2677 |    0.4433 |    0.2693 |    0.6350 |   200.2174 |       0.1397 |       0.0899 |    0.1965 |       0.0741 |    1.4216 |    0.7669 |    0.6832 |    0.6641 |    3.7078 |    4.2699 |    3.6723 |
|     Memory data volume [GByte]    |   214.6798 |  213.4929 |  214.0457 |  212.4584 |  216.5299 |  215.5853 |    1.1530 |    1.1090 |    1.1233 |    1.1201 |    1.1120 |    1.1127 |   212.6862 |     213.9723 |     213.9974 |  211.8998 |     216.9080 |  216.0078 |    1.1212 |    1.1182 |    1.1145 |    1.1150 |    1.2730 |    1.1072 |
|     Memory bandwidth [MByte/s]    |  3272.1025 | 3254.0121 | 3262.4376 | 3238.2447 | 3300.3008 | 3285.9040 |   17.5740 |   16.9027 |   17.1216 |   17.0722 |   16.9488 |   16.9590 |  3241.7173 |    3261.3189 |    3261.7020 | 3229.7298 |    3306.0636 | 3292.3432 |   17.0883 |   17.0429 |   16.9866 |   16.9948 |   19.4021 |   16.8763 |
|          L3 request rate          |     3.0114 |    3.0030 |    2.9950 |    3.0233 |    2.9775 |    2.9913 |    1.8517 |    1.8632 |    1.8598 |    1.8613 |    1.8578 |    1.8623 |     3.0362 |       3.0209 |       3.0244 |    3.0430 |       2.9879 |    2.9804 |    1.8496 |    1.8438 |    1.8461 |    1.8513 |    1.7487 |    1.8549 |
|            L3 miss rate           |     0.0021 |    0.0008 |    0.0005 |    0.0004 |    0.0006 |    0.2988 |    0.0636 |    0.0410 |    0.0348 |    0.0577 |    0.0349 |    0.0830 |     0.2360 |       0.0002 |       0.0001 |    0.0002 |       0.0001 |    0.0017 |    0.1009 |    0.0890 |    0.0867 |    0.4860 |    0.5217 |    0.4818 |
|           L3 miss ratio           |     0.0005 |    0.0002 |    0.0001 |    0.0001 |    0.0001 |    0.0813 |    0.0284 |    0.0190 |    0.0159 |    0.0267 |    0.0161 |    0.0389 |     0.0658 | 4.285150e-05 | 2.757343e-05 |    0.0001 | 2.242565e-05 |    0.0004 |    0.0470 |    0.0418 |    0.0407 |    0.2791 |    0.2822 |    0.2781 |
|          L2 request rate          |     0.2436 |    0.2408 |    0.2418 |    0.2417 |    0.2416 |    0.2443 |    0.0005 |    0.0005 |    0.0005 |    0.0005 |    0.0005 |    0.0005 |     0.2472 |       0.2449 |       0.2424 |    0.2408 |       0.2429 |    0.2415 |    0.0005 |    0.0005 |    0.0005 |    0.0005 |    0.0005 |    0.0005 |
|            L2 miss rate           |     0.0856 |    0.0847 |    0.0850 |    0.0851 |    0.0845 |    0.0856 |    0.0001 |    0.0001 |    0.0001 |    0.0001 |    0.0001 |    0.0001 |     0.0872 |       0.0861 |       0.0853 |    0.0850 |       0.0851 |    0.0846 |    0.0001 |    0.0001 |    0.0001 |    0.0001 |    0.0001 |    0.0001 |
|           L2 miss ratio           |     0.3516 |    0.3517 |    0.3515 |    0.3523 |    0.3498 |    0.3504 |    0.1760 |    0.1787 |    0.1843 |    0.1851 |    0.1846 |    0.1838 |     0.3528 |       0.3517 |       0.3521 |    0.3528 |       0.3504 |    0.3506 |    0.1798 |    0.1791 |    0.1852 |    0.1841 |    0.1857 |    0.1838 |
|  Memory read bandwidth [MBytes/s] | 38011.0088 |         0 |         0 |         0 |         0 |         0 |         0 |         0 |         0 |         0 |         0 |         0 | 38120.2077 |            0 |            0 |         0 |            0 |         0 |         0 |         0 |         0 |         0 |         0 |         0 |
|  Memory read data volume [GBytes] |  2493.8692 |         0 |         0 |         0 |         0 |         0 |         0 |         0 |         0 |         0 |         0 |         0 |  2501.0336 |            0 |            0 |         0 |            0 |         0 |         0 |         0 |         0 |         0 |         0 |         0 |
| Memory write bandwidth [MBytes/s] | 10476.8852 |         0 |         0 |         0 |         0 |         0 |         0 |         0 |         0 |         0 |         0 |         0 | 10819.4325 |            0 |            0 |         0 |            0 |         0 |         0 |         0 |         0 |         0 |         0 |         0 |
| Memory write data volume [GBytes] |   687.3793 |         0 |         0 |         0 |         0 |         0 |         0 |         0 |         0 |         0 |         0 |         0 |   709.8535 |            0 |            0 |         0 |            0 |         0 |         0 |         0 |         0 |         0 |         0 |         0 |
|    Memory bandwidth [MBytes/s]    | 48487.8941 |         0 |         0 |         0 |         0 |         0 |         0 |         0 |         0 |         0 |         0 |         0 | 48939.6402 |            0 |            0 |         0 |            0 |         0 |         0 |         0 |         0 |         0 |         0 |         0 |
|    Memory data volume [GBytes]    |  3181.2485 |         0 |         0 |         0 |         0 |         0 |         0 |         0 |         0 |         0 |         0 |         0 |  3210.8872 |            0 |            0 |         0 |            0 |         0 |         0 |         0 |         0 |         0 |         0 |         0 |
|          Temperature [C]          |         44 |        45 |        43 |        39 |        42 |        45 |        46 |        46 |        45 |        47 |        46 |        47 |         44 |           47 |           45 |        47 |           50 |        48 |        50 |        49 |        48 |        50 |        47 |        45 |
|             Energy [J]            |  6073.5081 |         0 |         0 |         0 |         0 |         0 |         0 |         0 |         0 |         0 |         0 |         0 |  6430.2619 |            0 |            0 |         0 |            0 |         0 |         0 |         0 |         0 |         0 |         0 |         0 |
|             Power [W]             |    92.5711 |         0 |         0 |         0 |         0 |         0 |         0 |         0 |         0 |         0 |         0 |         0 |    98.0086 |            0 |            0 |         0 |            0 |         0 |         0 |         0 |         0 |         0 |         0 |         0 |
|           Energy PP0 [J]          |          0 |         0 |         0 |         0 |         0 |         0 |         0 |         0 |         0 |         0 |         0 |         0 |          0 |            0 |            0 |         0 |            0 |         0 |         0 |         0 |         0 |         0 |         0 |         0 |
|           Power PP0 [W]           |          0 |         0 |         0 |         0 |         0 |         0 |         0 |         0 |         0 |         0 |         0 |         0 |          0 |            0 |            0 |         0 |            0 |         0 |         0 |         0 |         0 |         0 |         0 |         0 |
|          Energy DRAM [J]          |  1209.1062 |         0 |         0 |         0 |         0 |         0 |         0 |         0 |         0 |         0 |         0 |         0 |  1245.9114 |            0 |            0 |         0 |            0 |         0 |         0 |         0 |         0 |         0 |         0 |         0 |
|           Power DRAM [W]          |    18.4289 |         0 |         0 |         0 |         0 |         0 |         0 |         0 |         0 |         0 |         0 |         0 |    18.9899 |            0 |            0 |         0 |            0 |         0 |         0 |         0 |         0 |         0 |         0 |         0 |
+-----------------------------------+------------+-----------+-----------+-----------+-----------+-----------+-----------+-----------+-----------+-----------+-----------+-----------+------------+--------------+--------------+-----------+--------------+-----------+-----------+-----------+-----------+-----------+-----------+-----------+
+----------------------------------------+------------+--------------+------------+-----------+
|                 Metric                 |     Sum    |      Min     |     Max    |    Avg    |
+----------------------------------------+------------+--------------+------------+-----------+
|        Runtime (RDTSC) [s] STAT        |  1574.6184 |      65.6091 |    65.6091 |   65.6091 |
|        Runtime unhalted [s] STAT       |  1554.7586 |      64.5570 |    64.9957 |   64.7816 |
|            Clock [MHz] STAT            | 55193.7800 |    2299.2415 |  2300.0025 | 2299.7408 |
|                CPI STAT                |    18.5190 |       0.4405 |     1.1223 |    0.7716 |
|   Local DRAM data volume [GByte] STAT  |  2555.0787 |       0.8663 |   216.9031 |  106.4616 |
|   Local DRAM bandwidth [MByte/s] STAT  | 38943.9526 |      13.2040 |  3305.9894 | 1622.6647 |
|  Remote DRAM data volume [GByte] STAT  |    30.7639 |       0.0049 |    16.2029 |    1.2818 |
|  Remote DRAM bandwidth [MByte/s] STAT  |   468.8930 |       0.0741 |   246.9615 |   19.5372 |
|     Memory data volume [GByte] STAT    |  2585.8427 |       1.1072 |   216.9080 |  107.7434 |
|     Memory bandwidth [MByte/s] STAT    | 39412.8458 |      16.8763 |  3306.0636 | 1642.2019 |
|          L3 request rate STAT          |    58.2448 |       1.7487 |     3.0430 |    2.4269 |
|            L3 miss rate STAT           |     2.6226 |       0.0001 |     0.5217 |    0.1093 |
|           L3 miss ratio STAT           |     1.2626 | 2.242565e-05 |     0.2822 |    0.0526 |
|          L2 request rate STAT          |     2.9195 |       0.0005 |     0.2472 |    0.1216 |
|            L2 miss rate STAT           |     1.0250 |       0.0001 |     0.0872 |    0.0427 |
|           L2 miss ratio STAT           |     6.4079 |       0.1760 |     0.3528 |    0.2670 |
|  Memory read bandwidth [MBytes/s] STAT | 76131.2165 |            0 | 38120.2077 | 3172.1340 |
|  Memory read data volume [GBytes] STAT |  4994.9028 |            0 |  2501.0336 |  208.1209 |
| Memory write bandwidth [MBytes/s] STAT | 21296.3177 |            0 | 10819.4325 |  887.3466 |
| Memory write data volume [GBytes] STAT |  1397.2328 |            0 |   709.8535 |   58.2180 |
|    Memory bandwidth [MBytes/s] STAT    | 97427.5343 |            0 | 48939.6402 | 4059.4806 |
|    Memory data volume [GBytes] STAT    |  6392.1357 |            0 |  3210.8872 |  266.3390 |
|          Temperature [C] STAT          |       1105 |           39 |         50 |   46.0417 |
|             Energy [J] STAT            | 12503.7700 |            0 |  6430.2619 |  520.9904 |
|             Power [W] STAT             |   190.5797 |            0 |    98.0086 |    7.9408 |
|           Energy PP0 [J] STAT          |          0 |            0 |          0 |         0 |
|           Power PP0 [W] STAT           |          0 |            0 |          0 |         0 |
|          Energy DRAM [J] STAT          |  2455.0176 |            0 |  1245.9114 |  102.2924 |
|           Power DRAM [W] STAT          |    37.4188 |            0 |    18.9899 |    1.5591 |
+----------------------------------------+------------+--------------+------------+-----------+
