--------------------------------------------------------------------------------
CPU name:	Intel(R) Xeon(R) CPU E5-2670 v3 @ 2.30GHz
CPU type:	Intel Xeon Haswell EN/EP/EX processor
CPU clock:	2.30 GHz
--------------------------------------------------------------------------------
Group 1: POWERPERF
+--------------------------------+---------+--------------+--------------+--------------+--------------+--------------+--------------+--------------+--------------+--------------+--------------+--------------+--------------+--------------+--------------+--------------+--------------+--------------+--------------+--------------+--------------+--------------+--------------+--------------+--------------+
|              Event             | Counter |    Core 0    |    Core 1    |    Core 2    |    Core 3    |    Core 4    |    Core 5    |    Core 6    |    Core 7    |    Core 8    |    Core 9    |    Core 10   |    Core 11   |    Core 12   |    Core 13   |    Core 14   |    Core 15   |    Core 16   |    Core 17   |    Core 18   |    Core 19   |    Core 20   |    Core 21   |    Core 22   |    Core 23   |
+--------------------------------+---------+--------------+--------------+--------------+--------------+--------------+--------------+--------------+--------------+--------------+--------------+--------------+--------------+--------------+--------------+--------------+--------------+--------------+--------------+--------------+--------------+--------------+--------------+--------------+--------------+
|        INSTR_RETIRED_ANY       |  FIXC0  | 148549510003 | 148714892720 | 148211856521 | 147644989485 | 151021517965 | 141619957367 | 241036891112 | 240950206680 | 240799714740 | 240576120829 | 225182398280 | 225020233242 | 137366651007 | 138749422659 | 140475425464 | 139588279785 | 140377574627 | 138364319416 | 228228858066 | 228220140454 | 228125071046 | 228165327232 | 227956597174 | 227937054930 |
|      CPU_CLK_UNHALTED_CORE     |  FIXC1  | 193787775320 | 193853785784 | 193896509127 | 193912232275 | 193736533990 | 194084807991 | 191683898802 | 192518422810 | 193266768938 | 193924294294 | 192617252296 | 193413798154 | 194147517043 | 194228050758 | 194134457103 | 194202316446 | 194134942603 | 194197811953 | 193978713902 | 193223557505 | 193443757739 | 193240009122 | 193192556989 | 193395749867 |
|      CPU_CLK_UNHALTED_REF      |  FIXC2  | 193846958030 | 193919100635 | 193951037699 | 193965669310 | 193791819601 | 194150932723 | 191683898397 | 192518441828 | 193266813988 | 193924297577 | 192617255256 | 193413808897 | 194202845540 | 194285893894 | 194193845893 | 194273863997 | 194192917889 | 194253718228 | 193978719487 | 193223590617 | 193443801288 | 193240009121 | 193192609272 | 193395791548 |
|           FIXC1/FIXC0          |   CPI   |            0 |            0 |            0 |            0 |            0 |            0 |            0 |            0 |            0 |            0 |            0 |            0 |            0 |            0 |            0 |            0 |            0 |            0 |            0 |            0 |            0 |            0 |            0 |            0 |
|  OFFCORE_RESPONSE_0_LOCAL_DRAM |   PMC0  |   3366334088 |   3347117746 |   3350609526 |   3353810405 |   3380359271 |   3145332021 |    789372990 |    741251461 |    713464623 |    682367985 |    595675588 |    585380779 |   3290808846 |   3392228214 |   3404421978 |   3420094346 |   3453896639 |   3457369110 |    743839375 |    815270154 |    809546478 |    792887273 |    806576052 |    751352687 |
| OFFCORE_RESPONSE_1_REMOTE_DRAM |   PMC1  |       344058 |       111388 |        42961 |        39730 |       167967 |    241903758 |    421079706 |    416726733 |    432165168 |    458080969 |    457771632 |    489982592 |    120645174 |       556968 |       441370 |       470651 |       796850 |      2044171 |    322823170 |    244516108 |    245607486 |    259698212 |    254461939 |    331731616 |
|  MEM_LOAD_UOPS_RETIRED_L3_ALL  |   PMC2  |    918840252 |    916652191 |    917290668 |    921118266 |    905371395 |    911470222 |    297438809 |    262526679 |    228978899 |    206041885 |    325402299 |    304707383 |    923949733 |    914172933 |    918540829 |    925724438 |    916245977 |    911837948 |    971615280 |   1047441958 |   1012531180 |    960300623 |   1051261641 |    979460919 |
|  MEM_LOAD_UOPS_RETIRED_L3_MISS |   PMC3  |    288989578 |    287200099 |    288264667 |    288899692 |    286390026 |    287641925 |    174473001 |    146462536 |    122663750 |     98425403 |    173572984 |    155610244 |    292775531 |    290039990 |    292168407 |    293668093 |    293952764 |    292388881 |    484271633 |    473046228 |    548599605 |    444885099 |    412610141 |    447536089 |
|      L2_TRANS_ALL_REQUESTS     |   PMC4  |  33551101274 |  33551223132 |  33527517251 |  33528882535 |  33495187513 |  34029425471 |  25528672574 |  25663787046 |  25830184742 |  25816542004 |  24193936276 |  24143511792 |  33614303603 |  33478440165 |  33527736714 |  33561435783 |  33569187641 |  33559387746 |  22691733140 |  22699332983 |  22715370222 |  22681019147 |  22679540261 |  22701735118 |
|          L2_RQSTS_MISS         |   PMC5  |  11762879050 |  11762626674 |  11756796473 |  11765675503 |  11706110107 |  11716115222 |   5949410994 |   5953275259 |   6000045896 |   5998121021 |   5582817722 |   5602275115 |  11731968612 |  11695792847 |  11705758866 |  11717539072 |  11675196653 |  11666036204 |   5444808645 |   5433312308 |   5451514798 |   5439471678 |   5441812934 |   5448057911 |
|        UOPS_RETIRED_ALL        |   PMC6  | 165772219178 | 166284317652 | 165499612048 | 164595712843 | 169692998859 | 155030057837 | 297793966346 | 297428247862 | 297002377858 | 296459010403 | 278933367738 | 278580923359 | 148304670304 | 150421055027 | 153122761610 | 151745844582 | 153011530524 | 149817125119 | 285850133377 | 285875996818 | 285715189508 | 285844312325 | 285417871480 | 285411955564 |
|            TEMP_CORE           |   TMP0  |           44 |           44 |           43 |           43 |           44 |           45 |           47 |           45 |           45 |           45 |           42 |           43 |           44 |           44 |           44 |           45 |           48 |           44 |           47 |           51 |           50 |           48 |           49 |           47 |
|         PWR_PKG_ENERGY         |   PWR0  |    8502.2958 |            0 |            0 |            0 |            0 |            0 |            0 |            0 |            0 |            0 |            0 |            0 |    8085.0259 |            0 |            0 |            0 |            0 |            0 |            0 |            0 |            0 |            0 |            0 |            0 |
|         PWR_PP0_ENERGY         |   PWR1  |            0 |            0 |            0 |            0 |            0 |            0 |            0 |            0 |            0 |            0 |            0 |            0 |            0 |            0 |            0 |            0 |            0 |            0 |            0 |            0 |            0 |            0 |            0 |            0 |
|         PWR_DRAM_ENERGY        |   PWR3  |    1530.9558 |            0 |            0 |            0 |            0 |            0 |            0 |            0 |            0 |            0 |            0 |            0 |    1665.3887 |            0 |            0 |            0 |            0 |            0 |            0 |            0 |            0 |            0 |            0 |            0 |
|          CAS_COUNT_RD          | MBOX0C0 |  12253287775 |            0 |            0 |            0 |            0 |            0 |            0 |            0 |            0 |            0 |            0 |            0 |  13063762768 |            0 |            0 |            0 |            0 |            0 |            0 |            0 |            0 |            0 |            0 |            0 |
|          CAS_COUNT_WR          | MBOX0C1 |   3603511953 |            0 |            0 |            0 |            0 |            0 |            0 |            0 |            0 |            0 |            0 |            0 |   4190968259 |            0 |            0 |            0 |            0 |            0 |            0 |            0 |            0 |            0 |            0 |            0 |
|          CAS_COUNT_RD          | MBOX1C0 |  12256504688 |            0 |            0 |            0 |            0 |            0 |            0 |            0 |            0 |            0 |            0 |            0 |  13071396265 |            0 |            0 |            0 |            0 |            0 |            0 |            0 |            0 |            0 |            0 |            0 |
|          CAS_COUNT_WR          | MBOX1C1 |   3607404646 |            0 |            0 |            0 |            0 |            0 |            0 |            0 |            0 |            0 |            0 |            0 |   4196174104 |            0 |            0 |            0 |            0 |            0 |            0 |            0 |            0 |            0 |            0 |            0 |
|          CAS_COUNT_RD          | MBOX2C0 |            0 |            0 |            0 |            0 |            0 |            0 |            0 |            0 |            0 |            0 |            0 |            0 |            0 |            0 |            0 |            0 |            0 |            0 |            0 |            0 |            0 |            0 |            0 |            0 |
|          CAS_COUNT_WR          | MBOX2C1 |            0 |            0 |            0 |            0 |            0 |            0 |            0 |            0 |            0 |            0 |            0 |            0 |            0 |            0 |            0 |            0 |            0 |            0 |            0 |            0 |            0 |            0 |            0 |            0 |
|          CAS_COUNT_RD          | MBOX3C0 |            0 |            0 |            0 |            0 |            0 |            0 |            0 |            0 |            0 |            0 |            0 |            0 |            0 |            0 |            0 |            0 |            0 |            0 |            0 |            0 |            0 |            0 |            0 |            0 |
|          CAS_COUNT_WR          | MBOX3C1 |            0 |            0 |            0 |            0 |            0 |            0 |            0 |            0 |            0 |            0 |            0 |            0 |            0 |            0 |            0 |            0 |            0 |            0 |            0 |            0 |            0 |            0 |            0 |            0 |
|          CAS_COUNT_RD          | MBOX4C0 |  12253698888 |            0 |            0 |            0 |            0 |            0 |            0 |            0 |            0 |            0 |            0 |            0 |  13063699688 |            0 |            0 |            0 |            0 |            0 |            0 |            0 |            0 |            0 |            0 |            0 |
|          CAS_COUNT_WR          | MBOX4C1 |   3604645883 |            0 |            0 |            0 |            0 |            0 |            0 |            0 |            0 |            0 |            0 |            0 |   4193173450 |            0 |            0 |            0 |            0 |            0 |            0 |            0 |            0 |            0 |            0 |            0 |
|          CAS_COUNT_RD          | MBOX5C0 |  12256981328 |            0 |            0 |            0 |            0 |            0 |            0 |            0 |            0 |            0 |            0 |            0 |  13070884724 |            0 |            0 |            0 |            0 |            0 |            0 |            0 |            0 |            0 |            0 |            0 |
|          CAS_COUNT_WR          | MBOX5C1 |   3610578861 |            0 |            0 |            0 |            0 |            0 |            0 |            0 |            0 |            0 |            0 |            0 |   4198776829 |            0 |            0 |            0 |            0 |            0 |            0 |            0 |            0 |            0 |            0 |            0 |
|          CAS_COUNT_RD          | MBOX6C0 |            0 |            0 |            0 |            0 |            0 |            0 |            0 |            0 |            0 |            0 |            0 |            0 |            0 |            0 |            0 |            0 |            0 |            0 |            0 |            0 |            0 |            0 |            0 |            0 |
|          CAS_COUNT_WR          | MBOX6C1 |            0 |            0 |            0 |            0 |            0 |            0 |            0 |            0 |            0 |            0 |            0 |            0 |            0 |            0 |            0 |            0 |            0 |            0 |            0 |            0 |            0 |            0 |            0 |            0 |
|          CAS_COUNT_RD          | MBOX7C0 |            0 |            0 |            0 |            0 |            0 |            0 |            0 |            0 |            0 |            0 |            0 |            0 |            0 |            0 |            0 |            0 |            0 |            0 |            0 |            0 |            0 |            0 |            0 |            0 |
|          CAS_COUNT_WR          | MBOX7C1 |            0 |            0 |            0 |            0 |            0 |            0 |            0 |            0 |            0 |            0 |            0 |            0 |            0 |            0 |            0 |            0 |            0 |            0 |            0 |            0 |            0 |            0 |            0 |            0 |
+--------------------------------+---------+--------------+--------------+--------------+--------------+--------------+--------------+--------------+--------------+--------------+--------------+--------------+--------------+--------------+--------------+--------------+--------------+--------------+--------------+--------------+--------------+--------------+--------------+--------------+--------------+
+-------------------------------------+---------+---------------+--------------+--------------+--------------+
|                Event                | Counter |      Sum      |      Min     |      Max     |      Avg     |
+-------------------------------------+---------+---------------+--------------+--------------+--------------+
|        INSTR_RETIRED_ANY STAT       |  FIXC0  | 4502883010804 | 137366651007 | 241036891112 | 1.876201e+11 |
|      CPU_CLK_UNHALTED_CORE STAT     |  FIXC1  | 4646215520811 | 191683898802 | 194228050758 | 1.935923e+11 |
|      CPU_CLK_UNHALTED_REF STAT      |  FIXC2  | 4646927640715 | 191683898397 | 194285893894 | 1.936220e+11 |
|           FIXC1/FIXC0 STAT          |   CPI   |             0 |            0 |            0 |            0 |
|  OFFCORE_RESPONSE_0_LOCAL_DRAM STAT |   PMC0  |   49189367635 |    585380779 |   3457369110 | 2.049557e+09 |
| OFFCORE_RESPONSE_1_REMOTE_DRAM STAT |   PMC1  |    4702210377 |        39730 |    489982592 | 1.959254e+08 |
|  MEM_LOAD_UOPS_RETIRED_L3_ALL STAT  |   PMC2  |   18648922407 |    206041885 |   1051261641 | 7.770384e+08 |
|  MEM_LOAD_UOPS_RETIRED_L3_MISS STAT |   PMC3  |    7164536366 |     98425403 |    548599605 | 2.985223e+08 |
|      L2_TRANS_ALL_REQUESTS STAT     |   PMC4  |  690339194133 |  22679540261 |  34029425471 | 2.876413e+10 |
|          L2_RQSTS_MISS STAT         |   PMC5  |  208407419564 |   5433312308 |  11765675503 | 8.683642e+09 |
|        UOPS_RETIRED_ALL STAT        |   PMC6  | 5353611258221 | 148304670304 | 297793966346 | 2.230671e+11 |
|            TEMP_CORE STAT           |   TMP0  |          1091 |           42 |           51 |      45.4583 |
|         PWR_PKG_ENERGY STAT         |   PWR0  |    16587.3217 |            0 |    8502.2958 |     691.1384 |
|         PWR_PP0_ENERGY STAT         |   PWR1  |             0 |            0 |            0 |            0 |
|         PWR_DRAM_ENERGY STAT        |   PWR3  |     3196.3445 |            0 |    1665.3887 |     133.1810 |
|          CAS_COUNT_RD STAT          | MBOX0C0 |   25317050543 |            0 |  13063762768 | 1.054877e+09 |
|          CAS_COUNT_WR STAT          | MBOX0C1 |    7794480212 |            0 |   4190968259 | 3.247700e+08 |
|          CAS_COUNT_RD STAT          | MBOX1C0 |   25327900953 |            0 |  13071396265 | 1.055329e+09 |
|          CAS_COUNT_WR STAT          | MBOX1C1 |    7803578750 |            0 |   4196174104 | 3.251491e+08 |
|          CAS_COUNT_RD STAT          | MBOX2C0 |             0 |            0 |            0 |            0 |
|          CAS_COUNT_WR STAT          | MBOX2C1 |             0 |            0 |            0 |            0 |
|          CAS_COUNT_RD STAT          | MBOX3C0 |             0 |            0 |            0 |            0 |
|          CAS_COUNT_WR STAT          | MBOX3C1 |             0 |            0 |            0 |            0 |
|          CAS_COUNT_RD STAT          | MBOX4C0 |   25317398576 |            0 |  13063699688 | 1.054892e+09 |
|          CAS_COUNT_WR STAT          | MBOX4C1 |    7797819333 |            0 |   4193173450 | 3.249091e+08 |
|          CAS_COUNT_RD STAT          | MBOX5C0 |   25327866052 |            0 |  13070884724 | 1.055328e+09 |
|          CAS_COUNT_WR STAT          | MBOX5C1 |    7809355690 |            0 |   4198776829 | 3.253898e+08 |
|          CAS_COUNT_RD STAT          | MBOX6C0 |             0 |            0 |            0 |            0 |
|          CAS_COUNT_WR STAT          | MBOX6C1 |             0 |            0 |            0 |            0 |
|          CAS_COUNT_RD STAT          | MBOX7C0 |             0 |            0 |            0 |            0 |
|          CAS_COUNT_WR STAT          | MBOX7C1 |             0 |            0 |            0 |            0 |
+-------------------------------------+---------+---------------+--------------+--------------+--------------+
+-----------------------------------+------------+--------------+--------------+--------------+--------------+-----------+-----------+-----------+-----------+-----------+-----------+-----------+------------+-----------+-----------+-----------+-----------+-----------+-----------+-----------+-----------+-----------+-----------+-----------+
|               Metric              |   Core 0   |    Core 1    |    Core 2    |    Core 3    |    Core 4    |   Core 5  |   Core 6  |   Core 7  |   Core 8  |   Core 9  |  Core 10  |  Core 11  |   Core 12  |  Core 13  |  Core 14  |  Core 15  |  Core 16  |  Core 17  |  Core 18  |  Core 19  |  Core 20  |  Core 21  |  Core 22  |  Core 23  |
+-----------------------------------+------------+--------------+--------------+--------------+--------------+-----------+-----------+-----------+-----------+-----------+-----------+-----------+------------+-----------+-----------+-----------+-----------+-----------+-----------+-----------+-----------+-----------+-----------+-----------+
|        Runtime (RDTSC) [s]        |    85.8953 |      85.8953 |      85.8953 |      85.8953 |      85.8953 |   85.8953 |   85.8953 |   85.8953 |   85.8953 |   85.8953 |   85.8953 |   85.8953 |    85.8953 |   85.8953 |   85.8953 |   85.8953 |   85.8953 |   85.8953 |   85.8953 |   85.8953 |   85.8953 |   85.8953 |   85.8953 |   85.8953 |
|        Runtime unhalted [s]       |    84.2557 |      84.2844 |      84.3030 |      84.3098 |      84.2334 |   84.3848 |   83.3410 |   83.7038 |   84.0292 |   84.3151 |   83.7468 |   84.0931 |    84.4121 |   84.4471 |   84.4064 |   84.4359 |   84.4066 |   84.4340 |   84.3387 |   84.0104 |   84.1061 |   84.0175 |   83.9969 |   84.0853 |
|            Clock [MHz]            |  2299.2938 |    2299.2213 |    2299.3493 |    2299.3623 |    2299.3398 | 2299.2126 | 2299.9960 | 2299.9958 | 2299.9954 | 2299.9959 | 2299.9959 | 2299.9959 |  2299.3407 | 2299.3112 | 2299.2926 | 2299.1489 | 2299.3093 | 2299.3340 | 2299.9959 | 2299.9956 | 2299.9955 | 2299.9960 | 2299.9954 | 2299.9955 |
|                CPI                |     1.3045 |       1.3035 |       1.3082 |       1.3134 |       1.2828 |    1.3705 |    0.7952 |    0.7990 |    0.8026 |    0.8061 |    0.8554 |    0.8595 |     1.4134 |    1.3998 |    1.3820 |    1.3913 |    1.3829 |    1.4035 |    0.8499 |    0.8467 |    0.8480 |    0.8469 |    0.8475 |    0.8485 |
|   Local DRAM data volume [GByte]  |   215.4454 |     214.2155 |     214.4390 |     214.6439 |     216.3430 |  201.3012 |   50.5199 |   47.4401 |   45.6617 |   43.6716 |   38.1232 |   37.4644 |   210.6118 |  217.1026 |  217.8830 |  218.8860 |  221.0494 |  221.2716 |   47.6057 |   52.1773 |   51.8110 |   50.7448 |   51.6209 |   48.0866 |
|   Local DRAM bandwidth [MByte/s]  |  2508.2327 |    2493.9147 |    2496.5164 |    2498.9014 |    2518.6828 | 2343.5656 |  588.1565 |  552.3014 |  531.5977 |  508.4278 |  443.8338 |  436.1632 |  2451.9594 | 2527.5262 | 2536.6117 | 2548.2891 | 2573.4750 | 2576.0623 |  554.2297 |  607.4523 |  603.1876 |  590.7749 |  600.9743 |  559.8278 |
|  Remote DRAM data volume [GByte]  |     0.0220 |       0.0071 |       0.0027 |       0.0025 |       0.0107 |   15.4818 |   26.9491 |   26.6705 |   27.6586 |   29.3172 |   29.2974 |   31.3589 |     7.7213 |    0.0356 |    0.0282 |    0.0301 |    0.0510 |    0.1308 |   20.6607 |   15.6490 |   15.7189 |   16.6207 |   16.2856 |   21.2308 |
|  Remote DRAM bandwidth [MByte/s]  |     0.2564 |       0.0830 |       0.0320 |       0.0296 |       0.1252 |  180.2408 |  313.7436 |  310.5003 |  322.0033 |  341.3130 |  341.0825 |  365.0827 |    89.8919 |    0.4150 |    0.3289 |    0.3507 |    0.5937 |    1.5231 |  240.5334 |  182.1873 |  183.0005 |  193.4994 |  189.5979 |  247.1710 |
|     Memory data volume [GByte]    |   215.4674 |     214.2227 |     214.4418 |     214.6464 |     216.3537 |  216.7831 |   77.4690 |   74.1106 |   73.3203 |   72.9887 |   67.4206 |   68.8233 |   218.3331 |  217.1383 |  217.9113 |  218.9162 |  221.1004 |  221.4024 |   68.2664 |   67.8263 |   67.5299 |   67.3655 |   67.9064 |   69.3174 |
|     Memory bandwidth [MByte/s]    |  2508.4891 |    2493.9977 |    2496.5484 |    2498.9310 |    2518.8079 | 2523.8064 |  901.9001 |  862.8017 |  853.6010 |  849.7408 |  784.9164 |  801.2460 |  2541.8513 | 2527.9412 | 2536.9406 | 2548.6398 | 2574.0687 | 2577.5854 |  794.7630 |  789.6396 |  786.1881 |  784.2743 |  790.5722 |  806.9988 |
|          L3 request rate          |     3.1795 |       3.1917 |       3.1821 |       3.1884 |       3.1613 |    3.1688 |    1.7048 |    1.7924 |    1.8667 |    2.0934 |    1.8747 |    1.9581 |     3.1558 |    3.1519 |    3.1439 |    3.1523 |    3.1170 |    3.1186 |    2.0063 |    2.2142 |    1.8457 |    2.1585 |    2.5478 |    2.1886 |
|            L3 miss rate           |     0.0004 |       0.0001 | 4.683466e-05 | 4.313235e-05 |       0.0002 |    0.2654 |    1.4157 |    1.5874 |    1.8874 |    2.2232 |    1.4068 |    1.6080 |     0.1306 |    0.0006 |    0.0005 |    0.0005 |    0.0009 |    0.0022 |    0.3323 |    0.2334 |    0.2426 |    0.2704 |    0.2421 |    0.3387 |
|           L3 miss ratio           |     0.0001 | 3.327878e-05 | 1.282185e-05 | 1.184623e-05 | 4.968910e-05 |    0.0769 |    0.5334 |    0.5622 |    0.6057 |    0.6713 |    0.7685 |    0.8370 |     0.0367 |    0.0002 |    0.0001 |    0.0001 |    0.0002 |    0.0006 |    0.4340 |    0.2999 |    0.3034 |    0.3275 |    0.3155 |    0.4415 |
|          L2 request rate          |     0.2259 |       0.2256 |       0.2262 |       0.2271 |       0.2218 |    0.2403 |    0.1059 |    0.1065 |    0.1073 |    0.1073 |    0.1074 |    0.1073 |     0.2447 |    0.2413 |    0.2387 |    0.2404 |    0.2391 |    0.2425 |    0.0994 |    0.0995 |    0.0996 |    0.0994 |    0.0995 |    0.0996 |
|            L2 miss rate           |     0.0792 |       0.0791 |       0.0793 |       0.0797 |       0.0775 |    0.0827 |    0.0247 |    0.0247 |    0.0249 |    0.0249 |    0.0248 |    0.0249 |     0.0854 |    0.0843 |    0.0833 |    0.0839 |    0.0832 |    0.0843 |    0.0239 |    0.0238 |    0.0239 |    0.0238 |    0.0239 |    0.0239 |
|           L2 miss ratio           |     0.3506 |       0.3506 |       0.3507 |       0.3509 |       0.3495 |    0.3443 |    0.2330 |    0.2320 |    0.2323 |    0.2323 |    0.2308 |    0.2320 |     0.3490 |    0.3494 |    0.3491 |    0.3491 |    0.3478 |    0.3476 |    0.2399 |    0.2394 |    0.2400 |    0.2398 |    0.2399 |    0.2400 |
|  Memory read bandwidth [MBytes/s] | 36524.8218 |            0 |            0 |            0 |            0 |         0 |         0 |         0 |         0 |         0 |         0 |         0 | 38945.8314 |         0 |         0 |         0 |         0 |         0 |         0 |         0 |         0 |         0 |         0 |         0 |
|  Memory read data volume [GBytes] |  3137.3103 |            0 |            0 |            0 |            0 |         0 |         0 |         0 |         0 |         0 |         0 |         0 |  3345.2636 |         0 |         0 |         0 |         0 |         0 |         0 |         0 |         0 |         0 |         0 |         0 |
| Memory write bandwidth [MBytes/s] | 10748.8201 |            0 |            0 |            0 |            0 |         0 |         0 |         0 |         0 |         0 |         0 |         0 | 12501.9882 |         0 |         0 |         0 |         0 |         0 |         0 |         0 |         0 |         0 |         0 |         0 |
| Memory write data volume [GBytes] |   923.2730 |            0 |            0 |            0 |            0 |         0 |         0 |         0 |         0 |         0 |         0 |         0 |  1073.8619 |         0 |         0 |         0 |         0 |         0 |         0 |         0 |         0 |         0 |         0 |         0 |
|    Memory bandwidth [MBytes/s]    | 47273.6419 |            0 |            0 |            0 |            0 |         0 |         0 |         0 |         0 |         0 |         0 |         0 | 51447.8196 |         0 |         0 |         0 |         0 |         0 |         0 |         0 |         0 |         0 |         0 |         0 |
|    Memory data volume [GBytes]    |  4060.5833 |            0 |            0 |            0 |            0 |         0 |         0 |         0 |         0 |         0 |         0 |         0 |  4419.1255 |         0 |         0 |         0 |         0 |         0 |         0 |         0 |         0 |         0 |         0 |         0 |
|          Temperature [C]          |         44 |           44 |           43 |           43 |           44 |        45 |        47 |        45 |        45 |        45 |        42 |        43 |         44 |        44 |        44 |        45 |        48 |        44 |        47 |        51 |        50 |        48 |        49 |        47 |
|             Energy [J]            |  8502.2958 |            0 |            0 |            0 |            0 |         0 |         0 |         0 |         0 |         0 |         0 |         0 |  8085.0259 |         0 |         0 |         0 |         0 |         0 |         0 |         0 |         0 |         0 |         0 |         0 |
|             Power [W]             |    98.9844 |            0 |            0 |            0 |            0 |         0 |         0 |         0 |         0 |         0 |         0 |         0 |    94.1265 |         0 |         0 |         0 |         0 |         0 |         0 |         0 |         0 |         0 |         0 |         0 |
|           Energy PP0 [J]          |          0 |            0 |            0 |            0 |            0 |         0 |         0 |         0 |         0 |         0 |         0 |         0 |          0 |         0 |         0 |         0 |         0 |         0 |         0 |         0 |         0 |         0 |         0 |         0 |
|           Power PP0 [W]           |          0 |            0 |            0 |            0 |            0 |         0 |         0 |         0 |         0 |         0 |         0 |         0 |          0 |         0 |         0 |         0 |         0 |         0 |         0 |         0 |         0 |         0 |         0 |         0 |
|          Energy DRAM [J]          |  1530.9558 |            0 |            0 |            0 |            0 |         0 |         0 |         0 |         0 |         0 |         0 |         0 |  1665.3887 |         0 |         0 |         0 |         0 |         0 |         0 |         0 |         0 |         0 |         0 |         0 |
|           Power DRAM [W]          |    17.8235 |            0 |            0 |            0 |            0 |         0 |         0 |         0 |         0 |         0 |         0 |         0 |    19.3886 |         0 |         0 |         0 |         0 |         0 |         0 |         0 |         0 |         0 |         0 |         0 |
+-----------------------------------+------------+--------------+--------------+--------------+--------------+-----------+-----------+-----------+-----------+-----------+-----------+-----------+------------+-----------+-----------+-----------+-----------+-----------+-----------+-----------+-----------+-----------+-----------+-----------+
+----------------------------------------+------------+--------------+------------+-----------+
|                 Metric                 |     Sum    |      Min     |     Max    |    Avg    |
+----------------------------------------+------------+--------------+------------+-----------+
|        Runtime (RDTSC) [s] STAT        |  2061.4872 |      85.8953 |    85.8953 |   85.8953 |
|        Runtime unhalted [s] STAT       |  2020.0971 |      83.3410 |    84.4471 |   84.1707 |
|            Clock [MHz] STAT            | 55191.4646 |    2299.1489 |  2299.9960 | 2299.6444 |
|                CPI STAT                |    26.2611 |       0.7952 |     1.4134 |    1.0942 |
|   Local DRAM data volume [GByte] STAT  |  3148.1196 |      37.4644 |   221.2716 |  131.1716 |
|   Local DRAM bandwidth [MByte/s] STAT  | 36650.6643 |     436.1632 |  2576.0623 | 1527.1110 |
|  Remote DRAM data volume [GByte] STAT  |   300.9412 |       0.0025 |    31.3589 |   12.5392 |
|  Remote DRAM bandwidth [MByte/s] STAT  |  3503.5852 |       0.0296 |   365.0827 |  145.9827 |
|     Memory data volume [GByte] STAT    |  3449.0612 |      67.3655 |   221.4024 |  143.7109 |
|     Memory bandwidth [MByte/s] STAT    | 40154.2495 |     784.2743 |  2577.5854 | 1673.0937 |
|          L3 request rate STAT          |    62.1625 |       1.7048 |     3.1917 |    2.5901 |
|            L3 miss rate STAT           |    12.1895 | 4.313235e-05 |     2.2232 |    0.5079 |
|           L3 miss ratio STAT           |     6.2149 | 1.184623e-05 |     0.8370 |    0.2590 |
|          L2 request rate STAT          |     4.0523 |       0.0994 |     0.2447 |    0.1688 |
|            L2 miss rate STAT           |     1.2740 |       0.0238 |     0.0854 |    0.0531 |
|           L2 miss ratio STAT           |     7.0200 |       0.2308 |     0.3509 |    0.2925 |
|  Memory read bandwidth [MBytes/s] STAT | 75470.6532 |            0 | 38945.8314 | 3144.6105 |
|  Memory read data volume [GBytes] STAT |  6482.5739 |            0 |  3345.2636 |  270.1072 |
| Memory write bandwidth [MBytes/s] STAT | 23250.8083 |            0 | 12501.9882 |  968.7837 |
| Memory write data volume [GBytes] STAT |  1997.1349 |            0 |  1073.8619 |   83.2140 |
|    Memory bandwidth [MBytes/s] STAT    | 98721.4615 |            0 | 51447.8196 | 4113.3942 |
|    Memory data volume [GBytes] STAT    |  8479.7088 |            0 |  4419.1255 |  353.3212 |
|          Temperature [C] STAT          |       1091 |           42 |         51 |   45.4583 |
|             Energy [J] STAT            | 16587.3217 |            0 |  8502.2958 |  691.1384 |
|             Power [W] STAT             |   193.1109 |            0 |    98.9844 |    8.0463 |
|           Energy PP0 [J] STAT          |          0 |            0 |          0 |         0 |
|           Power PP0 [W] STAT           |          0 |            0 |          0 |         0 |
|          Energy DRAM [J] STAT          |  3196.3445 |            0 |  1665.3887 |  133.1810 |
|           Power DRAM [W] STAT          |    37.2121 |            0 |    19.3886 |    1.5505 |
+----------------------------------------+------------+--------------+------------+-----------+
