--------------------------------------------------------------------------------
CPU name:	Intel(R) Xeon(R) CPU E5-2670 v3 @ 2.30GHz
CPU type:	Intel Xeon Haswell EN/EP/EX processor
CPU clock:	2.30 GHz
--------------------------------------------------------------------------------
Group 1: POWERPERF
+--------------------------------+---------+-------------+-------------+-------------+-------------+-------------+-------------+----------+----------+---------+---------+---------+----------+-------------+-------------+-------------+-------------+-------------+-------------+---------+---------+---------+---------+---------+---------+
|              Event             | Counter |    Core 0   |    Core 1   |    Core 2   |    Core 3   |    Core 4   |    Core 5   |  Core 6  |  Core 7  |  Core 8 |  Core 9 | Core 10 |  Core 11 |   Core 12   |   Core 13   |   Core 14   |   Core 15   |   Core 16   |   Core 17   | Core 18 | Core 19 | Core 20 | Core 21 | Core 22 | Core 23 |
+--------------------------------+---------+-------------+-------------+-------------+-------------+-------------+-------------+----------+----------+---------+---------+---------+----------+-------------+-------------+-------------+-------------+-------------+-------------+---------+---------+---------+---------+---------+---------+
|        INSTR_RETIRED_ANY       |  FIXC0  | 47359625147 | 39402940032 | 39589045834 | 38840071228 | 36246984678 | 35812337080 | 15472033 |  4540993 | 1518288 |  546314 | 1102319 |  3575603 | 35669080416 | 35141923910 | 35346890622 | 35498021692 | 35301721690 | 35716388108 |    1738 | 3384110 |  283338 | 1808923 |  289221 |  109214 |
|      CPU_CLK_UNHALTED_CORE     |  FIXC1  | 23413176869 | 23857690174 | 23855253174 | 23847396515 | 23849695398 | 23849590603 | 13797139 |  5739190 | 3154072 | 1370360 | 1991139 |  6830962 | 23756199340 | 23363231353 | 23760154298 | 23767202562 | 23649579923 | 23492708554 |   11644 | 3354394 |  487804 | 1607782 |  484531 |  309391 |
|      CPU_CLK_UNHALTED_REF      |  FIXC2  | 44875231529 | 45727221380 | 45722548355 | 45707492164 | 45711898113 | 45711701348 | 26443652 | 11000233 | 6045044 | 2626692 | 3816367 | 13092543 | 45532701594 | 44779500561 | 45540279542 | 45553786430 | 45328346042 | 45027676840 |   22310 | 6429098 |  934651 | 3081678 |  928625 |  592986 |
|           FIXC1/FIXC0          |   CPI   |           0 |           0 |           0 |           0 |           0 |           0 |        0 |        0 |       0 |       0 |       0 |        0 |           0 |           0 |           0 |           0 |           0 |           0 |       0 |       0 |       0 |       0 |       0 |       0 |
|  OFFCORE_RESPONSE_0_LOCAL_DRAM |   PMC0  |   172567944 |   193258232 |   196046932 |   195767732 |   195315025 |   172423741 |   270466 |    33626 |   49345 |   23437 |   33101 |   102620 |   186637350 |   168347117 |   188164083 |   191606579 |   188232757 |   172445936 |     166 |    3450 |    1415 |       4 |       1 |    1304 |
| OFFCORE_RESPONSE_1_REMOTE_DRAM |   PMC1  |     9870776 |     6308376 |     5449077 |     4892380 |     4328282 |    29021848 |     2273 |    24635 |    1620 |     192 |     803 |     6547 |    11710505 |    10254530 |     8710108 |     7126900 |     8385653 |    12851461 |     103 |   12828 |    3634 |   10435 |     946 |     779 |
|  MEM_LOAD_UOPS_RETIRED_L3_ALL  |   PMC2  |    47515007 |    88243095 |    91234578 |    91197333 |   111627957 |   113581174 |     9552 |    11792 |    4830 |    1881 |    2624 |    12399 |   109300209 |   113559677 |   113715323 |   112828402 |   113721650 |   110704250 |     111 |    5648 |     435 |    2986 |    1192 |     706 |
|  MEM_LOAD_UOPS_RETIRED_L3_MISS |   PMC3  |    22944366 |    40985912 |    43350361 |    41197854 |    57418658 |    57685767 |     3166 |     9731 |    3797 |    1200 |    1931 |    10742 |    55878001 |    60235870 |    57619783 |    58883475 |    58427358 |    56916730 |     110 |    2789 |     415 |    1303 |     106 |     635 |
|      L2_TRANS_ALL_REQUESTS     |   PMC4  |  2115268054 |  2069447264 |  2073851420 |  2053586770 |  1970564207 |  1961423138 |  1675199 |   262339 |  204341 |   91168 |  119766 |   363016 |  1951864571 |  1854214696 |  1945826423 |  1939698880 |  1933954635 |  1908957680 |     612 |  138523 |   12413 |   58348 |   26174 |   21201 |
|          L2_RQSTS_MISS         |   PMC5  |   437907531 |   446459291 |   448795846 |   441382899 |   434033354 |   432648250 |   412249 |    91760 |   81878 |   36534 |   47824 |   146553 |   433225413 |   395667665 |   431727178 |   428062879 |   424294838 |   414800248 |     264 |   34710 |    5344 |   20106 |    7862 |    2439 |
|        UOPS_RETIRED_ALL        |   PMC6  | 60968860041 | 50730214275 | 50842779658 | 50125560894 | 46073714167 | 45542687634 | 22710879 |  5367169 | 1865020 |  670282 | 1319619 |  4445231 | 45539801476 | 45702817698 | 45213879993 | 45240669114 | 45292404565 | 46075610773 |    1807 | 4249899 |  314261 | 2361748 |  401616 |  177869 |
|            TEMP_CORE           |   TMP0  |          32 |          30 |          31 |          28 |          29 |          30 |       30 |       30 |      28 |      29 |      30 |       31 |          28 |          32 |          31 |          32 |          35 |          32 |      29 |      30 |      28 |      28 |      30 |      28 |
|         PWR_PKG_ENERGY         |   PWR0  |    655.8299 |           0 |           0 |           0 |           0 |           0 |        0 |        0 |       0 |       0 |       0 |        0 |    701.8727 |           0 |           0 |           0 |           0 |           0 |       0 |       0 |       0 |       0 |       0 |       0 |
|         PWR_PP0_ENERGY         |   PWR1  |           0 |           0 |           0 |           0 |           0 |           0 |        0 |        0 |       0 |       0 |       0 |        0 |           0 |           0 |           0 |           0 |           0 |           0 |       0 |       0 |       0 |       0 |       0 |       0 |
|         PWR_DRAM_ENERGY        |   PWR3  |    177.5676 |           0 |           0 |           0 |           0 |           0 |        0 |        0 |       0 |       0 |       0 |        0 |    180.6510 |           0 |           0 |           0 |           0 |           0 |       0 |       0 |       0 |       0 |       0 |       0 |
|          CAS_COUNT_RD          | MBOX0C0 |   356223435 |           0 |           0 |           0 |           0 |           0 |        0 |        0 |       0 |       0 |       0 |        0 |   349914637 |           0 |           0 |           0 |           0 |           0 |       0 |       0 |       0 |       0 |       0 |       0 |
|          CAS_COUNT_WR          | MBOX0C1 |   151419522 |           0 |           0 |           0 |           0 |           0 |        0 |        0 |       0 |       0 |       0 |        0 |   145397775 |           0 |           0 |           0 |           0 |           0 |       0 |       0 |       0 |       0 |       0 |       0 |
|          CAS_COUNT_RD          | MBOX1C0 |   357311168 |           0 |           0 |           0 |           0 |           0 |        0 |        0 |       0 |       0 |       0 |        0 |   351012426 |           0 |           0 |           0 |           0 |           0 |       0 |       0 |       0 |       0 |       0 |       0 |
|          CAS_COUNT_WR          | MBOX1C1 |   152573911 |           0 |           0 |           0 |           0 |           0 |        0 |        0 |       0 |       0 |       0 |        0 |   146481939 |           0 |           0 |           0 |           0 |           0 |       0 |       0 |       0 |       0 |       0 |       0 |
|          CAS_COUNT_RD          | MBOX2C0 |           0 |           0 |           0 |           0 |           0 |           0 |        0 |        0 |       0 |       0 |       0 |        0 |           0 |           0 |           0 |           0 |           0 |           0 |       0 |       0 |       0 |       0 |       0 |       0 |
|          CAS_COUNT_WR          | MBOX2C1 |           0 |           0 |           0 |           0 |           0 |           0 |        0 |        0 |       0 |       0 |       0 |        0 |           0 |           0 |           0 |           0 |           0 |           0 |       0 |       0 |       0 |       0 |       0 |       0 |
|          CAS_COUNT_RD          | MBOX3C0 |           0 |           0 |           0 |           0 |           0 |           0 |        0 |        0 |       0 |       0 |       0 |        0 |           0 |           0 |           0 |           0 |           0 |           0 |       0 |       0 |       0 |       0 |       0 |       0 |
|          CAS_COUNT_WR          | MBOX3C1 |           0 |           0 |           0 |           0 |           0 |           0 |        0 |        0 |       0 |       0 |       0 |        0 |           0 |           0 |           0 |           0 |           0 |           0 |       0 |       0 |       0 |       0 |       0 |       0 |
|          CAS_COUNT_RD          | MBOX4C0 |   356309160 |           0 |           0 |           0 |           0 |           0 |        0 |        0 |       0 |       0 |       0 |        0 |   349926916 |           0 |           0 |           0 |           0 |           0 |       0 |       0 |       0 |       0 |       0 |       0 |
|          CAS_COUNT_WR          | MBOX4C1 |   151358513 |           0 |           0 |           0 |           0 |           0 |        0 |        0 |       0 |       0 |       0 |        0 |   145438365 |           0 |           0 |           0 |           0 |           0 |       0 |       0 |       0 |       0 |       0 |       0 |
|          CAS_COUNT_RD          | MBOX5C0 |   356954817 |           0 |           0 |           0 |           0 |           0 |        0 |        0 |       0 |       0 |       0 |        0 |   351097022 |           0 |           0 |           0 |           0 |           0 |       0 |       0 |       0 |       0 |       0 |       0 |
|          CAS_COUNT_WR          | MBOX5C1 |   152385848 |           0 |           0 |           0 |           0 |           0 |        0 |        0 |       0 |       0 |       0 |        0 |   146502721 |           0 |           0 |           0 |           0 |           0 |       0 |       0 |       0 |       0 |       0 |       0 |
|          CAS_COUNT_RD          | MBOX6C0 |           0 |           0 |           0 |           0 |           0 |           0 |        0 |        0 |       0 |       0 |       0 |        0 |           0 |           0 |           0 |           0 |           0 |           0 |       0 |       0 |       0 |       0 |       0 |       0 |
|          CAS_COUNT_WR          | MBOX6C1 |           0 |           0 |           0 |           0 |           0 |           0 |        0 |        0 |       0 |       0 |       0 |        0 |           0 |           0 |           0 |           0 |           0 |           0 |       0 |       0 |       0 |       0 |       0 |       0 |
|          CAS_COUNT_RD          | MBOX7C0 |           0 |           0 |           0 |           0 |           0 |           0 |        0 |        0 |       0 |       0 |       0 |        0 |           0 |           0 |           0 |           0 |           0 |           0 |       0 |       0 |       0 |       0 |       0 |       0 |
|          CAS_COUNT_WR          | MBOX7C1 |           0 |           0 |           0 |           0 |           0 |           0 |        0 |        0 |       0 |       0 |       0 |        0 |           0 |           0 |           0 |           0 |           0 |           0 |       0 |       0 |       0 |       0 |       0 |       0 |
+--------------------------------+---------+-------------+-------------+-------------+-------------+-------------+-------------+----------+----------+---------+---------+---------+----------+-------------+-------------+-------------+-------------+-------------+-------------+---------+---------+---------+---------+---------+---------+
+-------------------------------------+---------+--------------+-------+-------------+--------------+
|                Event                | Counter |      Sum     |  Min  |     Max     |      Avg     |
+-------------------------------------+---------+--------------+-------+-------------+--------------+
|        INSTR_RETIRED_ANY STAT       |  FIXC0  | 449957662531 |  1738 | 47359625147 | 1.874824e+10 |
|      CPU_CLK_UNHALTED_CORE STAT     |  FIXC1  | 284501017171 | 11644 | 23857690174 | 1.185421e+10 |
|      CPU_CLK_UNHALTED_REF STAT      |  FIXC2  | 545293397777 | 22310 | 45727221380 | 2.272056e+10 |
|           FIXC1/FIXC0 STAT          |   CPI   |            0 |     0 |           0 |            0 |
|  OFFCORE_RESPONSE_0_LOCAL_DRAM STAT |   PMC0  |   2221332363 |     1 |   196046932 | 9.255552e+07 |
| OFFCORE_RESPONSE_1_REMOTE_DRAM STAT |   PMC1  |    118974691 |   103 |    29021848 | 4.957279e+06 |
|  MEM_LOAD_UOPS_RETIRED_L3_ALL STAT  |   PMC2  |   1217282811 |   111 |   113721650 | 5.072012e+07 |
|  MEM_LOAD_UOPS_RETIRED_L3_MISS STAT |   PMC3  |    611580060 |   106 |    60235870 | 2.548250e+07 |
|      L2_TRANS_ALL_REQUESTS STAT     |   PMC4  |  23781630838 |   612 |  2115268054 | 9.909013e+08 |
|          L2_RQSTS_MISS STAT         |   PMC5  |   5169892915 |   264 |   448795846 | 2.154122e+08 |
|        UOPS_RETIRED_ALL STAT        |   PMC6  | 577392885688 |  1807 | 60968860041 | 2.405804e+10 |
|            TEMP_CORE STAT           |   TMP0  |          721 |    28 |          35 |      30.0417 |
|         PWR_PKG_ENERGY STAT         |   PWR0  |    1357.7026 |     0 |    701.8727 |      56.5709 |
|         PWR_PP0_ENERGY STAT         |   PWR1  |            0 |     0 |           0 |            0 |
|         PWR_DRAM_ENERGY STAT        |   PWR3  |     358.2186 |     0 |    180.6510 |      14.9258 |
|          CAS_COUNT_RD STAT          | MBOX0C0 |    706138072 |     0 |   356223435 | 2.942242e+07 |
|          CAS_COUNT_WR STAT          | MBOX0C1 |    296817297 |     0 |   151419522 | 1.236739e+07 |
|          CAS_COUNT_RD STAT          | MBOX1C0 |    708323594 |     0 |   357311168 | 2.951348e+07 |
|          CAS_COUNT_WR STAT          | MBOX1C1 |    299055850 |     0 |   152573911 | 1.246066e+07 |
|          CAS_COUNT_RD STAT          | MBOX2C0 |            0 |     0 |           0 |            0 |
|          CAS_COUNT_WR STAT          | MBOX2C1 |            0 |     0 |           0 |            0 |
|          CAS_COUNT_RD STAT          | MBOX3C0 |            0 |     0 |           0 |            0 |
|          CAS_COUNT_WR STAT          | MBOX3C1 |            0 |     0 |           0 |            0 |
|          CAS_COUNT_RD STAT          | MBOX4C0 |    706236076 |     0 |   356309160 | 2.942650e+07 |
|          CAS_COUNT_WR STAT          | MBOX4C1 |    296796878 |     0 |   151358513 | 1.236654e+07 |
|          CAS_COUNT_RD STAT          | MBOX5C0 |    708051839 |     0 |   356954817 | 2.950216e+07 |
|          CAS_COUNT_WR STAT          | MBOX5C1 |    298888569 |     0 |   152385848 | 1.245369e+07 |
|          CAS_COUNT_RD STAT          | MBOX6C0 |            0 |     0 |           0 |            0 |
|          CAS_COUNT_WR STAT          | MBOX6C1 |            0 |     0 |           0 |            0 |
|          CAS_COUNT_RD STAT          | MBOX7C0 |            0 |     0 |           0 |            0 |
|          CAS_COUNT_WR STAT          | MBOX7C1 |            0 |     0 |           0 |            0 |
+-------------------------------------+---------+--------------+-------+-------------+--------------+
+-----------------------------------+-----------+-----------+-----------+-----------+-----------+-----------+-----------+-----------+-----------+--------------+-----------+-----------+-----------+-----------+-----------+-----------+-----------+-----------+--------------+-----------+-----------+--------------+--------------+--------------+
|               Metric              |   Core 0  |   Core 1  |   Core 2  |   Core 3  |   Core 4  |   Core 5  |   Core 6  |   Core 7  |   Core 8  |    Core 9    |  Core 10  |  Core 11  |  Core 12  |  Core 13  |  Core 14  |  Core 15  |  Core 16  |  Core 17  |    Core 18   |  Core 19  |  Core 20  |    Core 21   |    Core 22   |    Core 23   |
+-----------------------------------+-----------+-----------+-----------+-----------+-----------+-----------+-----------+-----------+-----------+--------------+-----------+-----------+-----------+-----------+-----------+-----------+-----------+-----------+--------------+-----------+-----------+--------------+--------------+--------------+
|        Runtime (RDTSC) [s]        |   20.0009 |   20.0009 |   20.0009 |   20.0009 |   20.0009 |   20.0009 |   20.0009 |   20.0009 |   20.0009 |      20.0009 |   20.0009 |   20.0009 |   20.0009 |   20.0009 |   20.0009 |   20.0009 |   20.0009 |   20.0009 |      20.0009 |   20.0009 |   20.0009 |      20.0009 |      20.0009 |      20.0009 |
|        Runtime unhalted [s]       |   10.1797 |   10.3730 |   10.3719 |   10.3685 |   10.3695 |   10.3694 |    0.0060 |    0.0025 |    0.0014 |       0.0006 |    0.0009 |    0.0030 |   10.3288 |   10.1580 |   10.3305 |   10.3336 |   10.2825 |   10.2143 | 5.062631e-06 |    0.0015 |    0.0002 |       0.0007 |       0.0002 |       0.0001 |
|            Clock [MHz]            | 1199.9954 | 1199.9953 | 1199.9953 | 1199.9952 | 1199.9953 | 1199.9951 | 1200.0340 | 1199.9818 | 1200.0465 |    1199.9177 | 1199.9894 | 1200.0071 | 1199.9951 | 1199.9955 | 1199.9952 | 1199.9953 | 1199.9952 | 1199.9952 |    1200.4071 | 1200.0241 | 1200.3885 |    1199.9575 |    1200.0716 |    1200.0219 |
|                CPI                |    0.4944 |    0.6055 |    0.6026 |    0.6140 |    0.6580 |    0.6660 |    0.8917 |    1.2639 |    2.0774 |       2.5084 |    1.8063 |    1.9104 |    0.6660 |    0.6648 |    0.6722 |    0.6695 |    0.6699 |    0.6578 |       6.6997 |    0.9912 |    1.7216 |       0.8888 |       1.6753 |       2.8329 |
|   Local DRAM data volume [GByte]  |   11.0443 |   12.3685 |   12.5470 |   12.5291 |   12.5002 |   11.0351 |    0.0173 |    0.0022 |    0.0032 |       0.0015 |    0.0021 |    0.0066 |   11.9448 |   10.7742 |   12.0425 |   12.2628 |   12.0469 |   11.0365 | 1.062400e-05 |    0.0002 |    0.0001 | 2.560000e-07 | 6.400000e-08 |       0.0001 |
|   Local DRAM bandwidth [MByte/s]  |  552.1918 |  618.3977 |  627.3211 |  626.4277 |  624.9791 |  551.7304 |    0.8655 |    0.1076 |    0.1579 |       0.0750 |    0.1059 |    0.3284 |  597.2118 |  538.6858 |  602.0971 |  613.1126 |  602.3169 |  551.8014 |       0.0005 |    0.0110 |    0.0045 | 1.279941e-05 | 3.199852e-06 |       0.0042 |
|  Remote DRAM data volume [GByte]  |    0.6317 |    0.4037 |    0.3487 |    0.3131 |    0.2770 |    1.8574 |    0.0001 |    0.0016 |    0.0001 | 1.228800e-05 |    0.0001 |    0.0004 |    0.7495 |    0.6563 |    0.5574 |    0.4561 |    0.5367 |    0.8225 | 6.592000e-06 |    0.0008 |    0.0002 |       0.0007 |       0.0001 | 4.985600e-05 |
|  Remote DRAM bandwidth [MByte/s]  |   31.5850 |   20.1859 |   17.4362 |   15.6549 |   13.8499 |   92.8656 |    0.0073 |    0.0788 |    0.0052 |       0.0006 |    0.0026 |    0.0209 |   37.4719 |   32.8130 |   27.8711 |   22.8050 |   26.8328 |   41.1228 |       0.0003 |    0.0410 |    0.0116 |       0.0334 |       0.0030 |       0.0025 |
|     Memory data volume [GByte]    |   11.6761 |   12.7723 |   12.8957 |   12.8422 |   12.7772 |   12.8925 |    0.0175 |    0.0037 |    0.0033 |       0.0015 |    0.0022 |    0.0070 |   12.6943 |   11.4305 |   12.5999 |   12.7189 |   12.5836 |   11.8590 | 1.721600e-05 |    0.0010 |    0.0003 |       0.0007 |       0.0001 |       0.0001 |
|     Memory bandwidth [MByte/s]    |  583.7768 |  638.5835 |  644.7573 |  642.0826 |  638.8290 |  644.5960 |    0.8727 |    0.1864 |    0.1631 |       0.0756 |    0.1085 |    0.3493 |  634.6837 |  571.4988 |  629.9682 |  635.9176 |  629.1497 |  592.9242 |       0.0009 |    0.0521 |    0.0162 |       0.0334 |       0.0030 |       0.0067 |
|          L3 request rate          |    2.0709 |    2.1530 |    2.1046 |    2.2136 |    1.9441 |    1.9690 |    3.0171 |    1.2118 |    1.2721 |       1.5675 |    1.3589 |    1.1543 |    1.9561 |    1.8853 |    1.9735 |    1.9161 |    1.9464 |    1.9450 |       1.0091 |    2.0251 |    1.0482 |       2.2916 |      11.2453 |       1.1118 |
|            L3 miss rate           |    0.2077 |    0.0715 |    0.0597 |    0.0536 |    0.0388 |    0.2555 |    0.2380 |    2.0891 |    0.3354 |       0.1021 |    0.3060 |    0.5280 |    0.1071 |    0.0903 |    0.0766 |    0.0632 |    0.0737 |    0.1161 |       0.9279 |    2.2712 |    8.3540 |       3.4946 |       0.7936 |       1.1034 |
|           L3 miss ratio           |    0.0572 |    0.0326 |    0.0278 |    0.0250 |    0.0222 |    0.1683 |    0.0084 |    0.7326 |    0.0328 |       0.0082 |    0.0243 |    0.0638 |    0.0627 |    0.0609 |    0.0463 |    0.0372 |    0.0445 |    0.0745 |       0.6205 |    3.7183 |    2.5682 |    2608.7500 |          946 |       0.5974 |
|          L2 request rate          |    0.0447 |    0.0525 |    0.0524 |    0.0529 |    0.0544 |    0.0548 |    0.1083 |    0.0578 |    0.1346 |       0.1669 |    0.1086 |    0.1015 |    0.0547 |    0.0528 |    0.0550 |    0.0546 |    0.0548 |    0.0534 |       0.3521 |    0.0409 |    0.0438 |       0.0323 |       0.0905 |       0.1941 |
|            L2 miss rate           |    0.0092 |    0.0113 |    0.0113 |    0.0114 |    0.0120 |    0.0121 |    0.0266 |    0.0202 |    0.0539 |       0.0669 |    0.0434 |    0.0410 |    0.0121 |    0.0113 |    0.0122 |    0.0121 |    0.0120 |    0.0116 |       0.1519 |    0.0103 |    0.0189 |       0.0111 |       0.0272 |       0.0223 |
|           L2 miss ratio           |    0.2070 |    0.2157 |    0.2164 |    0.2149 |    0.2203 |    0.2206 |    0.2461 |    0.3498 |    0.4007 |       0.4007 |    0.3993 |    0.4037 |    0.2220 |    0.2134 |    0.2219 |    0.2207 |    0.2194 |    0.2173 |       0.4314 |    0.2506 |    0.4305 |       0.3446 |       0.3004 |       0.1150 |
|  Memory read bandwidth [MBytes/s] | 4565.5438 |         0 |         0 |         0 |         0 |         0 |         0 |         0 |         0 |            0 |         0 |         0 | 4486.0352 |         0 |         0 |         0 |         0 |         0 |            0 |         0 |         0 |            0 |            0 |            0 |
|  Memory read data volume [GBytes] |   91.3151 |         0 |         0 |         0 |         0 |         0 |         0 |         0 |         0 |            0 |         0 |         0 |   89.7249 |         0 |         0 |         0 |         0 |         0 |            0 |         0 |         0 |            0 |            0 |            0 |
| Memory write bandwidth [MBytes/s] | 1944.6708 |         0 |         0 |         0 |         0 |         0 |         0 |         0 |         0 |            0 |         0 |         0 | 1868.1399 |         0 |         0 |         0 |         0 |         0 |            0 |         0 |         0 |            0 |            0 |            0 |
| Memory write data volume [GBytes] |   38.8952 |         0 |         0 |         0 |         0 |         0 |         0 |         0 |         0 |            0 |         0 |         0 |   37.3645 |         0 |         0 |         0 |         0 |         0 |            0 |         0 |         0 |            0 |            0 |            0 |
|    Memory bandwidth [MBytes/s]    | 6510.2145 |         0 |         0 |         0 |         0 |         0 |         0 |         0 |         0 |            0 |         0 |         0 | 6354.1751 |         0 |         0 |         0 |         0 |         0 |            0 |         0 |         0 |            0 |            0 |            0 |
|    Memory data volume [GBytes]    |  130.2103 |         0 |         0 |         0 |         0 |         0 |         0 |         0 |         0 |            0 |         0 |         0 |  127.0894 |         0 |         0 |         0 |         0 |         0 |            0 |         0 |         0 |            0 |            0 |            0 |
|          Temperature [C]          |        32 |        30 |        31 |        28 |        29 |        30 |        30 |        30 |        28 |           29 |        30 |        31 |        28 |        32 |        31 |        32 |        35 |        32 |           29 |        30 |        28 |           28 |           30 |           28 |
|             Energy [J]            |  655.8299 |         0 |         0 |         0 |         0 |         0 |         0 |         0 |         0 |            0 |         0 |         0 |  701.8727 |         0 |         0 |         0 |         0 |         0 |            0 |         0 |         0 |            0 |            0 |            0 |
|             Power [W]             |   32.7900 |         0 |         0 |         0 |         0 |         0 |         0 |         0 |         0 |            0 |         0 |         0 |   35.0920 |         0 |         0 |         0 |         0 |         0 |            0 |         0 |         0 |            0 |            0 |            0 |
|           Energy PP0 [J]          |         0 |         0 |         0 |         0 |         0 |         0 |         0 |         0 |         0 |            0 |         0 |         0 |         0 |         0 |         0 |         0 |         0 |         0 |            0 |         0 |         0 |            0 |            0 |            0 |
|           Power PP0 [W]           |         0 |         0 |         0 |         0 |         0 |         0 |         0 |         0 |         0 |            0 |         0 |         0 |         0 |         0 |         0 |         0 |         0 |         0 |            0 |         0 |         0 |            0 |            0 |            0 |
|          Energy DRAM [J]          |  177.5676 |         0 |         0 |         0 |         0 |         0 |         0 |         0 |         0 |            0 |         0 |         0 |  180.6510 |         0 |         0 |         0 |         0 |         0 |            0 |         0 |         0 |            0 |            0 |            0 |
|           Power DRAM [W]          |    8.8780 |         0 |         0 |         0 |         0 |         0 |         0 |         0 |         0 |            0 |         0 |         0 |    9.0321 |         0 |         0 |         0 |         0 |         0 |            0 |         0 |         0 |            0 |            0 |            0 |
+-----------------------------------+-----------+-----------+-----------+-----------+-----------+-----------+-----------+-----------+-----------+--------------+-----------+-----------+-----------+-----------+-----------+-----------+-----------+-----------+--------------+-----------+-----------+--------------+--------------+--------------+
+----------------------------------------+------------+--------------+-----------+-----------+
|                 Metric                 |     Sum    |      Min     |    Max    |    Avg    |
+----------------------------------------+------------+--------------+-----------+-----------+
|        Runtime (RDTSC) [s] STAT        |   480.0216 |      20.0009 |   20.0009 |   20.0009 |
|        Runtime unhalted [s] STAT       |   123.6968 | 5.062631e-06 |   10.3730 |    5.1540 |
|            Clock [MHz] STAT            | 28800.7903 |    1199.9177 | 1200.4071 | 1200.0329 |
|                CPI STAT                |    32.9083 |       0.4944 |    6.6997 |    1.3712 |
|   Local DRAM data volume [GByte] STAT  |   142.1652 | 6.400000e-08 |   12.5470 |    5.9236 |
|   Local DRAM bandwidth [MByte/s] STAT  |  7107.9339 | 3.199852e-06 |  627.3211 |  296.1639 |
|  Remote DRAM data volume [GByte] STAT  |     7.6143 | 6.592000e-06 |    1.8574 |    0.3173 |
|  Remote DRAM bandwidth [MByte/s] STAT  |   380.7013 |       0.0003 |   92.8656 |   15.8626 |
|     Memory data volume [GByte] STAT    |   149.7796 | 1.721600e-05 |   12.8957 |    6.2408 |
|     Memory bandwidth [MByte/s] STAT    |  7488.6353 |       0.0009 |  644.7573 |  312.0265 |
|          L3 request rate STAT          |    52.3904 |       1.0091 |   11.2453 |    2.1829 |
|            L3 miss rate STAT           |    21.7571 |       0.0388 |    8.3540 |    0.9065 |
|           L3 miss ratio STAT           |  3563.7837 |       0.0082 | 2608.7500 |  148.4910 |
|          L2 request rate STAT          |     2.0684 |       0.0323 |    0.3521 |    0.0862 |
|            L2 miss rate STAT           |     0.6323 |       0.0092 |    0.1519 |    0.0263 |
|           L2 miss ratio STAT           |     6.6824 |       0.1150 |    0.4314 |    0.2784 |
|  Memory read bandwidth [MBytes/s] STAT |  9051.5790 |            0 | 4565.5438 |  377.1491 |
|  Memory read data volume [GBytes] STAT |   181.0400 |            0 |   91.3151 |    7.5433 |
| Memory write bandwidth [MBytes/s] STAT |  3812.8107 |            0 | 1944.6708 |  158.8671 |
| Memory write data volume [GBytes] STAT |    76.2597 |            0 |   38.8952 |    3.1775 |
|    Memory bandwidth [MBytes/s] STAT    | 12864.3896 |            0 | 6510.2145 |  536.0162 |
|    Memory data volume [GBytes] STAT    |   257.2997 |            0 |  130.2103 |   10.7208 |
|          Temperature [C] STAT          |        721 |           28 |        35 |   30.0417 |
|             Energy [J] STAT            |  1357.7026 |            0 |  701.8727 |   56.5709 |
|             Power [W] STAT             |    67.8820 |            0 |   35.0920 |    2.8284 |
|           Energy PP0 [J] STAT          |          0 |            0 |         0 |         0 |
|           Power PP0 [W] STAT           |          0 |            0 |         0 |         0 |
|          Energy DRAM [J] STAT          |   358.2186 |            0 |  180.6510 |   14.9258 |
|           Power DRAM [W] STAT          |    17.9101 |            0 |    9.0321 |    0.7463 |
+----------------------------------------+------------+--------------+-----------+-----------+
