--------------------------------------------------------------------------------
CPU name:	Intel(R) Xeon(R) CPU E5-2670 v3 @ 2.30GHz
CPU type:	Intel Xeon Haswell EN/EP/EX processor
CPU clock:	2.30 GHz
--------------------------------------------------------------------------------
Group 1: POWERPERF
+--------------------------------+---------+-------------+-------------+-------------+-------------+-------------+-------------+-------------+-------------+-------------+-------------+-------------+-------------+-------------+-------------+-------------+-------------+-------------+-------------+-------------+-------------+-------------+-------------+-------------+-------------+
|              Event             | Counter |    Core 0   |    Core 1   |    Core 2   |    Core 3   |    Core 4   |    Core 5   |    Core 6   |    Core 7   |    Core 8   |    Core 9   |   Core 10   |   Core 11   |   Core 12   |   Core 13   |   Core 14   |   Core 15   |   Core 16   |   Core 17   |   Core 18   |   Core 19   |   Core 20   |   Core 21   |   Core 22   |   Core 23   |
+--------------------------------+---------+-------------+-------------+-------------+-------------+-------------+-------------+-------------+-------------+-------------+-------------+-------------+-------------+-------------+-------------+-------------+-------------+-------------+-------------+-------------+-------------+-------------+-------------+-------------+-------------+
|        INSTR_RETIRED_ANY       |  FIXC0  | 12346713348 | 12454588125 | 12327447095 | 12436716566 | 12451607286 | 12553727616 | 21014584813 | 21038153089 | 16711793709 | 16527735122 | 16526676379 | 16180022469 | 12306589568 | 12440679545 | 12285622869 | 12409913287 | 12398566193 | 12445415401 | 16135675325 | 15978826088 | 15632934605 | 15311978620 | 14932342749 | 14920549054 |
|      CPU_CLK_UNHALTED_CORE     |  FIXC1  |  8176121495 |  8204125574 |  8186635239 |  8215803324 |  8213107391 |  8195355748 |  9023312299 |  9015545703 |  9010796729 |  8986111259 |  8972843341 |  8963570263 |  8225547951 |  8250248256 |  8198589803 |  8225314109 |  8181376447 |  8191058584 |  8953626441 |  8951441626 |  8949865834 |  8946148978 |  8948557602 |  8940724223 |
|      CPU_CLK_UNHALTED_REF      |  FIXC2  |  8225488781 |  8243325925 |  8228645830 |  8265701935 |  8255104938 |  8248257079 |  9023322257 |  9015558653 |  9010796687 |  8986106716 |  8972841351 |  8963565865 |  8244335165 |  8301023817 |  8246197176 |  8247718005 |  8226475389 |  8231635163 |  8953628669 |  8951443531 |  8949863546 |  8946147367 |  8948555191 |  8940724680 |
|           FIXC1/FIXC0          |   CPI   |           0 |           0 |           0 |           0 |           0 |           0 |           0 |           0 |           0 |           0 |           0 |           0 |           0 |           0 |           0 |           0 |           0 |           0 |           0 |           0 |           0 |           0 |           0 |           0 |
|  OFFCORE_RESPONSE_0_LOCAL_DRAM |   PMC0  |    61138244 |    60868341 |    61212608 |    60913862 |    60977361 |    61032138 |     2172140 |     1236493 |     1098932 |     1128775 |      989184 |     1100282 |    61351250 |    61150254 |    60918831 |    61037228 |    61196560 |    61098770 |     5023522 |     4621512 |     4582405 |     4585622 |     4620079 |     4917412 |
| OFFCORE_RESPONSE_1_REMOTE_DRAM |   PMC1  |       11918 |       11109 |       12051 |       11215 |       27946 |       16748 |     5826363 |     5901845 |     5125375 |     5080513 |     4046095 |     4546474 |       37727 |       41110 |        3834 |        3817 |       16336 |        3525 |      913770 |      796137 |      763560 |      753331 |      734285 |      781324 |
|  MEM_LOAD_UOPS_RETIRED_L3_ALL  |   PMC2  |    43521590 |    46157695 |    44199243 |    44704980 |    43937029 |    42882427 |     5826414 |     5271736 |     4544520 |     4483449 |     4186853 |     4317492 |    47068287 |    42577682 |    44073743 |    41186903 |    43457593 |    40719624 |     4649794 |     4047751 |     3989584 |     3844595 |     3377555 |     3748296 |
|  MEM_LOAD_UOPS_RETIRED_L3_MISS |   PMC3  |    13783197 |    13943165 |    13999243 |    13995121 |    13849942 |    13805320 |     1921632 |     1530724 |     1321397 |     1303178 |     1245778 |     1445362 |    14139588 |    13733916 |    13922627 |    13651665 |    13865572 |    13682709 |     1673854 |     1408470 |     1328454 |     1272717 |     1212630 |     1385795 |
|      L2_TRANS_ALL_REQUESTS     |   PMC4  |   864905570 |   844462131 |   874799080 |   844144682 |   877486204 |   846148219 |   542323373 |   533858872 |   406104457 |   409545718 |   391275461 |   391990592 |   879054726 |   839746434 |   876493393 |   839903476 |   842743913 |   837662995 |   368215755 |   360806408 |   355600499 |   349164093 |   336299539 |   336640810 |
|          L2_RQSTS_MISS         |   PMC5  |   166025491 |   152209297 |   172471619 |   152186883 |   169522160 |   152603292 |    64163504 |    60276019 |    45831621 |    46125121 |    42839485 |    44651561 |   172306097 |   150835111 |   173478505 |   151203669 |   152013405 |   150818826 |    42763738 |    40898360 |    40729336 |    40053802 |    38315183 |    40205699 |
|        UOPS_RETIRED_ALL        |   PMC6  | 13849273853 | 14010165526 | 13824041410 | 13980535130 | 14000200595 | 14144886478 | 25553402795 | 25617287910 | 21142069579 | 20940518771 | 20966163386 | 20582747806 | 13785005317 | 13979334338 | 13760433728 | 13944919462 | 13924300004 | 13993266423 | 20653638504 | 20506210043 | 20146534340 | 19813102040 | 19425800118 | 19398346120 |
|            TEMP_CORE           |   TMP0  |          36 |          36 |          36 |          35 |          38 |          39 |          41 |          40 |          39 |          41 |          41 |          42 |          35 |          41 |          39 |          40 |          44 |          39 |          40 |          40 |          40 |          43 |          41 |          38 |
|         PWR_PKG_ENERGY         |   PWR0  |    288.8010 |           0 |           0 |           0 |           0 |           0 |           0 |           0 |           0 |           0 |           0 |           0 |    297.5582 |           0 |           0 |           0 |           0 |           0 |           0 |           0 |           0 |           0 |           0 |           0 |
|         PWR_PP0_ENERGY         |   PWR1  |           0 |           0 |           0 |           0 |           0 |           0 |           0 |           0 |           0 |           0 |           0 |           0 |           0 |           0 |           0 |           0 |           0 |           0 |           0 |           0 |           0 |           0 |           0 |           0 |
|         PWR_DRAM_ENERGY        |   PWR3  |     42.3376 |           0 |           0 |           0 |           0 |           0 |           0 |           0 |           0 |           0 |           0 |           0 |     46.5517 |           0 |           0 |           0 |           0 |           0 |           0 |           0 |           0 |           0 |           0 |           0 |
|          CAS_COUNT_RD          | MBOX0C0 |   127267604 |           0 |           0 |           0 |           0 |           0 |           0 |           0 |           0 |           0 |           0 |           0 |   151081358 |           0 |           0 |           0 |           0 |           0 |           0 |           0 |           0 |           0 |           0 |           0 |
|          CAS_COUNT_WR          | MBOX0C1 |    93184683 |           0 |           0 |           0 |           0 |           0 |           0 |           0 |           0 |           0 |           0 |           0 |   103965267 |           0 |           0 |           0 |           0 |           0 |           0 |           0 |           0 |           0 |           0 |           0 |
|          CAS_COUNT_RD          | MBOX1C0 |   127364236 |           0 |           0 |           0 |           0 |           0 |           0 |           0 |           0 |           0 |           0 |           0 |   150807969 |           0 |           0 |           0 |           0 |           0 |           0 |           0 |           0 |           0 |           0 |           0 |
|          CAS_COUNT_WR          | MBOX1C1 |    93355164 |           0 |           0 |           0 |           0 |           0 |           0 |           0 |           0 |           0 |           0 |           0 |   103791686 |           0 |           0 |           0 |           0 |           0 |           0 |           0 |           0 |           0 |           0 |           0 |
|          CAS_COUNT_RD          | MBOX2C0 |           0 |           0 |           0 |           0 |           0 |           0 |           0 |           0 |           0 |           0 |           0 |           0 |           0 |           0 |           0 |           0 |           0 |           0 |           0 |           0 |           0 |           0 |           0 |           0 |
|          CAS_COUNT_WR          | MBOX2C1 |           0 |           0 |           0 |           0 |           0 |           0 |           0 |           0 |           0 |           0 |           0 |           0 |           0 |           0 |           0 |           0 |           0 |           0 |           0 |           0 |           0 |           0 |           0 |           0 |
|          CAS_COUNT_RD          | MBOX3C0 |           0 |           0 |           0 |           0 |           0 |           0 |           0 |           0 |           0 |           0 |           0 |           0 |           0 |           0 |           0 |           0 |           0 |           0 |           0 |           0 |           0 |           0 |           0 |           0 |
|          CAS_COUNT_WR          | MBOX3C1 |           0 |           0 |           0 |           0 |           0 |           0 |           0 |           0 |           0 |           0 |           0 |           0 |           0 |           0 |           0 |           0 |           0 |           0 |           0 |           0 |           0 |           0 |           0 |           0 |
|          CAS_COUNT_RD          | MBOX4C0 |   127491124 |           0 |           0 |           0 |           0 |           0 |           0 |           0 |           0 |           0 |           0 |           0 |   151039316 |           0 |           0 |           0 |           0 |           0 |           0 |           0 |           0 |           0 |           0 |           0 |
|          CAS_COUNT_WR          | MBOX4C1 |    93355107 |           0 |           0 |           0 |           0 |           0 |           0 |           0 |           0 |           0 |           0 |           0 |   104011204 |           0 |           0 |           0 |           0 |           0 |           0 |           0 |           0 |           0 |           0 |           0 |
|          CAS_COUNT_RD          | MBOX5C0 |   127185179 |           0 |           0 |           0 |           0 |           0 |           0 |           0 |           0 |           0 |           0 |           0 |   151203315 |           0 |           0 |           0 |           0 |           0 |           0 |           0 |           0 |           0 |           0 |           0 |
|          CAS_COUNT_WR          | MBOX5C1 |    93305246 |           0 |           0 |           0 |           0 |           0 |           0 |           0 |           0 |           0 |           0 |           0 |   103911297 |           0 |           0 |           0 |           0 |           0 |           0 |           0 |           0 |           0 |           0 |           0 |
|          CAS_COUNT_RD          | MBOX6C0 |           0 |           0 |           0 |           0 |           0 |           0 |           0 |           0 |           0 |           0 |           0 |           0 |           0 |           0 |           0 |           0 |           0 |           0 |           0 |           0 |           0 |           0 |           0 |           0 |
|          CAS_COUNT_WR          | MBOX6C1 |           0 |           0 |           0 |           0 |           0 |           0 |           0 |           0 |           0 |           0 |           0 |           0 |           0 |           0 |           0 |           0 |           0 |           0 |           0 |           0 |           0 |           0 |           0 |           0 |
|          CAS_COUNT_RD          | MBOX7C0 |           0 |           0 |           0 |           0 |           0 |           0 |           0 |           0 |           0 |           0 |           0 |           0 |           0 |           0 |           0 |           0 |           0 |           0 |           0 |           0 |           0 |           0 |           0 |           0 |
|          CAS_COUNT_WR          | MBOX7C1 |           0 |           0 |           0 |           0 |           0 |           0 |           0 |           0 |           0 |           0 |           0 |           0 |           0 |           0 |           0 |           0 |           0 |           0 |           0 |           0 |           0 |           0 |           0 |           0 |
+--------------------------------+---------+-------------+-------------+-------------+-------------+-------------+-------------+-------------+-------------+-------------+-------------+-------------+-------------+-------------+-------------+-------------+-------------+-------------+-------------+-------------+-------------+-------------+-------------+-------------+-------------+
+-------------------------------------+---------+--------------+-------------+-------------+--------------+
|                Event                | Counter |      Sum     |     Min     |     Max     |      Avg     |
+-------------------------------------+---------+--------------+-------------+-------------+--------------+
|        INSTR_RETIRED_ANY STAT       |  FIXC0  | 349768858921 | 12285622869 | 21038153089 | 1.457370e+10 |
|      CPU_CLK_UNHALTED_CORE STAT     |  FIXC1  | 206125828219 |  8176121495 |  9023312299 | 8.588576e+09 |
|      CPU_CLK_UNHALTED_REF STAT      |  FIXC2  | 206626463716 |  8225488781 |  9023322257 | 8.609436e+09 |
|           FIXC1/FIXC0 STAT          |   CPI   |            0 |           0 |           0 |            0 |
|  OFFCORE_RESPONSE_0_LOCAL_DRAM STAT |   PMC0  |    768971805 |      989184 |    61351250 | 3.204049e+07 |
| OFFCORE_RESPONSE_1_REMOTE_DRAM STAT |   PMC1  |     35466408 |        3525 |     5901845 |      1477767 |
|  MEM_LOAD_UOPS_RETIRED_L3_ALL STAT  |   PMC2  |    576774835 |     3377555 |    47068287 | 2.403228e+07 |
|  MEM_LOAD_UOPS_RETIRED_L3_MISS STAT |   PMC3  |    183422056 |     1212630 |    14139588 | 7.642586e+06 |
|      L2_TRANS_ALL_REQUESTS STAT     |   PMC4  |  15049376400 |   336299539 |   879054726 |    627057350 |
|          L2_RQSTS_MISS STAT         |   PMC5  |   2462527784 |    38315183 |   173478505 | 1.026053e+08 |
|        UOPS_RETIRED_ALL STAT        |   PMC6  | 421942183676 | 13760433728 | 25617287910 | 1.758092e+10 |
|            TEMP_CORE STAT           |   TMP0  |          944 |          35 |          44 |      39.3333 |
|         PWR_PKG_ENERGY STAT         |   PWR0  |     586.3592 |           0 |    297.5582 |      24.4316 |
|         PWR_PP0_ENERGY STAT         |   PWR1  |            0 |           0 |           0 |            0 |
|         PWR_DRAM_ENERGY STAT        |   PWR3  |      88.8893 |           0 |     46.5517 |       3.7037 |
|          CAS_COUNT_RD STAT          | MBOX0C0 |    278348962 |           0 |   151081358 | 1.159787e+07 |
|          CAS_COUNT_WR STAT          | MBOX0C1 |    197149950 |           0 |   103965267 | 8.214581e+06 |
|          CAS_COUNT_RD STAT          | MBOX1C0 |    278172205 |           0 |   150807969 | 1.159051e+07 |
|          CAS_COUNT_WR STAT          | MBOX1C1 |    197146850 |           0 |   103791686 | 8.214452e+06 |
|          CAS_COUNT_RD STAT          | MBOX2C0 |            0 |           0 |           0 |            0 |
|          CAS_COUNT_WR STAT          | MBOX2C1 |            0 |           0 |           0 |            0 |
|          CAS_COUNT_RD STAT          | MBOX3C0 |            0 |           0 |           0 |            0 |
|          CAS_COUNT_WR STAT          | MBOX3C1 |            0 |           0 |           0 |            0 |
|          CAS_COUNT_RD STAT          | MBOX4C0 |    278530440 |           0 |   151039316 |     11605435 |
|          CAS_COUNT_WR STAT          | MBOX4C1 |    197366311 |           0 |   104011204 | 8.223596e+06 |
|          CAS_COUNT_RD STAT          | MBOX5C0 |    278388494 |           0 |   151203315 | 1.159952e+07 |
|          CAS_COUNT_WR STAT          | MBOX5C1 |    197216543 |           0 |   103911297 | 8.217356e+06 |
|          CAS_COUNT_RD STAT          | MBOX6C0 |            0 |           0 |           0 |            0 |
|          CAS_COUNT_WR STAT          | MBOX6C1 |            0 |           0 |           0 |            0 |
|          CAS_COUNT_RD STAT          | MBOX7C0 |            0 |           0 |           0 |            0 |
|          CAS_COUNT_WR STAT          | MBOX7C1 |            0 |           0 |           0 |            0 |
+-------------------------------------+---------+--------------+-------------+-------------+--------------+
+-----------------------------------+------------+-----------+-----------+-----------+-----------+-----------+-----------+-----------+-----------+-----------+-----------+-----------+------------+-----------+-----------+-----------+-----------+-----------+-----------+-----------+-----------+-----------+-----------+-----------+
|               Metric              |   Core 0   |   Core 1  |   Core 2  |   Core 3  |   Core 4  |   Core 5  |   Core 6  |   Core 7  |   Core 8  |   Core 9  |  Core 10  |  Core 11  |   Core 12  |  Core 13  |  Core 14  |  Core 15  |  Core 16  |  Core 17  |  Core 18  |  Core 19  |  Core 20  |  Core 21  |  Core 22  |  Core 23  |
+-----------------------------------+------------+-----------+-----------+-----------+-----------+-----------+-----------+-----------+-----------+-----------+-----------+-----------+------------+-----------+-----------+-----------+-----------+-----------+-----------+-----------+-----------+-----------+-----------+-----------+
|        Runtime (RDTSC) [s]        |     3.9842 |    3.9842 |    3.9842 |    3.9842 |    3.9842 |    3.9842 |    3.9842 |    3.9842 |    3.9842 |    3.9842 |    3.9842 |    3.9842 |     3.9842 |    3.9842 |    3.9842 |    3.9842 |    3.9842 |    3.9842 |    3.9842 |    3.9842 |    3.9842 |    3.9842 |    3.9842 |    3.9842 |
|        Runtime unhalted [s]       |     3.5549 |    3.5671 |    3.5595 |    3.5721 |    3.5710 |    3.5633 |    3.9232 |    3.9199 |    3.9178 |    3.9071 |    3.9013 |    3.8973 |     3.5764 |    3.5871 |    3.5647 |    3.5763 |    3.5572 |    3.5614 |    3.8929 |    3.8920 |    3.8913 |    3.8897 |    3.8907 |    3.8873 |
|            Clock [MHz]            |  2286.1615 | 2289.0280 | 2288.2230 | 2286.0808 | 2288.2643 | 2285.2141 | 2299.9627 | 2299.9620 | 2299.9653 | 2299.9664 | 2299.9658 | 2299.9664 |  2294.7241 | 2285.8969 | 2286.6870 | 2293.7177 | 2287.3565 | 2288.6279 | 2299.9647 | 2299.9648 | 2299.9659 | 2299.9657 | 2299.9659 | 2299.9652 |
|                CPI                |     0.6622 |    0.6587 |    0.6641 |    0.6606 |    0.6596 |    0.6528 |    0.4294 |    0.4285 |    0.5392 |    0.5437 |    0.5429 |    0.5540 |     0.6684 |    0.6632 |    0.6673 |    0.6628 |    0.6599 |    0.6582 |    0.5549 |    0.5602 |    0.5725 |    0.5843 |    0.5993 |    0.5992 |
|   Local DRAM data volume [GByte]  |     3.9128 |    3.8956 |    3.9176 |    3.8985 |    3.9026 |    3.9061 |    0.1390 |    0.0791 |    0.0703 |    0.0722 |    0.0633 |    0.0704 |     3.9265 |    3.9136 |    3.8988 |    3.9064 |    3.9166 |    3.9103 |    0.3215 |    0.2958 |    0.2933 |    0.2935 |    0.2957 |    0.3147 |
|   Local DRAM bandwidth [MByte/s]  |   982.0974 |  977.7618 |  983.2919 |  978.4930 |  979.5130 |  980.3930 |   34.8923 |   19.8625 |   17.6528 |   18.1321 |   15.8898 |   17.6744 |   985.5190 |  982.2903 |  978.5728 |  980.4747 |  983.0342 |  981.4633 |   80.6956 |   74.2379 |   73.6097 |   73.6614 |   74.2149 |   78.9911 |
|  Remote DRAM data volume [GByte]  |     0.0008 |    0.0007 |    0.0008 |    0.0007 |    0.0018 |    0.0011 |    0.3729 |    0.3777 |    0.3280 |    0.3252 |    0.2590 |    0.2910 |     0.0024 |    0.0026 |    0.0002 |    0.0002 |    0.0010 |    0.0002 |    0.0585 |    0.0510 |    0.0489 |    0.0482 |    0.0470 |    0.0500 |
|  Remote DRAM bandwidth [MByte/s]  |     0.1914 |    0.1785 |    0.1936 |    0.1802 |    0.4489 |    0.2690 |   93.5921 |   94.8046 |   82.3317 |   81.6111 |   64.9947 |   73.0325 |     0.6060 |    0.6604 |    0.0616 |    0.0613 |    0.2624 |    0.0566 |   14.6784 |   12.7888 |   12.2655 |   12.1012 |   11.7952 |   12.5508 |
|     Memory data volume [GByte]    |     3.9136 |    3.8963 |    3.9184 |    3.8992 |    3.9043 |    3.9071 |    0.5119 |    0.4569 |    0.3984 |    0.3974 |    0.3223 |    0.3614 |     3.9289 |    3.9162 |    3.8991 |    3.9066 |    3.9176 |    3.9105 |    0.3800 |    0.3467 |    0.3421 |    0.3417 |    0.3427 |    0.3647 |
|     Memory bandwidth [MByte/s]    |   982.2888 |  977.9402 |  983.4855 |  978.6732 |  979.9620 |  980.6620 |  128.4844 |  114.6671 |   99.9845 |   99.7432 |   80.8845 |   90.7070 |   986.1251 |  982.9507 |  978.6344 |  980.5360 |  983.2966 |  981.5199 |   95.3740 |   87.0267 |   85.8752 |   85.7626 |   86.0101 |   91.5419 |
|          L3 request rate          |     3.1576 |    3.3104 |    3.1573 |    3.1943 |    3.1724 |    3.1062 |    3.0320 |    3.4439 |    3.4392 |    3.4404 |    3.3608 |    2.9871 |     3.3288 |    3.1002 |    3.1656 |    3.0170 |    3.1342 |    2.9760 |    2.7779 |    2.8739 |    3.0032 |    3.0208 |    2.7853 |    2.7048 |
|            L3 miss rate           |     0.0003 |    0.0002 |    0.0003 |    0.0003 |    0.0006 |    0.0004 |    1.0000 |    1.1195 |    1.1278 |    1.1332 |    0.9664 |    1.0530 |     0.0008 |    0.0010 |    0.0001 |    0.0001 |    0.0004 |    0.0001 |    0.1965 |    0.1967 |    0.1914 |    0.1959 |    0.2174 |    0.2084 |
|           L3 miss ratio           |     0.0002 |    0.0002 |    0.0002 |    0.0002 |    0.0005 |    0.0003 |    2.6823 |    4.7731 |    4.6640 |    4.5009 |    4.0903 |    4.1321 |     0.0006 |    0.0007 |    0.0001 |    0.0001 |    0.0003 |    0.0001 |    0.1819 |    0.1723 |    0.1666 |    0.1643 |    0.1589 |    0.1589 |
|          L2 request rate          |     0.0701 |    0.0678 |    0.0710 |    0.0679 |    0.0705 |    0.0674 |    0.0258 |    0.0254 |    0.0243 |    0.0248 |    0.0237 |    0.0242 |     0.0714 |    0.0675 |    0.0713 |    0.0677 |    0.0680 |    0.0673 |    0.0228 |    0.0226 |    0.0227 |    0.0228 |    0.0225 |    0.0226 |
|            L2 miss rate           |     0.0134 |    0.0122 |    0.0140 |    0.0122 |    0.0136 |    0.0122 |    0.0031 |    0.0029 |    0.0027 |    0.0028 |    0.0026 |    0.0028 |     0.0140 |    0.0121 |    0.0141 |    0.0122 |    0.0123 |    0.0121 |    0.0027 |    0.0026 |    0.0026 |    0.0026 |    0.0026 |    0.0027 |
|           L2 miss ratio           |     0.1920 |    0.1802 |    0.1972 |    0.1803 |    0.1932 |    0.1804 |    0.1183 |    0.1129 |    0.1129 |    0.1126 |    0.1095 |    0.1139 |     0.1960 |    0.1796 |    0.1979 |    0.1800 |    0.1804 |    0.1800 |    0.1161 |    0.1134 |    0.1145 |    0.1147 |    0.1139 |    0.1194 |
|  Memory read bandwidth [MBytes/s] |  8181.2981 |         0 |         0 |         0 |         0 |         0 |         0 |         0 |         0 |         0 |         0 |         0 |  9704.5055 |         0 |         0 |         0 |         0 |         0 |         0 |         0 |         0 |         0 |         0 |         0 |
|  Memory read data volume [GBytes] |    32.5957 |         0 |         0 |         0 |         0 |         0 |         0 |         0 |         0 |         0 |         0 |         0 |    38.6644 |         0 |         0 |         0 |         0 |         0 |         0 |         0 |         0 |         0 |         0 |         0 |
| Memory write bandwidth [MBytes/s] |  5994.9210 |         0 |         0 |         0 |         0 |         0 |         0 |         0 |         0 |         0 |         0 |         0 |  6677.2888 |         0 |         0 |         0 |         0 |         0 |         0 |         0 |         0 |         0 |         0 |         0 |
| Memory write data volume [GBytes] |    23.8848 |         0 |         0 |         0 |         0 |         0 |         0 |         0 |         0 |         0 |         0 |         0 |    26.6035 |         0 |         0 |         0 |         0 |         0 |         0 |         0 |         0 |         0 |         0 |         0 |
|    Memory bandwidth [MBytes/s]    | 14176.2191 |         0 |         0 |         0 |         0 |         0 |         0 |         0 |         0 |         0 |         0 |         0 | 16381.7942 |         0 |         0 |         0 |         0 |         0 |         0 |         0 |         0 |         0 |         0 |         0 |
|    Memory data volume [GBytes]    |    56.4805 |         0 |         0 |         0 |         0 |         0 |         0 |         0 |         0 |         0 |         0 |         0 |    65.2679 |         0 |         0 |         0 |         0 |         0 |         0 |         0 |         0 |         0 |         0 |         0 |
|          Temperature [C]          |         36 |        36 |        36 |        35 |        38 |        39 |        41 |        40 |        39 |        41 |        41 |        42 |         35 |        41 |        39 |        40 |        44 |        39 |        40 |        40 |        40 |        43 |        41 |        38 |
|             Energy [J]            |   288.8010 |         0 |         0 |         0 |         0 |         0 |         0 |         0 |         0 |         0 |         0 |         0 |   297.5582 |         0 |         0 |         0 |         0 |         0 |         0 |         0 |         0 |         0 |         0 |         0 |
|             Power [W]             |    72.4870 |         0 |         0 |         0 |         0 |         0 |         0 |         0 |         0 |         0 |         0 |         0 |    74.6850 |         0 |         0 |         0 |         0 |         0 |         0 |         0 |         0 |         0 |         0 |         0 |
|           Energy PP0 [J]          |          0 |         0 |         0 |         0 |         0 |         0 |         0 |         0 |         0 |         0 |         0 |         0 |          0 |         0 |         0 |         0 |         0 |         0 |         0 |         0 |         0 |         0 |         0 |         0 |
|           Power PP0 [W]           |          0 |         0 |         0 |         0 |         0 |         0 |         0 |         0 |         0 |         0 |         0 |         0 |          0 |         0 |         0 |         0 |         0 |         0 |         0 |         0 |         0 |         0 |         0 |         0 |
|          Energy DRAM [J]          |    42.3376 |         0 |         0 |         0 |         0 |         0 |         0 |         0 |         0 |         0 |         0 |         0 |    46.5517 |         0 |         0 |         0 |         0 |         0 |         0 |         0 |         0 |         0 |         0 |         0 |
|           Power DRAM [W]          |    10.6265 |         0 |         0 |         0 |         0 |         0 |         0 |         0 |         0 |         0 |         0 |         0 |    11.6842 |         0 |         0 |         0 |         0 |         0 |         0 |         0 |         0 |         0 |         0 |         0 |
+-----------------------------------+------------+-----------+-----------+-----------+-----------+-----------+-----------+-----------+-----------+-----------+-----------+-----------+------------+-----------+-----------+-----------+-----------+-----------+-----------+-----------+-----------+-----------+-----------+-----------+
+----------------------------------------+------------+-----------+------------+-----------+
|                 Metric                 |     Sum    |    Min    |     Max    |    Avg    |
+----------------------------------------+------------+-----------+------------+-----------+
|        Runtime (RDTSC) [s] STAT        |    95.6208 |    3.9842 |     3.9842 |    3.9842 |
|        Runtime unhalted [s] STAT       |    89.6215 |    3.5549 |     3.9232 |    3.7342 |
|            Clock [MHz] STAT            | 55059.5626 | 2285.2141 |  2299.9664 | 2294.1484 |
|                CPI STAT                |    14.4459 |    0.4285 |     0.6684 |    0.6019 |
|   Local DRAM data volume [GByte] STAT  |    49.2142 |    0.0633 |     3.9265 |    2.0506 |
|   Local DRAM bandwidth [MByte/s] STAT  | 12352.4189 |   15.8898 |   985.5190 |  514.6841 |
|  Remote DRAM data volume [GByte] STAT  |     2.2699 |    0.0002 |     0.3777 |    0.0946 |
|  Remote DRAM bandwidth [MByte/s] STAT  |   569.7165 |    0.0566 |    94.8046 |   23.7382 |
|     Memory data volume [GByte] STAT    |    51.4840 |    0.3223 |     3.9289 |    2.1452 |
|     Memory bandwidth [MByte/s] STAT    | 12922.1356 |   80.8845 |   986.1251 |  538.4223 |
|          L3 request rate STAT          |    74.6893 |    2.7048 |     3.4439 |    3.1121 |
|            L3 miss rate STAT           |     7.6108 |    0.0001 |     1.1332 |    0.3171 |
|           L3 miss ratio STAT           |    25.8491 |    0.0001 |     4.7731 |    1.0770 |
|          L2 request rate STAT          |     1.1121 |    0.0225 |     0.0714 |    0.0463 |
|            L2 miss rate STAT           |     0.1871 |    0.0026 |     0.0141 |    0.0078 |
|           L2 miss ratio STAT           |     3.6093 |    0.1095 |     0.1979 |    0.1504 |
|  Memory read bandwidth [MBytes/s] STAT | 17885.8036 |         0 |  9704.5055 |  745.2418 |
|  Memory read data volume [GBytes] STAT |    71.2601 |         0 |    38.6644 |    2.9692 |
| Memory write bandwidth [MBytes/s] STAT | 12672.2098 |         0 |  6677.2888 |  528.0087 |
| Memory write data volume [GBytes] STAT |    50.4883 |         0 |    26.6035 |    2.1037 |
|    Memory bandwidth [MBytes/s] STAT    | 30558.0133 |         0 | 16381.7942 | 1273.2506 |
|    Memory data volume [GBytes] STAT    |   121.7484 |         0 |    65.2679 |    5.0728 |
|          Temperature [C] STAT          |        944 |        35 |         44 |   39.3333 |
|             Energy [J] STAT            |   586.3592 |         0 |   297.5582 |   24.4316 |
|             Power [W] STAT             |   147.1720 |         0 |    74.6850 |    6.1322 |
|           Energy PP0 [J] STAT          |          0 |         0 |          0 |         0 |
|           Power PP0 [W] STAT           |          0 |         0 |          0 |         0 |
|          Energy DRAM [J] STAT          |    88.8893 |         0 |    46.5517 |    3.7037 |
|           Power DRAM [W] STAT          |    22.3107 |         0 |    11.6842 |    0.9296 |
+----------------------------------------+------------+-----------+------------+-----------+
