--------------------------------------------------------------------------------
CPU name:	Intel(R) Xeon(R) CPU E5-2670 v3 @ 2.30GHz
CPU type:	Intel Xeon Haswell EN/EP/EX processor
CPU clock:	2.30 GHz
--------------------------------------------------------------------------------
Group 1: POWERPERF
+--------------------------------+---------+-------------+-------------+-------------+-------------+-------------+-------------+-------------+-------------+-------------+-------------+-------------+-------------+-------------+-------------+-------------+-------------+-------------+-------------+-------------+-------------+-------------+-------------+-------------+-------------+
|              Event             | Counter |    Core 0   |    Core 1   |    Core 2   |    Core 3   |    Core 4   |    Core 5   |    Core 6   |    Core 7   |    Core 8   |    Core 9   |   Core 10   |   Core 11   |   Core 12   |   Core 13   |   Core 14   |   Core 15   |   Core 16   |   Core 17   |   Core 18   |   Core 19   |   Core 20   |   Core 21   |   Core 22   |   Core 23   |
+--------------------------------+---------+-------------+-------------+-------------+-------------+-------------+-------------+-------------+-------------+-------------+-------------+-------------+-------------+-------------+-------------+-------------+-------------+-------------+-------------+-------------+-------------+-------------+-------------+-------------+-------------+
|        INSTR_RETIRED_ANY       |  FIXC0  | 12320209407 | 12871973006 | 12295408052 | 12293587790 | 12541018436 | 12554537754 | 14459688506 | 14452175332 | 14442199335 | 14452167449 | 13687459571 | 13694695428 | 12672883558 | 12867507759 | 12660454164 | 12714912860 | 12702897452 | 12629381404 | 13670944226 | 13712355232 | 13687953109 | 13691205897 | 13726731490 | 13706629494 |
|      CPU_CLK_UNHALTED_CORE     |  FIXC1  |  9668841820 |  9736782819 |  9671843810 |  9685251314 |  9705234049 |  9684459949 | 10351770574 | 10365086406 | 10342872076 | 10337959564 | 10152708900 | 10188021169 |  9677055533 |  9784239265 |  9705758427 |  9667587896 |  9667324811 |  9693405861 | 10467515730 | 10459199075 | 10476974484 | 10487299179 | 10421078945 | 10477084956 |
|      CPU_CLK_UNHALTED_REF      |  FIXC2  |  9726053079 |  9780200990 |  9704105697 |  9736886631 |  9751419089 |  9727127524 | 10482401133 | 10495756405 | 10473513611 | 10468584366 | 10283406122 | 10318663811 |  9688889173 |  9805258156 |  9749510572 |  9705789113 |  9697496049 |  9732487628 | 10467515395 | 10459198825 | 10476973892 | 10487298546 | 10421079131 | 10477084131 |
|           FIXC1/FIXC0          |   CPI   |           0 |           0 |           0 |           0 |           0 |           0 |           0 |           0 |           0 |           0 |           0 |           0 |           0 |           0 |           0 |           0 |           0 |           0 |           0 |           0 |           0 |           0 |           0 |           0 |
|  OFFCORE_RESPONSE_0_LOCAL_DRAM |   PMC0  |    74141601 |    73675144 |    74537722 |    74448427 |    74405504 |    74362203 |   109374033 |   117225456 |   119058448 |   120132698 |   113153886 |   105815816 |    72776978 |    72132063 |    72950588 |    72320674 |    73265731 |    73809076 |    95880882 |   103492696 |    99096944 |   100080701 |   104243866 |    99132916 |
| OFFCORE_RESPONSE_1_REMOTE_DRAM |   PMC1  |       70567 |       70807 |       38685 |       56817 |       41317 |       28368 |    13426669 |     7255640 |     3962952 |     3179603 |     2964030 |     9077991 |       27132 |      104498 |       26579 |       40355 |       62329 |       17091 |    18902375 |    12325692 |    14333287 |    13761670 |     9927194 |    14581360 |
|  MEM_LOAD_UOPS_RETIRED_L3_ALL  |   PMC2  |    44224036 |    40667623 |    45584015 |    45581842 |    45748695 |    43384046 |    22982523 |    20927050 |    22978175 |    23399129 |    20463640 |    21893395 |    43271136 |    43183327 |    46433169 |    43986909 |    44578262 |    46526204 |    21988787 |    21711194 |    21513304 |    22328730 |    20241117 |    21497381 |
|  MEM_LOAD_UOPS_RETIRED_L3_MISS |   PMC3  |    16600389 |    15902214 |    17210303 |    17303461 |    17215129 |    16689583 |     5538619 |     5442632 |     5501445 |     5541853 |     5091755 |     5214340 |    16491088 |    16437536 |    17510237 |    16929464 |    17176695 |    17596857 |     5226514 |     5224188 |     5175883 |     5235760 |     5056975 |     5159608 |
|      L2_TRANS_ALL_REQUESTS     |   PMC4  |   913975562 |   865949916 |   907225097 |   891242155 |   927757845 |   872334255 |  2124823761 |  2127581020 |  2125704332 |  2131024953 |  1976155435 |  1979693174 |   878919757 |   882185559 |   905562760 |   876416559 |   886562345 |   898501828 |  1984618444 |  1961699996 |  1980295850 |  1970900938 |  1964578776 |  1968334393 |
|          L2_RQSTS_MISS         |   PMC5  |   176865590 |   154175592 |   173129350 |   159890282 |   184797514 |   154639599 |   500198479 |   500094816 |   504789452 |   503786627 |   474125024 |   475089050 |   158063706 |   156224730 |   176458089 |   155564447 |   158933488 |   167862580 |   469910676 |   470171384 |   475439321 |   474847046 |   471588106 |   474655606 |
|        UOPS_RETIRED_ALL        |   PMC6  | 13821162729 | 14617041499 | 13797388644 | 13788233857 | 14147220465 | 14173217947 | 17591625859 | 17576211801 | 17556366229 | 17576065207 | 16790154033 | 16805653890 | 14341285141 | 14610859185 | 14322857759 | 14396077087 | 14372474995 | 14280570384 | 16781220252 | 16863782745 | 16814120400 | 16819765662 | 16889940443 | 16846242675 |
|            TEMP_CORE           |   TMP0  |          37 |          38 |          37 |          33 |          37 |          40 |          40 |          41 |          38 |          41 |          40 |          42 |          34 |          39 |          36 |          39 |          43 |          40 |          40 |          40 |          37 |          42 |          39 |          35 |
|         PWR_PKG_ENERGY         |   PWR0  |    404.4285 |           0 |           0 |           0 |           0 |           0 |           0 |           0 |           0 |           0 |           0 |           0 |    417.4639 |           0 |           0 |           0 |           0 |           0 |           0 |           0 |           0 |           0 |           0 |           0 |
|         PWR_PP0_ENERGY         |   PWR1  |           0 |           0 |           0 |           0 |           0 |           0 |           0 |           0 |           0 |           0 |           0 |           0 |           0 |           0 |           0 |           0 |           0 |           0 |           0 |           0 |           0 |           0 |           0 |           0 |
|         PWR_DRAM_ENERGY        |   PWR3  |     80.7118 |           0 |           0 |           0 |           0 |           0 |           0 |           0 |           0 |           0 |           0 |           0 |     78.6514 |           0 |           0 |           0 |           0 |           0 |           0 |           0 |           0 |           0 |           0 |           0 |
|          CAS_COUNT_RD          | MBOX0C0 |   479453495 |           0 |           0 |           0 |           0 |           0 |           0 |           0 |           0 |           0 |           0 |           0 |   428913509 |           0 |           0 |           0 |           0 |           0 |           0 |           0 |           0 |           0 |           0 |           0 |
|          CAS_COUNT_WR          | MBOX0C1 |   259503151 |           0 |           0 |           0 |           0 |           0 |           0 |           0 |           0 |           0 |           0 |           0 |   241400329 |           0 |           0 |           0 |           0 |           0 |           0 |           0 |           0 |           0 |           0 |           0 |
|          CAS_COUNT_RD          | MBOX1C0 |   479872222 |           0 |           0 |           0 |           0 |           0 |           0 |           0 |           0 |           0 |           0 |           0 |   428484568 |           0 |           0 |           0 |           0 |           0 |           0 |           0 |           0 |           0 |           0 |           0 |
|          CAS_COUNT_WR          | MBOX1C1 |   259866841 |           0 |           0 |           0 |           0 |           0 |           0 |           0 |           0 |           0 |           0 |           0 |   241104818 |           0 |           0 |           0 |           0 |           0 |           0 |           0 |           0 |           0 |           0 |           0 |
|          CAS_COUNT_RD          | MBOX2C0 |           0 |           0 |           0 |           0 |           0 |           0 |           0 |           0 |           0 |           0 |           0 |           0 |           0 |           0 |           0 |           0 |           0 |           0 |           0 |           0 |           0 |           0 |           0 |           0 |
|          CAS_COUNT_WR          | MBOX2C1 |           0 |           0 |           0 |           0 |           0 |           0 |           0 |           0 |           0 |           0 |           0 |           0 |           0 |           0 |           0 |           0 |           0 |           0 |           0 |           0 |           0 |           0 |           0 |           0 |
|          CAS_COUNT_RD          | MBOX3C0 |           0 |           0 |           0 |           0 |           0 |           0 |           0 |           0 |           0 |           0 |           0 |           0 |           0 |           0 |           0 |           0 |           0 |           0 |           0 |           0 |           0 |           0 |           0 |           0 |
|          CAS_COUNT_WR          | MBOX3C1 |           0 |           0 |           0 |           0 |           0 |           0 |           0 |           0 |           0 |           0 |           0 |           0 |           0 |           0 |           0 |           0 |           0 |           0 |           0 |           0 |           0 |           0 |           0 |           0 |
|          CAS_COUNT_RD          | MBOX4C0 |   479336747 |           0 |           0 |           0 |           0 |           0 |           0 |           0 |           0 |           0 |           0 |           0 |   428903410 |           0 |           0 |           0 |           0 |           0 |           0 |           0 |           0 |           0 |           0 |           0 |
|          CAS_COUNT_WR          | MBOX4C1 |   259534313 |           0 |           0 |           0 |           0 |           0 |           0 |           0 |           0 |           0 |           0 |           0 |   241562481 |           0 |           0 |           0 |           0 |           0 |           0 |           0 |           0 |           0 |           0 |           0 |
|          CAS_COUNT_RD          | MBOX5C0 |   479772662 |           0 |           0 |           0 |           0 |           0 |           0 |           0 |           0 |           0 |           0 |           0 |   428923626 |           0 |           0 |           0 |           0 |           0 |           0 |           0 |           0 |           0 |           0 |           0 |
|          CAS_COUNT_WR          | MBOX5C1 |   259910190 |           0 |           0 |           0 |           0 |           0 |           0 |           0 |           0 |           0 |           0 |           0 |   241375047 |           0 |           0 |           0 |           0 |           0 |           0 |           0 |           0 |           0 |           0 |           0 |
|          CAS_COUNT_RD          | MBOX6C0 |           0 |           0 |           0 |           0 |           0 |           0 |           0 |           0 |           0 |           0 |           0 |           0 |           0 |           0 |           0 |           0 |           0 |           0 |           0 |           0 |           0 |           0 |           0 |           0 |
|          CAS_COUNT_WR          | MBOX6C1 |           0 |           0 |           0 |           0 |           0 |           0 |           0 |           0 |           0 |           0 |           0 |           0 |           0 |           0 |           0 |           0 |           0 |           0 |           0 |           0 |           0 |           0 |           0 |           0 |
|          CAS_COUNT_RD          | MBOX7C0 |           0 |           0 |           0 |           0 |           0 |           0 |           0 |           0 |           0 |           0 |           0 |           0 |           0 |           0 |           0 |           0 |           0 |           0 |           0 |           0 |           0 |           0 |           0 |           0 |
|          CAS_COUNT_WR          | MBOX7C1 |           0 |           0 |           0 |           0 |           0 |           0 |           0 |           0 |           0 |           0 |           0 |           0 |           0 |           0 |           0 |           0 |           0 |           0 |           0 |           0 |           0 |           0 |           0 |           0 |
+--------------------------------+---------+-------------+-------------+-------------+-------------+-------------+-------------+-------------+-------------+-------------+-------------+-------------+-------------+-------------+-------------+-------------+-------------+-------------+-------------+-------------+-------------+-------------+-------------+-------------+-------------+
+-------------------------------------+---------+--------------+-------------+-------------+--------------+
|                Event                | Counter |      Sum     |     Min     |     Max     |      Avg     |
+-------------------------------------+---------+--------------+-------------+-------------+--------------+
|        INSTR_RETIRED_ANY STAT       |  FIXC0  | 318508976711 | 12293587790 | 14459688506 | 1.327121e+10 |
|      CPU_CLK_UNHALTED_CORE STAT     |  FIXC1  | 240875356612 |  9667324811 | 10487299179 | 1.003647e+10 |
|      CPU_CLK_UNHALTED_REF STAT      |  FIXC2  | 242116699069 |  9688889173 | 10495756405 | 1.008820e+10 |
|           FIXC1/FIXC0 STAT          |   CPI   |            0 |           0 |           0 |            0 |
|  OFFCORE_RESPONSE_0_LOCAL_DRAM STAT |   PMC0  |   2169514053 |    72132063 |   120132698 | 9.039642e+07 |
| OFFCORE_RESPONSE_1_REMOTE_DRAM STAT |   PMC1  |    124283008 |       17091 |    18902375 | 5.178459e+06 |
|  MEM_LOAD_UOPS_RETIRED_L3_ALL STAT  |   PMC2  |    795093689 |    20241117 |    46526204 | 3.312890e+07 |
|  MEM_LOAD_UOPS_RETIRED_L3_MISS STAT |   PMC3  |    266472528 |     5056975 |    17596857 |     11103022 |
|      L2_TRANS_ALL_REQUESTS STAT     |   PMC4  |  35002044710 |   865949916 |  2131024953 | 1.458419e+09 |
|          L2_RQSTS_MISS STAT         |   PMC5  |   7771300554 |   154175592 |   504789452 | 3.238042e+08 |
|        UOPS_RETIRED_ALL STAT        |   PMC6  | 375579538888 | 13788233857 | 17591625859 | 1.564915e+10 |
|            TEMP_CORE STAT           |   TMP0  |          928 |          33 |          43 |      38.6667 |
|         PWR_PKG_ENERGY STAT         |   PWR0  |     821.8924 |           0 |    417.4639 |      34.2455 |
|         PWR_PP0_ENERGY STAT         |   PWR1  |            0 |           0 |           0 |            0 |
|         PWR_DRAM_ENERGY STAT        |   PWR3  |     159.3632 |           0 |     80.7118 |       6.6401 |
|          CAS_COUNT_RD STAT          | MBOX0C0 |    908367004 |           0 |   479453495 | 3.784863e+07 |
|          CAS_COUNT_WR STAT          | MBOX0C1 |    500903480 |           0 |   259503151 | 2.087098e+07 |
|          CAS_COUNT_RD STAT          | MBOX1C0 |    908356790 |           0 |   479872222 | 3.784820e+07 |
|          CAS_COUNT_WR STAT          | MBOX1C1 |    500971659 |           0 |   259866841 | 2.087382e+07 |
|          CAS_COUNT_RD STAT          | MBOX2C0 |            0 |           0 |           0 |            0 |
|          CAS_COUNT_WR STAT          | MBOX2C1 |            0 |           0 |           0 |            0 |
|          CAS_COUNT_RD STAT          | MBOX3C0 |            0 |           0 |           0 |            0 |
|          CAS_COUNT_WR STAT          | MBOX3C1 |            0 |           0 |           0 |            0 |
|          CAS_COUNT_RD STAT          | MBOX4C0 |    908240157 |           0 |   479336747 | 3.784334e+07 |
|          CAS_COUNT_WR STAT          | MBOX4C1 |    501096794 |           0 |   259534313 | 2.087903e+07 |
|          CAS_COUNT_RD STAT          | MBOX5C0 |    908696288 |           0 |   479772662 | 3.786235e+07 |
|          CAS_COUNT_WR STAT          | MBOX5C1 |    501285237 |           0 |   259910190 | 2.088688e+07 |
|          CAS_COUNT_RD STAT          | MBOX6C0 |            0 |           0 |           0 |            0 |
|          CAS_COUNT_WR STAT          | MBOX6C1 |            0 |           0 |           0 |            0 |
|          CAS_COUNT_RD STAT          | MBOX7C0 |            0 |           0 |           0 |            0 |
|          CAS_COUNT_WR STAT          | MBOX7C1 |            0 |           0 |           0 |            0 |
+-------------------------------------+---------+--------------+-------------+-------------+--------------+
+-----------------------------------+------------+-----------+-----------+-----------+-----------+-----------+-----------+-----------+-----------+-----------+-----------+-----------+------------+-----------+-----------+-----------+-----------+-----------+-----------+-----------+-----------+-----------+-----------+-----------+
|               Metric              |   Core 0   |   Core 1  |   Core 2  |   Core 3  |   Core 4  |   Core 5  |   Core 6  |   Core 7  |   Core 8  |   Core 9  |  Core 10  |  Core 11  |   Core 12  |  Core 13  |  Core 14  |  Core 15  |  Core 16  |  Core 17  |  Core 18  |  Core 19  |  Core 20  |  Core 21  |  Core 22  |  Core 23  |
+-----------------------------------+------------+-----------+-----------+-----------+-----------+-----------+-----------+-----------+-----------+-----------+-----------+-----------+------------+-----------+-----------+-----------+-----------+-----------+-----------+-----------+-----------+-----------+-----------+-----------+
|        Runtime (RDTSC) [s]        |     4.7217 |    4.7217 |    4.7217 |    4.7217 |    4.7217 |    4.7217 |    4.7217 |    4.7217 |    4.7217 |    4.7217 |    4.7217 |    4.7217 |     4.7217 |    4.7217 |    4.7217 |    4.7217 |    4.7217 |    4.7217 |    4.7217 |    4.7217 |    4.7217 |    4.7217 |    4.7217 |    4.7217 |
|        Runtime unhalted [s]       |     4.2038 |    4.2334 |    4.2052 |    4.2110 |    4.2197 |    4.2106 |    4.5008 |    4.5066 |    4.4969 |    4.4948 |    4.4142 |    4.4296 |     4.2074 |    4.2540 |    4.2199 |    4.2033 |    4.2032 |    4.2145 |    4.5511 |    4.5475 |    4.5552 |    4.5597 |    4.5309 |    4.5553 |
|            Clock [MHz]            |  2286.4691 | 2289.7878 | 2292.3519 | 2287.8013 | 2289.1050 | 2289.9095 | 2271.3360 | 2271.3639 | 2271.3093 | 2271.2995 | 2270.7665 | 2270.8785 |  2297.1892 | 2295.0680 | 2289.6768 | 2290.9457 | 2292.8425 | 2290.7625 | 2299.9984 | 2299.9984 | 2299.9985 | 2299.9985 | 2299.9983 | 2299.9985 |
|                CPI                |     0.7848 |    0.7564 |    0.7866 |    0.7878 |    0.7739 |    0.7714 |    0.7159 |    0.7172 |    0.7162 |    0.7153 |    0.7418 |    0.7439 |     0.7636 |    0.7604 |    0.7666 |    0.7603 |    0.7610 |    0.7675 |    0.7657 |    0.7628 |    0.7654 |    0.7660 |    0.7592 |    0.7644 |
|   Local DRAM data volume [GByte]  |     4.7451 |    4.7152 |    4.7704 |    4.7647 |    4.7620 |    4.7592 |    6.9999 |    7.5024 |    7.6197 |    7.6885 |    7.2418 |    6.7722 |     4.6577 |    4.6165 |    4.6688 |    4.6285 |    4.6890 |    4.7238 |    6.1364 |    6.6235 |    6.3422 |    6.4052 |    6.6716 |    6.3445 |
|   Local DRAM bandwidth [MByte/s]  |  1004.9452 |  998.6226 | 1010.3144 | 1009.1040 | 1008.5222 | 1007.9353 | 1482.4998 | 1588.9211 | 1613.7662 | 1628.3270 | 1533.7334 | 1434.2703 |   986.4485 |  977.7071 |  988.8017 |  980.2636 |  993.0733 | 1000.4380 | 1299.6082 | 1402.7817 | 1343.2000 | 1356.5342 | 1412.9634 | 1343.6875 |
|  Remote DRAM data volume [GByte]  |     0.0045 |    0.0045 |    0.0025 |    0.0036 |    0.0026 |    0.0018 |    0.8593 |    0.4644 |    0.2536 |    0.2035 |    0.1897 |    0.5810 |     0.0017 |    0.0067 |    0.0017 |    0.0026 |    0.0040 |    0.0011 |    1.2098 |    0.7888 |    0.9173 |    0.8807 |    0.6353 |    0.9332 |
|  Remote DRAM bandwidth [MByte/s]  |     0.9565 |    0.9597 |    0.5244 |    0.7701 |    0.5600 |    0.3845 |  181.9905 |   98.3459 |   53.7154 |   43.0976 |   40.1757 |  123.0468 |     0.3678 |    1.4164 |    0.3603 |    0.5470 |    0.8448 |    0.2317 |  256.2104 |  167.0674 |  194.2792 |  186.5312 |  134.5572 |  197.6416 |
|     Memory data volume [GByte]    |     4.7496 |    4.7197 |    4.7729 |    4.7683 |    4.7646 |    4.7610 |    7.8592 |    7.9668 |    7.8734 |    7.8920 |    7.4315 |    7.3532 |     4.6595 |    4.6231 |    4.6705 |    4.6311 |    4.6930 |    4.7249 |    7.3461 |    7.4124 |    7.2595 |    7.2859 |    7.3069 |    7.2777 |
|     Memory bandwidth [MByte/s]    |  1005.9017 |  999.5824 | 1010.8387 | 1009.8741 | 1009.0822 | 1008.3198 | 1664.4903 | 1687.2670 | 1667.4817 | 1671.4247 | 1573.9091 | 1557.3170 |   986.8163 |  979.1235 |  989.1620 |  980.8106 |  993.9181 | 1000.6696 | 1555.8186 | 1569.8491 | 1537.4791 | 1543.0654 | 1547.5206 | 1541.3292 |
|          L3 request rate          |     2.6640 |    2.5574 |    2.6486 |    2.6343 |    2.6575 |    2.5995 |    4.1495 |    3.8450 |    4.1768 |    4.2223 |    4.0190 |    4.1987 |     2.6239 |    2.6271 |    2.6518 |    2.5982 |    2.5953 |    2.6440 |    4.2072 |    4.1559 |    4.1565 |    4.2647 |    4.0026 |    4.1665 |
|            L3 miss rate           |     0.0016 |    0.0017 |    0.0008 |    0.0012 |    0.0009 |    0.0007 |    0.5842 |    0.3467 |    0.1725 |    0.1359 |    0.1448 |    0.4146 |     0.0006 |    0.0024 |    0.0006 |    0.0009 |    0.0014 |    0.0004 |    0.8596 |    0.5677 |    0.6663 |    0.6163 |    0.4904 |    0.6783 |
|           L3 miss ratio           |     0.0010 |    0.0010 |    0.0005 |    0.0008 |    0.0006 |    0.0004 |    0.1228 |    0.0619 |    0.0333 |    0.0265 |    0.0262 |    0.0858 |     0.0004 |    0.0014 |    0.0004 |    0.0006 |    0.0009 |    0.0002 |    0.1971 |    0.1191 |    0.1446 |    0.1375 |    0.0952 |    0.1471 |
|          L2 request rate          |     0.0742 |    0.0673 |    0.0738 |    0.0725 |    0.0740 |    0.0695 |    0.1469 |    0.1472 |    0.1472 |    0.1475 |    0.1444 |    0.1446 |     0.0694 |    0.0686 |    0.0715 |    0.0689 |    0.0698 |    0.0711 |    0.1452 |    0.1431 |    0.1447 |    0.1440 |    0.1431 |    0.1436 |
|            L2 miss rate           |     0.0144 |    0.0120 |    0.0141 |    0.0130 |    0.0147 |    0.0123 |    0.0346 |    0.0346 |    0.0350 |    0.0349 |    0.0346 |    0.0347 |     0.0125 |    0.0121 |    0.0139 |    0.0122 |    0.0125 |    0.0133 |    0.0344 |    0.0343 |    0.0347 |    0.0347 |    0.0344 |    0.0346 |
|           L2 miss ratio           |     0.1935 |    0.1780 |    0.1908 |    0.1794 |    0.1992 |    0.1773 |    0.2354 |    0.2351 |    0.2375 |    0.2364 |    0.2399 |    0.2400 |     0.1798 |    0.1771 |    0.1949 |    0.1775 |    0.1793 |    0.1868 |    0.2368 |    0.2397 |    0.2401 |    0.2409 |    0.2400 |    0.2411 |
|  Memory read bandwidth [MBytes/s] | 26003.2436 |         0 |         0 |         0 |         0 |         0 |         0 |         0 |         0 |         0 |         0 |         0 | 23248.8531 |         0 |         0 |         0 |         0 |         0 |         0 |         0 |         0 |         0 |         0 |         0 |
|  Memory read data volume [GBytes] |   122.7798 |         0 |         0 |         0 |         0 |         0 |         0 |         0 |         0 |         0 |         0 |         0 |   109.7744 |         0 |         0 |         0 |         0 |         0 |         0 |         0 |         0 |         0 |         0 |         0 |
| Memory write bandwidth [MBytes/s] | 14080.5107 |         0 |         0 |         0 |         0 |         0 |         0 |         0 |         0 |         0 |         0 |         0 | 13085.9995 |         0 |         0 |         0 |         0 |         0 |         0 |         0 |         0 |         0 |         0 |         0 |
| Memory write data volume [GBytes] |    66.4841 |         0 |         0 |         0 |         0 |         0 |         0 |         0 |         0 |         0 |         0 |         0 |    61.7883 |         0 |         0 |         0 |         0 |         0 |         0 |         0 |         0 |         0 |         0 |         0 |
|    Memory bandwidth [MBytes/s]    | 40083.7543 |         0 |         0 |         0 |         0 |         0 |         0 |         0 |         0 |         0 |         0 |         0 | 36334.8525 |         0 |         0 |         0 |         0 |         0 |         0 |         0 |         0 |         0 |         0 |         0 |
|    Memory data volume [GBytes]    |   189.2640 |         0 |         0 |         0 |         0 |         0 |         0 |         0 |         0 |         0 |         0 |         0 |   171.5627 |         0 |         0 |         0 |         0 |         0 |         0 |         0 |         0 |         0 |         0 |         0 |
|          Temperature [C]          |         37 |        38 |        37 |        33 |        37 |        40 |        40 |        41 |        38 |        41 |        40 |        42 |         34 |        39 |        36 |        39 |        43 |        40 |        40 |        40 |        37 |        42 |        39 |        35 |
|             Energy [J]            |   404.4285 |         0 |         0 |         0 |         0 |         0 |         0 |         0 |         0 |         0 |         0 |         0 |   417.4639 |         0 |         0 |         0 |         0 |         0 |         0 |         0 |         0 |         0 |         0 |         0 |
|             Power [W]             |    85.6529 |         0 |         0 |         0 |         0 |         0 |         0 |         0 |         0 |         0 |         0 |         0 |    88.4137 |         0 |         0 |         0 |         0 |         0 |         0 |         0 |         0 |         0 |         0 |         0 |
|           Energy PP0 [J]          |          0 |         0 |         0 |         0 |         0 |         0 |         0 |         0 |         0 |         0 |         0 |         0 |          0 |         0 |         0 |         0 |         0 |         0 |         0 |         0 |         0 |         0 |         0 |         0 |
|           Power PP0 [W]           |          0 |         0 |         0 |         0 |         0 |         0 |         0 |         0 |         0 |         0 |         0 |         0 |          0 |         0 |         0 |         0 |         0 |         0 |         0 |         0 |         0 |         0 |         0 |         0 |
|          Energy DRAM [J]          |    80.7118 |         0 |         0 |         0 |         0 |         0 |         0 |         0 |         0 |         0 |         0 |         0 |    78.6514 |         0 |         0 |         0 |         0 |         0 |         0 |         0 |         0 |         0 |         0 |         0 |
|           Power DRAM [W]          |    17.0938 |         0 |         0 |         0 |         0 |         0 |         0 |         0 |         0 |         0 |         0 |         0 |    16.6574 |         0 |         0 |         0 |         0 |         0 |         0 |         0 |         0 |         0 |         0 |         0 |
+-----------------------------------+------------+-----------+-----------+-----------+-----------+-----------+-----------+-----------+-----------+-----------+-----------+-----------+------------+-----------+-----------+-----------+-----------+-----------+-----------+-----------+-----------+-----------+-----------+-----------+
+----------------------------------------+------------+-----------+------------+-----------+
|                 Metric                 |     Sum    |    Min    |     Max    |    Avg    |
+----------------------------------------+------------+-----------+------------+-----------+
|        Runtime (RDTSC) [s] STAT        |   113.3208 |    4.7217 |     4.7217 |    4.7217 |
|        Runtime unhalted [s] STAT       |   104.7286 |    4.2032 |     4.5597 |    4.3637 |
|            Clock [MHz] STAT            | 54918.8536 | 2270.7665 |  2299.9985 | 2288.2856 |
|                CPI STAT                |    18.1741 |    0.7153 |     0.7878 |    0.7573 |
|   Local DRAM data volume [GByte] STAT  |   138.8488 |    4.6165 |     7.6885 |    5.7854 |
|   Local DRAM bandwidth [MByte/s] STAT  | 29406.4687 |  977.7071 |  1628.3270 | 1225.2695 |
|  Remote DRAM data volume [GByte] STAT  |     7.9539 |    0.0011 |     1.2098 |    0.3314 |
|  Remote DRAM bandwidth [MByte/s] STAT  |  1684.5821 |    0.2317 |   256.2104 |   70.1909 |
|     Memory data volume [GByte] STAT    |   146.8028 |    4.6231 |     7.9668 |    6.1168 |
|     Memory bandwidth [MByte/s] STAT    | 31091.0508 |  979.1235 |  1687.2670 | 1295.4605 |
|          L3 request rate STAT          |    81.0663 |    2.5574 |     4.2647 |    3.3778 |
|            L3 miss rate STAT           |     5.6905 |    0.0004 |     0.8596 |    0.2371 |
|           L3 miss ratio STAT           |     1.2053 |    0.0002 |     0.1971 |    0.0502 |
|          L2 request rate STAT          |     2.5921 |    0.0673 |     0.1475 |    0.1080 |
|            L2 miss rate STAT           |     0.5725 |    0.0120 |     0.0350 |    0.0239 |
|           L2 miss ratio STAT           |     5.0765 |    0.1771 |     0.2411 |    0.2115 |
|  Memory read bandwidth [MBytes/s] STAT | 49252.0967 |         0 | 26003.2436 | 2052.1707 |
|  Memory read data volume [GBytes] STAT |   232.5542 |         0 |   122.7798 |    9.6898 |
| Memory write bandwidth [MBytes/s] STAT | 27166.5102 |         0 | 14080.5107 | 1131.9379 |
| Memory write data volume [GBytes] STAT |   128.2724 |         0 |    66.4841 |    5.3447 |
|    Memory bandwidth [MBytes/s] STAT    | 76418.6068 |         0 | 40083.7543 | 3184.1086 |
|    Memory data volume [GBytes] STAT    |   360.8267 |         0 |   189.2640 |   15.0344 |
|          Temperature [C] STAT          |        928 |        33 |         43 |   38.6667 |
|             Energy [J] STAT            |   821.8924 |         0 |   417.4639 |   34.2455 |
|             Power [W] STAT             |   174.0666 |         0 |    88.4137 |    7.2528 |
|           Energy PP0 [J] STAT          |          0 |         0 |          0 |         0 |
|           Power PP0 [W] STAT           |          0 |         0 |          0 |         0 |
|          Energy DRAM [J] STAT          |   159.3632 |         0 |    80.7118 |    6.6401 |
|           Power DRAM [W] STAT          |    33.7512 |         0 |    17.0938 |    1.4063 |
+----------------------------------------+------------+-----------+------------+-----------+
