--------------------------------------------------------------------------------
CPU name:	Intel(R) Xeon(R) CPU E5-2670 v3 @ 2.30GHz
CPU type:	Intel Xeon Haswell EN/EP/EX processor
CPU clock:	2.30 GHz
--------------------------------------------------------------------------------
Group 1: POWERPERF
+--------------------------------+---------+--------------+--------------+--------------+--------------+--------------+--------------+---------------+---------------+---------------+---------------+---------------+---------------+--------------+--------------+--------------+--------------+--------------+--------------+---------------+---------------+---------------+---------------+---------------+---------------+
|              Event             | Counter |    Core 0    |    Core 1    |    Core 2    |    Core 3    |    Core 4    |    Core 5    |     Core 6    |     Core 7    |     Core 8    |     Core 9    |    Core 10    |    Core 11    |    Core 12   |    Core 13   |    Core 14   |    Core 15   |    Core 16   |    Core 17   |    Core 18    |    Core 19    |    Core 20    |    Core 21    |    Core 22    |    Core 23    |
+--------------------------------+---------+--------------+--------------+--------------+--------------+--------------+--------------+---------------+---------------+---------------+---------------+---------------+---------------+--------------+--------------+--------------+--------------+--------------+--------------+---------------+---------------+---------------+---------------+---------------+---------------+
|        INSTR_RETIRED_ANY       |  FIXC0  | 142723734265 |  97125438377 | 111032437718 | 105791834715 | 104076798026 | 102889690293 | 1150553496498 | 1145700665539 | 1140639029863 | 1138684275945 | 1139973002989 | 1115646473457 | 104505814279 |  93424315933 |  99872685993 | 111530028311 | 111205302403 | 111819805975 | 1128961353076 | 1134019560677 | 1133169574921 | 1135908724386 | 1139475733144 | 1141807069614 |
|      CPU_CLK_UNHALTED_CORE     |  FIXC1  | 209777734951 | 194411250628 | 168248651088 | 196481523393 | 194959442931 | 193808288385 |  740451037861 |  738332531747 |  738722055445 |  738897251192 |  738978847256 |  729588813544 | 192668663170 | 188537329860 | 190970563520 | 205420205829 | 208471184027 | 204079671840 |  738487731851 |  738328682214 |  737986513183 |  737978443330 |  737675676147 |  737701703304 |
|      CPU_CLK_UNHALTED_REF      |  FIXC2  | 210298319048 | 194853832756 | 169424335948 | 196819769003 | 195276827573 | 194159246142 |  740687779753 |  738771911217 |  739032161645 |  739183418454 |  739234383119 |  729879635301 | 192963773762 | 188948003179 | 191219145746 | 205815758497 | 208844685951 | 204416077075 |  738731992302 |  738593634997 |  738449259512 |  738177533004 |  737866455198 |  737823559968 |
|           FIXC1/FIXC0          |   CPI   |            0 |            0 |            0 |            0 |            0 |            0 |             0 |             0 |             0 |             0 |             0 |             0 |            0 |            0 |            0 |            0 |            0 |            0 |             0 |             0 |             0 |             0 |             0 |             0 |
|  OFFCORE_RESPONSE_0_LOCAL_DRAM |   PMC0  |   2170027452 |   2132862870 |   1892878602 |   2204421616 |   2159923011 |   2194275381 |    7933635903 |    7861164398 |    7672337939 |    7489228466 |    7173922252 |    5736529830 |   2223516721 |   1970679437 |   2151317619 |   2263895395 |   2411731696 |   2370348386 |    5583848937 |    6562290539 |    6819326994 |    7093645746 |    7404324585 |    7577680111 |
| OFFCORE_RESPONSE_1_REMOTE_DRAM |   PMC1  |       350543 |       148934 |       207147 |       156296 |       304014 |        57103 |      36986288 |      24888696 |     110926992 |     264330884 |     572584884 |    1876680915 |       478041 |      2218999 |       371925 |       527557 |       417898 |       529201 |    2119813372 |    1199142532 |     878200393 |     641208747 |     357576245 |     171745682 |
|  MEM_LOAD_UOPS_RETIRED_L3_ALL  |   PMC2  |    677819308 |    720696763 |    600511403 |    689985967 |    705118712 |    751144975 |     883423408 |     854613399 |     876586828 |     876090838 |     889390393 |     939202711 |    726727182 |    632662667 |    686513475 |    811117127 |    871827680 |    747615135 |     887140630 |     868776808 |     887071151 |     876924796 |     870676094 |     857017646 |
|  MEM_LOAD_UOPS_RETIRED_L3_MISS |   PMC3  |    524455567 |    579312962 |    463374223 |    542337109 |    553252961 |    595621832 |     159398378 |     153804543 |     154114493 |     154657735 |     155950895 |     168288694 |    568173826 |    493577622 |    539637689 |    603614402 |    635235652 |    573417670 |     156545703 |     155693824 |     154639999 |     156438680 |     155374847 |     153806271 |
|      L2_TRANS_ALL_REQUESTS     |   PMC4  |   9150771479 |   8528915335 |   8112499344 |   8878438656 |   8751834131 |   9083931456 |   98429456419 |   97660221993 |   98310884167 |   97911404440 |   98084414629 |   98181707059 |   9066970742 |   7982387057 |   8703151823 |   9578674114 |  10165945308 |   9718852094 |   99023912202 |   98614578828 |   99120073583 |   98445162006 |   98220476704 |   97598693493 |
|          L2_RQSTS_MISS         |   PMC5  |   2920034971 |   2723551497 |   2562434112 |   2828971096 |   2777522391 |   2919817098 |   20050093908 |   19919392904 |   20065390870 |   20042583896 |   19906670563 |   20488208510 |   2906195729 |   2544909846 |   2790645654 |   3094692452 |   3353606821 |   3110633497 |   20112189858 |   20084659420 |   20193274706 |   20113964765 |   20038928242 |   19982216382 |
|        UOPS_RETIRED_ALL        |   PMC6  | 155787784291 |  92404221841 | 102913500781 |  99002647611 |  97587156720 |  96862917357 | 1471356782769 | 1466256380462 | 1458215135771 | 1455104818675 | 1456678197040 | 1418748622170 |  98283110785 |  90142155413 |  96096717411 | 105230596413 | 105550345759 | 105974031720 | 1440052520601 | 1448013423041 | 1446673729569 | 1451099941231 | 1457344908958 | 1461454149549 |
|            TEMP_CORE           |   TMP0  |           35 |           35 |           35 |           36 |           35 |           35 |            38 |            39 |            42 |            41 |            39 |            41 |           35 |           35 |           37 |           39 |           42 |           39 |            41 |            43 |            40 |            43 |            41 |            41 |
|         PWR_PKG_ENERGY         |   PWR0  |   22120.9808 |            0 |            0 |            0 |            0 |            0 |             0 |             0 |             0 |             0 |             0 |             0 |   22256.4810 |            0 |            0 |            0 |            0 |            0 |             0 |             0 |             0 |             0 |             0 |             0 |
|         PWR_PP0_ENERGY         |   PWR1  |            0 |            0 |            0 |            0 |            0 |            0 |             0 |             0 |             0 |             0 |             0 |             0 |            0 |            0 |            0 |            0 |            0 |            0 |             0 |             0 |             0 |             0 |             0 |             0 |
|         PWR_DRAM_ENERGY        |   PWR3  |    4437.2720 |            0 |            0 |            0 |            0 |            0 |             0 |             0 |             0 |             0 |             0 |             0 |  530138.8385 |            0 |            0 |            0 |            0 |            0 |             0 |             0 |             0 |             0 |             0 |             0 |
|          CAS_COUNT_RD          | MBOX0C0 |  21670679251 |            0 |            0 |            0 |            0 |            0 |             0 |             0 |             0 |             0 |             0 |             0 |  19920229953 |            0 |            0 |            0 |            0 |            0 |             0 |             0 |             0 |             0 |             0 |             0 |
|          CAS_COUNT_WR          | MBOX0C1 |  10504306072 |            0 |            0 |            0 |            0 |            0 |             0 |             0 |             0 |             0 |             0 |             0 |  10394639993 |            0 |            0 |            0 |            0 |            0 |             0 |             0 |             0 |             0 |             0 |             0 |
|          CAS_COUNT_RD          | MBOX1C0 |  21680667637 |            0 |            0 |            0 |            0 |            0 |             0 |             0 |             0 |             0 |             0 |             0 |  19897838241 |            0 |            0 |            0 |            0 |            0 |             0 |             0 |             0 |             0 |             0 |             0 |
|          CAS_COUNT_WR          | MBOX1C1 |  10517910640 |            0 |            0 |            0 |            0 |            0 |             0 |             0 |             0 |             0 |             0 |             0 |  10373916008 |            0 |            0 |            0 |            0 |            0 |             0 |             0 |             0 |             0 |             0 |             0 |
|          CAS_COUNT_RD          | MBOX2C0 |            0 |            0 |            0 |            0 |            0 |            0 |             0 |             0 |             0 |             0 |             0 |             0 |            0 |            0 |            0 |            0 |            0 |            0 |             0 |             0 |             0 |             0 |             0 |             0 |
|          CAS_COUNT_WR          | MBOX2C1 |            0 |            0 |            0 |            0 |            0 |            0 |             0 |             0 |             0 |             0 |             0 |             0 |            0 |            0 |            0 |            0 |            0 |            0 |             0 |             0 |             0 |             0 |             0 |             0 |
|          CAS_COUNT_RD          | MBOX3C0 |            0 |            0 |            0 |            0 |            0 |            0 |             0 |             0 |             0 |             0 |             0 |             0 |            0 |            0 |            0 |            0 |            0 |            0 |             0 |             0 |             0 |             0 |             0 |             0 |
|          CAS_COUNT_WR          | MBOX3C1 |            0 |            0 |            0 |            0 |            0 |            0 |             0 |             0 |             0 |             0 |             0 |             0 |            0 |            0 |            0 |            0 |            0 |            0 |             0 |             0 |             0 |             0 |             0 |             0 |
|          CAS_COUNT_RD          | MBOX4C0 |  21675136962 |            0 |            0 |            0 |            0 |            0 |             0 |             0 |             0 |             0 |             0 |             0 |  19926478886 |            0 |            0 |            0 |            0 |            0 |             0 |             0 |             0 |             0 |             0 |             0 |
|          CAS_COUNT_WR          | MBOX4C1 |  10506067125 |            0 |            0 |            0 |            0 |            0 |             0 |             0 |             0 |             0 |             0 |             0 |  10393021907 |            0 |            0 |            0 |            0 |            0 |             0 |             0 |             0 |             0 |             0 |             0 |
|          CAS_COUNT_RD          | MBOX5C0 |  21692375272 |            0 |            0 |            0 |            0 |            0 |             0 |             0 |             0 |             0 |             0 |             0 |  19903525851 |            0 |            0 |            0 |            0 |            0 |             0 |             0 |             0 |             0 |             0 |             0 |
|          CAS_COUNT_WR          | MBOX5C1 |  10523072445 |            0 |            0 |            0 |            0 |            0 |             0 |             0 |             0 |             0 |             0 |             0 |  10376572829 |            0 |            0 |            0 |            0 |            0 |             0 |             0 |             0 |             0 |             0 |             0 |
|          CAS_COUNT_RD          | MBOX6C0 |            0 |            0 |            0 |            0 |            0 |            0 |             0 |             0 |             0 |             0 |             0 |             0 |            0 |            0 |            0 |            0 |            0 |            0 |             0 |             0 |             0 |             0 |             0 |             0 |
|          CAS_COUNT_WR          | MBOX6C1 |            0 |            0 |            0 |            0 |            0 |            0 |             0 |             0 |             0 |             0 |             0 |             0 |            0 |            0 |            0 |            0 |            0 |            0 |             0 |             0 |             0 |             0 |             0 |             0 |
|          CAS_COUNT_RD          | MBOX7C0 |            0 |            0 |            0 |            0 |            0 |            0 |             0 |             0 |             0 |             0 |             0 |             0 |            0 |            0 |            0 |            0 |            0 |            0 |             0 |             0 |             0 |             0 |             0 |             0 |
|          CAS_COUNT_WR          | MBOX7C1 |            0 |            0 |            0 |            0 |            0 |            0 |             0 |             0 |             0 |             0 |             0 |             0 |            0 |            0 |            0 |            0 |            0 |            0 |             0 |             0 |             0 |             0 |             0 |             0 |
+--------------------------------+---------+--------------+--------------+--------------+--------------+--------------+--------------+---------------+---------------+---------------+---------------+---------------+---------------+--------------+--------------+--------------+--------------+--------------+--------------+---------------+---------------+---------------+---------------+---------------+---------------+
+-------------------------------------+---------+----------------+--------------+---------------+--------------+
|                Event                | Counter |       Sum      |      Min     |      Max      |      Avg     |
+-------------------------------------+---------+----------------+--------------+---------------+--------------+
|        INSTR_RETIRED_ANY STAT       |  FIXC0  | 14940536846397 |  93424315933 | 1150553496498 | 6.225224e+11 |
|      CPU_CLK_UNHALTED_CORE STAT     |  FIXC1  | 11200963796696 | 168248651088 |  740451037861 | 4.667068e+11 |
|      CPU_CLK_UNHALTED_REF STAT      |  FIXC2  | 11209471499150 | 169424335948 |  740687779753 | 4.670613e+11 |
|           FIXC1/FIXC0 STAT          |   CPI   |              0 |            0 |             0 |            0 |
|  OFFCORE_RESPONSE_0_LOCAL_DRAM STAT |   PMC0  |   111053813886 |   1892878602 |    7933635903 | 4.627242e+09 |
| OFFCORE_RESPONSE_1_REMOTE_DRAM STAT |   PMC1  |     8259853288 |        57103 |    2119813372 | 3.441606e+08 |
|  MEM_LOAD_UOPS_RETIRED_L3_ALL STAT  |   PMC2  |    19188655096 |    600511403 |     939202711 | 7.995273e+08 |
|  MEM_LOAD_UOPS_RETIRED_L3_MISS STAT |   PMC3  |     8550725577 |    153804543 |     635235652 | 3.562802e+08 |
|      L2_TRANS_ALL_REQUESTS STAT     |   PMC4  |  1287323357062 |   7982387057 |   99120073583 | 5.363847e+10 |
|          L2_RQSTS_MISS STAT         |   PMC5  |   275530589188 |   2544909846 |   20488208510 | 1.148044e+10 |
|        UOPS_RETIRED_ALL STAT        |   PMC6  | 18676833795938 |  90142155413 | 1471356782769 | 7.782014e+11 |
|            TEMP_CORE STAT           |   TMP0  |            927 |           35 |            43 |      38.6250 |
|         PWR_PKG_ENERGY STAT         |   PWR0  |     44377.4618 |            0 |    22256.4810 |    1849.0609 |
|         PWR_PP0_ENERGY STAT         |   PWR1  |              0 |            0 |             0 |            0 |
|         PWR_DRAM_ENERGY STAT        |   PWR3  |    534576.1105 |            0 |   530138.8385 |   22274.0046 |
|          CAS_COUNT_RD STAT          | MBOX0C0 |    41590909204 |            0 |   21670679251 | 1.732955e+09 |
|          CAS_COUNT_WR STAT          | MBOX0C1 |    20898946065 |            0 |   10504306072 | 8.707894e+08 |
|          CAS_COUNT_RD STAT          | MBOX1C0 |    41578505878 |            0 |   21680667637 | 1.732438e+09 |
|          CAS_COUNT_WR STAT          | MBOX1C1 |    20891826648 |            0 |   10517910640 |    870492777 |
|          CAS_COUNT_RD STAT          | MBOX2C0 |              0 |            0 |             0 |            0 |
|          CAS_COUNT_WR STAT          | MBOX2C1 |              0 |            0 |             0 |            0 |
|          CAS_COUNT_RD STAT          | MBOX3C0 |              0 |            0 |             0 |            0 |
|          CAS_COUNT_WR STAT          | MBOX3C1 |              0 |            0 |             0 |            0 |
|          CAS_COUNT_RD STAT          | MBOX4C0 |    41601615848 |            0 |   21675136962 | 1.733401e+09 |
|          CAS_COUNT_WR STAT          | MBOX4C1 |    20899089032 |            0 |   10506067125 | 8.707954e+08 |
|          CAS_COUNT_RD STAT          | MBOX5C0 |    41595901123 |            0 |   21692375272 | 1.733163e+09 |
|          CAS_COUNT_WR STAT          | MBOX5C1 |    20899645274 |            0 |   10523072445 | 8.708186e+08 |
|          CAS_COUNT_RD STAT          | MBOX6C0 |              0 |            0 |             0 |            0 |
|          CAS_COUNT_WR STAT          | MBOX6C1 |              0 |            0 |             0 |            0 |
|          CAS_COUNT_RD STAT          | MBOX7C0 |              0 |            0 |             0 |            0 |
|          CAS_COUNT_WR STAT          | MBOX7C1 |              0 |            0 |             0 |            0 |
+-------------------------------------+---------+----------------+--------------+---------------+--------------+
+-----------------------------------+------------+-----------+-----------+-----------+-----------+--------------+-----------+-----------+-----------+-----------+-----------+-----------+-------------+-----------+-----------+-----------+-----------+-----------+-----------+-----------+-----------+-----------+-----------+-----------+
|               Metric              |   Core 0   |   Core 1  |   Core 2  |   Core 3  |   Core 4  |    Core 5    |   Core 6  |   Core 7  |   Core 8  |   Core 9  |  Core 10  |  Core 11  |   Core 12   |  Core 13  |  Core 14  |  Core 15  |  Core 16  |  Core 17  |  Core 18  |  Core 19  |  Core 20  |  Core 21  |  Core 22  |  Core 23  |
+-----------------------------------+------------+-----------+-----------+-----------+-----------+--------------+-----------+-----------+-----------+-----------+-----------+-----------+-------------+-----------+-----------+-----------+-----------+-----------+-----------+-----------+-----------+-----------+-----------+-----------+
|        Runtime (RDTSC) [s]        |   329.9881 |  329.9881 |  329.9881 |  329.9881 |  329.9881 |     329.9881 |  329.9881 |  329.9881 |  329.9881 |  329.9881 |  329.9881 |  329.9881 |    329.9881 |  329.9881 |  329.9881 |  329.9881 |  329.9881 |  329.9881 |  329.9881 |  329.9881 |  329.9881 |  329.9881 |  329.9881 |  329.9881 |
|        Runtime unhalted [s]       |    91.2107 |   84.5294 |   73.1540 |   85.4295 |   84.7677 |      84.2672 |  321.9456 |  321.0245 |  321.1939 |  321.2701 |  321.3055 |  317.2228 |     83.7717 |   81.9754 |   83.0334 |   89.3160 |   90.6426 |   88.7332 |  321.0920 |  321.0229 |  320.8741 |  320.8706 |  320.7389 |  320.7502 |
|            Clock [MHz]            |  2294.2323 | 2294.7017 | 2283.9658 | 2295.9731 | 2296.1875 |    2295.7683 | 2299.1905 | 2298.5578 | 2298.9606 | 2299.0352 | 2299.1306 | 2299.0092 |   2296.4082 | 2294.9268 | 2296.9358 | 2295.5055 | 2295.8124 | 2296.1407 | 2299.1652 | 2299.1006 | 2298.4844 | 2299.3053 | 2299.3310 | 2299.5458 |
|                CPI                |     1.4698 |    2.0017 |    1.5153 |    1.8572 |    1.8732 |       1.8837 |    0.6436 |    0.6444 |    0.6476 |    0.6489 |    0.6482 |    0.6540 |      1.8436 |    2.0181 |    1.9121 |    1.8418 |    1.8747 |    1.8251 |    0.6541 |    0.6511 |    0.6513 |    0.6497 |    0.6474 |    0.6461 |
|   Local DRAM data volume [GByte]  |   138.8818 |  136.5032 |  121.1442 |  141.0830 |  138.2351 |     140.4336 |  507.7527 |  503.1145 |  491.0296 |  479.3106 |  459.1310 |  367.1379 |    142.3051 |  126.1235 |  137.6843 |  144.8893 |  154.3508 |  151.7023 |  357.3663 |  419.9866 |  436.4369 |  453.9933 |  473.8768 |  484.9715 |
|   Local DRAM bandwidth [MByte/s]  |   420.8690 |  413.6611 |  367.1170 |  427.5397 |  418.9093 |     425.5718 | 1538.7002 | 1524.6446 | 1488.0224 | 1452.5090 | 1391.3565 | 1112.5794 |    431.2431 |  382.2062 |  417.2403 |  439.0744 |  467.7467 |  459.7206 | 1082.9675 | 1272.7327 | 1322.5840 | 1375.7872 | 1436.0422 | 1469.6639 |
|  Remote DRAM data volume [GByte]  |     0.0224 |    0.0095 |    0.0133 |    0.0100 |    0.0195 |       0.0037 |    2.3671 |    1.5929 |    7.0993 |   16.9172 |   36.6454 |  120.1076 |      0.0306 |    0.1420 |    0.0238 |    0.0338 |    0.0267 |    0.0339 |  135.6681 |   76.7451 |   56.2048 |   41.0374 |   22.8849 |   10.9917 |
|  Remote DRAM bandwidth [MByte/s]  |     0.0680 |    0.0289 |    0.0402 |    0.0303 |    0.0590 |       0.0111 |    7.1734 |    4.8271 |   21.5139 |   51.2660 |  111.0508 |  363.9755 |      0.0927 |    0.4304 |    0.0721 |    0.1023 |    0.0810 |    0.1026 |  411.1302 |  232.5694 |  170.3238 |  124.3601 |   69.3506 |   33.3095 |
|     Memory data volume [GByte]    |   138.9042 |  136.5128 |  121.1575 |  141.0930 |  138.2545 |     140.4373 |  510.1198 |  504.7074 |  498.1290 |  496.2278 |  495.7765 |  487.2455 |    142.3357 |  126.2655 |  137.7081 |  144.9231 |  154.3776 |  151.7362 |  493.0344 |  496.7317 |  492.6418 |  495.0307 |  496.7617 |  495.9633 |
|     Memory bandwidth [MByte/s]    |   420.9370 |  413.6900 |  367.1572 |  427.5700 |  418.9683 |     425.5829 | 1545.8736 | 1529.4717 | 1509.5363 | 1503.7750 | 1502.4073 | 1476.5549 |    431.3358 |  382.6366 |  417.3125 |  439.1767 |  467.8278 |  459.8232 | 1494.0977 | 1505.3021 | 1492.9078 | 1500.1473 | 1505.3928 | 1502.9733 |
|          L3 request rate          |     1.2924 |    1.2441 |    1.2960 |    1.2722 |    1.2745 |       1.2611 |    5.5422 |    5.5565 |    5.6879 |    5.6647 |    5.7030 |    5.5809 |      1.2791 |    1.2818 |    1.2722 |    1.3438 |    1.3724 |    1.3038 |    5.6670 |    5.5800 |    5.7364 |    5.6055 |    5.6037 |    5.5721 |
|            L3 miss rate           |     0.0005 |    0.0002 |    0.0003 |    0.0002 |    0.0004 |       0.0001 |    0.0419 |    0.0291 |    0.1265 |    0.3017 |    0.6438 |    1.9982 |      0.0007 |    0.0035 |    0.0005 |    0.0007 |    0.0005 |    0.0007 |    2.3895 |    1.3803 |    0.9900 |    0.7312 |    0.4107 |    0.2004 |
|           L3 miss ratio           |     0.0002 |    0.0001 |    0.0001 |    0.0001 |    0.0001 | 2.602363e-05 |    0.0047 |    0.0032 |    0.0145 |    0.0353 |    0.0798 |    0.3271 |      0.0002 |    0.0011 |    0.0002 |    0.0002 |    0.0002 |    0.0002 |    0.3796 |    0.1827 |    0.1288 |    0.0904 |    0.0483 |    0.0227 |
|          L2 request rate          |     0.0641 |    0.0878 |    0.0731 |    0.0839 |    0.0841 |       0.0883 |    0.0855 |    0.0852 |    0.0862 |    0.0860 |    0.0860 |    0.0880 |      0.0868 |    0.0854 |    0.0871 |    0.0859 |    0.0914 |    0.0869 |    0.0877 |    0.0870 |    0.0875 |    0.0867 |    0.0862 |    0.0855 |
|            L2 miss rate           |     0.0205 |    0.0280 |    0.0231 |    0.0267 |    0.0267 |       0.0284 |    0.0174 |    0.0174 |    0.0176 |    0.0176 |    0.0175 |    0.0184 |      0.0278 |    0.0272 |    0.0279 |    0.0277 |    0.0302 |    0.0278 |    0.0178 |    0.0177 |    0.0178 |    0.0177 |    0.0176 |    0.0175 |
|           L2 miss ratio           |     0.3191 |    0.3193 |    0.3159 |    0.3186 |    0.3174 |       0.3214 |    0.2037 |    0.2040 |    0.2041 |    0.2047 |    0.2030 |    0.2087 |      0.3205 |    0.3188 |    0.3206 |    0.3231 |    0.3299 |    0.3201 |    0.2031 |    0.2037 |    0.2037 |    0.2043 |    0.2040 |    0.2047 |
|  Memory read bandwidth [MBytes/s] | 16818.8117 |         0 |         0 |         0 |         0 |            0 |         0 |         0 |         0 |         0 |         0 |         0 |  15447.4581 |         0 |         0 |         0 |         0 |         0 |         0 |         0 |         0 |         0 |         0 |         0 |
|  Memory read data volume [GBytes] |  5550.0070 |         0 |         0 |         0 |         0 |            0 |         0 |         0 |         0 |         0 |         0 |         0 |   5097.4767 |         0 |         0 |         0 |         0 |         0 |         0 |         0 |         0 |         0 |         0 |         0 |
| Memory write bandwidth [MBytes/s] |  8155.7097 |         0 |         0 |         0 |         0 |            0 |         0 |         0 |         0 |         0 |         0 |         0 |   8056.1754 |         0 |         0 |         0 |         0 |         0 |         0 |         0 |         0 |         0 |         0 |         0 |
| Memory write data volume [GBytes] |  2691.2868 |         0 |         0 |         0 |         0 |            0 |         0 |         0 |         0 |         0 |         0 |         0 |   2658.4416 |         0 |         0 |         0 |         0 |         0 |         0 |         0 |         0 |         0 |         0 |         0 |
|    Memory bandwidth [MBytes/s]    | 24974.5215 |         0 |         0 |         0 |         0 |            0 |         0 |         0 |         0 |         0 |         0 |         0 |  23503.6335 |         0 |         0 |         0 |         0 |         0 |         0 |         0 |         0 |         0 |         0 |         0 |
|    Memory data volume [GBytes]    |  8241.2938 |         0 |         0 |         0 |         0 |            0 |         0 |         0 |         0 |         0 |         0 |         0 |   7755.9183 |         0 |         0 |         0 |         0 |         0 |         0 |         0 |         0 |         0 |         0 |         0 |
|          Temperature [C]          |         35 |        35 |        35 |        36 |        35 |           35 |        38 |        39 |        42 |        41 |        39 |        41 |          35 |        35 |        37 |        39 |        42 |        39 |        41 |        43 |        40 |        43 |        41 |        41 |
|             Energy [J]            | 22120.9808 |         0 |         0 |         0 |         0 |            0 |         0 |         0 |         0 |         0 |         0 |         0 |  22256.4810 |         0 |         0 |         0 |         0 |         0 |         0 |         0 |         0 |         0 |         0 |         0 |
|             Power [W]             |    67.0357 |         0 |         0 |         0 |         0 |            0 |         0 |         0 |         0 |         0 |         0 |         0 |     67.4463 |         0 |         0 |         0 |         0 |         0 |         0 |         0 |         0 |         0 |         0 |         0 |
|           Energy PP0 [J]          |          0 |         0 |         0 |         0 |         0 |            0 |         0 |         0 |         0 |         0 |         0 |         0 |           0 |         0 |         0 |         0 |         0 |         0 |         0 |         0 |         0 |         0 |         0 |         0 |
|           Power PP0 [W]           |          0 |         0 |         0 |         0 |         0 |            0 |         0 |         0 |         0 |         0 |         0 |         0 |           0 |         0 |         0 |         0 |         0 |         0 |         0 |         0 |         0 |         0 |         0 |         0 |
|          Energy DRAM [J]          |  4437.2720 |         0 |         0 |         0 |         0 |            0 |         0 |         0 |         0 |         0 |         0 |         0 | 530138.8385 |         0 |         0 |         0 |         0 |         0 |         0 |         0 |         0 |         0 |         0 |         0 |
|           Power DRAM [W]          |    13.4468 |         0 |         0 |         0 |         0 |            0 |         0 |         0 |         0 |         0 |         0 |         0 |   1606.5395 |         0 |         0 |         0 |         0 |         0 |         0 |         0 |         0 |         0 |         0 |         0 |
+-----------------------------------+------------+-----------+-----------+-----------+-----------+--------------+-----------+-----------+-----------+-----------+-----------+-----------+-------------+-----------+-----------+-----------+-----------+-----------+-----------+-----------+-----------+-----------+-----------+-----------+
+----------------------------------------+-------------+--------------+-------------+------------+
|                 Metric                 |     Sum     |      Min     |     Max     |     Avg    |
+----------------------------------------+-------------+--------------+-------------+------------+
|        Runtime (RDTSC) [s] STAT        |   7919.7144 |     329.9881 |    329.9881 |   329.9881 |
|        Runtime unhalted [s] STAT       |   4870.1419 |      73.1540 |    321.9456 |   202.9226 |
|            Clock [MHz] STAT            |  55125.3743 |    2283.9658 |   2299.5458 |  2296.8906 |
|                CPI STAT                |     29.7027 |       0.6436 |      2.0181 |     1.2376 |
|   Local DRAM data volume [GByte] STAT  |   7107.4439 |     121.1442 |    507.7527 |   296.1435 |
|   Local DRAM bandwidth [MByte/s] STAT  |  21538.4888 |     367.1170 |   1538.7002 |   897.4370 |
|  Remote DRAM data volume [GByte] STAT  |    528.6307 |       0.0037 |    135.6681 |    22.0263 |
|  Remote DRAM bandwidth [MByte/s] STAT  |   1601.9689 |       0.0111 |    411.1302 |    66.7487 |
|     Memory data volume [GByte] STAT    |   7636.0751 |     121.1575 |    510.1198 |   318.1698 |
|     Memory bandwidth [MByte/s] STAT    |  23140.4578 |     367.1572 |   1545.8736 |   964.1857 |
|          L3 request rate STAT          |     82.9933 |       1.2441 |      5.7364 |     3.4581 |
|            L3 miss rate STAT           |      9.2516 |       0.0001 |      2.3895 |     0.3855 |
|           L3 miss ratio STAT           |      1.3198 | 2.602363e-05 |      0.3796 |     0.0550 |
|          L2 request rate STAT          |      2.0423 |       0.0641 |      0.0914 |     0.0851 |
|            L2 miss rate STAT           |      0.5340 |       0.0174 |      0.0302 |     0.0222 |
|           L2 miss ratio STAT           |      6.2964 |       0.2030 |      0.3299 |     0.2624 |
|  Memory read bandwidth [MBytes/s] STAT |  32266.2698 |            0 |  16818.8117 |  1344.4279 |
|  Memory read data volume [GBytes] STAT |  10647.4837 |            0 |   5550.0070 |   443.6452 |
| Memory write bandwidth [MBytes/s] STAT |  16211.8851 |            0 |   8155.7097 |   675.4952 |
| Memory write data volume [GBytes] STAT |   5349.7284 |            0 |   2691.2868 |   222.9053 |
|    Memory bandwidth [MBytes/s] STAT    |  48478.1550 |            0 |  24974.5215 |  2019.9231 |
|    Memory data volume [GBytes] STAT    |  15997.2121 |            0 |   8241.2938 |   666.5505 |
|          Temperature [C] STAT          |         927 |           35 |          43 |    38.6250 |
|             Energy [J] STAT            |  44377.4618 |            0 |  22256.4810 |  1849.0609 |
|             Power [W] STAT             |    134.4820 |            0 |     67.4463 |     5.6034 |
|           Energy PP0 [J] STAT          |           0 |            0 |           0 |          0 |
|           Power PP0 [W] STAT           |           0 |            0 |           0 |          0 |
|          Energy DRAM [J] STAT          | 534576.1105 |            0 | 530138.8385 | 22274.0046 |
|           Power DRAM [W] STAT          |   1619.9863 |            0 |   1606.5395 |    67.4994 |
+----------------------------------------+-------------+--------------+-------------+------------+
