--------------------------------------------------------------------------------
CPU name:	Intel(R) Xeon(R) CPU E5-2670 v3 @ 2.30GHz
CPU type:	Intel Xeon Haswell EN/EP/EX processor
CPU clock:	2.30 GHz
--------------------------------------------------------------------------------
Group 1: POWERPERF
+--------------------------------+---------+--------------+--------------+--------------+--------------+--------------+--------------+---------------+---------------+---------------+---------------+---------------+---------------+--------------+--------------+--------------+--------------+--------------+--------------+---------------+---------------+---------------+---------------+---------------+---------------+
|              Event             | Counter |    Core 0    |    Core 1    |    Core 2    |    Core 3    |    Core 4    |    Core 5    |     Core 6    |     Core 7    |     Core 8    |     Core 9    |    Core 10    |    Core 11    |    Core 12   |    Core 13   |    Core 14   |    Core 15   |    Core 16   |    Core 17   |    Core 18    |    Core 19    |    Core 20    |    Core 21    |    Core 22    |    Core 23    |
+--------------------------------+---------+--------------+--------------+--------------+--------------+--------------+--------------+---------------+---------------+---------------+---------------+---------------+---------------+--------------+--------------+--------------+--------------+--------------+--------------+---------------+---------------+---------------+---------------+---------------+---------------+
|        INSTR_RETIRED_ANY       |  FIXC0  | 142822360051 |  97175045482 | 110983947011 | 105790244881 | 104073522480 | 102888301343 | 1328011676329 | 1328036318153 | 1327862173979 | 1326627394818 | 1327948354333 | 1328076052501 | 104577636939 |  93239770687 |  99872749097 | 111524781683 | 111208519581 | 111804578306 | 1328087990759 | 1327899907325 | 1297026144832 | 1297188055946 | 1297183286842 | 1297052020015 |
|      CPU_CLK_UNHALTED_CORE     |  FIXC1  | 190896172866 | 172179522286 | 153102856875 | 174264404361 | 171460790981 | 172628382765 |  642418876049 |  643762389798 |  667846315615 |  673513551866 |  663722809567 |  678332891388 | 174851405307 | 167182289338 | 171381396693 | 185022550476 | 187932925947 | 182481004524 |  646012287443 |  648647406650 |  651181522949 |  644986949253 |  646837815716 |  650763789400 |
|      CPU_CLK_UNHALTED_REF      |  FIXC2  | 190927978166 | 172354273679 | 153285644934 | 174402249270 | 171465507955 | 172708067292 |  671592777747 |  672659409325 |  679042068968 |  674142977060 |  677965360883 |  681471316939 | 175032609764 | 167212124027 | 171467540235 | 185180770780 | 188148737355 | 182625147262 |  673769144973 |  673615102887 |  675415969491 |  672663219896 |  673889340305 |  674645239123 |
|           FIXC1/FIXC0          |   CPI   |            0 |            0 |            0 |            0 |            0 |            0 |             0 |             0 |             0 |             0 |             0 |             0 |            0 |            0 |            0 |            0 |            0 |            0 |             0 |             0 |             0 |             0 |             0 |             0 |
|  OFFCORE_RESPONSE_0_LOCAL_DRAM |   PMC0  |   2050472026 |   2046331787 |   1793133716 |   2087498199 |   2034883023 |   2073818545 |    2557667209 |    2636731678 |    2543783698 |    2538724383 |    2544646423 |    2525310712 |   2122452339 |   1878711254 |   2058763481 |   2135626609 |   2268116944 |   2231311005 |    2577509094 |    2594424840 |    2503880454 |    2516495118 |    2516640657 |    2469406305 |
| OFFCORE_RESPONSE_1_REMOTE_DRAM |   PMC1  |       450976 |       366071 |       657622 |       208759 |       180626 |       202731 |     369669798 |     303605701 |     288143024 |     286441535 |     301579991 |     282997319 |      1060569 |       194709 |       236379 |       375963 |       158441 |       147376 |     394210463 |     362137565 |     328305194 |     347647864 |     346066717 |     351030334 |
|  MEM_LOAD_UOPS_RETIRED_L3_ALL  |   PMC2  |    681026842 |    719933947 |    608438791 |    685336909 |    700704819 |    758078969 |    3016806060 |    2923446608 |    3004483685 |    3010229080 |    2979917011 |    3036248580 |    732515286 |    619726557 |    681892667 |    817345967 |    864584080 |    745951886 |    2916489662 |    2866725332 |    2911619674 |    2865925428 |    2898293502 |    2879743595 |
|  MEM_LOAD_UOPS_RETIRED_L3_MISS |   PMC3  |    512066031 |    559627287 |    455092623 |    521448896 |    524589941 |    578566204 |     558916401 |     556619251 |     545061253 |     555727410 |     538096142 |     555766153 |    556209409 |    471892804 |    523168561 |    585233220 |    616059950 |    544097208 |     556324355 |     538839543 |     536896622 |     531500890 |     538684027 |     527623404 |
|      L2_TRANS_ALL_REQUESTS     |   PMC4  |   8739201535 |   8556505286 |   7816434021 |   8744156203 |   8862889928 |   8943583610 |  224979211723 |  224598709963 |  225386471933 |  225760588496 |  225200403721 |  225580991252 |   8845644086 |   7991973515 |   8626336251 |   9304356987 |   9710740980 |   9644972426 |  224459930611 |  222050914806 |  219697617500 |  219034680380 |  220184303661 |  218726625515 |
|          L2_RQSTS_MISS         |   PMC5  |   2803825884 |   2786302407 |   2483152429 |   2809680576 |   2908974015 |   2927371901 |   57371969622 |   57287134080 |   58423319383 |   58647230936 |   58369562959 |   58682501694 |   2854741014 |   2585113702 |   2794170429 |   3027790186 |   3181016767 |   3155341144 |   57232262035 |   56885888801 |   56838266928 |   56484368314 |   56863028652 |   56643601378 |
|        UOPS_RETIRED_ALL        |   PMC6  | 155842296466 |  92444624064 | 102860684643 |  98984363140 |  97572184841 |  96846911575 | 1484163277419 | 1484222179409 | 1483871648609 | 1481756452350 | 1484041043496 | 1484477229382 |  98381393217 |  89874396712 |  96084330437 | 105208767326 | 105534036234 | 105933681799 | 1484488110627 | 1484307471338 | 1449817464980 | 1450045949713 | 1450052264082 | 1449887938551 |
|            TEMP_CORE           |   TMP0  |           35 |           33 |           34 |           33 |           37 |           37 |            39 |            39 |            39 |            41 |            41 |            42 |           32 |           37 |           36 |           38 |           43 |           40 |            40 |            40 |            38 |            41 |            40 |            38 |
|         PWR_PKG_ENERGY         |   PWR0  |  544659.5673 |            0 |            0 |            0 |            0 |            0 |             0 |             0 |             0 |             0 |             0 |             0 |   20943.9882 |            0 |            0 |            0 |            0 |            0 |             0 |             0 |             0 |             0 |             0 |             0 |
|         PWR_PP0_ENERGY         |   PWR1  |            0 |            0 |            0 |            0 |            0 |            0 |             0 |             0 |             0 |             0 |             0 |             0 |            0 |            0 |            0 |            0 |            0 |            0 |             0 |             0 |             0 |             0 |             0 |             0 |
|         PWR_DRAM_ENERGY        |   PWR3  |    3254.7808 |            0 |            0 |            0 |            0 |            0 |             0 |             0 |             0 |             0 |             0 |             0 |    3375.8476 |            0 |            0 |            0 |            0 |            0 |             0 |             0 |             0 |             0 |             0 |             0 |
|          CAS_COUNT_RD          | MBOX0C0 |   9668445348 |            0 |            0 |            0 |            0 |            0 |             0 |             0 |             0 |             0 |             0 |             0 |   9320431233 |            0 |            0 |            0 |            0 |            0 |             0 |             0 |             0 |             0 |             0 |             0 |
|          CAS_COUNT_WR          | MBOX0C1 |   6081092112 |            0 |            0 |            0 |            0 |            0 |             0 |             0 |             0 |             0 |             0 |             0 |   5832297507 |            0 |            0 |            0 |            0 |            0 |             0 |             0 |             0 |             0 |             0 |             0 |
|          CAS_COUNT_RD          | MBOX1C0 |   9682498298 |            0 |            0 |            0 |            0 |            0 |             0 |             0 |             0 |             0 |             0 |             0 |   9302058201 |            0 |            0 |            0 |            0 |            0 |             0 |             0 |             0 |             0 |             0 |             0 |
|          CAS_COUNT_WR          | MBOX1C1 |   6097083102 |            0 |            0 |            0 |            0 |            0 |             0 |             0 |             0 |             0 |             0 |             0 |   5814868856 |            0 |            0 |            0 |            0 |            0 |             0 |             0 |             0 |             0 |             0 |             0 |
|          CAS_COUNT_RD          | MBOX2C0 |            0 |            0 |            0 |            0 |            0 |            0 |             0 |             0 |             0 |             0 |             0 |             0 |            0 |            0 |            0 |            0 |            0 |            0 |             0 |             0 |             0 |             0 |             0 |             0 |
|          CAS_COUNT_WR          | MBOX2C1 |            0 |            0 |            0 |            0 |            0 |            0 |             0 |             0 |             0 |             0 |             0 |             0 |            0 |            0 |            0 |            0 |            0 |            0 |             0 |             0 |             0 |             0 |             0 |             0 |
|          CAS_COUNT_RD          | MBOX3C0 |            0 |            0 |            0 |            0 |            0 |            0 |             0 |             0 |             0 |             0 |             0 |             0 |            0 |            0 |            0 |            0 |            0 |            0 |             0 |             0 |             0 |             0 |             0 |             0 |
|          CAS_COUNT_WR          | MBOX3C1 |            0 |            0 |            0 |            0 |            0 |            0 |             0 |             0 |             0 |             0 |             0 |             0 |            0 |            0 |            0 |            0 |            0 |            0 |             0 |             0 |             0 |             0 |             0 |             0 |
|          CAS_COUNT_RD          | MBOX4C0 |   9667995081 |            0 |            0 |            0 |            0 |            0 |             0 |             0 |             0 |             0 |             0 |             0 |   9323507445 |            0 |            0 |            0 |            0 |            0 |             0 |             0 |             0 |             0 |             0 |             0 |
|          CAS_COUNT_WR          | MBOX4C1 |   6080973689 |            0 |            0 |            0 |            0 |            0 |             0 |             0 |             0 |             0 |             0 |             0 |   5834385168 |            0 |            0 |            0 |            0 |            0 |             0 |             0 |             0 |             0 |             0 |             0 |
|          CAS_COUNT_RD          | MBOX5C0 |   9685184241 |            0 |            0 |            0 |            0 |            0 |             0 |             0 |             0 |             0 |             0 |             0 |   9307196430 |            0 |            0 |            0 |            0 |            0 |             0 |             0 |             0 |             0 |             0 |             0 |
|          CAS_COUNT_WR          | MBOX5C1 |   6098505516 |            0 |            0 |            0 |            0 |            0 |             0 |             0 |             0 |             0 |             0 |             0 |   5817770403 |            0 |            0 |            0 |            0 |            0 |             0 |             0 |             0 |             0 |             0 |             0 |
|          CAS_COUNT_RD          | MBOX6C0 |            0 |            0 |            0 |            0 |            0 |            0 |             0 |             0 |             0 |             0 |             0 |             0 |            0 |            0 |            0 |            0 |            0 |            0 |             0 |             0 |             0 |             0 |             0 |             0 |
|          CAS_COUNT_WR          | MBOX6C1 |            0 |            0 |            0 |            0 |            0 |            0 |             0 |             0 |             0 |             0 |             0 |             0 |            0 |            0 |            0 |            0 |            0 |            0 |             0 |             0 |             0 |             0 |             0 |             0 |
|          CAS_COUNT_RD          | MBOX7C0 |            0 |            0 |            0 |            0 |            0 |            0 |             0 |             0 |             0 |             0 |             0 |             0 |            0 |            0 |            0 |            0 |            0 |            0 |             0 |             0 |             0 |             0 |             0 |             0 |
|          CAS_COUNT_WR          | MBOX7C1 |            0 |            0 |            0 |            0 |            0 |            0 |             0 |             0 |             0 |             0 |             0 |             0 |            0 |            0 |            0 |            0 |            0 |            0 |             0 |             0 |             0 |             0 |             0 |             0 |
+--------------------------------+---------+--------------+--------------+--------------+--------------+--------------+--------------+---------------+---------------+---------------+---------------+---------------+---------------+--------------+--------------+--------------+--------------+--------------+--------------+---------------+---------------+---------------+---------------+---------------+---------------+
+-------------------------------------+---------+----------------+--------------+---------------+--------------+
|                Event                | Counter |       Sum      |      Min     |      Max      |      Avg     |
+-------------------------------------+---------+----------------+--------------+---------------+--------------+
|        INSTR_RETIRED_ANY STAT       |  FIXC0  | 17106960833373 |  93239770687 | 1328087990759 | 7.127900e+11 |
|      CPU_CLK_UNHALTED_CORE STAT     |  FIXC1  |  9961410308113 | 153102856875 |  678332891388 | 4.150588e+11 |
|      CPU_CLK_UNHALTED_REF STAT      |  FIXC2  | 10205682578316 | 153285644934 |  681471316939 | 4.252368e+11 |
|           FIXC1/FIXC0 STAT          |   CPI   |              0 |            0 |             0 |            0 |
|  OFFCORE_RESPONSE_0_LOCAL_DRAM STAT |   PMC0  |    55306339499 |   1793133716 |    2636731678 | 2.304431e+09 |
| OFFCORE_RESPONSE_1_REMOTE_DRAM STAT |   PMC1  |     3966075727 |       147376 |     394210463 | 1.652532e+08 |
|  MEM_LOAD_UOPS_RETIRED_L3_ALL STAT  |   PMC2  |    43925464937 |    608438791 |    3036248580 | 1.830228e+09 |
|  MEM_LOAD_UOPS_RETIRED_L3_MISS STAT |   PMC3  |    12988107585 |    455092623 |     616059950 | 5.411711e+08 |
|      L2_TRANS_ALL_REQUESTS STAT     |   PMC4  |  2781447244389 |   7816434021 |  225760588496 | 1.158936e+11 |
|          L2_RQSTS_MISS STAT         |   PMC5  |   724046615236 |   2483152429 |   58682501694 | 3.016861e+10 |
|        UOPS_RETIRED_ALL STAT        |   PMC6  | 18916698700410 |  89874396712 | 1484488110627 | 7.881958e+11 |
|            TEMP_CORE STAT           |   TMP0  |            913 |           32 |            43 |      38.0417 |
|         PWR_PKG_ENERGY STAT         |   PWR0  |    565603.5555 |            0 |   544659.5673 |   23566.8148 |
|         PWR_PP0_ENERGY STAT         |   PWR1  |              0 |            0 |             0 |            0 |
|         PWR_DRAM_ENERGY STAT        |   PWR3  |      6630.6284 |            0 |     3375.8476 |     276.2762 |
|          CAS_COUNT_RD STAT          | MBOX0C0 |    18988876581 |            0 |    9668445348 | 7.912032e+08 |
|          CAS_COUNT_WR STAT          | MBOX0C1 |    11913389619 |            0 |    6081092112 | 4.963912e+08 |
|          CAS_COUNT_RD STAT          | MBOX1C0 |    18984556499 |            0 |    9682498298 | 7.910232e+08 |
|          CAS_COUNT_WR STAT          | MBOX1C1 |    11911951958 |            0 |    6097083102 | 4.963313e+08 |
|          CAS_COUNT_RD STAT          | MBOX2C0 |              0 |            0 |             0 |            0 |
|          CAS_COUNT_WR STAT          | MBOX2C1 |              0 |            0 |             0 |            0 |
|          CAS_COUNT_RD STAT          | MBOX3C0 |              0 |            0 |             0 |            0 |
|          CAS_COUNT_WR STAT          | MBOX3C1 |              0 |            0 |             0 |            0 |
|          CAS_COUNT_RD STAT          | MBOX4C0 |    18991502526 |            0 |    9667995081 | 7.913126e+08 |
|          CAS_COUNT_WR STAT          | MBOX4C1 |    11915358857 |            0 |    6080973689 | 4.964733e+08 |
|          CAS_COUNT_RD STAT          | MBOX5C0 |    18992380671 |            0 |    9685184241 | 7.913492e+08 |
|          CAS_COUNT_WR STAT          | MBOX5C1 |    11916275919 |            0 |    6098505516 | 4.965115e+08 |
|          CAS_COUNT_RD STAT          | MBOX6C0 |              0 |            0 |             0 |            0 |
|          CAS_COUNT_WR STAT          | MBOX6C1 |              0 |            0 |             0 |            0 |
|          CAS_COUNT_RD STAT          | MBOX7C0 |              0 |            0 |             0 |            0 |
|          CAS_COUNT_WR STAT          | MBOX7C1 |              0 |            0 |             0 |            0 |
+-------------------------------------+---------+----------------+--------------+---------------+--------------+
+-----------------------------------+-------------+-----------+-----------+-----------+-----------+-----------+-----------+-----------+-----------+-----------+-----------+-----------+------------+-----------+-----------+-----------+-----------+-----------+-----------+-----------+-----------+-----------+-----------+-----------+
|               Metric              |    Core 0   |   Core 1  |   Core 2  |   Core 3  |   Core 4  |   Core 5  |   Core 6  |   Core 7  |   Core 8  |   Core 9  |  Core 10  |  Core 11  |   Core 12  |  Core 13  |  Core 14  |  Core 15  |  Core 16  |  Core 17  |  Core 18  |  Core 19  |  Core 20  |  Core 21  |  Core 22  |  Core 23  |
+-----------------------------------+-------------+-----------+-----------+-----------+-----------+-----------+-----------+-----------+-----------+-----------+-----------+-----------+------------+-----------+-----------+-----------+-----------+-----------+-----------+-----------+-----------+-----------+-----------+-----------+
|        Runtime (RDTSC) [s]        |    323.7999 |  323.7999 |  323.7999 |  323.7999 |  323.7999 |  323.7999 |  323.7999 |  323.7999 |  323.7999 |  323.7999 |  323.7999 |  323.7999 |   323.7999 |  323.7999 |  323.7999 |  323.7999 |  323.7999 |  323.7999 |  323.7999 |  323.7999 |  323.7999 |  323.7999 |  323.7999 |  323.7999 |
|        Runtime unhalted [s]       |     82.9990 |   74.8612 |   66.5670 |   75.7677 |   74.5487 |   75.0564 |  279.3147 |  279.8988 |  290.3702 |  292.8342 |  288.5773 |  294.9296 |    76.0229 |   72.6885 |   74.5142 |   80.4452 |   81.7106 |   79.3402 |  280.8770 |  282.0227 |  283.1245 |  280.4312 |  281.2360 |  282.9429 |
|            Clock [MHz]            |   2299.5995 | 2297.6506 | 2297.2400 | 2298.1647 | 2299.9193 | 2298.9214 | 2200.0717 | 2201.1768 | 2262.0615 | 2297.8352 | 2251.6651 | 2289.3903 |  2297.6015 | 2299.5722 | 2298.8271 | 2298.0175 | 2297.3445 | 2298.1673 | 2205.2316 | 2214.7332 | 2217.4575 | 2205.3514 | 2207.6558 | 2218.5666 |
|                CPI                |      1.3366 |    1.7718 |    1.3795 |    1.6473 |    1.6475 |    1.6778 |    0.4837 |    0.4847 |    0.5029 |    0.5077 |    0.4998 |    0.5108 |     1.6720 |    1.7930 |    1.7160 |    1.6590 |    1.6899 |    1.6321 |    0.4864 |    0.4885 |    0.5021 |    0.4972 |    0.4986 |    0.5017 |
|   Local DRAM data volume [GByte]  |    131.2302 |  130.9652 |  114.7606 |  133.5999 |  130.2325 |  132.7244 |  163.6907 |  168.7508 |  162.8022 |  162.4784 |  162.8574 |  161.6199 |   135.8369 |  120.2375 |  131.7609 |  136.6801 |  145.1595 |  142.8039 |  164.9606 |  166.0432 |  160.2483 |  161.0557 |  161.0650 |  158.0420 |
|   Local DRAM bandwidth [MByte/s]  |    405.2818 |  404.4635 |  354.4182 |  412.6002 |  402.2006 |  409.8964 |  505.5305 |  521.1578 |  502.7864 |  501.7864 |  502.9569 |  499.1351 |   419.5090 |  371.3328 |  406.9207 |  422.1129 |  448.3000 |  441.0252 |  509.4523 |  512.7957 |  494.8994 |  497.3927 |  497.4215 |  488.0854 |
|  Remote DRAM data volume [GByte]  |      0.0289 |    0.0234 |    0.0421 |    0.0134 |    0.0116 |    0.0130 |   23.6589 |   19.4308 |   18.4412 |   18.3323 |   19.3011 |   18.1118 |     0.0679 |    0.0125 |    0.0151 |    0.0241 |    0.0101 |    0.0094 |   25.2295 |   23.1768 |   21.0115 |   22.2495 |   22.1483 |   22.4659 |
|  Remote DRAM bandwidth [MByte/s]  |      0.0891 |    0.0724 |    0.1300 |    0.0413 |    0.0357 |    0.0401 |   73.0663 |   60.0086 |   56.9523 |   56.6160 |   59.6082 |   55.9353 |     0.2096 |    0.0385 |    0.0467 |    0.0743 |    0.0313 |    0.0291 |   77.9169 |   71.5776 |   64.8905 |   68.7136 |   68.4011 |   69.3822 |
|     Memory data volume [GByte]    |    131.2591 |  130.9887 |  114.8026 |  133.6132 |  130.2441 |  132.7374 |  187.3496 |  188.1816 |  181.2433 |  180.8106 |  182.1585 |  179.7317 |   135.9048 |  120.2500 |  131.7760 |  136.7042 |  145.1696 |  142.8133 |  190.1901 |  189.2200 |  181.2599 |  183.3052 |  183.2133 |  180.5079 |
|     Memory bandwidth [MByte/s]    |    405.3710 |  404.5359 |  354.5482 |  412.6414 |  402.2363 |  409.9364 |  578.5968 |  581.1664 |  559.7387 |  558.4024 |  562.5651 |  555.0704 |   419.7186 |  371.3713 |  406.9674 |  422.1872 |  448.3313 |  441.0543 |  587.3691 |  584.3733 |  559.7899 |  566.1063 |  565.8226 |  557.4676 |
|          L3 request rate          |      1.3300 |    1.2865 |    1.3370 |    1.3143 |    1.3357 |    1.3103 |    5.3976 |    5.2521 |    5.5122 |    5.4167 |    5.5379 |    5.4632 |     1.3170 |    1.3133 |    1.3034 |    1.3966 |    1.4034 |    1.3710 |    5.2424 |    5.3202 |    5.4231 |    5.3921 |    5.3803 |    5.4580 |
|            L3 miss rate           |      0.0007 |    0.0005 |    0.0011 |    0.0003 |    0.0003 |    0.0003 |    0.1225 |    0.1039 |    0.0959 |    0.0952 |    0.1012 |    0.0932 |     0.0014 |    0.0003 |    0.0003 |    0.0005 |    0.0002 |    0.0002 |    0.1352 |    0.1263 |    0.1128 |    0.1213 |    0.1194 |    0.1219 |
|           L3 miss ratio           |      0.0002 |    0.0002 |    0.0004 |    0.0001 |    0.0001 |    0.0001 |    0.1445 |    0.1151 |    0.1133 |    0.1128 |    0.1185 |    0.1121 |     0.0005 |    0.0001 |    0.0001 |    0.0002 |    0.0001 |    0.0001 |    0.1529 |    0.1396 |    0.1311 |    0.1381 |    0.1375 |    0.1422 |
|          L2 request rate          |      0.0612 |    0.0881 |    0.0704 |    0.0827 |    0.0852 |    0.0869 |    0.1694 |    0.1691 |    0.1697 |    0.1702 |    0.1696 |    0.1699 |     0.0846 |    0.0857 |    0.0864 |    0.0834 |    0.0873 |    0.0863 |    0.1690 |    0.1672 |    0.1694 |    0.1689 |    0.1697 |    0.1686 |
|            L2 miss rate           |      0.0196 |    0.0287 |    0.0224 |    0.0266 |    0.0280 |    0.0285 |    0.0432 |    0.0431 |    0.0440 |    0.0442 |    0.0440 |    0.0442 |     0.0273 |    0.0277 |    0.0280 |    0.0271 |    0.0286 |    0.0282 |    0.0431 |    0.0428 |    0.0438 |    0.0435 |    0.0438 |    0.0437 |
|           L2 miss ratio           |      0.3208 |    0.3256 |    0.3177 |    0.3213 |    0.3282 |    0.3273 |    0.2550 |    0.2551 |    0.2592 |    0.2598 |    0.2592 |    0.2601 |     0.3227 |    0.3235 |    0.3239 |    0.3254 |    0.3276 |    0.3271 |    0.2550 |    0.2562 |    0.2587 |    0.2579 |    0.2583 |    0.2590 |
|  Memory read bandwidth [MBytes/s] |   7649.9842 |         0 |         0 |         0 |         0 |         0 |         0 |         0 |         0 |         0 |         0 |         0 |  7363.2036 |         0 |         0 |         0 |         0 |         0 |         0 |         0 |         0 |         0 |         0 |         0 |
|  Memory read data volume [GBytes] |   2477.0639 |         0 |         0 |         0 |         0 |         0 |         0 |         0 |         0 |         0 |         0 |         0 |  2384.2044 |         0 |         0 |         0 |         0 |         0 |         0 |         0 |         0 |         0 |         0 |         0 |
| Memory write bandwidth [MBytes/s] |   4814.3623 |         0 |         0 |         0 |         0 |         0 |         0 |         0 |         0 |         0 |         0 |         0 |  4605.1798 |         0 |         0 |         0 |         0 |         0 |         0 |         0 |         0 |         0 |         0 |         0 |
| Memory write data volume [GBytes] |   1558.8899 |         0 |         0 |         0 |         0 |         0 |         0 |         0 |         0 |         0 |         0 |         0 |  1491.1566 |         0 |         0 |         0 |         0 |         0 |         0 |         0 |         0 |         0 |         0 |         0 |
|    Memory bandwidth [MBytes/s]    |  12464.3465 |         0 |         0 |         0 |         0 |         0 |         0 |         0 |         0 |         0 |         0 |         0 | 11968.3834 |         0 |         0 |         0 |         0 |         0 |         0 |         0 |         0 |         0 |         0 |         0 |
|    Memory data volume [GBytes]    |   4035.9538 |         0 |         0 |         0 |         0 |         0 |         0 |         0 |         0 |         0 |         0 |         0 |  3875.3610 |         0 |         0 |         0 |         0 |         0 |         0 |         0 |         0 |         0 |         0 |         0 |
|          Temperature [C]          |          35 |        33 |        34 |        33 |        37 |        37 |        39 |        39 |        39 |        41 |        41 |        42 |         32 |        37 |        36 |        38 |        43 |        40 |        40 |        40 |        38 |        41 |        40 |        38 |
|             Energy [J]            | 544659.5673 |         0 |         0 |         0 |         0 |         0 |         0 |         0 |         0 |         0 |         0 |         0 | 20943.9882 |         0 |         0 |         0 |         0 |         0 |         0 |         0 |         0 |         0 |         0 |         0 |
|             Power [W]             |   1682.0871 |         0 |         0 |         0 |         0 |         0 |         0 |         0 |         0 |         0 |         0 |         0 |    64.6819 |         0 |         0 |         0 |         0 |         0 |         0 |         0 |         0 |         0 |         0 |         0 |
|           Energy PP0 [J]          |           0 |         0 |         0 |         0 |         0 |         0 |         0 |         0 |         0 |         0 |         0 |         0 |          0 |         0 |         0 |         0 |         0 |         0 |         0 |         0 |         0 |         0 |         0 |         0 |
|           Power PP0 [W]           |           0 |         0 |         0 |         0 |         0 |         0 |         0 |         0 |         0 |         0 |         0 |         0 |          0 |         0 |         0 |         0 |         0 |         0 |         0 |         0 |         0 |         0 |         0 |         0 |
|          Energy DRAM [J]          |   3254.7808 |         0 |         0 |         0 |         0 |         0 |         0 |         0 |         0 |         0 |         0 |         0 |  3375.8476 |         0 |         0 |         0 |         0 |         0 |         0 |         0 |         0 |         0 |         0 |         0 |
|           Power DRAM [W]          |     10.0518 |         0 |         0 |         0 |         0 |         0 |         0 |         0 |         0 |         0 |         0 |         0 |    10.4257 |         0 |         0 |         0 |         0 |         0 |         0 |         0 |         0 |         0 |         0 |         0 |
+-----------------------------------+-------------+-----------+-----------+-----------+-----------+-----------+-----------+-----------+-----------+-----------+-----------+-----------+------------+-----------+-----------+-----------+-----------+-----------+-----------+-----------+-----------+-----------+-----------+-----------+
+----------------------------------------+-------------+-----------+-------------+------------+
|                 Metric                 |     Sum     |    Min    |     Max     |     Avg    |
+----------------------------------------+-------------+-----------+-------------+------------+
|        Runtime (RDTSC) [s] STAT        |   7771.1976 |  323.7999 |    323.7999 |   323.7999 |
|        Runtime unhalted [s] STAT       |   4331.0807 |   66.5670 |    294.9296 |   180.4617 |
|            Clock [MHz] STAT            |  54352.2223 | 2200.0717 |   2299.9193 |  2264.6759 |
|                CPI STAT                |     25.5866 |    0.4837 |      1.7930 |     1.0661 |
|   Local DRAM data volume [GByte] STAT  |   3539.6058 |  114.7606 |    168.7508 |   147.4836 |
|   Local DRAM bandwidth [MByte/s] STAT  |  10931.4614 |  354.4182 |    521.1578 |   455.4776 |
|  Remote DRAM data volume [GByte] STAT  |    253.8291 |    0.0094 |     25.2295 |    10.5762 |
|  Remote DRAM bandwidth [MByte/s] STAT  |    783.9067 |    0.0291 |     77.9169 |    32.6628 |
|     Memory data volume [GByte] STAT    |   3793.4347 |  114.8026 |    190.1901 |   158.0598 |
|     Memory bandwidth [MByte/s] STAT    |  11715.3679 |  354.5482 |    587.3691 |   488.1403 |
|          L3 request rate STAT          |     80.8143 |    1.2865 |      5.5379 |     3.3673 |
|            L3 miss rate STAT           |      1.3549 |    0.0002 |      0.1352 |     0.0565 |
|           L3 miss ratio STAT           |      1.5599 |    0.0001 |      0.1529 |     0.0650 |
|          L2 request rate STAT          |      3.0189 |    0.0612 |      0.1702 |     0.1258 |
|            L2 miss rate STAT           |      0.8441 |    0.0196 |      0.0442 |     0.0352 |
|           L2 miss ratio STAT           |      6.9846 |    0.2550 |      0.3282 |     0.2910 |
|  Memory read bandwidth [MBytes/s] STAT |  15013.1878 |         0 |   7649.9842 |   625.5495 |
|  Memory read data volume [GBytes] STAT |   4861.2683 |         0 |   2477.0639 |   202.5528 |
| Memory write bandwidth [MBytes/s] STAT |   9419.5421 |         0 |   4814.3623 |   392.4809 |
| Memory write data volume [GBytes] STAT |   3050.0465 |         0 |   1558.8899 |   127.0853 |
|    Memory bandwidth [MBytes/s] STAT    |  24432.7299 |         0 |  12464.3465 |  1018.0304 |
|    Memory data volume [GBytes] STAT    |   7911.3148 |         0 |   4035.9538 |   329.6381 |
|          Temperature [C] STAT          |         913 |        32 |          43 |    38.0417 |
|             Energy [J] STAT            | 565603.5555 |         0 | 544659.5673 | 23566.8148 |
|             Power [W] STAT             |   1746.7690 |         0 |   1682.0871 |    72.7820 |
|           Energy PP0 [J] STAT          |           0 |         0 |           0 |          0 |
|           Power PP0 [W] STAT           |           0 |         0 |           0 |          0 |
|          Energy DRAM [J] STAT          |   6630.6284 |         0 |   3375.8476 |   276.2762 |
|           Power DRAM [W] STAT          |     20.4775 |         0 |     10.4257 |     0.8532 |
+----------------------------------------+-------------+-----------+-------------+------------+
