--------------------------------------------------------------------------------
CPU name:	Intel(R) Xeon(R) CPU E5-2670 v3 @ 2.30GHz
CPU type:	Intel Xeon Haswell EN/EP/EX processor
CPU clock:	2.30 GHz
--------------------------------------------------------------------------------
Group 1: POWERPERF
+--------------------------------+---------+-------------+-------------+-------------+-------------+-------------+-------------+-------------+----------+---------+---------+---------+---------+-------------+-------------+-------------+-------------+-------------+-------------+---------+---------+---------+---------+---------+---------+
|              Event             | Counter |    Core 0   |    Core 1   |    Core 2   |    Core 3   |    Core 4   |    Core 5   |    Core 6   |  Core 7  |  Core 8 |  Core 9 | Core 10 | Core 11 |   Core 12   |   Core 13   |   Core 14   |   Core 15   |   Core 16   |   Core 17   | Core 18 | Core 19 | Core 20 | Core 21 | Core 22 | Core 23 |
+--------------------------------+---------+-------------+-------------+-------------+-------------+-------------+-------------+-------------+----------+---------+---------+---------+---------+-------------+-------------+-------------+-------------+-------------+-------------+---------+---------+---------+---------+---------+---------+
|        INSTR_RETIRED_ANY       |  FIXC0  | 13967410074 |  9144386088 |  9143919474 |  9146939457 |  9147771992 |  9145091269 | 33140782401 | 10344414 | 1656478 |  657825 |  129216 |  291496 |  9144439545 |  9145773850 |  9138383507 |  9136137453 |  9142532837 |  9159009500 |  883864 | 3767876 |       0 |       0 |       0 |  109214 |
|      CPU_CLK_UNHALTED_CORE     |  FIXC1  | 11769174960 |  9618119802 |  9612272906 |  9615934258 |  9621206300 |  9612702344 | 11812171209 |  9962499 | 2719322 | 1579554 |  305337 |  733873 |  9615011392 |  9617008589 |  9613687616 |  9610074967 |  9620135966 |  9507915157 | 1741668 | 3815713 |       0 |       0 |       0 |  264972 |
|      CPU_CLK_UNHALTED_REF      |  FIXC2  | 22557577796 | 18434732070 | 18423518880 | 18430534915 | 18440650568 | 18424356057 | 22639949973 | 19093588 | 5212260 | 3027352 |  585143 | 1406565 | 18428774058 | 18432590494 | 18426249371 | 18419303141 | 18438591332 | 18223487765 | 3338243 | 7313908 |       0 |       0 |       0 |  507863 |
|           FIXC1/FIXC0          |   CPI   |           0 |           0 |           0 |           0 |           0 |           0 |           0 |        0 |       0 |       0 |       0 |       0 |           0 |           0 |           0 |           0 |           0 |           0 |       0 |       0 |       0 |       0 |       0 |       0 |
|  OFFCORE_RESPONSE_0_LOCAL_DRAM |   PMC0  |    57162348 |    54742647 |    54758845 |    54585531 |    54961065 |    54264256 |     3369769 |    90278 |   29248 |   25077 |    4494 |   11275 |    50966293 |    52364352 |    52289227 |    52240939 |    52451097 |    52338595 |    3060 |    1732 |       0 |       0 |       0 |     928 |
| OFFCORE_RESPONSE_1_REMOTE_DRAM |   PMC1  |        3371 |         529 |         353 |         299 |        3112 |      656675 |        6322 |    51530 |    1271 |     183 |      34 |      76 |     3409113 |     2144437 |     2141112 |     2140485 |     2147268 |     2156422 |   20773 |   14483 |       0 |       0 |       0 |     484 |
|  MEM_LOAD_UOPS_RETIRED_L3_ALL  |   PMC2  |      771557 |      624417 |      618745 |      626525 |      623478 |      626731 |       90072 |    10387 |    3930 |    2250 |     480 |    1220 |      629032 |      620228 |      633725 |      629583 |      625208 |      657681 |    3482 |    6988 |       0 |       0 |       0 |     518 |
|  MEM_LOAD_UOPS_RETIRED_L3_MISS |   PMC3  |      380123 |      296502 |      296475 |      296487 |      296128 |      295711 |       56432 |     5769 |    2756 |    1263 |     233 |     541 |      298422 |      297624 |      297452 |      295792 |      295118 |      312794 |    3140 |    2972 |       0 |       0 |       0 |     375 |
|      L2_TRANS_ALL_REQUESTS     |   PMC4  |   433967546 |   411780856 |   397738274 |   399029521 |   409640805 |   397894641 |    28299211 |   940673 |  131916 |  103485 |   20615 |   52250 |   410275821 |   409068210 |   405574782 |   402639222 |   406462368 |   405787418 |   77342 |  134811 |       0 |       0 |       0 |   21749 |
|          L2_RQSTS_MISS         |   PMC5  |    95473627 |    90600601 |    90638080 |    90684418 |    90430060 |    90559548 |     5385094 |   244973 |   51663 |   41924 |    8401 |   21273 |    90918172 |    90836042 |    90697994 |    90778480 |    90521658 |    90366582 |   26657 |   40601 |       0 |       0 |       0 |    2033 |
|        UOPS_RETIRED_ALL        |   PMC6  | 16454861159 | 10598144795 | 10597126280 | 10602723021 | 10603543230 | 10598379590 | 39485757187 | 14681372 | 2075895 |  802534 |  157456 |  360205 | 10595057101 | 10596673454 | 10592728808 | 10588860313 | 10600456245 | 10635424604 | 1032183 | 4964389 |       0 |       0 |       0 |  177522 |
|            TEMP_CORE           |   TMP0  |          32 |          32 |          33 |          31 |          31 |          32 |          33 |       31 |      30 |      31 |      33 |      33 |          31 |          34 |          32 |          34 |          34 |          32 |      29 |      31 |      28 |      29 |      31 |      28 |
|         PWR_PKG_ENERGY         |   PWR0  |    299.5551 |           0 |           0 |           0 |           0 |           0 |           0 |        0 |       0 |       0 |       0 |       0 |    309.2673 |           0 |           0 |           0 |           0 |           0 |       0 |       0 |       0 |       0 |       0 |       0 |
|         PWR_PP0_ENERGY         |   PWR1  |           0 |           0 |           0 |           0 |           0 |           0 |           0 |        0 |       0 |       0 |       0 |       0 |           0 |           0 |           0 |           0 |           0 |           0 |       0 |       0 |       0 |       0 |       0 |       0 |
|         PWR_DRAM_ENERGY        |   PWR3  |     74.8049 |           0 |           0 |           0 |           0 |           0 |           0 |        0 |       0 |       0 |       0 |       0 |     76.1773 |           0 |           0 |           0 |           0 |           0 |       0 |       0 |       0 |       0 |       0 |       0 |
|          CAS_COUNT_RD          | MBOX0C0 |    96443122 |           0 |           0 |           0 |           0 |           0 |           0 |        0 |       0 |       0 |       0 |       0 |    86023717 |           0 |           0 |           0 |           0 |           0 |       0 |       0 |       0 |       0 |       0 |       0 |
|          CAS_COUNT_WR          | MBOX0C1 |    51130248 |           0 |           0 |           0 |           0 |           0 |           0 |        0 |       0 |       0 |       0 |       0 |    46628537 |           0 |           0 |           0 |           0 |           0 |       0 |       0 |       0 |       0 |       0 |       0 |
|          CAS_COUNT_RD          | MBOX1C0 |    97084403 |           0 |           0 |           0 |           0 |           0 |           0 |        0 |       0 |       0 |       0 |       0 |    85497789 |           0 |           0 |           0 |           0 |           0 |       0 |       0 |       0 |       0 |       0 |       0 |
|          CAS_COUNT_WR          | MBOX1C1 |    51712180 |           0 |           0 |           0 |           0 |           0 |           0 |        0 |       0 |       0 |       0 |       0 |    46104152 |           0 |           0 |           0 |           0 |           0 |       0 |       0 |       0 |       0 |       0 |       0 |
|          CAS_COUNT_RD          | MBOX2C0 |           0 |           0 |           0 |           0 |           0 |           0 |           0 |        0 |       0 |       0 |       0 |       0 |           0 |           0 |           0 |           0 |           0 |           0 |       0 |       0 |       0 |       0 |       0 |       0 |
|          CAS_COUNT_WR          | MBOX2C1 |           0 |           0 |           0 |           0 |           0 |           0 |           0 |        0 |       0 |       0 |       0 |       0 |           0 |           0 |           0 |           0 |           0 |           0 |       0 |       0 |       0 |       0 |       0 |       0 |
|          CAS_COUNT_RD          | MBOX3C0 |           0 |           0 |           0 |           0 |           0 |           0 |           0 |        0 |       0 |       0 |       0 |       0 |           0 |           0 |           0 |           0 |           0 |           0 |       0 |       0 |       0 |       0 |       0 |       0 |
|          CAS_COUNT_WR          | MBOX3C1 |           0 |           0 |           0 |           0 |           0 |           0 |           0 |        0 |       0 |       0 |       0 |       0 |           0 |           0 |           0 |           0 |           0 |           0 |       0 |       0 |       0 |       0 |       0 |       0 |
|          CAS_COUNT_RD          | MBOX4C0 |    96464283 |           0 |           0 |           0 |           0 |           0 |           0 |        0 |       0 |       0 |       0 |       0 |    86037347 |           0 |           0 |           0 |           0 |           0 |       0 |       0 |       0 |       0 |       0 |       0 |
|          CAS_COUNT_WR          | MBOX4C1 |    51139289 |           0 |           0 |           0 |           0 |           0 |           0 |        0 |       0 |       0 |       0 |       0 |    46632817 |           0 |           0 |           0 |           0 |           0 |       0 |       0 |       0 |       0 |       0 |       0 |
|          CAS_COUNT_RD          | MBOX5C0 |    96991493 |           0 |           0 |           0 |           0 |           0 |           0 |        0 |       0 |       0 |       0 |       0 |    85503040 |           0 |           0 |           0 |           0 |           0 |       0 |       0 |       0 |       0 |       0 |       0 |
|          CAS_COUNT_WR          | MBOX5C1 |    51655867 |           0 |           0 |           0 |           0 |           0 |           0 |        0 |       0 |       0 |       0 |       0 |    46106956 |           0 |           0 |           0 |           0 |           0 |       0 |       0 |       0 |       0 |       0 |       0 |
|          CAS_COUNT_RD          | MBOX6C0 |           0 |           0 |           0 |           0 |           0 |           0 |           0 |        0 |       0 |       0 |       0 |       0 |           0 |           0 |           0 |           0 |           0 |           0 |       0 |       0 |       0 |       0 |       0 |       0 |
|          CAS_COUNT_WR          | MBOX6C1 |           0 |           0 |           0 |           0 |           0 |           0 |           0 |        0 |       0 |       0 |       0 |       0 |           0 |           0 |           0 |           0 |           0 |           0 |       0 |       0 |       0 |       0 |       0 |       0 |
|          CAS_COUNT_RD          | MBOX7C0 |           0 |           0 |           0 |           0 |           0 |           0 |           0 |        0 |       0 |       0 |       0 |       0 |           0 |           0 |           0 |           0 |           0 |           0 |       0 |       0 |       0 |       0 |       0 |       0 |
|          CAS_COUNT_WR          | MBOX7C1 |           0 |           0 |           0 |           0 |           0 |           0 |           0 |        0 |       0 |       0 |       0 |       0 |           0 |           0 |           0 |           0 |           0 |           0 |       0 |       0 |       0 |       0 |       0 |       0 |
+--------------------------------+---------+-------------+-------------+-------------+-------------+-------------+-------------+-------------+----------+---------+---------+---------+---------+-------------+-------------+-------------+-------------+-------------+-------------+---------+---------+---------+---------+---------+---------+
+-------------------------------------+---------+--------------+-----+-------------+--------------+
|                Event                | Counter |      Sum     | Min |     Max     |      Avg     |
+-------------------------------------+---------+--------------+-----+-------------+--------------+
|        INSTR_RETIRED_ANY STAT       |  FIXC0  | 147720417830 |   0 | 33140782401 | 6.155017e+09 |
|      CPU_CLK_UNHALTED_CORE STAT     |  FIXC1  | 129266538404 |   0 | 11812171209 | 5.386106e+09 |
|      CPU_CLK_UNHALTED_REF STAT      |  FIXC2  | 247760801342 |   0 | 22639949973 | 1.032337e+10 |
|           FIXC1/FIXC0 STAT          |   CPI   |            0 |   0 |           0 |            0 |
|  OFFCORE_RESPONSE_0_LOCAL_DRAM STAT |   PMC0  |    646661056 |   0 |    57162348 | 2.694421e+07 |
| OFFCORE_RESPONSE_1_REMOTE_DRAM STAT |   PMC1  |     14898332 |   0 |     3409113 |  620763.8333 |
|  MEM_LOAD_UOPS_RETIRED_L3_ALL STAT  |   PMC2  |      7806237 |   0 |      771557 |  325259.8750 |
|  MEM_LOAD_UOPS_RETIRED_L3_MISS STAT |   PMC3  |      3732109 |   0 |      380123 |  155504.5417 |
|      L2_TRANS_ALL_REQUESTS STAT     |   PMC4  |   4919641516 |   0 |   433967546 | 2.049851e+08 |
|          L2_RQSTS_MISS STAT         |   PMC5  |   1098327881 |   0 |    95473627 | 4.576366e+07 |
|        UOPS_RETIRED_ALL STAT        |   PMC6  | 172573987343 |   0 | 39485757187 | 7.190583e+09 |
|            TEMP_CORE STAT           |   TMP0  |          755 |  28 |          34 |      31.4583 |
|         PWR_PKG_ENERGY STAT         |   PWR0  |     608.8224 |   0 |    309.2673 |      25.3676 |
|         PWR_PP0_ENERGY STAT         |   PWR1  |            0 |   0 |           0 |            0 |
|         PWR_DRAM_ENERGY STAT        |   PWR3  |     150.9822 |   0 |     76.1773 |       6.2909 |
|          CAS_COUNT_RD STAT          | MBOX0C0 |    182466839 |   0 |    96443122 | 7.602785e+06 |
|          CAS_COUNT_WR STAT          | MBOX0C1 |     97758785 |   0 |    51130248 | 4.073283e+06 |
|          CAS_COUNT_RD STAT          | MBOX1C0 |    182582192 |   0 |    97084403 | 7.607591e+06 |
|          CAS_COUNT_WR STAT          | MBOX1C1 |     97816332 |   0 |    51712180 | 4.075680e+06 |
|          CAS_COUNT_RD STAT          | MBOX2C0 |            0 |   0 |           0 |            0 |
|          CAS_COUNT_WR STAT          | MBOX2C1 |            0 |   0 |           0 |            0 |
|          CAS_COUNT_RD STAT          | MBOX3C0 |            0 |   0 |           0 |            0 |
|          CAS_COUNT_WR STAT          | MBOX3C1 |            0 |   0 |           0 |            0 |
|          CAS_COUNT_RD STAT          | MBOX4C0 |    182501630 |   0 |    96464283 | 7.604235e+06 |
|          CAS_COUNT_WR STAT          | MBOX4C1 |     97772106 |   0 |    51139289 | 4.073838e+06 |
|          CAS_COUNT_RD STAT          | MBOX5C0 |    182494533 |   0 |    96991493 | 7.603939e+06 |
|          CAS_COUNT_WR STAT          | MBOX5C1 |     97762823 |   0 |    51655867 | 4.073451e+06 |
|          CAS_COUNT_RD STAT          | MBOX6C0 |            0 |   0 |           0 |            0 |
|          CAS_COUNT_WR STAT          | MBOX6C1 |            0 |   0 |           0 |            0 |
|          CAS_COUNT_RD STAT          | MBOX7C0 |            0 |   0 |           0 |            0 |
|          CAS_COUNT_WR STAT          | MBOX7C1 |            0 |   0 |           0 |            0 |
+-------------------------------------+---------+--------------+-----+-------------+--------------+
+-----------------------------------+-----------+--------------+--------------+--------------+-----------+-----------+-----------+-----------+-----------+--------------+--------------+--------------+-----------+-----------+-----------+-----------+-----------+-----------+-----------+-----------+---------+---------+---------+--------------+
|               Metric              |   Core 0  |    Core 1    |    Core 2    |    Core 3    |   Core 4  |   Core 5  |   Core 6  |   Core 7  |   Core 8  |    Core 9    |    Core 10   |    Core 11   |  Core 12  |  Core 13  |  Core 14  |  Core 15  |  Core 16  |  Core 17  |  Core 18  |  Core 19  | Core 20 | Core 21 | Core 22 |    Core 23   |
+-----------------------------------+-----------+--------------+--------------+--------------+-----------+-----------+-----------+-----------+-----------+--------------+--------------+--------------+-----------+-----------+-----------+-----------+-----------+-----------+-----------+-----------+---------+---------+---------+--------------+
|        Runtime (RDTSC) [s]        |   10.0008 |      10.0008 |      10.0008 |      10.0008 |   10.0008 |   10.0008 |   10.0008 |   10.0008 |   10.0008 |      10.0008 |      10.0008 |      10.0008 |   10.0008 |   10.0008 |   10.0008 |   10.0008 |   10.0008 |   10.0008 |   10.0008 |   10.0008 | 10.0008 | 10.0008 | 10.0008 |      10.0008 |
|        Runtime unhalted [s]       |    5.1170 |       4.1818 |       4.1792 |       4.1808 |    4.1831 |    4.1794 |    5.1357 |    0.0043 |    0.0012 |       0.0007 |       0.0001 |       0.0003 |    4.1804 |    4.1813 |    4.1799 |    4.1783 |    4.1827 |    4.1339 |    0.0008 |    0.0017 |       0 |       0 |       0 |       0.0001 |
|            Clock [MHz]            | 1200.0015 |    1200.0010 |    1200.0014 |    1200.0015 | 1200.0008 | 1200.0005 | 1200.0035 | 1200.0767 | 1199.9491 |    1200.0513 |    1200.1780 |    1200.0224 | 1200.0010 | 1200.0017 | 1200.0002 | 1200.0016 | 1200.0013 | 1200.0022 | 1199.9846 | 1199.9260 |   nan   |   nan   |   nan   |    1200.0011 |
|                CPI                |    0.8426 |       1.0518 |       1.0512 |       1.0513 |    1.0518 |    1.0511 |    0.3564 |    0.9631 |    1.6416 |       2.4012 |       2.3630 |       2.5176 |    1.0515 |    1.0515 |    1.0520 |    1.0519 |    1.0522 |    1.0381 |    1.9705 |    1.0127 |   nan   |   nan   |   nan   |       2.4262 |
|   Local DRAM data volume [GByte]  |    3.6584 |       3.5035 |       3.5046 |       3.4935 |    3.5175 |    3.4729 |    0.2157 |    0.0058 |    0.0019 |       0.0016 |       0.0003 |       0.0007 |    3.2618 |    3.3513 |    3.3465 |    3.3434 |    3.3569 |    3.3497 |    0.0002 |    0.0001 |       0 |       0 |       0 |       0.0001 |
|   Local DRAM bandwidth [MByte/s]  |  365.8115 |     350.3266 |     350.4303 |     349.3211 |  351.7244 |  347.2651 |   21.5649 |    0.5777 |    0.1872 |       0.1605 |       0.0288 |       0.0722 |  326.1598 |  335.1067 |  334.6259 |  334.3169 |  335.6618 |  334.9418 |    0.0196 |    0.0111 |       0 |       0 |       0 |       0.0059 |
|  Remote DRAM data volume [GByte]  |    0.0002 | 3.385600e-05 | 2.259200e-05 | 1.913600e-05 |    0.0002 |    0.0420 |    0.0004 |    0.0033 |    0.0001 | 1.171200e-05 | 2.176000e-06 | 4.864000e-06 |    0.2182 |    0.1372 |    0.1370 |    0.1370 |    0.1374 |    0.1380 |    0.0013 |    0.0009 |       0 |       0 |       0 | 3.097600e-05 |
|  Remote DRAM bandwidth [MByte/s]  |    0.0216 |       0.0034 |       0.0023 |       0.0019 |    0.0199 |    4.2024 |    0.0405 |    0.3298 |    0.0081 |       0.0012 |       0.0002 |       0.0005 |   21.8167 |   13.7234 |   13.7021 |   13.6981 |   13.7415 |   13.8001 |    0.1329 |    0.0927 |       0 |       0 |       0 |       0.0031 |
|     Memory data volume [GByte]    |    3.6586 |       3.5036 |       3.5046 |       3.4935 |    3.5177 |    3.5149 |    0.2161 |    0.0091 |    0.0020 |       0.0016 |       0.0003 |       0.0007 |    3.4800 |    3.4886 |    3.4835 |    3.4804 |    3.4943 |    3.4877 |    0.0015 |    0.0010 |       0 |       0 |       0 |       0.0001 |
|     Memory bandwidth [MByte/s]    |  365.8331 |     350.3300 |     350.4325 |     349.3231 |  351.7443 |  351.4675 |   21.6054 |    0.9075 |    0.1953 |       0.1617 |       0.0290 |       0.0726 |  347.9764 |  348.8300 |  348.3280 |  348.0150 |  349.4033 |  348.7419 |    0.1525 |    0.1038 |       0 |       0 |       0 |       0.0090 |
|          L3 request rate          |    2.0298 |       2.1059 |       2.0870 |       2.1132 |    2.1054 |    2.1194 |    1.5961 |    1.8005 |    1.4260 |       1.7815 |       2.0601 |       2.2551 |    2.1079 |    2.0839 |    2.1305 |    2.1285 |    2.1185 |    2.1026 |    1.1089 |    2.3513 |   nan   |   nan   |   nan   |       1.3813 |
|            L3 miss rate           |    0.0044 |       0.0008 |       0.0006 |       0.0005 |    0.0050 |    1.0478 |    0.0702 |    4.9610 |    0.3234 |       0.0813 |       0.0708 |       0.0623 |    5.4196 |    3.4575 |    3.3786 |    3.3998 |    3.4345 |    3.2788 |    5.9658 |    2.0726 |   nan   |   nan   |   nan   |       0.9344 |
|           L3 miss ratio           |    0.0001 | 9.663398e-06 | 6.446447e-06 | 5.477642e-06 |    0.0001 |    0.0121 |    0.0019 |    0.5708 |    0.0435 |       0.0073 |       0.0076 |       0.0067 |    0.0669 |    0.0410 |    0.0409 |    0.0410 |    0.0409 |    0.0412 |    6.7886 |    8.3620 |   nan   |   nan   |   nan   |       0.5216 |
|          L2 request rate          |    0.0311 |       0.0450 |       0.0435 |       0.0436 |    0.0448 |    0.0435 |    0.0009 |    0.0909 |    0.0796 |       0.1573 |       0.1595 |       0.1792 |    0.0449 |    0.0447 |    0.0444 |    0.0441 |    0.0445 |    0.0443 |    0.0875 |    0.0358 |   nan   |   nan   |   nan   |       0.1991 |
|            L2 miss rate           |    0.0068 |       0.0099 |       0.0099 |       0.0099 |    0.0099 |    0.0099 |    0.0002 |    0.0237 |    0.0312 |       0.0637 |       0.0650 |       0.0730 |    0.0099 |    0.0099 |    0.0099 |    0.0099 |    0.0099 |    0.0099 |    0.0302 |    0.0108 |   nan   |   nan   |   nan   |       0.0186 |
|           L2 miss ratio           |    0.2200 |       0.2200 |       0.2279 |       0.2273 |    0.2208 |    0.2276 |    0.1903 |    0.2604 |    0.3916 |       0.4051 |       0.4075 |       0.4071 |    0.2216 |    0.2221 |    0.2236 |    0.2255 |    0.2227 |    0.2227 |    0.3447 |    0.3012 |   nan   |   nan   |   nan   |       0.0935 |
|  Memory read bandwidth [MBytes/s] | 2476.5070 |            0 |            0 |            0 |         0 |         0 |         0 |         0 |         0 |            0 |            0 |            0 | 2195.4311 |         0 |         0 |         0 |         0 |         0 |         0 |         0 |       0 |       0 |       0 |            0 |
|  Memory read data volume [GBytes] |   24.7669 |            0 |            0 |            0 |         0 |         0 |         0 |         0 |         0 |            0 |            0 |            0 |   21.9560 |         0 |         0 |         0 |         0 |         0 |         0 |         0 |       0 |       0 |       0 |            0 |
| Memory write bandwidth [MBytes/s] | 1315.9816 |            0 |            0 |            0 |         0 |         0 |         0 |         0 |         0 |            0 |            0 |            0 | 1186.9345 |         0 |         0 |         0 |         0 |         0 |         0 |         0 |       0 |       0 |       0 |            0 |
| Memory write data volume [GBytes] |   13.1608 |            0 |            0 |            0 |         0 |         0 |         0 |         0 |         0 |            0 |            0 |            0 |   11.8702 |         0 |         0 |         0 |         0 |         0 |         0 |         0 |       0 |       0 |       0 |            0 |
|    Memory bandwidth [MBytes/s]    | 3792.4886 |            0 |            0 |            0 |         0 |         0 |         0 |         0 |         0 |            0 |            0 |            0 | 3382.3656 |         0 |         0 |         0 |         0 |         0 |         0 |         0 |       0 |       0 |       0 |            0 |
|    Memory data volume [GBytes]    |   37.9277 |            0 |            0 |            0 |         0 |         0 |         0 |         0 |         0 |            0 |            0 |            0 |   33.8262 |         0 |         0 |         0 |         0 |         0 |         0 |         0 |       0 |       0 |       0 |            0 |
|          Temperature [C]          |        32 |           32 |           33 |           31 |        31 |        32 |        33 |        31 |        30 |           31 |           33 |           33 |        31 |        34 |        32 |        34 |        34 |        32 |        29 |        31 |      28 |      29 |      31 |           28 |
|             Energy [J]            |  299.5551 |            0 |            0 |            0 |         0 |         0 |         0 |         0 |         0 |            0 |            0 |            0 |  309.2673 |         0 |         0 |         0 |         0 |         0 |         0 |         0 |       0 |       0 |       0 |            0 |
|             Power [W]             |   29.9533 |            0 |            0 |            0 |         0 |         0 |         0 |         0 |         0 |            0 |            0 |            0 |   30.9244 |         0 |         0 |         0 |         0 |         0 |         0 |         0 |       0 |       0 |       0 |            0 |
|           Energy PP0 [J]          |         0 |            0 |            0 |            0 |         0 |         0 |         0 |         0 |         0 |            0 |            0 |            0 |         0 |         0 |         0 |         0 |         0 |         0 |         0 |         0 |       0 |       0 |       0 |            0 |
|           Power PP0 [W]           |         0 |            0 |            0 |            0 |         0 |         0 |         0 |         0 |         0 |            0 |            0 |            0 |         0 |         0 |         0 |         0 |         0 |         0 |         0 |         0 |       0 |       0 |       0 |            0 |
|          Energy DRAM [J]          |   74.8049 |            0 |            0 |            0 |         0 |         0 |         0 |         0 |         0 |            0 |            0 |            0 |   76.1773 |         0 |         0 |         0 |         0 |         0 |         0 |         0 |       0 |       0 |       0 |            0 |
|           Power DRAM [W]          |    7.4799 |            0 |            0 |            0 |         0 |         0 |         0 |         0 |         0 |            0 |            0 |            0 |    7.6172 |         0 |         0 |         0 |         0 |         0 |         0 |         0 |       0 |       0 |       0 |            0 |
+-----------------------------------+-----------+--------------+--------------+--------------+-----------+-----------+-----------+-----------+-----------+--------------+--------------+--------------+-----------+-----------+-----------+-----------+-----------+-----------+-----------+-----------+---------+---------+---------+--------------+
+----------------------------------------+-----------+---------+-----------+----------+
|                 Metric                 |    Sum    |   Min   |    Max    |    Avg   |
+----------------------------------------+-----------+---------+-----------+----------+
|        Runtime (RDTSC) [s] STAT        |  240.0192 | 10.0008 |   10.0008 |  10.0008 |
|        Runtime unhalted [s] STAT       |   56.2027 |       0 |    5.1357 |   2.3418 |
|            Clock [MHz] STAT            | 1200.0011 |       0 | 1200.0011 |  50.0000 |
|                CPI STAT                |    2.4262 |       0 |    2.4262 |   0.1011 |
|   Local DRAM data volume [GByte] STAT  |   41.3864 |       0 |    3.6584 |   1.7244 |
|   Local DRAM bandwidth [MByte/s] STAT  | 4138.3198 |       0 |  365.8115 | 172.4300 |
|  Remote DRAM data volume [GByte] STAT  |    0.9533 |       0 |    0.2182 |   0.0397 |
|  Remote DRAM bandwidth [MByte/s] STAT  |   95.3424 |       0 |   21.8167 |   3.9726 |
|     Memory data volume [GByte] STAT    |   42.3398 |       0 |    3.6586 |   1.7642 |
|     Memory bandwidth [MByte/s] STAT    | 4233.6619 |       0 |  365.8331 | 176.4026 |
|          L3 request rate STAT          |    1.3813 |       0 |    1.3813 |   0.0576 |
|            L3 miss rate STAT           |    0.9344 |       0 |    0.9344 |   0.0389 |
|           L3 miss ratio STAT           |    0.5216 |       0 |    0.5216 |   0.0217 |
|          L2 request rate STAT          |    0.1991 |       0 |    0.1991 |   0.0083 |
|            L2 miss rate STAT           |    0.0186 |       0 |    0.0186 |   0.0008 |
|           L2 miss ratio STAT           |    0.0935 |       0 |    0.0935 |   0.0039 |
|  Memory read bandwidth [MBytes/s] STAT | 4671.9381 |       0 | 2476.5070 | 194.6641 |
|  Memory read data volume [GBytes] STAT |   46.7229 |       0 |   24.7669 |   1.9468 |
| Memory write bandwidth [MBytes/s] STAT | 2502.9161 |       0 | 1315.9816 | 104.2882 |
| Memory write data volume [GBytes] STAT |   25.0310 |       0 |   13.1608 |   1.0430 |
|    Memory bandwidth [MBytes/s] STAT    | 7174.8542 |       0 | 3792.4886 | 298.9523 |
|    Memory data volume [GBytes] STAT    |   71.7539 |       0 |   37.9277 |   2.9897 |
|          Temperature [C] STAT          |       755 |      28 |        34 |  31.4583 |
|             Energy [J] STAT            |  608.8224 |       0 |  309.2673 |  25.3676 |
|             Power [W] STAT             |   60.8777 |       0 |   30.9244 |   2.5366 |
|           Energy PP0 [J] STAT          |         0 |       0 |         0 |        0 |
|           Power PP0 [W] STAT           |         0 |       0 |         0 |        0 |
|          Energy DRAM [J] STAT          |  150.9822 |       0 |   76.1773 |   6.2909 |
|           Power DRAM [W] STAT          |   15.0971 |       0 |    7.6172 |   0.6290 |
+----------------------------------------+-----------+---------+-----------+----------+
