--------------------------------------------------------------------------------
CPU name:	Intel(R) Xeon(R) CPU E5-2670 v3 @ 2.30GHz
CPU type:	Intel Xeon Haswell EN/EP/EX processor
CPU clock:	2.30 GHz
--------------------------------------------------------------------------------
Group 1: POWERPERF
+--------------------------------+---------+-------------+-------------+-------------+-------------+-------------+-------------+-------------+-------------+-------------+-------------+-------------+-------------+-------------+-------------+-------------+-------------+-------------+-------------+-------------+-------------+-------------+-------------+-------------+-------------+
|              Event             | Counter |    Core 0   |    Core 1   |    Core 2   |    Core 3   |    Core 4   |    Core 5   |    Core 6   |    Core 7   |    Core 8   |    Core 9   |   Core 10   |   Core 11   |   Core 12   |   Core 13   |   Core 14   |   Core 15   |   Core 16   |   Core 17   |   Core 18   |   Core 19   |   Core 20   |   Core 21   |   Core 22   |   Core 23   |
+--------------------------------+---------+-------------+-------------+-------------+-------------+-------------+-------------+-------------+-------------+-------------+-------------+-------------+-------------+-------------+-------------+-------------+-------------+-------------+-------------+-------------+-------------+-------------+-------------+-------------+-------------+
|        INSTR_RETIRED_ANY       |  FIXC0  | 14115683979 | 14133508517 | 14150197067 | 14176583247 | 14166771153 | 14169172950 | 21207027311 | 21059404417 | 20996258881 | 20979028889 | 20951408991 | 21055240869 | 14162675437 | 14140207167 | 14189462183 | 14145518120 | 14138159137 | 14156783801 | 20988303895 | 21063658941 | 20955991811 | 20982636136 | 20957633982 | 21195395084 |
|      CPU_CLK_UNHALTED_CORE     |  FIXC1  | 11918233608 | 11930085129 | 11928135878 | 11928323366 | 11929333261 | 11930249982 | 11890698447 | 11869132518 | 11876947983 | 11874135727 | 11873572826 | 11872939924 | 11915583926 | 11908531552 | 11929630181 | 11928636845 | 11927945709 | 11930305154 | 11874816665 | 11877019753 | 11881022548 | 11880193783 | 11877601028 | 11876209154 |
|      CPU_CLK_UNHALTED_REF      |  FIXC2  | 22843262544 | 22865976700 | 22862235175 | 22862600944 | 22864534232 | 22866293410 | 22790499946 | 22749158711 | 22764158069 | 22758728528 | 22757661075 | 22756459049 | 22838175887 | 22824663617 | 22865121790 | 22863196989 | 22861873753 | 22866408387 | 22760036492 | 22764283189 | 22771974182 | 22770359812 | 22765426680 | 22762724157 |
|           FIXC1/FIXC0          |   CPI   |           0 |           0 |           0 |           0 |           0 |           0 |           0 |           0 |           0 |           0 |           0 |           0 |           0 |           0 |           0 |           0 |           0 |           0 |           0 |           0 |           0 |           0 |           0 |           0 |
|  OFFCORE_RESPONSE_0_LOCAL_DRAM |   PMC0  |       47290 |       31691 |       76703 |       43194 |       77995 |       60839 |     1429391 |     1610202 |     1584440 |     1468589 |     1306161 |     1922036 |       63151 |       66234 |       32675 |       49452 |       78314 |       95065 |     1819503 |     1421392 |     1609455 |     1767444 |     1895039 |     1489210 |
| OFFCORE_RESPONSE_1_REMOTE_DRAM |   PMC1  |        2359 |         264 |         315 |         159 |          92 |         603 |      337205 |      218206 |      270525 |      217378 |      204233 |      384738 |        3749 |         195 |          29 |          43 |          27 |          23 |      858175 |      408461 |      786631 |      203959 |      381449 |      757859 |
|  MEM_LOAD_UOPS_RETIRED_L3_ALL  |   PMC2  |      335489 |      324968 |      338288 |      346682 |      328431 |      326592 |    30819818 |    41527751 |    46187717 |    49266073 |    55083192 |    47348882 |      324594 |      310342 |      247620 |      328730 |      330126 |      319923 |    37677115 |    41096376 |    45460977 |    48871003 |    52939052 |    36547579 |
|  MEM_LOAD_UOPS_RETIRED_L3_MISS |   PMC3  |        1830 |         714 |         941 |         767 |         764 |        1122 |      567658 |     1041117 |      965225 |      842938 |      939772 |     1739970 |        4015 |        1100 |        1660 |        2473 |        1539 |         933 |     2201672 |     1030819 |     1496832 |      869126 |     1598547 |     1068965 |
|      L2_TRANS_ALL_REQUESTS     |   PMC4  |   152452215 |   152279347 |   152454960 |   152681914 |   154126855 |   154258065 |   314878517 |   351988514 |   364917499 |   377573215 |   396404049 |   377598864 |   152767611 |   152524372 |   153035778 |   152254840 |   153498851 |   153781790 |   339144690 |   363078038 |   376744155 |   386104703 |   396488295 |   350587326 |
|          L2_RQSTS_MISS         |   PMC5  |    37766921 |    37786362 |    37841499 |    37932370 |    37861938 |    37911607 |    79091925 |    86886409 |    91038919 |    94877295 |   101898828 |    91560674 |    37844329 |    37820365 |    37991920 |    37830417 |    37749521 |    37811126 |    82206854 |    86607940 |    90631576 |    94573938 |    99195190 |    82782744 |
|        UOPS_RETIRED_ALL        |   PMC6  | 16717505691 | 16738348769 | 16758006849 | 16789184251 | 16777486129 | 16780509862 | 25873197032 | 25634485238 | 25516378924 | 25488726141 | 25416445382 | 25559937928 | 16773429245 | 16746345044 | 16804559364 | 16752653319 | 16743933854 | 16765946668 | 25535862710 | 25642522597 | 25436519305 | 25488879590 | 25402276501 | 25761171131 |
|            TEMP_CORE           |   TMP0  |          32 |          35 |          32 |          32 |          34 |          35 |          32 |          31 |          33 |          33 |          33 |          31 |          34 |          34 |          35 |          38 |          36 |          36 |          35 |          36 |          38 |          35 |          34 |          35 |
|         PWR_PKG_ENERGY         |   PWR0  |    385.4286 |           0 |           0 |           0 |           0 |           0 |           0 |           0 |           0 |           0 |           0 |           0 |    365.8446 |           0 |           0 |           0 |           0 |           0 |           0 |           0 |           0 |           0 |           0 |           0 |
|         PWR_PP0_ENERGY         |   PWR1  |           0 |           0 |           0 |           0 |           0 |           0 |           0 |           0 |           0 |           0 |           0 |           0 |           0 |           0 |           0 |           0 |           0 |           0 |           0 |           0 |           0 |           0 |           0 |           0 |
|         PWR_DRAM_ENERGY        |   PWR3  |     52.3050 |           0 |           0 |           0 |           0 |           0 |           0 |           0 |           0 |           0 |           0 |           0 |     57.1307 |           0 |           0 |           0 |           0 |           0 |           0 |           0 |           0 |           0 |           0 |           0 |
|          CAS_COUNT_RD          | MBOX0C0 |     8173756 |           0 |           0 |           0 |           0 |           0 |           0 |           0 |           0 |           0 |           0 |           0 |    11361091 |           0 |           0 |           0 |           0 |           0 |           0 |           0 |           0 |           0 |           0 |           0 |
|          CAS_COUNT_WR          | MBOX0C1 |     1885679 |           0 |           0 |           0 |           0 |           0 |           0 |           0 |           0 |           0 |           0 |           0 |     2691671 |           0 |           0 |           0 |           0 |           0 |           0 |           0 |           0 |           0 |           0 |           0 |
|          CAS_COUNT_RD          | MBOX1C0 |     8971022 |           0 |           0 |           0 |           0 |           0 |           0 |           0 |           0 |           0 |           0 |           0 |    10785131 |           0 |           0 |           0 |           0 |           0 |           0 |           0 |           0 |           0 |           0 |           0 |
|          CAS_COUNT_WR          | MBOX1C1 |     2589020 |           0 |           0 |           0 |           0 |           0 |           0 |           0 |           0 |           0 |           0 |           0 |     2165937 |           0 |           0 |           0 |           0 |           0 |           0 |           0 |           0 |           0 |           0 |           0 |
|          CAS_COUNT_RD          | MBOX2C0 |           0 |           0 |           0 |           0 |           0 |           0 |           0 |           0 |           0 |           0 |           0 |           0 |           0 |           0 |           0 |           0 |           0 |           0 |           0 |           0 |           0 |           0 |           0 |           0 |
|          CAS_COUNT_WR          | MBOX2C1 |           0 |           0 |           0 |           0 |           0 |           0 |           0 |           0 |           0 |           0 |           0 |           0 |           0 |           0 |           0 |           0 |           0 |           0 |           0 |           0 |           0 |           0 |           0 |           0 |
|          CAS_COUNT_RD          | MBOX3C0 |           0 |           0 |           0 |           0 |           0 |           0 |           0 |           0 |           0 |           0 |           0 |           0 |           0 |           0 |           0 |           0 |           0 |           0 |           0 |           0 |           0 |           0 |           0 |           0 |
|          CAS_COUNT_WR          | MBOX3C1 |           0 |           0 |           0 |           0 |           0 |           0 |           0 |           0 |           0 |           0 |           0 |           0 |           0 |           0 |           0 |           0 |           0 |           0 |           0 |           0 |           0 |           0 |           0 |           0 |
|          CAS_COUNT_RD          | MBOX4C0 |     8240557 |           0 |           0 |           0 |           0 |           0 |           0 |           0 |           0 |           0 |           0 |           0 |    11376036 |           0 |           0 |           0 |           0 |           0 |           0 |           0 |           0 |           0 |           0 |           0 |
|          CAS_COUNT_WR          | MBOX4C1 |     1887165 |           0 |           0 |           0 |           0 |           0 |           0 |           0 |           0 |           0 |           0 |           0 |     2698726 |           0 |           0 |           0 |           0 |           0 |           0 |           0 |           0 |           0 |           0 |           0 |
|          CAS_COUNT_RD          | MBOX5C0 |     8802654 |           0 |           0 |           0 |           0 |           0 |           0 |           0 |           0 |           0 |           0 |           0 |    10781545 |           0 |           0 |           0 |           0 |           0 |           0 |           0 |           0 |           0 |           0 |           0 |
|          CAS_COUNT_WR          | MBOX5C1 |     2422745 |           0 |           0 |           0 |           0 |           0 |           0 |           0 |           0 |           0 |           0 |           0 |     2159874 |           0 |           0 |           0 |           0 |           0 |           0 |           0 |           0 |           0 |           0 |           0 |
|          CAS_COUNT_RD          | MBOX6C0 |           0 |           0 |           0 |           0 |           0 |           0 |           0 |           0 |           0 |           0 |           0 |           0 |           0 |           0 |           0 |           0 |           0 |           0 |           0 |           0 |           0 |           0 |           0 |           0 |
|          CAS_COUNT_WR          | MBOX6C1 |           0 |           0 |           0 |           0 |           0 |           0 |           0 |           0 |           0 |           0 |           0 |           0 |           0 |           0 |           0 |           0 |           0 |           0 |           0 |           0 |           0 |           0 |           0 |           0 |
|          CAS_COUNT_RD          | MBOX7C0 |           0 |           0 |           0 |           0 |           0 |           0 |           0 |           0 |           0 |           0 |           0 |           0 |           0 |           0 |           0 |           0 |           0 |           0 |           0 |           0 |           0 |           0 |           0 |           0 |
|          CAS_COUNT_WR          | MBOX7C1 |           0 |           0 |           0 |           0 |           0 |           0 |           0 |           0 |           0 |           0 |           0 |           0 |           0 |           0 |           0 |           0 |           0 |           0 |           0 |           0 |           0 |           0 |           0 |           0 |
+--------------------------------+---------+-------------+-------------+-------------+-------------+-------------+-------------+-------------+-------------+-------------+-------------+-------------+-------------+-------------+-------------+-------------+-------------+-------------+-------------+-------------+-------------+-------------+-------------+-------------+-------------+
+-------------------------------------+---------+--------------+-------------+-------------+--------------+
|                Event                | Counter |      Sum     |     Min     |     Max     |      Avg     |
+-------------------------------------+---------+--------------+-------------+-------------+--------------+
|        INSTR_RETIRED_ANY STAT       |  FIXC0  | 422236711965 | 14115683979 | 21207027311 | 1.759320e+10 |
|      CPU_CLK_UNHALTED_CORE STAT     |  FIXC1  | 285629284947 | 11869132518 | 11930305154 | 1.190122e+10 |
|      CPU_CLK_UNHALTED_REF STAT      |  FIXC2  | 547455813318 | 22749158711 | 22866408387 | 2.281066e+10 |
|           FIXC1/FIXC0 STAT          |   CPI   |            0 |           0 |           0 |            0 |
|  OFFCORE_RESPONSE_0_LOCAL_DRAM STAT |   PMC0  |     20045465 |       31691 |     1922036 |  835227.7083 |
| OFFCORE_RESPONSE_1_REMOTE_DRAM STAT |   PMC1  |      5036677 |          23 |      858175 |  209861.5417 |
|  MEM_LOAD_UOPS_RETIRED_L3_ALL STAT  |   PMC2  |    536687320 |      247620 |    55083192 | 2.236197e+07 |
|  MEM_LOAD_UOPS_RETIRED_L3_MISS STAT |   PMC3  |     14380499 |         714 |     2201672 |  599187.4583 |
|      L2_TRANS_ALL_REQUESTS STAT     |   PMC4  |   6231624463 |   152254840 |   396488295 | 2.596510e+08 |
|          L2_RQSTS_MISS STAT         |   PMC5  |   1535500667 |    37749521 |   101898828 | 6.397919e+07 |
|        UOPS_RETIRED_ALL STAT        |   PMC6  | 507904311524 | 16717505691 | 25873197032 | 2.116268e+10 |
|            TEMP_CORE STAT           |   TMP0  |          819 |          31 |          38 |      34.1250 |
|         PWR_PKG_ENERGY STAT         |   PWR0  |     751.2732 |           0 |    385.4286 |      31.3031 |
|         PWR_PP0_ENERGY STAT         |   PWR1  |            0 |           0 |           0 |            0 |
|         PWR_DRAM_ENERGY STAT        |   PWR3  |     109.4357 |           0 |     57.1307 |       4.5598 |
|          CAS_COUNT_RD STAT          | MBOX0C0 |     19534847 |           0 |    11361091 |  813951.9583 |
|          CAS_COUNT_WR STAT          | MBOX0C1 |      4577350 |           0 |     2691671 |  190722.9167 |
|          CAS_COUNT_RD STAT          | MBOX1C0 |     19756153 |           0 |    10785131 |  823173.0417 |
|          CAS_COUNT_WR STAT          | MBOX1C1 |      4754957 |           0 |     2589020 |  198123.2083 |
|          CAS_COUNT_RD STAT          | MBOX2C0 |            0 |           0 |           0 |            0 |
|          CAS_COUNT_WR STAT          | MBOX2C1 |            0 |           0 |           0 |            0 |
|          CAS_COUNT_RD STAT          | MBOX3C0 |            0 |           0 |           0 |            0 |
|          CAS_COUNT_WR STAT          | MBOX3C1 |            0 |           0 |           0 |            0 |
|          CAS_COUNT_RD STAT          | MBOX4C0 |     19616593 |           0 |    11376036 |  817358.0417 |
|          CAS_COUNT_WR STAT          | MBOX4C1 |      4585891 |           0 |     2698726 |  191078.7917 |
|          CAS_COUNT_RD STAT          | MBOX5C0 |     19584199 |           0 |    10781545 |  816008.2917 |
|          CAS_COUNT_WR STAT          | MBOX5C1 |      4582619 |           0 |     2422745 |  190942.4583 |
|          CAS_COUNT_RD STAT          | MBOX6C0 |            0 |           0 |           0 |            0 |
|          CAS_COUNT_WR STAT          | MBOX6C1 |            0 |           0 |           0 |            0 |
|          CAS_COUNT_RD STAT          | MBOX7C0 |            0 |           0 |           0 |            0 |
|          CAS_COUNT_WR STAT          | MBOX7C1 |            0 |           0 |           0 |            0 |
+-------------------------------------+---------+--------------+-------------+-------------+--------------+
+-----------------------------------+-----------+--------------+--------------+--------------+--------------+--------------+-----------+-----------+-----------+-----------+-----------+-----------+-----------+--------------+--------------+--------------+--------------+--------------+-----------+-----------+-----------+-----------+-----------+-----------+
|               Metric              |   Core 0  |    Core 1    |    Core 2    |    Core 3    |    Core 4    |    Core 5    |   Core 6  |   Core 7  |   Core 8  |   Core 9  |  Core 10  |  Core 11  |  Core 12  |    Core 13   |    Core 14   |    Core 15   |    Core 16   |    Core 17   |  Core 18  |  Core 19  |  Core 20  |  Core 21  |  Core 22  |  Core 23  |
+-----------------------------------+-----------+--------------+--------------+--------------+--------------+--------------+-----------+-----------+-----------+-----------+-----------+-----------+-----------+--------------+--------------+--------------+--------------+--------------+-----------+-----------+-----------+-----------+-----------+-----------+
|        Runtime (RDTSC) [s]        |   10.0007 |      10.0007 |      10.0007 |      10.0007 |      10.0007 |      10.0007 |   10.0007 |   10.0007 |   10.0007 |   10.0007 |   10.0007 |   10.0007 |   10.0007 |      10.0007 |      10.0007 |      10.0007 |      10.0007 |      10.0007 |   10.0007 |   10.0007 |   10.0007 |   10.0007 |   10.0007 |   10.0007 |
|        Runtime unhalted [s]       |    5.1818 |       5.1870 |       5.1861 |       5.1862 |       5.1866 |       5.1870 |    5.1698 |    5.1605 |    5.1639 |    5.1626 |    5.1624 |    5.1621 |    5.1807 |       5.1776 |       5.1868 |       5.1863 |       5.1860 |       5.1871 |    5.1629 |    5.1639 |    5.1656 |    5.1653 |    5.1642 |    5.1635 |
|            Clock [MHz]            | 1200.0058 |    1200.0058 |    1200.0061 |    1200.0058 |    1200.0059 |    1200.0058 | 1200.0051 | 1200.0054 | 1200.0044 | 1200.0065 | 1200.0059 | 1200.0053 | 1200.0062 |    1200.0059 |    1200.0049 |    1200.0060 |    1200.0060 |    1200.0053 | 1200.0063 | 1200.0050 | 1200.0040 | 1200.0054 | 1200.0035 | 1200.0053 |
|                CPI                |    0.8443 |       0.8441 |       0.8430 |       0.8414 |       0.8421 |       0.8420 |    0.5607 |    0.5636 |    0.5657 |    0.5660 |    0.5667 |    0.5639 |    0.8413 |       0.8422 |       0.8407 |       0.8433 |       0.8437 |       0.8427 |    0.5658 |    0.5639 |    0.5670 |    0.5662 |    0.5667 |    0.5603 |
|   Local DRAM data volume [GByte]  |    0.0030 |       0.0020 |       0.0049 |       0.0028 |       0.0050 |       0.0039 |    0.0915 |    0.1031 |    0.1014 |    0.0940 |    0.0836 |    0.1230 |    0.0040 |       0.0042 |       0.0021 |       0.0032 |       0.0050 |       0.0061 |    0.1164 |    0.0910 |    0.1030 |    0.1131 |    0.1213 |    0.0953 |
|   Local DRAM bandwidth [MByte/s]  |    0.3026 |       0.2028 |       0.4909 |       0.2764 |       0.4991 |       0.3893 |    9.1475 |   10.3046 |   10.1397 |    9.3983 |    8.3589 |   12.3002 |    0.4041 |       0.4239 |       0.2091 |       0.3165 |       0.5012 |       0.6084 |   11.6440 |    9.0963 |   10.2998 |   11.3109 |   12.1274 |    9.5303 |
|  Remote DRAM data volume [GByte]  |    0.0002 | 1.689600e-05 | 2.016000e-05 | 1.017600e-05 | 5.888000e-06 | 3.859200e-05 |    0.0216 |    0.0140 |    0.0173 |    0.0139 |    0.0131 |    0.0246 |    0.0002 | 1.248000e-05 | 1.856000e-06 | 2.752000e-06 | 1.728000e-06 | 1.472000e-06 |    0.0549 |    0.0261 |    0.0503 |    0.0131 |    0.0244 |    0.0485 |
|  Remote DRAM bandwidth [MByte/s]  |    0.0151 |       0.0017 |       0.0020 |       0.0010 |       0.0006 |       0.0039 |    2.1580 |    1.3964 |    1.7312 |    1.3911 |    1.3070 |    2.4622 |    0.0240 |       0.0012 |       0.0002 |       0.0003 |       0.0002 |       0.0001 |    5.4919 |    2.6140 |    5.0341 |    1.3052 |    2.4411 |    4.8500 |
|     Memory data volume [GByte]    |    0.0032 |       0.0020 |       0.0049 |       0.0028 |       0.0050 |       0.0039 |    0.1131 |    0.1170 |    0.1187 |    0.1079 |    0.0967 |    0.1476 |    0.0043 |       0.0043 |       0.0021 |       0.0032 |       0.0050 |       0.0061 |    0.1714 |    0.1171 |    0.1533 |    0.1262 |    0.1457 |    0.1438 |
|     Memory bandwidth [MByte/s]    |    0.3177 |       0.2045 |       0.4929 |       0.2774 |       0.4997 |       0.3932 |   11.3054 |   11.7010 |   11.8710 |   10.7894 |    9.6659 |   14.7623 |    0.4281 |       0.4251 |       0.2093 |       0.3167 |       0.5013 |       0.6085 |   17.1360 |   11.7103 |   15.3339 |   12.6161 |   14.5685 |   14.3803 |
|          L3 request rate          |  183.3273 |     455.1373 |     359.4984 |     451.9974 |     429.8835 |     291.0802 |   54.2929 |   39.8877 |   47.8518 |   58.4457 |   58.6134 |   27.2125 |   80.8453 |     282.1291 |     149.1687 |     132.9276 |     214.5068 |     342.8971 |   17.1130 |   39.8677 |   30.3715 |   56.2301 |   33.1170 |   34.1897 |
|            L3 miss rate           |    0.0070 |       0.0008 |       0.0009 |       0.0005 |       0.0003 |       0.0018 |    0.0109 |    0.0053 |    0.0059 |    0.0044 |    0.0037 |    0.0081 |    0.0115 |       0.0006 |       0.0001 |       0.0001 |       0.0001 |       0.0001 |    0.0228 |    0.0099 |    0.0173 |    0.0042 |    0.0072 |    0.0207 |
|           L3 miss ratio           |    0.0499 |       0.0083 |       0.0041 |       0.0037 |       0.0012 |       0.0099 |    0.2359 |    0.1355 |    0.1707 |    0.1480 |    0.1564 |    0.2002 |    0.0594 |       0.0029 |       0.0009 |       0.0009 |       0.0003 |       0.0002 |    0.4717 |    0.2874 |    0.4888 |    0.1154 |    0.2013 |    0.5089 |
|          L2 request rate          |    0.0108 |       0.0108 |       0.0108 |       0.0108 |       0.0109 |       0.0109 |    0.0148 |    0.0167 |    0.0174 |    0.0180 |    0.0189 |    0.0179 |    0.0108 |       0.0108 |       0.0108 |       0.0108 |       0.0109 |       0.0109 |    0.0162 |    0.0172 |    0.0180 |    0.0184 |    0.0189 |    0.0165 |
|            L2 miss rate           |    0.0027 |       0.0027 |       0.0027 |       0.0027 |       0.0027 |       0.0027 |    0.0037 |    0.0041 |    0.0043 |    0.0045 |    0.0049 |    0.0043 |    0.0027 |       0.0027 |       0.0027 |       0.0027 |       0.0027 |       0.0027 |    0.0039 |    0.0041 |    0.0043 |    0.0045 |    0.0047 |    0.0039 |
|           L2 miss ratio           |    0.2477 |       0.2481 |       0.2482 |       0.2484 |       0.2457 |       0.2458 |    0.2512 |    0.2468 |    0.2495 |    0.2513 |    0.2571 |    0.2425 |    0.2477 |       0.2480 |       0.2483 |       0.2485 |       0.2459 |       0.2459 |    0.2424 |    0.2385 |    0.2406 |    0.2449 |    0.2502 |    0.2361 |
|  Memory read bandwidth [MBytes/s] |  218.7881 |            0 |            0 |            0 |            0 |            0 |         0 |         0 |         0 |         0 |         0 |         0 |  283.5248 |            0 |            0 |            0 |            0 |            0 |         0 |         0 |         0 |         0 |         0 |         0 |
|  Memory read data volume [GBytes] |    2.1880 |            0 |            0 |            0 |            0 |            0 |         0 |         0 |         0 |         0 |         0 |         0 |    2.8354 |            0 |            0 |            0 |            0 |            0 |         0 |         0 |         0 |         0 |         0 |         0 |
| Memory write bandwidth [MBytes/s] |   56.2176 |            0 |            0 |            0 |            0 |            0 |         0 |         0 |         0 |         0 |         0 |         0 |   62.1794 |            0 |            0 |            0 |            0 |            0 |         0 |         0 |         0 |         0 |         0 |         0 |
| Memory write data volume [GBytes] |    0.5622 |            0 |            0 |            0 |            0 |            0 |         0 |         0 |         0 |         0 |         0 |         0 |    0.6218 |            0 |            0 |            0 |            0 |            0 |         0 |         0 |         0 |         0 |         0 |         0 |
|    Memory bandwidth [MBytes/s]    |  275.0057 |            0 |            0 |            0 |            0 |            0 |         0 |         0 |         0 |         0 |         0 |         0 |  345.7043 |            0 |            0 |            0 |            0 |            0 |         0 |         0 |         0 |         0 |         0 |         0 |
|    Memory data volume [GBytes]    |    2.7502 |            0 |            0 |            0 |            0 |            0 |         0 |         0 |         0 |         0 |         0 |         0 |    3.4573 |            0 |            0 |            0 |            0 |            0 |         0 |         0 |         0 |         0 |         0 |         0 |
|          Temperature [C]          |        32 |           35 |           32 |           32 |           34 |           35 |        32 |        31 |        33 |        33 |        33 |        31 |        34 |           34 |           35 |           38 |           36 |           36 |        35 |        36 |        38 |        35 |        34 |        35 |
|             Energy [J]            |  385.4286 |            0 |            0 |            0 |            0 |            0 |         0 |         0 |         0 |         0 |         0 |         0 |  365.8446 |            0 |            0 |            0 |            0 |            0 |         0 |         0 |         0 |         0 |         0 |         0 |
|             Power [W]             |   38.5402 |            0 |            0 |            0 |            0 |            0 |         0 |         0 |         0 |         0 |         0 |         0 |   36.5819 |            0 |            0 |            0 |            0 |            0 |         0 |         0 |         0 |         0 |         0 |         0 |
|           Energy PP0 [J]          |         0 |            0 |            0 |            0 |            0 |            0 |         0 |         0 |         0 |         0 |         0 |         0 |         0 |            0 |            0 |            0 |            0 |            0 |         0 |         0 |         0 |         0 |         0 |         0 |
|           Power PP0 [W]           |         0 |            0 |            0 |            0 |            0 |            0 |         0 |         0 |         0 |         0 |         0 |         0 |         0 |            0 |            0 |            0 |            0 |            0 |         0 |         0 |         0 |         0 |         0 |         0 |
|          Energy DRAM [J]          |   52.3050 |            0 |            0 |            0 |            0 |            0 |         0 |         0 |         0 |         0 |         0 |         0 |   57.1307 |            0 |            0 |            0 |            0 |            0 |         0 |         0 |         0 |         0 |         0 |         0 |
|           Power DRAM [W]          |    5.2301 |            0 |            0 |            0 |            0 |            0 |         0 |         0 |         0 |         0 |         0 |         0 |    5.7127 |            0 |            0 |            0 |            0 |            0 |         0 |         0 |         0 |         0 |         0 |         0 |
+-----------------------------------+-----------+--------------+--------------+--------------+--------------+--------------+-----------+-----------+-----------+-----------+-----------+-----------+-----------+--------------+--------------+--------------+--------------+--------------+-----------+-----------+-----------+-----------+-----------+-----------+
+----------------------------------------+------------+--------------+-----------+-----------+
|                 Metric                 |     Sum    |      Min     |    Max    |    Avg    |
+----------------------------------------+------------+--------------+-----------+-----------+
|        Runtime (RDTSC) [s] STAT        |   240.0168 |      10.0007 |   10.0007 |   10.0007 |
|        Runtime unhalted [s] STAT       |   124.1859 |       5.1605 |    5.1871 |    5.1744 |
|            Clock [MHz] STAT            | 28800.1316 |    1200.0035 | 1200.0065 | 1200.0055 |
|                CPI STAT                |    16.8873 |       0.5603 |    0.8443 |    0.7036 |
|   Local DRAM data volume [GByte] STAT  |     1.2829 |       0.0020 |    0.1230 |    0.0535 |
|   Local DRAM bandwidth [MByte/s] STAT  |   128.2822 |       0.2028 |   12.3002 |    5.3451 |
|  Remote DRAM data volume [GByte] STAT  |     0.3223 | 1.472000e-06 |    0.0549 |    0.0134 |
|  Remote DRAM bandwidth [MByte/s] STAT  |    32.2325 |       0.0001 |    5.4919 |    1.3430 |
|     Memory data volume [GByte] STAT    |     1.6053 |       0.0020 |    0.1714 |    0.0669 |
|     Memory bandwidth [MByte/s] STAT    |   160.5145 |       0.2045 |   17.1360 |    6.6881 |
|          L3 request rate STAT          |  3870.5917 |      17.1130 |  455.1373 |  161.2747 |
|            L3 miss rate STAT           |     0.1442 |       0.0001 |    0.0228 |    0.0060 |
|           L3 miss ratio STAT           |     3.2619 |       0.0002 |    0.5089 |    0.1359 |
|          L2 request rate STAT          |     0.3389 |       0.0108 |    0.0189 |    0.0141 |
|            L2 miss rate STAT           |     0.0836 |       0.0027 |    0.0049 |    0.0035 |
|           L2 miss ratio STAT           |     5.9193 |       0.2361 |    0.2571 |    0.2466 |
|  Memory read bandwidth [MBytes/s] STAT |   502.3129 |            0 |  283.5248 |   20.9297 |
|  Memory read data volume [GBytes] STAT |     5.0234 |            0 |    2.8354 |    0.2093 |
| Memory write bandwidth [MBytes/s] STAT |   118.3970 |            0 |   62.1794 |    4.9332 |
| Memory write data volume [GBytes] STAT |     1.1840 |            0 |    0.6218 |    0.0493 |
|    Memory bandwidth [MBytes/s] STAT    |   620.7100 |            0 |  345.7043 |   25.8629 |
|    Memory data volume [GBytes] STAT    |     6.2075 |            0 |    3.4573 |    0.2586 |
|          Temperature [C] STAT          |        819 |           31 |        38 |   34.1250 |
|             Energy [J] STAT            |   751.2732 |            0 |  385.4286 |   31.3031 |
|             Power [W] STAT             |    75.1221 |            0 |   38.5402 |    3.1301 |
|           Energy PP0 [J] STAT          |          0 |            0 |         0 |         0 |
|           Power PP0 [W] STAT           |          0 |            0 |         0 |         0 |
|          Energy DRAM [J] STAT          |   109.4357 |            0 |   57.1307 |    4.5598 |
|           Power DRAM [W] STAT          |    10.9428 |            0 |    5.7127 |    0.4560 |
+----------------------------------------+------------+--------------+-----------+-----------+
