--------------------------------------------------------------------------------
CPU name:	Intel(R) Xeon(R) CPU E5-2670 v3 @ 2.30GHz
CPU type:	Intel Xeon Haswell EN/EP/EX processor
CPU clock:	2.30 GHz
--------------------------------------------------------------------------------
Group 1: POWERPERF
+--------------------------------+---------+-------------+-------------+-------------+-------------+-------------+-------------+-------------+-------------+-------------+-------------+-------------+-------------+-------------+-------------+-------------+-------------+-------------+-------------+-------------+-------------+-------------+-------------+-------------+-------------+
|              Event             | Counter |    Core 0   |    Core 1   |    Core 2   |    Core 3   |    Core 4   |    Core 5   |    Core 6   |    Core 7   |    Core 8   |    Core 9   |   Core 10   |   Core 11   |   Core 12   |   Core 13   |   Core 14   |   Core 15   |   Core 16   |   Core 17   |   Core 18   |   Core 19   |   Core 20   |   Core 21   |   Core 22   |   Core 23   |
+--------------------------------+---------+-------------+-------------+-------------+-------------+-------------+-------------+-------------+-------------+-------------+-------------+-------------+-------------+-------------+-------------+-------------+-------------+-------------+-------------+-------------+-------------+-------------+-------------+-------------+-------------+
|        INSTR_RETIRED_ANY       |  FIXC0  | 27633651795 | 27572807244 | 27572611683 | 27572260938 | 20680496486 | 20681294968 | 25955964773 | 25983592902 | 25968053374 | 25967251211 | 25731973891 | 25723979973 | 20687457840 | 20689582734 | 20690030231 | 20674342835 | 20690561864 | 20692821695 | 25722786527 | 25722599433 | 25657648169 | 25625684910 | 25619091338 | 25618825950 |
|      CPU_CLK_UNHALTED_CORE     |  FIXC1  | 11838792520 | 11812840489 | 11817629573 | 11821360789 |  8895433516 |  8922449730 | 11847713493 | 11822406953 | 11826108512 | 11828454060 | 11734936507 | 11746363088 |  8944169114 |  8975500478 |  8957642823 |  8948135282 |  8961478049 |  8954253451 | 11705028754 | 11700906047 | 11698914037 | 11683660805 | 11713167779 | 11683736418 |
|      CPU_CLK_UNHALTED_REF      |  FIXC2  | 22691012572 | 22641280730 | 22650448944 | 22657612731 | 17049579265 | 17101361304 | 22708119190 | 22659611661 | 22666701066 | 22671208123 | 22491967329 | 22513860132 | 17142988176 | 17203039819 | 17168811541 | 17150594230 | 17176166297 | 17162321286 | 22434639254 | 22426734177 | 22422914820 | 22393683913 | 22450234358 | 22393827341 |
|           FIXC1/FIXC0          |   CPI   |           0 |           0 |           0 |           0 |           0 |           0 |           0 |           0 |           0 |           0 |           0 |           0 |           0 |           0 |           0 |           0 |           0 |           0 |           0 |           0 |           0 |           0 |           0 |           0 |
|  OFFCORE_RESPONSE_0_LOCAL_DRAM |   PMC0  |    72459089 |    72639187 |    72668066 |    72638805 |    54218025 |    47661252 |   396243229 |   396631776 |   394140079 |   394589427 |   391114440 |   388163011 |    41686558 |    42439014 |    43033843 |    44089272 |    43872518 |    43676835 |   389981677 |   392772049 |   389007088 |   389150244 |   388995983 |   387891758 |
| OFFCORE_RESPONSE_1_REMOTE_DRAM |   PMC1  |      528159 |        3546 |        4007 |        4270 |        2608 |     6558303 |     8252594 |      184147 |      123139 |      122111 |      141827 |     2577655 |    12535835 |    11698811 |    11187511 |    10010972 |    10265016 |    10620439 |     2555621 |      149995 |      122845 |      122958 |      137424 |      554724 |
|  MEM_LOAD_UOPS_RETIRED_L3_ALL  |   PMC2  |    13632147 |    13644316 |    13642693 |    13731699 |    11139730 |    10837731 |    12508512 |    13296979 |    13606399 |    13552248 |    13580684 |    13456103 |    10328551 |    11139155 |    10618086 |    10715576 |    11103459 |    10848176 |    13212771 |    13198729 |    13362243 |    13331213 |    13600347 |    13310367 |
|  MEM_LOAD_UOPS_RETIRED_L3_MISS |   PMC3  |     7471369 |     7477333 |     7484105 |     7522666 |     6032883 |     5896297 |     6732020 |     6649934 |     6694419 |     6691065 |     6612584 |     6610392 |     5605791 |     5997665 |     5766208 |     5798441 |     5994742 |     5892507 |     6840695 |     6813577 |     6732504 |     6791319 |     6764805 |     6714466 |
|      L2_TRANS_ALL_REQUESTS     |   PMC4  |   681560956 |   679339907 |   680367006 |   680566689 |   501088553 |   504695868 |  3618392666 |  3545451250 |  3542776750 |  3542053748 |  3548260492 |  3510867670 |   508211589 |   496718741 |   505589366 |   505226120 |   503542942 |   506182184 |  3508253294 |  3512619625 |  3496312435 |  3493519352 |  3527110938 |  3484582295 |
|          L2_RQSTS_MISS         |   PMC5  |   145520835 |   145243499 |   145333022 |   145319968 |   108844693 |   108796528 |   559001456 |   547858123 |   549736502 |   549602698 |   548981061 |   545076828 |   108895680 |   108875516 |   108977001 |   108889749 |   108888107 |   108875361 |   541523420 |   541619981 |   542414243 |   540355691 |   545227548 |   540292817 |
|        UOPS_RETIRED_ALL        |   PMC6  | 39515322762 | 39428863158 | 39428409456 | 39427971358 | 29573160529 | 29574108637 | 32774250330 | 32814949612 | 32791071083 | 32795896728 | 32508231796 | 32495213973 | 29584055269 | 29586935706 | 29588146498 | 29565498688 | 29588809481 | 29592018814 | 32505272881 | 32504485772 | 32423928772 | 32384078573 | 32375347289 | 32375531183 |
|            TEMP_CORE           |   TMP0  |          32 |          31 |          32 |          31 |          31 |          32 |          32 |          31 |          32 |          32 |          33 |          34 |          29 |          33 |          32 |          34 |          36 |          33 |          31 |          33 |          31 |          32 |          34 |          29 |
|         PWR_PKG_ENERGY         |   PWR0  |    532.1448 |           0 |           0 |           0 |           0 |           0 |           0 |           0 |           0 |           0 |           0 |           0 |    533.6934 |           0 |           0 |           0 |           0 |           0 |           0 |           0 |           0 |           0 |           0 |           0 |
|         PWR_PP0_ENERGY         |   PWR1  |           0 |           0 |           0 |           0 |           0 |           0 |           0 |           0 |           0 |           0 |           0 |           0 |           0 |           0 |           0 |           0 |           0 |           0 |           0 |           0 |           0 |           0 |           0 |           0 |
|         PWR_DRAM_ENERGY        |   PWR3  |    152.9017 |           0 |           0 |           0 |           0 |           0 |           0 |           0 |           0 |           0 |           0 |           0 |    152.0132 |           0 |           0 |           0 |           0 |           0 |           0 |           0 |           0 |           0 |           0 |           0 |
|          CAS_COUNT_RD          | MBOX0C0 |   817851330 |           0 |           0 |           0 |           0 |           0 |           0 |           0 |           0 |           0 |           0 |           0 |   760519323 |           0 |           0 |           0 |           0 |           0 |           0 |           0 |           0 |           0 |           0 |           0 |
|          CAS_COUNT_WR          | MBOX0C1 |   333222923 |           0 |           0 |           0 |           0 |           0 |           0 |           0 |           0 |           0 |           0 |           0 |   287137401 |           0 |           0 |           0 |           0 |           0 |           0 |           0 |           0 |           0 |           0 |           0 |
|          CAS_COUNT_RD          | MBOX1C0 |   818080060 |           0 |           0 |           0 |           0 |           0 |           0 |           0 |           0 |           0 |           0 |           0 |   761724456 |           0 |           0 |           0 |           0 |           0 |           0 |           0 |           0 |           0 |           0 |           0 |
|          CAS_COUNT_WR          | MBOX1C1 |   332868935 |           0 |           0 |           0 |           0 |           0 |           0 |           0 |           0 |           0 |           0 |           0 |   287664649 |           0 |           0 |           0 |           0 |           0 |           0 |           0 |           0 |           0 |           0 |           0 |
|          CAS_COUNT_RD          | MBOX2C0 |           0 |           0 |           0 |           0 |           0 |           0 |           0 |           0 |           0 |           0 |           0 |           0 |           0 |           0 |           0 |           0 |           0 |           0 |           0 |           0 |           0 |           0 |           0 |           0 |
|          CAS_COUNT_WR          | MBOX2C1 |           0 |           0 |           0 |           0 |           0 |           0 |           0 |           0 |           0 |           0 |           0 |           0 |           0 |           0 |           0 |           0 |           0 |           0 |           0 |           0 |           0 |           0 |           0 |           0 |
|          CAS_COUNT_RD          | MBOX3C0 |           0 |           0 |           0 |           0 |           0 |           0 |           0 |           0 |           0 |           0 |           0 |           0 |           0 |           0 |           0 |           0 |           0 |           0 |           0 |           0 |           0 |           0 |           0 |           0 |
|          CAS_COUNT_WR          | MBOX3C1 |           0 |           0 |           0 |           0 |           0 |           0 |           0 |           0 |           0 |           0 |           0 |           0 |           0 |           0 |           0 |           0 |           0 |           0 |           0 |           0 |           0 |           0 |           0 |           0 |
|          CAS_COUNT_RD          | MBOX4C0 |   818370958 |           0 |           0 |           0 |           0 |           0 |           0 |           0 |           0 |           0 |           0 |           0 |   761011628 |           0 |           0 |           0 |           0 |           0 |           0 |           0 |           0 |           0 |           0 |           0 |
|          CAS_COUNT_WR          | MBOX4C1 |   333451861 |           0 |           0 |           0 |           0 |           0 |           0 |           0 |           0 |           0 |           0 |           0 |   287648179 |           0 |           0 |           0 |           0 |           0 |           0 |           0 |           0 |           0 |           0 |           0 |
|          CAS_COUNT_RD          | MBOX5C0 |   817382375 |           0 |           0 |           0 |           0 |           0 |           0 |           0 |           0 |           0 |           0 |           0 |   760748261 |           0 |           0 |           0 |           0 |           0 |           0 |           0 |           0 |           0 |           0 |           0 |
|          CAS_COUNT_WR          | MBOX5C1 |   332692249 |           0 |           0 |           0 |           0 |           0 |           0 |           0 |           0 |           0 |           0 |           0 |   287610304 |           0 |           0 |           0 |           0 |           0 |           0 |           0 |           0 |           0 |           0 |           0 |
|          CAS_COUNT_RD          | MBOX6C0 |           0 |           0 |           0 |           0 |           0 |           0 |           0 |           0 |           0 |           0 |           0 |           0 |           0 |           0 |           0 |           0 |           0 |           0 |           0 |           0 |           0 |           0 |           0 |           0 |
|          CAS_COUNT_WR          | MBOX6C1 |           0 |           0 |           0 |           0 |           0 |           0 |           0 |           0 |           0 |           0 |           0 |           0 |           0 |           0 |           0 |           0 |           0 |           0 |           0 |           0 |           0 |           0 |           0 |           0 |
|          CAS_COUNT_RD          | MBOX7C0 |           0 |           0 |           0 |           0 |           0 |           0 |           0 |           0 |           0 |           0 |           0 |           0 |           0 |           0 |           0 |           0 |           0 |           0 |           0 |           0 |           0 |           0 |           0 |           0 |
|          CAS_COUNT_WR          | MBOX7C1 |           0 |           0 |           0 |           0 |           0 |           0 |           0 |           0 |           0 |           0 |           0 |           0 |           0 |           0 |           0 |           0 |           0 |           0 |           0 |           0 |           0 |           0 |           0 |           0 |
+--------------------------------+---------+-------------+-------------+-------------+-------------+-------------+-------------+-------------+-------------+-------------+-------------+-------------+-------------+-------------+-------------+-------------+-------------+-------------+-------------+-------------+-------------+-------------+-------------+-------------+-------------+
+-------------------------------------+---------+--------------+-------------+-------------+--------------+
|                Event                | Counter |      Sum     |     Min     |     Max     |      Avg     |
+-------------------------------------+---------+--------------+-------------+-------------+--------------+
|        INSTR_RETIRED_ANY STAT       |  FIXC0  | 585135372764 | 20674342835 | 27633651795 | 2.438064e+10 |
|      CPU_CLK_UNHALTED_CORE STAT     |  FIXC1  | 259841082267 |  8895433516 | 11847713493 | 1.082671e+10 |
|      CPU_CLK_UNHALTED_REF STAT      |  FIXC2  | 498028718259 | 17049579265 | 22708119190 | 2.075120e+10 |
|           FIXC1/FIXC0 STAT          |   CPI   |            0 |           0 |           0 |            0 |
|  OFFCORE_RESPONSE_0_LOCAL_DRAM STAT |   PMC0  |   5349763225 |    41686558 |   396631776 | 2.229068e+08 |
| OFFCORE_RESPONSE_1_REMOTE_DRAM STAT |   PMC1  |     88464517 |        2608 |    12535835 | 3.686022e+06 |
|  MEM_LOAD_UOPS_RETIRED_L3_ALL STAT  |   PMC2  |    301397914 |    10328551 |    13731699 | 1.255825e+07 |
|  MEM_LOAD_UOPS_RETIRED_L3_MISS STAT |   PMC3  |    157587787 |     5605791 |     7522666 | 6.566158e+06 |
|      L2_TRANS_ALL_REQUESTS STAT     |   PMC4  |  49083290436 |   496718741 |  3618392666 | 2.045137e+09 |
|          L2_RQSTS_MISS STAT         |   PMC5  |   8004150327 |   108796528 |   559001456 | 3.335063e+08 |
|        UOPS_RETIRED_ALL STAT        |   PMC6  | 785201558348 | 29565498688 | 39515322762 | 3.271673e+10 |
|            TEMP_CORE STAT           |   TMP0  |          770 |          29 |          36 |      32.0833 |
|         PWR_PKG_ENERGY STAT         |   PWR0  |    1065.8382 |           0 |    533.6934 |      44.4099 |
|         PWR_PP0_ENERGY STAT         |   PWR1  |            0 |           0 |           0 |            0 |
|         PWR_DRAM_ENERGY STAT        |   PWR3  |     304.9149 |           0 |    152.9017 |      12.7048 |
|          CAS_COUNT_RD STAT          | MBOX0C0 |   1578370653 |           0 |   817851330 | 6.576544e+07 |
|          CAS_COUNT_WR STAT          | MBOX0C1 |    620360324 |           0 |   333222923 | 2.584835e+07 |
|          CAS_COUNT_RD STAT          | MBOX1C0 |   1579804516 |           0 |   818080060 | 6.582519e+07 |
|          CAS_COUNT_WR STAT          | MBOX1C1 |    620533584 |           0 |   332868935 |     25855566 |
|          CAS_COUNT_RD STAT          | MBOX2C0 |            0 |           0 |           0 |            0 |
|          CAS_COUNT_WR STAT          | MBOX2C1 |            0 |           0 |           0 |            0 |
|          CAS_COUNT_RD STAT          | MBOX3C0 |            0 |           0 |           0 |            0 |
|          CAS_COUNT_WR STAT          | MBOX3C1 |            0 |           0 |           0 |            0 |
|          CAS_COUNT_RD STAT          | MBOX4C0 |   1579382586 |           0 |   818370958 | 6.580761e+07 |
|          CAS_COUNT_WR STAT          | MBOX4C1 |    621100040 |           0 |   333451861 | 2.587917e+07 |
|          CAS_COUNT_RD STAT          | MBOX5C0 |   1578130636 |           0 |   817382375 | 6.575544e+07 |
|          CAS_COUNT_WR STAT          | MBOX5C1 |    620302553 |           0 |   332692249 | 2.584594e+07 |
|          CAS_COUNT_RD STAT          | MBOX6C0 |            0 |           0 |           0 |            0 |
|          CAS_COUNT_WR STAT          | MBOX6C1 |            0 |           0 |           0 |            0 |
|          CAS_COUNT_RD STAT          | MBOX7C0 |            0 |           0 |           0 |            0 |
|          CAS_COUNT_WR STAT          | MBOX7C1 |            0 |           0 |           0 |            0 |
+-------------------------------------+---------+--------------+-------------+-------------+--------------+
+-----------------------------------+------------+--------------+-----------+-----------+--------------+-----------+-----------+-----------+-----------+-----------+-----------+-----------+------------+-----------+-----------+-----------+-----------+-----------+-----------+-----------+-----------+-----------+-----------+-----------+
|               Metric              |   Core 0   |    Core 1    |   Core 2  |   Core 3  |    Core 4    |   Core 5  |   Core 6  |   Core 7  |   Core 8  |   Core 9  |  Core 10  |  Core 11  |   Core 12  |  Core 13  |  Core 14  |  Core 15  |  Core 16  |  Core 17  |  Core 18  |  Core 19  |  Core 20  |  Core 21  |  Core 22  |  Core 23  |
+-----------------------------------+------------+--------------+-----------+-----------+--------------+-----------+-----------+-----------+-----------+-----------+-----------+-----------+------------+-----------+-----------+-----------+-----------+-----------+-----------+-----------+-----------+-----------+-----------+-----------+
|        Runtime (RDTSC) [s]        |    10.0008 |      10.0008 |   10.0008 |   10.0008 |      10.0008 |   10.0008 |   10.0008 |   10.0008 |   10.0008 |   10.0008 |   10.0008 |   10.0008 |    10.0008 |   10.0008 |   10.0008 |   10.0008 |   10.0008 |   10.0008 |   10.0008 |   10.0008 |   10.0008 |   10.0008 |   10.0008 |   10.0008 |
|        Runtime unhalted [s]       |     5.1473 |       5.1360 |    5.1381 |    5.1397 |       3.8676 |    3.8793 |    5.1512 |    5.1402 |    5.1418 |    5.1428 |    5.1022 |    5.1071 |     3.8888 |    3.9024 |    3.8946 |    3.8905 |    3.8963 |    3.8932 |    5.0891 |    5.0874 |    5.0865 |    5.0799 |    5.0927 |    5.0799 |
|            Clock [MHz]            |  1199.9990 |    1199.9984 | 1199.9990 | 1199.9984 |    1199.9987 | 1199.9987 | 1199.9985 | 1199.9987 | 1199.9990 | 1199.9984 | 1199.9983 | 1199.9987 |  1199.9988 | 1199.9988 | 1199.9989 | 1199.9985 | 1199.9986 | 1199.9985 | 1199.9986 | 1199.9987 | 1199.9988 | 1199.9986 | 1199.9988 | 1199.9987 |
|                CPI                |     0.4284 |       0.4284 |    0.4286 |    0.4287 |       0.4301 |    0.4314 |    0.4565 |    0.4550 |    0.4554 |    0.4555 |    0.4560 |    0.4566 |     0.4323 |    0.4338 |    0.4329 |    0.4328 |    0.4331 |    0.4327 |    0.4550 |    0.4549 |    0.4560 |    0.4559 |    0.4572 |    0.4561 |
|   Local DRAM data volume [GByte]  |     4.6374 |       4.6489 |    4.6508 |    4.6489 |       3.4700 |    3.0503 |   25.3596 |   25.3844 |   25.2250 |   25.2537 |   25.0313 |   24.8424 |     2.6679 |    2.7161 |    2.7542 |    2.8217 |    2.8078 |    2.7953 |   24.9588 |   25.1374 |   24.8965 |   24.9056 |   24.8957 |   24.8251 |
|   Local DRAM bandwidth [MByte/s]  |   463.7030 |     464.8556 |  465.0404 |  464.8531 |     346.9691 |  305.0089 | 2535.7645 | 2538.2510 | 2522.3054 | 2525.1810 | 2502.9428 | 2484.0551 |   266.7738 |  271.5891 |  275.3957 |  282.1500 |  280.7628 |  279.5106 | 2495.6936 | 2513.5507 | 2489.4567 | 2490.3729 | 2489.3857 | 2482.3192 |
|  Remote DRAM data volume [GByte]  |     0.0338 |       0.0002 |    0.0003 |    0.0003 |       0.0002 |    0.4197 |    0.5282 |    0.0118 |    0.0079 |    0.0078 |    0.0091 |    0.1650 |     0.8023 |    0.7487 |    0.7160 |    0.6407 |    0.6570 |    0.6797 |    0.1636 |    0.0096 |    0.0079 |    0.0079 |    0.0088 |    0.0355 |
|  Remote DRAM bandwidth [MByte/s]  |     3.3800 |       0.0227 |    0.0256 |    0.0273 |       0.0167 |   41.9700 |   52.8126 |    1.1785 |    0.7880 |    0.7815 |    0.9076 |   16.4957 |    80.2233 |   74.8667 |   71.5946 |   64.0654 |   65.6911 |   67.9657 |   16.3547 |    0.9599 |    0.7861 |    0.7869 |    0.8794 |    3.5500 |
|     Memory data volume [GByte]    |     4.6712 |       4.6491 |    4.6510 |    4.6492 |       3.4701 |    3.4701 |   25.8877 |   25.3962 |   25.2328 |   25.2615 |   25.0404 |   25.0074 |     3.4702 |    3.4648 |    3.4702 |    3.4624 |    3.4648 |    3.4750 |   25.1224 |   25.1470 |   24.9043 |   24.9135 |   24.9045 |   24.8606 |
|     Memory bandwidth [MByte/s]    |   467.0830 |     464.8783 |  465.0660 |  464.8805 |     346.9858 |  346.9789 | 2588.5771 | 2539.4295 | 2523.0934 | 2525.9624 | 2503.8504 | 2500.5508 |   346.9970 |  346.4558 |  346.9904 |  346.2153 |  346.4540 |  347.4762 | 2512.0484 | 2514.5106 | 2490.2429 | 2491.1597 | 2490.2651 | 2485.8691 |
|          L3 request rate          |     1.8246 |       1.8248 |    1.8229 |    1.8254 |       1.8465 |    1.8381 |    1.8581 |    1.9996 |    2.0325 |    2.0254 |    2.0538 |    2.0356 |     1.8425 |    1.8572 |    1.8414 |    1.8480 |    1.8522 |    1.8410 |    1.9315 |    1.9371 |    1.9847 |    1.9630 |    2.0105 |    1.9823 |
|            L3 miss rate           |     0.0387 |       0.0003 |    0.0003 |    0.0003 |       0.0002 |    0.6051 |    0.6598 |    0.0138 |    0.0091 |    0.0090 |    0.0104 |    0.1916 |     1.2137 |    1.0502 |    1.0536 |    0.9342 |    0.9245 |    0.9790 |    0.1934 |    0.0114 |    0.0092 |    0.0092 |    0.0101 |    0.0417 |
|           L3 miss ratio           |     0.0073 | 4.881663e-05 |    0.0001 |    0.0001 | 4.810208e-05 |    0.1376 |    0.0208 |    0.0005 |    0.0003 |    0.0003 |    0.0004 |    0.0066 |     0.3007 |    0.2757 |    0.2600 |    0.2271 |    0.2340 |    0.2432 |    0.0066 |    0.0004 |    0.0003 |    0.0003 |    0.0004 |    0.0014 |
|          L2 request rate          |     0.0247 |       0.0246 |    0.0247 |    0.0247 |       0.0242 |    0.0244 |    0.1394 |    0.1364 |    0.1364 |    0.1364 |    0.1379 |    0.1365 |     0.0246 |    0.0240 |    0.0244 |    0.0244 |    0.0243 |    0.0245 |    0.1364 |    0.1366 |    0.1363 |    0.1363 |    0.1377 |    0.1360 |
|            L2 miss rate           |     0.0053 |       0.0053 |    0.0053 |    0.0053 |       0.0053 |    0.0053 |    0.0215 |    0.0211 |    0.0212 |    0.0212 |    0.0213 |    0.0212 |     0.0053 |    0.0053 |    0.0053 |    0.0053 |    0.0053 |    0.0053 |    0.0211 |    0.0211 |    0.0211 |    0.0211 |    0.0213 |    0.0211 |
|           L2 miss ratio           |     0.2135 |       0.2138 |    0.2136 |    0.2135 |       0.2172 |    0.2156 |    0.1545 |    0.1545 |    0.1552 |    0.1552 |    0.1547 |    0.1553 |     0.2143 |    0.2192 |    0.2155 |    0.2155 |    0.2162 |    0.2151 |    0.1544 |    0.1542 |    0.1551 |    0.1547 |    0.1546 |    0.1551 |
|  Memory read bandwidth [MBytes/s] | 20937.1958 |            0 |         0 |         0 |            0 |         0 |         0 |         0 |         0 |         0 |         0 |         0 | 19480.1474 |         0 |         0 |         0 |         0 |         0 |         0 |         0 |         0 |         0 |         0 |         0 |
|  Memory read data volume [GBytes] |   209.3878 |            0 |         0 |         0 |            0 |         0 |         0 |         0 |         0 |         0 |         0 |         0 |   194.8162 |         0 |         0 |         0 |         0 |         0 |         0 |         0 |         0 |         0 |         0 |         0 |
| Memory write bandwidth [MBytes/s] |  8525.6642 |            0 |         0 |         0 |            0 |         0 |         0 |         0 |         0 |         0 |         0 |         0 |  7359.8298 |         0 |         0 |         0 |         0 |         0 |         0 |         0 |         0 |         0 |         0 |         0 |
| Memory write data volume [GBytes] |    85.2631 |            0 |         0 |         0 |            0 |         0 |         0 |         0 |         0 |         0 |         0 |         0 |    73.6039 |         0 |         0 |         0 |         0 |         0 |         0 |         0 |         0 |         0 |         0 |         0 |
|    Memory bandwidth [MBytes/s]    | 29462.8600 |            0 |         0 |         0 |            0 |         0 |         0 |         0 |         0 |         0 |         0 |         0 | 26839.9772 |         0 |         0 |         0 |         0 |         0 |         0 |         0 |         0 |         0 |         0 |         0 |
|    Memory data volume [GBytes]    |   294.6509 |            0 |         0 |         0 |            0 |         0 |         0 |         0 |         0 |         0 |         0 |         0 |   268.4201 |         0 |         0 |         0 |         0 |         0 |         0 |         0 |         0 |         0 |         0 |         0 |
|          Temperature [C]          |         32 |           31 |        32 |        31 |           31 |        32 |        32 |        31 |        32 |        32 |        33 |        34 |         29 |        33 |        32 |        34 |        36 |        33 |        31 |        33 |        31 |        32 |        34 |        29 |
|             Energy [J]            |   532.1448 |            0 |         0 |         0 |            0 |         0 |         0 |         0 |         0 |         0 |         0 |         0 |   533.6934 |         0 |         0 |         0 |         0 |         0 |         0 |         0 |         0 |         0 |         0 |         0 |
|             Power [W]             |    53.2104 |            0 |         0 |         0 |            0 |         0 |         0 |         0 |         0 |         0 |         0 |         0 |    53.3653 |         0 |         0 |         0 |         0 |         0 |         0 |         0 |         0 |         0 |         0 |         0 |
|           Energy PP0 [J]          |          0 |            0 |         0 |         0 |            0 |         0 |         0 |         0 |         0 |         0 |         0 |         0 |          0 |         0 |         0 |         0 |         0 |         0 |         0 |         0 |         0 |         0 |         0 |         0 |
|           Power PP0 [W]           |          0 |            0 |         0 |         0 |            0 |         0 |         0 |         0 |         0 |         0 |         0 |         0 |          0 |         0 |         0 |         0 |         0 |         0 |         0 |         0 |         0 |         0 |         0 |         0 |
|          Energy DRAM [J]          |   152.9017 |            0 |         0 |         0 |            0 |         0 |         0 |         0 |         0 |         0 |         0 |         0 |   152.0132 |         0 |         0 |         0 |         0 |         0 |         0 |         0 |         0 |         0 |         0 |         0 |
|           Power DRAM [W]          |    15.2890 |            0 |         0 |         0 |            0 |         0 |         0 |         0 |         0 |         0 |         0 |         0 |    15.2002 |         0 |         0 |         0 |         0 |         0 |         0 |         0 |         0 |         0 |         0 |         0 |
+-----------------------------------+------------+--------------+-----------+-----------+--------------+-----------+-----------+-----------+-----------+-----------+-----------+-----------+------------+-----------+-----------+-----------+-----------+-----------+-----------+-----------+-----------+-----------+-----------+-----------+
+----------------------------------------+------------+--------------+------------+-----------+
|                 Metric                 |     Sum    |      Min     |     Max    |    Avg    |
+----------------------------------------+------------+--------------+------------+-----------+
|        Runtime (RDTSC) [s] STAT        |   240.0192 |      10.0008 |    10.0008 |   10.0008 |
|        Runtime unhalted [s] STAT       |   112.9746 |       3.8676 |     5.1512 |    4.7073 |
|            Clock [MHz] STAT            | 28799.9681 |    1199.9983 |  1199.9990 | 1199.9987 |
|                CPI STAT                |    10.6433 |       0.4284 |     0.4572 |    0.4435 |
|   Local DRAM data volume [GByte] STAT  |   342.3848 |       2.6679 |    25.3844 |   14.2660 |
|   Local DRAM bandwidth [MByte/s] STAT  | 34235.8907 |     266.7738 |  2538.2510 | 1426.4954 |
|  Remote DRAM data volume [GByte] STAT  |     5.6620 |       0.0002 |     0.8023 |    0.2359 |
|  Remote DRAM bandwidth [MByte/s] STAT  |   566.1300 |       0.0167 |    80.2233 |   23.5887 |
|     Memory data volume [GByte] STAT    |   348.0464 |       3.4624 |    25.8877 |   14.5019 |
|     Memory bandwidth [MByte/s] STAT    | 34802.0206 |     346.2153 |  2588.5771 | 1450.0842 |
|          L3 request rate STAT          |    45.8787 |       1.8229 |     2.0538 |    1.9116 |
|            L3 miss rate STAT           |     7.9688 |       0.0002 |     1.2137 |    0.3320 |
|           L3 miss ratio STAT           |     1.7242 | 4.810208e-05 |     0.3007 |    0.0718 |
|          L2 request rate STAT          |     1.9358 |       0.0240 |     0.1394 |    0.0807 |
|            L2 miss rate STAT           |     0.3179 |       0.0053 |     0.0215 |    0.0132 |
|           L2 miss ratio STAT           |     4.4405 |       0.1542 |     0.2192 |    0.1850 |
|  Memory read bandwidth [MBytes/s] STAT | 40417.3432 |            0 | 20937.1958 | 1684.0560 |
|  Memory read data volume [GBytes] STAT |   404.2040 |            0 |   209.3878 |   16.8418 |
| Memory write bandwidth [MBytes/s] STAT | 15885.4940 |            0 |  8525.6642 |  661.8956 |
| Memory write data volume [GBytes] STAT |   158.8670 |            0 |    85.2631 |    6.6195 |
|    Memory bandwidth [MBytes/s] STAT    | 56302.8372 |            0 | 29462.8600 | 2345.9516 |
|    Memory data volume [GBytes] STAT    |   563.0710 |            0 |   294.6509 |   23.4613 |
|          Temperature [C] STAT          |        770 |           29 |         36 |   32.0833 |
|             Energy [J] STAT            |  1065.8382 |            0 |   533.6934 |   44.4099 |
|             Power [W] STAT             |   106.5757 |            0 |    53.3653 |    4.4407 |
|           Energy PP0 [J] STAT          |          0 |            0 |          0 |         0 |
|           Power PP0 [W] STAT           |          0 |            0 |          0 |         0 |
|          Energy DRAM [J] STAT          |   304.9149 |            0 |   152.9017 |   12.7048 |
|           Power DRAM [W] STAT          |    30.4892 |            0 |    15.2890 |    1.2704 |
+----------------------------------------+------------+--------------+------------+-----------+
