--------------------------------------------------------------------------------
CPU name:	Intel(R) Xeon(R) CPU E5-2670 v3 @ 2.30GHz
CPU type:	Intel Xeon Haswell EN/EP/EX processor
CPU clock:	2.30 GHz
--------------------------------------------------------------------------------
Group 1: POWERPERF
+--------------------------------+---------+-------------+-------------+-------------+-------------+-------------+-------------+-------------+-------------+-------------+-------------+-------------+-------------+-------------+-------------+-------------+-------------+-------------+-------------+-------------+-------------+-------------+-------------+-------------+-------------+
|              Event             | Counter |    Core 0   |    Core 1   |    Core 2   |    Core 3   |    Core 4   |    Core 5   |    Core 6   |    Core 7   |    Core 8   |    Core 9   |   Core 10   |   Core 11   |   Core 12   |   Core 13   |   Core 14   |   Core 15   |   Core 16   |   Core 17   |   Core 18   |   Core 19   |   Core 20   |   Core 21   |   Core 22   |   Core 23   |
+--------------------------------+---------+-------------+-------------+-------------+-------------+-------------+-------------+-------------+-------------+-------------+-------------+-------------+-------------+-------------+-------------+-------------+-------------+-------------+-------------+-------------+-------------+-------------+-------------+-------------+-------------+
|        INSTR_RETIRED_ANY       |  FIXC0  | 27689045228 | 27675990651 | 27673757342 | 27673387730 | 20829137365 | 20821084788 | 25980019336 | 26017114523 | 26009460414 | 26014001970 | 25780484074 | 25778662527 | 20782939043 | 20786767977 | 20784512117 | 20785801764 | 20786052413 | 20788697904 | 25762513557 | 25761383034 | 25700923097 | 25652343490 | 25654004084 | 25640122263 |
|      CPU_CLK_UNHALTED_CORE     |  FIXC1  | 11867247493 | 11844867126 | 11845516326 | 11847287010 |  8952091580 |  8974576971 | 11871248955 | 11832651234 | 11823282795 | 11829811552 | 11742169463 | 11742773894 |  8969957009 |  8978635985 |  8987322291 |  8983732545 |  9013514827 |  8983841384 | 11692588027 | 11699992683 | 11693789944 | 11676090147 | 11678221663 | 11677333257 |
|      CPU_CLK_UNHALTED_REF      |  FIXC2  | 22745550034 | 22702667224 | 22703899932 | 22707304461 | 17158173719 | 17201271257 | 22753228147 | 22679246278 | 22661285670 | 22673810642 | 22505831108 | 22506980993 | 17192415521 | 17209051789 | 17225693393 | 17218820556 | 17275904578 | 17219031006 | 22410798512 | 22424987626 | 22413094648 | 22379174731 | 22383256817 | 22381557140 |
|           FIXC1/FIXC0          |   CPI   |           0 |           0 |           0 |           0 |           0 |           0 |           0 |           0 |           0 |           0 |           0 |           0 |           0 |           0 |           0 |           0 |           0 |           0 |           0 |           0 |           0 |           0 |           0 |           0 |
|  OFFCORE_RESPONSE_0_LOCAL_DRAM |   PMC0  |    72571135 |    72913352 |    72964712 |    72803778 |    54668949 |    46896783 |   395411244 |   395590458 |   392941659 |   393688473 |   390098535 |   387070864 |    44208389 |    43707633 |    43862268 |    43577227 |    44513071 |    44306233 |   388708342 |   391084909 |   387383580 |   387245605 |   386924776 |   385990457 |
| OFFCORE_RESPONSE_1_REMOTE_DRAM |   PMC1  |      305754 |        3315 |        3831 |        4404 |       12543 |     7598340 |     7921961 |      179015 |      120923 |      120134 |      130905 |     2558172 |    10379840 |    10776490 |    10549892 |    10883197 |    10053441 |    10291838 |     2531523 |      106266 |      124086 |      123145 |      157681 |      479149 |
|  MEM_LOAD_UOPS_RETIRED_L3_ALL  |   PMC2  |    13790696 |    13567633 |    13480834 |    13515479 |    11025157 |    10823517 |    11955681 |    12832981 |    13105194 |    12950695 |    12932768 |    12929280 |    10250478 |    10397175 |    10534437 |    10459706 |    11378610 |    10694081 |    12675263 |    12662769 |    12830632 |    12746930 |    12655274 |    12664774 |
|  MEM_LOAD_UOPS_RETIRED_L3_MISS |   PMC3  |     7547723 |     7425372 |     7396837 |     7386000 |     5983015 |     5870041 |     6603115 |     6466078 |     6499836 |     6473013 |     6427374 |     6422982 |     5578516 |     5649587 |     5713812 |     5675469 |     6127310 |     5818461 |     6611451 |     6597445 |     6571180 |     6541375 |     6519835 |     6460741 |
|      L2_TRANS_ALL_REQUESTS     |   PMC4  |   679323796 |   682156876 |   683368304 |   682248852 |   505739786 |   506755863 |  3597405332 |  3531647378 |  3521988618 |  3522735997 |  3504177288 |  3487825118 |   512363244 |   510084559 |   509601823 |   510482712 |   501669878 |   509569494 |  3501036249 |  3479441940 |  3463602855 |  3463601683 |  3458926035 |  3455960777 |
|          L2_RQSTS_MISS         |   PMC5  |   145785578 |   145724437 |   145712345 |   145668699 |   109641101 |   109493815 |   554568120 |   544081822 |   545490692 |   545000418 |   541299275 |   540531493 |   109451458 |   109370908 |   109479092 |   109436493 |   109407655 |   109402419 |   537495707 |   536472812 |   536639744 |   535078018 |   534651215 |   535134480 |
|        UOPS_RETIRED_ALL        |   PMC6  | 39595093186 | 39576260052 | 39573450245 | 39573135607 | 29786082620 | 29774373658 | 32804524804 | 32862794114 | 32849036305 | 32856285578 | 32567022818 | 32564129833 | 29721610731 | 29726446408 | 29723615241 | 29725304116 | 29725946968 | 29729787513 | 32555314022 | 32554313981 | 32479278045 | 32415698879 | 32420221401 | 32402604342 |
|            TEMP_CORE           |   TMP0  |          32 |          31 |          32 |          30 |          32 |          32 |          33 |          31 |          32 |          31 |          35 |          34 |          30 |          35 |          32 |          34 |          37 |          34 |          32 |          33 |          30 |          33 |          32 |          30 |
|         PWR_PKG_ENERGY         |   PWR0  |    532.1265 |           0 |           0 |           0 |           0 |           0 |           0 |           0 |           0 |           0 |           0 |           0 |    532.0582 |           0 |           0 |           0 |           0 |           0 |           0 |           0 |           0 |           0 |           0 |           0 |
|         PWR_PP0_ENERGY         |   PWR1  |           0 |           0 |           0 |           0 |           0 |           0 |           0 |           0 |           0 |           0 |           0 |           0 |           0 |           0 |           0 |           0 |           0 |           0 |           0 |           0 |           0 |           0 |           0 |           0 |
|         PWR_DRAM_ENERGY        |   PWR3  |    152.8113 |           0 |           0 |           0 |           0 |           0 |           0 |           0 |           0 |           0 |           0 |           0 |    151.8214 |           0 |           0 |           0 |           0 |           0 |           0 |           0 |           0 |           0 |           0 |           0 |
|          CAS_COUNT_RD          | MBOX0C0 |   813153150 |           0 |           0 |           0 |           0 |           0 |           0 |           0 |           0 |           0 |           0 |           0 |   758204275 |           0 |           0 |           0 |           0 |           0 |           0 |           0 |           0 |           0 |           0 |           0 |
|          CAS_COUNT_WR          | MBOX0C1 |   332646325 |           0 |           0 |           0 |           0 |           0 |           0 |           0 |           0 |           0 |           0 |           0 |   288439355 |           0 |           0 |           0 |           0 |           0 |           0 |           0 |           0 |           0 |           0 |           0 |
|          CAS_COUNT_RD          | MBOX1C0 |   813597330 |           0 |           0 |           0 |           0 |           0 |           0 |           0 |           0 |           0 |           0 |           0 |   756953293 |           0 |           0 |           0 |           0 |           0 |           0 |           0 |           0 |           0 |           0 |           0 |
|          CAS_COUNT_WR          | MBOX1C1 |   332370134 |           0 |           0 |           0 |           0 |           0 |           0 |           0 |           0 |           0 |           0 |           0 |   288980412 |           0 |           0 |           0 |           0 |           0 |           0 |           0 |           0 |           0 |           0 |           0 |
|          CAS_COUNT_RD          | MBOX2C0 |           0 |           0 |           0 |           0 |           0 |           0 |           0 |           0 |           0 |           0 |           0 |           0 |           0 |           0 |           0 |           0 |           0 |           0 |           0 |           0 |           0 |           0 |           0 |           0 |
|          CAS_COUNT_WR          | MBOX2C1 |           0 |           0 |           0 |           0 |           0 |           0 |           0 |           0 |           0 |           0 |           0 |           0 |           0 |           0 |           0 |           0 |           0 |           0 |           0 |           0 |           0 |           0 |           0 |           0 |
|          CAS_COUNT_RD          | MBOX3C0 |           0 |           0 |           0 |           0 |           0 |           0 |           0 |           0 |           0 |           0 |           0 |           0 |           0 |           0 |           0 |           0 |           0 |           0 |           0 |           0 |           0 |           0 |           0 |           0 |
|          CAS_COUNT_WR          | MBOX3C1 |           0 |           0 |           0 |           0 |           0 |           0 |           0 |           0 |           0 |           0 |           0 |           0 |           0 |           0 |           0 |           0 |           0 |           0 |           0 |           0 |           0 |           0 |           0 |           0 |
|          CAS_COUNT_RD          | MBOX4C0 |   813246701 |           0 |           0 |           0 |           0 |           0 |           0 |           0 |           0 |           0 |           0 |           0 |   756818053 |           0 |           0 |           0 |           0 |           0 |           0 |           0 |           0 |           0 |           0 |           0 |
|          CAS_COUNT_WR          | MBOX4C1 |   332562701 |           0 |           0 |           0 |           0 |           0 |           0 |           0 |           0 |           0 |           0 |           0 |   288446805 |           0 |           0 |           0 |           0 |           0 |           0 |           0 |           0 |           0 |           0 |           0 |
|          CAS_COUNT_RD          | MBOX5C0 |   812245574 |           0 |           0 |           0 |           0 |           0 |           0 |           0 |           0 |           0 |           0 |           0 |   759541764 |           0 |           0 |           0 |           0 |           0 |           0 |           0 |           0 |           0 |           0 |           0 |
|          CAS_COUNT_WR          | MBOX5C1 |   332008799 |           0 |           0 |           0 |           0 |           0 |           0 |           0 |           0 |           0 |           0 |           0 |   289677246 |           0 |           0 |           0 |           0 |           0 |           0 |           0 |           0 |           0 |           0 |           0 |
|          CAS_COUNT_RD          | MBOX6C0 |           0 |           0 |           0 |           0 |           0 |           0 |           0 |           0 |           0 |           0 |           0 |           0 |           0 |           0 |           0 |           0 |           0 |           0 |           0 |           0 |           0 |           0 |           0 |           0 |
|          CAS_COUNT_WR          | MBOX6C1 |           0 |           0 |           0 |           0 |           0 |           0 |           0 |           0 |           0 |           0 |           0 |           0 |           0 |           0 |           0 |           0 |           0 |           0 |           0 |           0 |           0 |           0 |           0 |           0 |
|          CAS_COUNT_RD          | MBOX7C0 |           0 |           0 |           0 |           0 |           0 |           0 |           0 |           0 |           0 |           0 |           0 |           0 |           0 |           0 |           0 |           0 |           0 |           0 |           0 |           0 |           0 |           0 |           0 |           0 |
|          CAS_COUNT_WR          | MBOX7C1 |           0 |           0 |           0 |           0 |           0 |           0 |           0 |           0 |           0 |           0 |           0 |           0 |           0 |           0 |           0 |           0 |           0 |           0 |           0 |           0 |           0 |           0 |           0 |           0 |
+--------------------------------+---------+-------------+-------------+-------------+-------------+-------------+-------------+-------------+-------------+-------------+-------------+-------------+-------------+-------------+-------------+-------------+-------------+-------------+-------------+-------------+-------------+-------------+-------------+-------------+-------------+
+-------------------------------------+---------+--------------+-------------+-------------+--------------+
|                Event                | Counter |      Sum     |     Min     |     Max     |      Avg     |
+-------------------------------------+---------+--------------+-------------+-------------+--------------+
|        INSTR_RETIRED_ANY STAT       |  FIXC0  | 586828206691 | 20782939043 | 27689045228 | 2.445118e+10 |
|      CPU_CLK_UNHALTED_CORE STAT     |  FIXC1  | 260208544161 |  8952091580 | 11871248955 | 1.084202e+10 |
|      CPU_CLK_UNHALTED_REF STAT      |  FIXC2  | 498733035782 | 17158173719 | 22753228147 | 2.078054e+10 |
|           FIXC1/FIXC0 STAT          |   CPI   |            0 |           0 |           0 |            0 |
|  OFFCORE_RESPONSE_0_LOCAL_DRAM STAT |   PMC0  |   5339132432 |    43577227 |   395590458 | 2.224639e+08 |
| OFFCORE_RESPONSE_1_REMOTE_DRAM STAT |   PMC1  |     85415845 |        3315 |    10883197 | 3.558994e+06 |
|  MEM_LOAD_UOPS_RETIRED_L3_ALL STAT  |   PMC2  |    292860044 |    10250478 |    13790696 | 1.220250e+07 |
|  MEM_LOAD_UOPS_RETIRED_L3_MISS STAT |   PMC3  |    154366568 |     5578516 |     7547723 | 6.431940e+06 |
|      L2_TRANS_ALL_REQUESTS STAT     |   PMC4  |  48781714457 |   501669878 |  3597405332 | 2.032571e+09 |
|          L2_RQSTS_MISS STAT         |   PMC5  |   7945017796 |   109370908 |   554568120 | 3.310424e+08 |
|        UOPS_RETIRED_ALL STAT        |   PMC6  | 787562330467 | 29721610731 | 39595093186 | 3.281510e+10 |
|            TEMP_CORE STAT           |   TMP0  |          777 |          30 |          37 |      32.3750 |
|         PWR_PKG_ENERGY STAT         |   PWR0  |    1064.1847 |           0 |    532.1265 |      44.3410 |
|         PWR_PP0_ENERGY STAT         |   PWR1  |            0 |           0 |           0 |            0 |
|         PWR_DRAM_ENERGY STAT        |   PWR3  |     304.6327 |           0 |    152.8113 |      12.6930 |
|          CAS_COUNT_RD STAT          | MBOX0C0 |   1571357425 |           0 |   813153150 | 6.547323e+07 |
|          CAS_COUNT_WR STAT          | MBOX0C1 |    621085680 |           0 |   332646325 |     25878570 |
|          CAS_COUNT_RD STAT          | MBOX1C0 |   1570550623 |           0 |   813597330 | 6.543961e+07 |
|          CAS_COUNT_WR STAT          | MBOX1C1 |    621350546 |           0 |   332370134 | 2.588961e+07 |
|          CAS_COUNT_RD STAT          | MBOX2C0 |            0 |           0 |           0 |            0 |
|          CAS_COUNT_WR STAT          | MBOX2C1 |            0 |           0 |           0 |            0 |
|          CAS_COUNT_RD STAT          | MBOX3C0 |            0 |           0 |           0 |            0 |
|          CAS_COUNT_WR STAT          | MBOX3C1 |            0 |           0 |           0 |            0 |
|          CAS_COUNT_RD STAT          | MBOX4C0 |   1570064754 |           0 |   813246701 | 6.541936e+07 |
|          CAS_COUNT_WR STAT          | MBOX4C1 |    621009506 |           0 |   332562701 | 2.587540e+07 |
|          CAS_COUNT_RD STAT          | MBOX5C0 |   1571787338 |           0 |   812245574 | 6.549114e+07 |
|          CAS_COUNT_WR STAT          | MBOX5C1 |    621686045 |           0 |   332008799 | 2.590359e+07 |
|          CAS_COUNT_RD STAT          | MBOX6C0 |            0 |           0 |           0 |            0 |
|          CAS_COUNT_WR STAT          | MBOX6C1 |            0 |           0 |           0 |            0 |
|          CAS_COUNT_RD STAT          | MBOX7C0 |            0 |           0 |           0 |            0 |
|          CAS_COUNT_WR STAT          | MBOX7C1 |            0 |           0 |           0 |            0 |
+-------------------------------------+---------+--------------+-------------+-------------+--------------+
+-----------------------------------+------------+--------------+-----------+-----------+-----------+-----------+-----------+-----------+-----------+-----------+-----------+-----------+------------+-----------+-----------+-----------+-----------+-----------+-----------+-----------+-----------+-----------+-----------+-----------+
|               Metric              |   Core 0   |    Core 1    |   Core 2  |   Core 3  |   Core 4  |   Core 5  |   Core 6  |   Core 7  |   Core 8  |   Core 9  |  Core 10  |  Core 11  |   Core 12  |  Core 13  |  Core 14  |  Core 15  |  Core 16  |  Core 17  |  Core 18  |  Core 19  |  Core 20  |  Core 21  |  Core 22  |  Core 23  |
+-----------------------------------+------------+--------------+-----------+-----------+-----------+-----------+-----------+-----------+-----------+-----------+-----------+-----------+------------+-----------+-----------+-----------+-----------+-----------+-----------+-----------+-----------+-----------+-----------+-----------+
|        Runtime (RDTSC) [s]        |    10.0007 |      10.0007 |   10.0007 |   10.0007 |   10.0007 |   10.0007 |   10.0007 |   10.0007 |   10.0007 |   10.0007 |   10.0007 |   10.0007 |    10.0007 |   10.0007 |   10.0007 |   10.0007 |   10.0007 |   10.0007 |   10.0007 |   10.0007 |   10.0007 |   10.0007 |   10.0007 |   10.0007 |
|        Runtime unhalted [s]       |     5.1597 |       5.1500 |    5.1502 |    5.1510 |    3.8922 |    3.9020 |    5.1614 |    5.1446 |    5.1406 |    5.1434 |    5.1053 |    5.1056 |     3.9000 |    3.9038 |    3.9075 |    3.9060 |    3.9189 |    3.9060 |    5.0837 |    5.0870 |    5.0843 |    5.0766 |    5.0775 |    5.0771 |
|            Clock [MHz]            |  1199.9985 |    1199.9978 | 1199.9984 | 1199.9979 | 1199.9982 | 1199.9982 | 1199.9980 | 1199.9982 | 1199.9984 | 1199.9978 | 1199.9978 | 1199.9982 |  1199.9982 | 1199.9981 | 1199.9986 | 1199.9981 | 1199.9980 | 1199.9980 | 1199.9978 | 1199.9980 | 1199.9982 | 1199.9980 | 1199.9982 | 1199.9980 |
|                CPI                |     0.4286 |       0.4280 |    0.4280 |    0.4281 |    0.4298 |    0.4310 |    0.4569 |    0.4548 |    0.4546 |    0.4547 |    0.4555 |    0.4555 |     0.4316 |    0.4319 |    0.4324 |    0.4322 |    0.4336 |    0.4322 |    0.4539 |    0.4542 |    0.4550 |    0.4552 |    0.4552 |    0.4554 |
|   Local DRAM data volume [GByte]  |     4.6446 |       4.6665 |    4.6697 |    4.6594 |    3.4988 |    3.0014 |   25.3063 |   25.3178 |   25.1483 |   25.1961 |   24.9663 |   24.7725 |     2.8293 |    2.7973 |    2.8072 |    2.7889 |    2.8488 |    2.8356 |   24.8773 |   25.0294 |   24.7925 |   24.7837 |   24.7632 |   24.7034 |
|   Local DRAM bandwidth [MByte/s]  |   464.4217 |     466.6118 |  466.9405 |  465.9105 |  349.8560 |  300.1177 | 2530.4493 | 2531.5962 | 2514.6451 | 2519.4244 | 2496.4504 | 2477.0747 |   282.9133 |  279.7087 |  280.6983 |  278.8741 |  284.8631 |  283.5394 | 2487.5538 | 2502.7628 | 2479.0760 | 2478.1930 | 2476.1398 | 2470.1606 |
|  Remote DRAM data volume [GByte]  |     0.0196 |       0.0002 |    0.0002 |    0.0003 |    0.0008 |    0.4863 |    0.5070 |    0.0115 |    0.0077 |    0.0077 |    0.0084 |    0.1637 |     0.6643 |    0.6897 |    0.6752 |    0.6965 |    0.6434 |    0.6587 |    0.1620 |    0.0068 |    0.0079 |    0.0079 |    0.0101 |    0.0307 |
|  Remote DRAM bandwidth [MByte/s]  |     1.9567 |       0.0212 |    0.0245 |    0.0282 |    0.0803 |   48.6259 |   50.6969 |    1.1456 |    0.7739 |    0.7688 |    0.8377 |   16.3711 |    66.4262 |   68.9646 |   67.5144 |   69.6474 |   64.3374 |   65.8630 |   16.2006 |    0.6801 |    0.7941 |    0.7881 |    1.0091 |    3.0663 |
|     Memory data volume [GByte]    |     4.6641 |       4.6667 |    4.6700 |    4.6597 |    3.4996 |    3.4877 |   25.8133 |   25.3292 |   25.1560 |   25.2038 |   24.9747 |   24.9363 |     3.4936 |    3.4870 |    3.4824 |    3.4855 |    3.4923 |    3.4943 |   25.0394 |   25.0362 |   24.8005 |   24.7916 |   24.7733 |   24.7341 |
|     Memory bandwidth [MByte/s]    |   466.3784 |     466.6330 |  466.9650 |  465.9387 |  349.9363 |  348.7436 | 2581.1462 | 2532.7418 | 2515.4190 | 2520.1932 | 2497.2882 | 2493.4459 |   349.3395 |  348.6732 |  348.2127 |  348.5216 |  349.2005 |  349.4024 | 2503.7544 | 2503.4428 | 2479.8701 | 2478.9811 | 2477.1489 | 2473.2270 |
|          L3 request rate          |     1.8271 |       1.8272 |    1.8225 |    1.8299 |    1.8427 |    1.8439 |    1.8106 |    1.9847 |    2.0162 |    2.0007 |    2.0121 |    2.0130 |     1.8375 |    1.8403 |    1.8437 |    1.8430 |    1.8570 |    1.8380 |    1.9172 |    1.9193 |    1.9526 |    1.9487 |    1.9410 |    1.9603 |
|            L3 miss rate           |     0.0222 |       0.0002 |    0.0003 |    0.0003 |    0.0011 |    0.7020 |    0.6626 |    0.0139 |    0.0092 |    0.0093 |    0.0101 |    0.1979 |     1.0126 |    1.0365 |    1.0015 |    1.0405 |    0.8835 |    0.9624 |    0.1997 |    0.0084 |    0.0097 |    0.0097 |    0.0125 |    0.0378 |
|           L3 miss ratio           |     0.0042 | 4.546492e-05 |    0.0001 |    0.0001 |    0.0002 |    0.1620 |    0.0200 |    0.0005 |    0.0003 |    0.0003 |    0.0003 |    0.0066 |     0.2348 |    0.2466 |    0.2405 |    0.2497 |    0.2259 |    0.2323 |    0.0065 |    0.0003 |    0.0003 |    0.0003 |    0.0004 |    0.0012 |
|          L2 request rate          |     0.0245 |       0.0246 |    0.0247 |    0.0247 |    0.0243 |    0.0243 |    0.1385 |    0.1357 |    0.1354 |    0.1354 |    0.1359 |    0.1353 |     0.0247 |    0.0245 |    0.0245 |    0.0246 |    0.0241 |    0.0245 |    0.1359 |    0.1351 |    0.1348 |    0.1350 |    0.1348 |    0.1348 |
|            L2 miss rate           |     0.0053 |       0.0053 |    0.0053 |    0.0053 |    0.0053 |    0.0053 |    0.0213 |    0.0209 |    0.0210 |    0.0210 |    0.0210 |    0.0210 |     0.0053 |    0.0053 |    0.0053 |    0.0053 |    0.0053 |    0.0053 |    0.0209 |    0.0208 |    0.0209 |    0.0209 |    0.0208 |    0.0209 |
|           L2 miss ratio           |     0.2146 |       0.2136 |    0.2132 |    0.2135 |    0.2168 |    0.2161 |    0.1542 |    0.1541 |    0.1549 |    0.1547 |    0.1545 |    0.1550 |     0.2136 |    0.2144 |    0.2148 |    0.2144 |    0.2181 |    0.2147 |    0.1535 |    0.1542 |    0.1549 |    0.1545 |    0.1546 |    0.1548 |
|  Memory read bandwidth [MBytes/s] | 20812.8514 |            0 |         0 |         0 |         0 |         0 |         0 |         0 |         0 |         0 |         0 |         0 | 19400.3109 |         0 |         0 |         0 |         0 |         0 |         0 |         0 |         0 |         0 |         0 |         0 |
|  Memory read data volume [GBytes] |   208.1435 |            0 |         0 |         0 |         0 |         0 |         0 |         0 |         0 |         0 |         0 |         0 |   194.0171 |         0 |         0 |         0 |         0 |         0 |         0 |         0 |         0 |         0 |         0 |         0 |
| Memory write bandwidth [MBytes/s] |  8508.7488 |            0 |         0 |         0 |         0 |         0 |         0 |         0 |         0 |         0 |         0 |         0 |  7394.9467 |         0 |         0 |         0 |         0 |         0 |         0 |         0 |         0 |         0 |         0 |         0 |
| Memory write data volume [GBytes] |    85.0936 |            0 |         0 |         0 |         0 |         0 |         0 |         0 |         0 |         0 |         0 |         0 |    73.9548 |         0 |         0 |         0 |         0 |         0 |         0 |         0 |         0 |         0 |         0 |         0 |
|    Memory bandwidth [MBytes/s]    | 29321.6001 |            0 |         0 |         0 |         0 |         0 |         0 |         0 |         0 |         0 |         0 |         0 | 26795.2576 |         0 |         0 |         0 |         0 |         0 |         0 |         0 |         0 |         0 |         0 |         0 |
|    Memory data volume [GBytes]    |   293.2372 |            0 |         0 |         0 |         0 |         0 |         0 |         0 |         0 |         0 |         0 |         0 |   267.9719 |         0 |         0 |         0 |         0 |         0 |         0 |         0 |         0 |         0 |         0 |         0 |
|          Temperature [C]          |         32 |           31 |        32 |        30 |        32 |        32 |        33 |        31 |        32 |        31 |        35 |        34 |         30 |        35 |        32 |        34 |        37 |        34 |        32 |        33 |        30 |        33 |        32 |        30 |
|             Energy [J]            |   532.1265 |            0 |         0 |         0 |         0 |         0 |         0 |         0 |         0 |         0 |         0 |         0 |   532.0582 |         0 |         0 |         0 |         0 |         0 |         0 |         0 |         0 |         0 |         0 |         0 |
|             Power [W]             |    53.2088 |            0 |         0 |         0 |         0 |         0 |         0 |         0 |         0 |         0 |         0 |         0 |    53.2020 |         0 |         0 |         0 |         0 |         0 |         0 |         0 |         0 |         0 |         0 |         0 |
|           Energy PP0 [J]          |          0 |            0 |         0 |         0 |         0 |         0 |         0 |         0 |         0 |         0 |         0 |         0 |          0 |         0 |         0 |         0 |         0 |         0 |         0 |         0 |         0 |         0 |         0 |         0 |
|           Power PP0 [W]           |          0 |            0 |         0 |         0 |         0 |         0 |         0 |         0 |         0 |         0 |         0 |         0 |          0 |         0 |         0 |         0 |         0 |         0 |         0 |         0 |         0 |         0 |         0 |         0 |
|          Energy DRAM [J]          |   152.8113 |            0 |         0 |         0 |         0 |         0 |         0 |         0 |         0 |         0 |         0 |         0 |   151.8214 |         0 |         0 |         0 |         0 |         0 |         0 |         0 |         0 |         0 |         0 |         0 |
|           Power DRAM [W]          |    15.2800 |            0 |         0 |         0 |         0 |         0 |         0 |         0 |         0 |         0 |         0 |         0 |    15.1810 |         0 |         0 |         0 |         0 |         0 |         0 |         0 |         0 |         0 |         0 |         0 |
+-----------------------------------+------------+--------------+-----------+-----------+-----------+-----------+-----------+-----------+-----------+-----------+-----------+-----------+------------+-----------+-----------+-----------+-----------+-----------+-----------+-----------+-----------+-----------+-----------+-----------+
+----------------------------------------+------------+--------------+------------+-----------+
|                 Metric                 |     Sum    |      Min     |     Max    |    Avg    |
+----------------------------------------+------------+--------------+------------+-----------+
|        Runtime (RDTSC) [s] STAT        |   240.0168 |      10.0007 |    10.0007 |   10.0007 |
|        Runtime unhalted [s] STAT       |   113.1344 |       3.8922 |     5.1614 |    4.7139 |
|            Clock [MHz] STAT            | 28799.9546 |    1199.9978 |  1199.9986 | 1199.9981 |
|                CPI STAT                |    10.6283 |       0.4280 |     0.4569 |    0.4428 |
|   Local DRAM data volume [GByte] STAT  |   341.7043 |       2.7889 |    25.3178 |   14.2377 |
|   Local DRAM bandwidth [MByte/s] STAT  | 34167.9812 |     278.8741 |  2531.5962 | 1423.6659 |
|  Remote DRAM data volume [GByte] STAT  |     5.4666 |       0.0002 |     0.6965 |    0.2278 |
|  Remote DRAM bandwidth [MByte/s] STAT  |   546.6221 |       0.0212 |    69.6474 |   22.7759 |
|     Memory data volume [GByte] STAT    |   347.1713 |       3.4824 |    25.8133 |   14.4655 |
|     Memory bandwidth [MByte/s] STAT    | 34714.6035 |     348.2127 |  2581.1462 | 1446.4418 |
|          L3 request rate STAT          |    45.5292 |       1.8106 |     2.0162 |    1.8971 |
|            L3 miss rate STAT           |     7.8439 |       0.0002 |     1.0405 |    0.3268 |
|           L3 miss ratio STAT           |     1.6334 | 4.546492e-05 |     0.2497 |    0.0681 |
|          L2 request rate STAT          |     1.9206 |       0.0241 |     0.1385 |    0.0800 |
|            L2 miss rate STAT           |     0.3150 |       0.0053 |     0.0213 |    0.0131 |
|           L2 miss ratio STAT           |     4.4317 |       0.1535 |     0.2181 |    0.1847 |
|  Memory read bandwidth [MBytes/s] STAT | 40213.1623 |            0 | 20812.8514 | 1675.5484 |
|  Memory read data volume [GBytes] STAT |   402.1606 |            0 |   208.1435 |   16.7567 |
| Memory write bandwidth [MBytes/s] STAT | 15903.6955 |            0 |  8508.7488 |  662.6540 |
| Memory write data volume [GBytes] STAT |   159.0484 |            0 |    85.0936 |    6.6270 |
|    Memory bandwidth [MBytes/s] STAT    | 56116.8577 |            0 | 29321.6001 | 2338.2024 |
|    Memory data volume [GBytes] STAT    |   561.2091 |            0 |   293.2372 |   23.3837 |
|          Temperature [C] STAT          |        777 |           30 |         37 |   32.3750 |
|             Energy [J] STAT            |  1064.1847 |            0 |   532.1265 |   44.3410 |
|             Power [W] STAT             |   106.4108 |            0 |    53.2088 |    4.4338 |
|           Energy PP0 [J] STAT          |          0 |            0 |          0 |         0 |
|           Power PP0 [W] STAT           |          0 |            0 |          0 |         0 |
|          Energy DRAM [J] STAT          |   304.6327 |            0 |   152.8113 |   12.6930 |
|           Power DRAM [W] STAT          |    30.4610 |            0 |    15.2800 |    1.2692 |
+----------------------------------------+------------+--------------+------------+-----------+
