--------------------------------------------------------------------------------
CPU name:	Intel(R) Xeon(R) CPU E5-2670 v3 @ 2.30GHz
CPU type:	Intel Xeon Haswell EN/EP/EX processor
CPU clock:	2.30 GHz
--------------------------------------------------------------------------------
Group 1: POWERPERF
+--------------------------------+---------+-------------+-------------+-------------+-------------+-------------+-------------+--------------+--------------+--------------+--------------+--------------+--------------+-------------+-------------+-------------+-------------+-------------+-------------+--------------+--------------+--------------+--------------+--------------+--------------+
|              Event             | Counter |    Core 0   |    Core 1   |    Core 2   |    Core 3   |    Core 4   |    Core 5   |    Core 6    |    Core 7    |    Core 8    |    Core 9    |    Core 10   |    Core 11   |   Core 12   |   Core 13   |   Core 14   |   Core 15   |   Core 16   |   Core 17   |    Core 18   |    Core 19   |    Core 20   |    Core 21   |    Core 22   |    Core 23   |
+--------------------------------+---------+-------------+-------------+-------------+-------------+-------------+-------------+--------------+--------------+--------------+--------------+--------------+--------------+-------------+-------------+-------------+-------------+-------------+-------------+--------------+--------------+--------------+--------------+--------------+--------------+
|        INSTR_RETIRED_ANY       |  FIXC0  | 78066602338 | 81975049011 | 81387733511 | 74707533077 | 81654348223 | 67626687860 | 107670807316 | 108073464776 | 108085283052 | 108209184532 | 108199103014 | 108039656553 | 70988046476 | 57788819408 | 66115794306 | 61044993854 | 58437293907 | 74479929832 | 107880548794 | 107969290934 | 107538280978 | 107963783542 | 108028056071 | 108115792557 |
|      CPU_CLK_UNHALTED_CORE     |  FIXC1  | 38546775323 | 40312466965 | 40073130604 | 36819788994 | 40444502640 | 34087041018 |  40899522234 |  40879620908 |  40911390194 |  41105893549 |  41061605480 |  40923839704 | 35718577031 | 29272797535 | 33530910013 | 31108137241 | 29819655042 | 36730444922 |  40969963200 |  41030336881 |  40978348287 |  41110435146 |  41121498437 |  41439359876 |
|      CPU_CLK_UNHALTED_REF      |  FIXC2  | 38665273320 | 40466564872 | 40190654020 | 36937977276 | 40561435893 | 34202993985 |  40899526992 |  40881373575 |  40913123166 |  41105888374 |  41061616433 |  40925746785 | 35857962826 | 29413737335 | 33653564994 | 31224717453 | 29943842094 | 36875845973 |  40971949024 |  41030345242 |  40978336170 |  41112354502 |  41121488860 |  41439347319 |
|           FIXC1/FIXC0          |   CPI   |           0 |           0 |           0 |           0 |           0 |           0 |            0 |            0 |            0 |            0 |            0 |            0 |           0 |           0 |           0 |           0 |           0 |           0 |            0 |            0 |            0 |            0 |            0 |            0 |
|  OFFCORE_RESPONSE_0_LOCAL_DRAM |   PMC0  |      456273 |      197067 |      217564 |      234161 |      171969 |      278390 |     37869630 |     42260290 |     41607633 |     41382860 |     44660295 |     43018454 |      201852 |      245277 |      203154 |      216348 |      224381 |      214582 |     37245492 |     44320548 |     38480574 |     39232531 |     40665519 |     47402154 |
| OFFCORE_RESPONSE_1_REMOTE_DRAM |   PMC1  |       43576 |       16340 |       15641 |       13267 |       14160 |       17138 |     32197620 |     37756874 |     36608342 |     37082725 |     37008189 |     35900062 |       77638 |       75248 |       71959 |       81158 |      109118 |      129009 |     39674034 |     46207062 |     41597336 |     41462614 |     43142311 |     48729032 |
|  MEM_LOAD_UOPS_RETIRED_L3_ALL  |   PMC2  |     3774376 |     3647376 |     3552288 |     3505609 |     3559363 |     2988513 |      7547388 |      7195536 |      7595330 |      7739000 |      7493498 |      7704828 |     3248851 |     2741982 |     3000093 |     2786535 |     2666758 |     3312067 |      9711116 |      7795076 |      7164633 |      7411758 |      6886905 |      6827685 |
|  MEM_LOAD_UOPS_RETIRED_L3_MISS |   PMC3  |       89865 |       24216 |       25403 |       23955 |       24861 |       27629 |      5435709 |      5006694 |      5008722 |      4953239 |      4595085 |      4388038 |       35008 |       34033 |       34483 |       35424 |       41681 |       37050 |      5420779 |      5273953 |      4968280 |      5056209 |      4676186 |      4558241 |
|      L2_TRANS_ALL_REQUESTS     |   PMC4  |  1868163954 |  1933825887 |  1919867574 |  1716397646 |  1932265768 |  1595691540 |    786280592 |    794292447 |    797678667 |    792693489 |    795583862 |    804439126 |  1664421602 |  1312819092 |  1549256115 |  1433282295 |  1374893007 |  1753533989 |    812803062 |    803463046 |    781176442 |    786818297 |    784265388 |    780436265 |
|          L2_RQSTS_MISS         |   PMC5  |   443468842 |   455461066 |   452972549 |   378160559 |   453819958 |   372153252 |    129127238 |    128798019 |    130873449 |    131702868 |    129952762 |    132820063 |   389483965 |   288965159 |   361993866 |   335954790 |   319496557 |   408212883 |    137413794 |    129811263 |    127507372 |    127922132 |    126626004 |    127562505 |
|        UOPS_RETIRED_ALL        |   PMC6  | 90767302023 | 95373935559 | 94710641661 | 86946472833 | 95000605007 | 78731242485 | 116395364417 | 116815577190 | 116820857861 | 116893534353 | 116888799319 | 116735384755 | 82636074072 | 67291433088 | 76980488677 | 71089175390 | 68059065351 | 86729750855 | 116443538615 | 116547791424 | 116170930934 | 116675580868 | 116754515235 | 116814309732 |
|            TEMP_CORE           |   TMP0  |          40 |          38 |          39 |          41 |          41 |          37 |           43 |           42 |           43 |           42 |           41 |           39 |          39 |          39 |          42 |          42 |          41 |          39 |           43 |           41 |           42 |           44 |           42 |           40 |
|         PWR_PKG_ENERGY         |   PWR0  |   1313.9695 |           0 |           0 |           0 |           0 |           0 |            0 |            0 |            0 |            0 |            0 |            0 |   1274.6466 |           0 |           0 |           0 |           0 |           0 |            0 |            0 |            0 |            0 |            0 |            0 |
|         PWR_PP0_ENERGY         |   PWR1  |           0 |           0 |           0 |           0 |           0 |           0 |            0 |            0 |            0 |            0 |            0 |            0 |           0 |           0 |           0 |           0 |           0 |           0 |            0 |            0 |            0 |            0 |            0 |            0 |
|         PWR_DRAM_ENERGY        |   PWR3  |    133.8004 |           0 |           0 |           0 |           0 |           0 |            0 |            0 |            0 |            0 |            0 |            0 |    140.9915 |           0 |           0 |           0 |           0 |           0 |            0 |            0 |            0 |            0 |            0 |            0 |
|          CAS_COUNT_RD          | MBOX0C0 |   152575065 |           0 |           0 |           0 |           0 |           0 |            0 |            0 |            0 |            0 |            0 |            0 |   134272330 |           0 |           0 |           0 |           0 |           0 |            0 |            0 |            0 |            0 |            0 |            0 |
|          CAS_COUNT_WR          | MBOX0C1 |    69879582 |           0 |           0 |           0 |           0 |           0 |            0 |            0 |            0 |            0 |            0 |            0 |    40660234 |           0 |           0 |           0 |           0 |           0 |            0 |            0 |            0 |            0 |            0 |            0 |
|          CAS_COUNT_RD          | MBOX1C0 |   151292539 |           0 |           0 |           0 |           0 |           0 |            0 |            0 |            0 |            0 |            0 |            0 |   133410800 |           0 |           0 |           0 |           0 |           0 |            0 |            0 |            0 |            0 |            0 |            0 |
|          CAS_COUNT_WR          | MBOX1C1 |    68843166 |           0 |           0 |           0 |           0 |           0 |            0 |            0 |            0 |            0 |            0 |            0 |    39717005 |           0 |           0 |           0 |           0 |           0 |            0 |            0 |            0 |            0 |            0 |            0 |
|          CAS_COUNT_RD          | MBOX2C0 |           0 |           0 |           0 |           0 |           0 |           0 |            0 |            0 |            0 |            0 |            0 |            0 |           0 |           0 |           0 |           0 |           0 |           0 |            0 |            0 |            0 |            0 |            0 |            0 |
|          CAS_COUNT_WR          | MBOX2C1 |           0 |           0 |           0 |           0 |           0 |           0 |            0 |            0 |            0 |            0 |            0 |            0 |           0 |           0 |           0 |           0 |           0 |           0 |            0 |            0 |            0 |            0 |            0 |            0 |
|          CAS_COUNT_RD          | MBOX3C0 |           0 |           0 |           0 |           0 |           0 |           0 |            0 |            0 |            0 |            0 |            0 |            0 |           0 |           0 |           0 |           0 |           0 |           0 |            0 |            0 |            0 |            0 |            0 |            0 |
|          CAS_COUNT_WR          | MBOX3C1 |           0 |           0 |           0 |           0 |           0 |           0 |            0 |            0 |            0 |            0 |            0 |            0 |           0 |           0 |           0 |           0 |           0 |           0 |            0 |            0 |            0 |            0 |            0 |            0 |
|          CAS_COUNT_RD          | MBOX4C0 |   153309846 |           0 |           0 |           0 |           0 |           0 |            0 |            0 |            0 |            0 |            0 |            0 |   134146376 |           0 |           0 |           0 |           0 |           0 |            0 |            0 |            0 |            0 |            0 |            0 |
|          CAS_COUNT_WR          | MBOX4C1 |    70212094 |           0 |           0 |           0 |           0 |           0 |            0 |            0 |            0 |            0 |            0 |            0 |    40659951 |           0 |           0 |           0 |           0 |           0 |            0 |            0 |            0 |            0 |            0 |            0 |
|          CAS_COUNT_RD          | MBOX5C0 |   152381766 |           0 |           0 |           0 |           0 |           0 |            0 |            0 |            0 |            0 |            0 |            0 |   133165949 |           0 |           0 |           0 |           0 |           0 |            0 |            0 |            0 |            0 |            0 |            0 |
|          CAS_COUNT_WR          | MBOX5C1 |    69232367 |           0 |           0 |           0 |           0 |           0 |            0 |            0 |            0 |            0 |            0 |            0 |    39678952 |           0 |           0 |           0 |           0 |           0 |            0 |            0 |            0 |            0 |            0 |            0 |
|          CAS_COUNT_RD          | MBOX6C0 |           0 |           0 |           0 |           0 |           0 |           0 |            0 |            0 |            0 |            0 |            0 |            0 |           0 |           0 |           0 |           0 |           0 |           0 |            0 |            0 |            0 |            0 |            0 |            0 |
|          CAS_COUNT_WR          | MBOX6C1 |           0 |           0 |           0 |           0 |           0 |           0 |            0 |            0 |            0 |            0 |            0 |            0 |           0 |           0 |           0 |           0 |           0 |           0 |            0 |            0 |            0 |            0 |            0 |            0 |
|          CAS_COUNT_RD          | MBOX7C0 |           0 |           0 |           0 |           0 |           0 |           0 |            0 |            0 |            0 |            0 |            0 |            0 |           0 |           0 |           0 |           0 |           0 |           0 |            0 |            0 |            0 |            0 |            0 |            0 |
|          CAS_COUNT_WR          | MBOX7C1 |           0 |           0 |           0 |           0 |           0 |           0 |            0 |            0 |            0 |            0 |            0 |            0 |           0 |           0 |           0 |           0 |           0 |           0 |            0 |            0 |            0 |            0 |            0 |            0 |
+--------------------------------+---------+-------------+-------------+-------------+-------------+-------------+-------------+--------------+--------------+--------------+--------------+--------------+--------------+-------------+-------------+-------------+-------------+-------------+-------------+--------------+--------------+--------------+--------------+--------------+--------------+
+-------------------------------------+---------+---------------+-------------+--------------+--------------+
|                Event                | Counter |      Sum      |     Min     |      Max     |      Avg     |
+-------------------------------------+---------+---------------+-------------+--------------+--------------+
|        INSTR_RETIRED_ANY STAT       |  FIXC0  | 2150046083922 | 57788819408 | 108209184532 | 8.958525e+10 |
|      CPU_CLK_UNHALTED_CORE STAT     |  FIXC1  |  918896041224 | 29272797535 |  41439359876 |  38287335051 |
|      CPU_CLK_UNHALTED_REF STAT      |  FIXC2  |  920435666483 | 29413737335 |  41439347319 | 3.835149e+10 |
|           FIXC1/FIXC0 STAT          |   CPI   |             0 |           0 |            0 |            0 |
|  OFFCORE_RESPONSE_0_LOCAL_DRAM STAT |   PMC0  |     501006998 |      171969 |     47402154 | 2.087529e+07 |
| OFFCORE_RESPONSE_1_REMOTE_DRAM STAT |   PMC1  |     478030453 |       13267 |     48729032 | 1.991794e+07 |
|  MEM_LOAD_UOPS_RETIRED_L3_ALL STAT  |   PMC2  |     129856564 |     2666758 |      9711116 | 5.410690e+06 |
|  MEM_LOAD_UOPS_RETIRED_L3_MISS STAT |   PMC3  |      59774743 |       23955 |      5435709 | 2.490614e+06 |
|      L2_TRANS_ALL_REQUESTS STAT     |   PMC4  |   29574349152 |   780436265 |   1933825887 |   1232264548 |
|          L2_RQSTS_MISS STAT         |   PMC5  |    6220260915 |   126626004 |    455461066 | 2.591775e+08 |
|        UOPS_RETIRED_ALL STAT        |   PMC6  | 2394272371704 | 67291433088 | 116893534353 |  99761348821 |
|            TEMP_CORE STAT           |   TMP0  |           980 |          37 |           44 |      40.8333 |
|         PWR_PKG_ENERGY STAT         |   PWR0  |     2588.6161 |           0 |    1313.9695 |     107.8590 |
|         PWR_PP0_ENERGY STAT         |   PWR1  |             0 |           0 |            0 |            0 |
|         PWR_DRAM_ENERGY STAT        |   PWR3  |      274.7919 |           0 |     140.9915 |      11.4497 |
|          CAS_COUNT_RD STAT          | MBOX0C0 |     286847395 |           0 |    152575065 | 1.195197e+07 |
|          CAS_COUNT_WR STAT          | MBOX0C1 |     110539816 |           0 |     69879582 | 4.605826e+06 |
|          CAS_COUNT_RD STAT          | MBOX1C0 |     284703339 |           0 |    151292539 | 1.186264e+07 |
|          CAS_COUNT_WR STAT          | MBOX1C1 |     108560171 |           0 |     68843166 | 4.523340e+06 |
|          CAS_COUNT_RD STAT          | MBOX2C0 |             0 |           0 |            0 |            0 |
|          CAS_COUNT_WR STAT          | MBOX2C1 |             0 |           0 |            0 |            0 |
|          CAS_COUNT_RD STAT          | MBOX3C0 |             0 |           0 |            0 |            0 |
|          CAS_COUNT_WR STAT          | MBOX3C1 |             0 |           0 |            0 |            0 |
|          CAS_COUNT_RD STAT          | MBOX4C0 |     287456222 |           0 |    153309846 | 1.197734e+07 |
|          CAS_COUNT_WR STAT          | MBOX4C1 |     110872045 |           0 |     70212094 | 4.619669e+06 |
|          CAS_COUNT_RD STAT          | MBOX5C0 |     285547715 |           0 |    152381766 | 1.189782e+07 |
|          CAS_COUNT_WR STAT          | MBOX5C1 |     108911319 |           0 |     69232367 | 4.537972e+06 |
|          CAS_COUNT_RD STAT          | MBOX6C0 |             0 |           0 |            0 |            0 |
|          CAS_COUNT_WR STAT          | MBOX6C1 |             0 |           0 |            0 |            0 |
|          CAS_COUNT_RD STAT          | MBOX7C0 |             0 |           0 |            0 |            0 |
|          CAS_COUNT_WR STAT          | MBOX7C1 |             0 |           0 |            0 |            0 |
+-------------------------------------+---------+---------------+-------------+--------------+--------------+
+-----------------------------------+-----------+-----------+-----------+-----------+-----------+-----------+-----------+-----------+-----------+-----------+-----------+-----------+-----------+-----------+-----------+-----------+-----------+-----------+-----------+-----------+-----------+-----------+-----------+-----------+
|               Metric              |   Core 0  |   Core 1  |   Core 2  |   Core 3  |   Core 4  |   Core 5  |   Core 6  |   Core 7  |   Core 8  |   Core 9  |  Core 10  |  Core 11  |  Core 12  |  Core 13  |  Core 14  |  Core 15  |  Core 16  |  Core 17  |  Core 18  |  Core 19  |  Core 20  |  Core 21  |  Core 22  |  Core 23  |
+-----------------------------------+-----------+-----------+-----------+-----------+-----------+-----------+-----------+-----------+-----------+-----------+-----------+-----------+-----------+-----------+-----------+-----------+-----------+-----------+-----------+-----------+-----------+-----------+-----------+-----------+
|        Runtime (RDTSC) [s]        |   18.2302 |   18.2302 |   18.2302 |   18.2302 |   18.2302 |   18.2302 |   18.2302 |   18.2302 |   18.2302 |   18.2302 |   18.2302 |   18.2302 |   18.2302 |   18.2302 |   18.2302 |   18.2302 |   18.2302 |   18.2302 |   18.2302 |   18.2302 |   18.2302 |   18.2302 |   18.2302 |   18.2302 |
|        Runtime unhalted [s]       |   16.7596 |   17.5273 |   17.4232 |   16.0087 |   17.5847 |   14.8206 |   17.7825 |   17.7739 |   17.7877 |   17.8722 |   17.8530 |   17.7931 |   15.5299 |   12.7274 |   14.5788 |   13.5254 |   12.9652 |   15.9699 |   17.8131 |   17.8394 |   17.8168 |   17.8742 |   17.8790 |   18.0172 |
|            Clock [MHz]            | 2292.9357 | 2291.2261 | 2293.2590 | 2292.6254 | 2293.3539 | 2292.1872 | 2299.9842 | 2299.8859 | 2299.8871 | 2299.9848 | 2299.9839 | 2299.8773 | 2291.0441 | 2288.9638 | 2291.6019 | 2291.3973 | 2290.4457 | 2290.9157 | 2299.8730 | 2299.9840 | 2299.9852 | 2299.8771 | 2299.9850 | 2299.9852 |
|                CPI                |    0.4938 |    0.4918 |    0.4924 |    0.4929 |    0.4953 |    0.5040 |    0.3799 |    0.3783 |    0.3785 |    0.3799 |    0.3795 |    0.3788 |    0.5032 |    0.5065 |    0.5072 |    0.5096 |    0.5103 |    0.4932 |    0.3798 |    0.3800 |    0.3811 |    0.3808 |    0.3807 |    0.3833 |
|   Local DRAM data volume [GByte]  |    0.0292 |    0.0126 |    0.0139 |    0.0150 |    0.0110 |    0.0178 |    2.4237 |    2.7047 |    2.6629 |    2.6485 |    2.8583 |    2.7532 |    0.0129 |    0.0157 |    0.0130 |    0.0138 |    0.0144 |    0.0137 |    2.3837 |    2.8365 |    2.4628 |    2.5109 |    2.6026 |    3.0337 |
|   Local DRAM bandwidth [MByte/s]  |    1.6018 |    0.6918 |    0.7638 |    0.8221 |    0.6037 |    0.9773 |  132.9475 |  148.3616 |  146.0703 |  145.2812 |  156.7872 |  151.0232 |    0.7086 |    0.8611 |    0.7132 |    0.7595 |    0.7877 |    0.7533 |  130.7563 |  155.5945 |  135.0923 |  137.7322 |  142.7629 |  166.4129 |
|  Remote DRAM data volume [GByte]  |    0.0028 |    0.0010 |    0.0010 |    0.0008 |    0.0009 |    0.0011 |    2.0606 |    2.4164 |    2.3429 |    2.3733 |    2.3685 |    2.2976 |    0.0050 |    0.0048 |    0.0046 |    0.0052 |    0.0070 |    0.0083 |    2.5391 |    2.9573 |    2.6622 |    2.6536 |    2.7611 |    3.1187 |
|  Remote DRAM bandwidth [MByte/s]  |    0.1530 |    0.0574 |    0.0549 |    0.0466 |    0.0497 |    0.0602 |  113.0350 |  132.5516 |  128.5195 |  130.1849 |  129.9232 |  126.0330 |    0.2726 |    0.2642 |    0.2526 |    0.2849 |    0.3831 |    0.4529 |  139.2821 |  162.2174 |  146.0342 |  145.5612 |  151.4581 |  171.0712 |
|     Memory data volume [GByte]    |    0.0320 |    0.0137 |    0.0149 |    0.0158 |    0.0119 |    0.0189 |    4.4843 |    5.1211 |    5.0058 |    5.0218 |    5.2268 |    5.0508 |    0.0179 |    0.0205 |    0.0176 |    0.0190 |    0.0213 |    0.0220 |    4.9228 |    5.7938 |    5.1250 |    5.1645 |    5.3637 |    6.1524 |
|     Memory bandwidth [MByte/s]    |    1.7548 |    0.7492 |    0.8187 |    0.8686 |    0.6534 |    1.0375 |  245.9824 |  280.9132 |  274.5898 |  275.4661 |  286.7104 |  277.0562 |    0.9812 |    1.1253 |    0.9658 |    1.0444 |    1.1708 |    1.2062 |  270.0384 |  317.8118 |  281.1265 |  283.2934 |  294.2210 |  337.4841 |
|          L3 request rate          |   42.0005 |  150.6184 |  139.8373 |  146.3414 |  143.1705 |  108.1658 |    1.3885 |    1.4372 |    1.5164 |    1.5624 |    1.6308 |    1.7559 |   92.8031 |   80.5683 |   87.0021 |   78.6623 |   63.9802 |   89.3945 |    1.7915 |    1.4780 |    1.4421 |    1.4659 |    1.4728 |    1.4979 |
|            L3 miss rate           |    0.0115 |    0.0045 |    0.0044 |    0.0038 |    0.0040 |    0.0057 |    4.2661 |    5.2473 |    4.8198 |    4.7917 |    4.9387 |    4.6594 |    0.0239 |    0.0274 |    0.0240 |    0.0291 |    0.0409 |    0.0390 |    4.0854 |    5.9277 |    5.8059 |    5.5942 |    6.2644 |    7.1370 |
|           L3 miss ratio           |    0.0955 |    0.0829 |    0.0719 |    0.0567 |    0.0823 |    0.0616 |    0.8502 |    0.8934 |    0.8798 |    0.8961 |    0.8287 |    0.8345 |    0.3846 |    0.3068 |    0.3542 |    0.3751 |    0.4863 |    0.6012 |    1.0652 |    1.0426 |    1.0810 |    1.0568 |    1.0609 |    1.0280 |
|          L2 request rate          |    0.0239 |    0.0236 |    0.0236 |    0.0230 |    0.0237 |    0.0236 |    0.0073 |    0.0073 |    0.0074 |    0.0073 |    0.0074 |    0.0074 |    0.0234 |    0.0227 |    0.0234 |    0.0235 |    0.0235 |    0.0235 |    0.0075 |    0.0074 |    0.0073 |    0.0073 |    0.0073 |    0.0072 |
|            L2 miss rate           |    0.0057 |    0.0056 |    0.0056 |    0.0051 |    0.0056 |    0.0055 |    0.0012 |    0.0012 |    0.0012 |    0.0012 |    0.0012 |    0.0012 |    0.0055 |    0.0050 |    0.0055 |    0.0055 |    0.0055 |    0.0055 |    0.0013 |    0.0012 |    0.0012 |    0.0012 |    0.0012 |    0.0012 |
|           L2 miss ratio           |    0.2374 |    0.2355 |    0.2359 |    0.2203 |    0.2349 |    0.2332 |    0.1642 |    0.1622 |    0.1641 |    0.1661 |    0.1633 |    0.1651 |    0.2340 |    0.2201 |    0.2337 |    0.2344 |    0.2324 |    0.2328 |    0.1691 |    0.1616 |    0.1632 |    0.1626 |    0.1615 |    0.1635 |
|  Memory read bandwidth [MBytes/s] | 2139.9563 |         0 |         0 |         0 |         0 |         0 |         0 |         0 |         0 |         0 |         0 |         0 | 1878.1882 |         0 |         0 |         0 |         0 |         0 |         0 |         0 |         0 |         0 |         0 |         0 |
|  Memory read data volume [GBytes] |   39.0118 |         0 |         0 |         0 |         0 |         0 |         0 |         0 |         0 |         0 |         0 |         0 |   34.2397 |         0 |         0 |         0 |         0 |         0 |         0 |         0 |         0 |         0 |         0 |         0 |
| Memory write bandwidth [MBytes/s] |  976.5510 |         0 |         0 |         0 |         0 |         0 |         0 |         0 |         0 |         0 |         0 |         0 |  564.2200 |         0 |         0 |         0 |         0 |         0 |         0 |         0 |         0 |         0 |         0 |         0 |
| Memory write data volume [GBytes] |   17.8027 |         0 |         0 |         0 |         0 |         0 |         0 |         0 |         0 |         0 |         0 |         0 |   10.2858 |         0 |         0 |         0 |         0 |         0 |         0 |         0 |         0 |         0 |         0 |         0 |
|    Memory bandwidth [MBytes/s]    | 3116.5073 |         0 |         0 |         0 |         0 |         0 |         0 |         0 |         0 |         0 |         0 |         0 | 2442.4082 |         0 |         0 |         0 |         0 |         0 |         0 |         0 |         0 |         0 |         0 |         0 |
|    Memory data volume [GBytes]    |   56.8145 |         0 |         0 |         0 |         0 |         0 |         0 |         0 |         0 |         0 |         0 |         0 |   44.5255 |         0 |         0 |         0 |         0 |         0 |         0 |         0 |         0 |         0 |         0 |         0 |
|          Temperature [C]          |        40 |        38 |        39 |        41 |        41 |        37 |        43 |        42 |        43 |        42 |        41 |        39 |        39 |        39 |        42 |        42 |        41 |        39 |        43 |        41 |        42 |        44 |        42 |        40 |
|             Energy [J]            | 1313.9695 |         0 |         0 |         0 |         0 |         0 |         0 |         0 |         0 |         0 |         0 |         0 | 1274.6466 |         0 |         0 |         0 |         0 |         0 |         0 |         0 |         0 |         0 |         0 |         0 |
|             Power [W]             |   72.0766 |         0 |         0 |         0 |         0 |         0 |         0 |         0 |         0 |         0 |         0 |         0 |   69.9196 |         0 |         0 |         0 |         0 |         0 |         0 |         0 |         0 |         0 |         0 |         0 |
|           Energy PP0 [J]          |         0 |         0 |         0 |         0 |         0 |         0 |         0 |         0 |         0 |         0 |         0 |         0 |         0 |         0 |         0 |         0 |         0 |         0 |         0 |         0 |         0 |         0 |         0 |         0 |
|           Power PP0 [W]           |         0 |         0 |         0 |         0 |         0 |         0 |         0 |         0 |         0 |         0 |         0 |         0 |         0 |         0 |         0 |         0 |         0 |         0 |         0 |         0 |         0 |         0 |         0 |         0 |
|          Energy DRAM [J]          |  133.8004 |         0 |         0 |         0 |         0 |         0 |         0 |         0 |         0 |         0 |         0 |         0 |  140.9915 |         0 |         0 |         0 |         0 |         0 |         0 |         0 |         0 |         0 |         0 |         0 |
|           Power DRAM [W]          |    7.3395 |         0 |         0 |         0 |         0 |         0 |         0 |         0 |         0 |         0 |         0 |         0 |    7.7340 |         0 |         0 |         0 |         0 |         0 |         0 |         0 |         0 |         0 |         0 |         0 |
+-----------------------------------+-----------+-----------+-----------+-----------+-----------+-----------+-----------+-----------+-----------+-----------+-----------+-----------+-----------+-----------+-----------+-----------+-----------+-----------+-----------+-----------+-----------+-----------+-----------+-----------+
+----------------------------------------+------------+-----------+-----------+-----------+
|                 Metric                 |     Sum    |    Min    |    Max    |    Avg    |
+----------------------------------------+------------+-----------+-----------+-----------+
|        Runtime (RDTSC) [s] STAT        |   437.5248 |   18.2302 |   18.2302 |   18.2302 |
|        Runtime unhalted [s] STAT       |   399.5228 |   12.7274 |   18.0172 |   16.6468 |
|            Clock [MHz] STAT            | 55099.2485 | 2288.9638 | 2299.9852 | 2295.8020 |
|                CPI STAT                |    10.5608 |    0.3783 |    0.5103 |    0.4400 |
|   Local DRAM data volume [GByte] STAT  |    32.0645 |    0.0110 |    3.0337 |    1.3360 |
|   Local DRAM bandwidth [MByte/s] STAT  |  1758.8660 |    0.6037 |  166.4129 |   73.2861 |
|  Remote DRAM data volume [GByte] STAT  |    30.5938 |    0.0008 |    3.1187 |    1.2747 |
|  Remote DRAM bandwidth [MByte/s] STAT  |  1678.2035 |    0.0466 |  171.0712 |   69.9251 |
|     Memory data volume [GByte] STAT    |    62.6583 |    0.0119 |    6.1524 |    2.6108 |
|     Memory bandwidth [MByte/s] STAT    |  3437.0692 |    0.6534 |  337.4841 |  143.2112 |
|          L3 request rate STAT          |  1240.9838 |    1.3885 |  150.6184 |   51.7077 |
|            L3 miss rate STAT           |    63.7558 |    0.0038 |    7.1370 |    2.6565 |
|           L3 miss ratio STAT           |    14.4763 |    0.0567 |    1.0810 |    0.6032 |
|          L2 request rate STAT          |     0.3695 |    0.0072 |    0.0239 |    0.0154 |
|            L2 miss rate STAT           |     0.0801 |    0.0012 |    0.0057 |    0.0033 |
|           L2 miss ratio STAT           |     4.7511 |    0.1615 |    0.2374 |    0.1980 |
|  Memory read bandwidth [MBytes/s] STAT |  4018.1445 |         0 | 2139.9563 |  167.4227 |
|  Memory read data volume [GBytes] STAT |    73.2515 |         0 |   39.0118 |    3.0521 |
| Memory write bandwidth [MBytes/s] STAT |  1540.7710 |         0 |  976.5510 |   64.1988 |
| Memory write data volume [GBytes] STAT |    28.0885 |         0 |   17.8027 |    1.1704 |
|    Memory bandwidth [MBytes/s] STAT    |  5558.9155 |         0 | 3116.5073 |  231.6215 |
|    Memory data volume [GBytes] STAT    |   101.3400 |         0 |   56.8145 |    4.2225 |
|          Temperature [C] STAT          |        980 |        37 |        44 |   40.8333 |
|             Energy [J] STAT            |  2588.6161 |         0 | 1313.9695 |  107.8590 |
|             Power [W] STAT             |   141.9962 |         0 |   72.0766 |    5.9165 |
|           Energy PP0 [J] STAT          |          0 |         0 |         0 |         0 |
|           Power PP0 [W] STAT           |          0 |         0 |         0 |         0 |
|          Energy DRAM [J] STAT          |   274.7919 |         0 |  140.9915 |   11.4497 |
|           Power DRAM [W] STAT          |    15.0735 |         0 |    7.7340 |    0.6281 |
+----------------------------------------+------------+-----------+-----------+-----------+
