--------------------------------------------------------------------------------
CPU name:	Intel(R) Xeon(R) CPU E5-2670 v3 @ 2.30GHz
CPU type:	Intel Xeon Haswell EN/EP/EX processor
CPU clock:	2.30 GHz
--------------------------------------------------------------------------------
Group 1: POWERPERF
+--------------------------------+---------+-------------+-------------+-------------+-------------+-------------+-------------+--------------+--------------+--------------+--------------+--------------+--------------+-------------+-------------+-------------+-------------+-------------+-------------+--------------+--------------+--------------+--------------+--------------+--------------+
|              Event             | Counter |    Core 0   |    Core 1   |    Core 2   |    Core 3   |    Core 4   |    Core 5   |    Core 6    |    Core 7    |    Core 8    |    Core 9    |    Core 10   |    Core 11   |   Core 12   |   Core 13   |   Core 14   |   Core 15   |   Core 16   |   Core 17   |    Core 18   |    Core 19   |    Core 20   |    Core 21   |    Core 22   |    Core 23   |
+--------------------------------+---------+-------------+-------------+-------------+-------------+-------------+-------------+--------------+--------------+--------------+--------------+--------------+--------------+-------------+-------------+-------------+-------------+-------------+-------------+--------------+--------------+--------------+--------------+--------------+--------------+
|        INSTR_RETIRED_ANY       |  FIXC0  | 78072923906 | 81976230464 | 81383516279 | 74708513315 | 81656757914 | 67626347806 |  97249617429 |  97588774149 |  97516307061 |  97564288783 |  97581188275 |  97587483137 | 70985546001 | 57788338533 | 66111811867 | 61038886165 | 58435923766 | 74474942456 |  97451176294 |  97540780426 |  97300811402 |  97345920776 |  97509235804 |  97542448648 |
|      CPU_CLK_UNHALTED_CORE     |  FIXC1  | 38534758808 | 40292108620 | 40047073075 | 36802006305 | 40428317496 | 34064549081 |  41560574295 |  41642997155 |  41656133410 |  41647666119 |  41658080367 |  41655845053 | 35695425282 | 29251976271 | 33504881769 | 31075725266 | 29791724090 | 36707343145 |  41643023212 |  41645421451 |  41640165529 |  41639490099 |  41628651852 |  41637559981 |
|      CPU_CLK_UNHALTED_REF      |  FIXC2  | 38652650506 | 40438781033 | 40193363880 | 36916753474 | 40546424874 | 34174279497 |  41560681887 |  41643070555 |  41656198334 |  41647727733 |  41658129253 |  41655902117 | 35840457572 | 29434799631 | 33666394256 | 31251028234 | 29942752423 | 36863901659 |  41643131091 |  41645511361 |  41640230561 |  41639602201 |  41628754527 |  41637618566 |
|           FIXC1/FIXC0          |   CPI   |           0 |           0 |           0 |           0 |           0 |           0 |            0 |            0 |            0 |            0 |            0 |            0 |           0 |           0 |           0 |           0 |           0 |           0 |            0 |            0 |            0 |            0 |            0 |            0 |
|  OFFCORE_RESPONSE_0_LOCAL_DRAM |   PMC0  |      803536 |        6153 |        2759 |        6878 |        3867 |        4895 |       169612 |       209819 |       211340 |       209311 |       213436 |       198912 |        5027 |        4679 |        4977 |        4244 |        4702 |        5046 |       173342 |       169053 |       171360 |       164244 |       158411 |       159971 |
| OFFCORE_RESPONSE_1_REMOTE_DRAM |   PMC1  |        8789 |        1964 |         332 |        3533 |         230 |         563 |          523 |           84 |          113 |         1455 |          131 |        12764 |        2601 |        9563 |        2817 |        3584 |        5568 |        5150 |        12495 |        13625 |        13658 |        19475 |        19088 |        18661 |
|  MEM_LOAD_UOPS_RETIRED_L3_ALL  |   PMC2  |     3789955 |     3648605 |     3633178 |     3542396 |     3585846 |     3022547 |        83500 |        76780 |        80339 |        79112 |        77750 |        79213 |     3197012 |     2736508 |     2975969 |     2754512 |     2604483 |     3243034 |        77931 |        79164 |        81488 |        79070 |        78318 |        77982 |
|  MEM_LOAD_UOPS_RETIRED_L3_MISS |   PMC3  |       71018 |        5635 |        5730 |        6560 |       12139 |       12199 |        16932 |        14488 |        14488 |        14960 |        14194 |        14197 |       27637 |       21702 |       21675 |       24614 |       28766 |       31856 |        14094 |        14721 |        13935 |        13980 |        13706 |        13922 |
|      L2_TRANS_ALL_REQUESTS     |   PMC4  |  1865177772 |  1937706209 |  1920399843 |  1715984834 |  1927452360 |  1591670790 |     12272598 |     11521618 |     11136987 |     11238490 |     11160057 |     11263796 |  1667242290 |  1305341404 |  1555504962 |  1435884928 |  1372202690 |  1749289794 |     12209299 |     12052880 |     11912136 |     11710087 |     11519742 |     11604248 |
|          L2_RQSTS_MISS         |   PMC5  |   442045520 |   457200408 |   452799596 |   378163161 |   453649975 |   373192667 |       619037 |       669573 |       669613 |       679310 |       681951 |       687323 |   390916709 |   286449512 |   365333701 |   337101914 |   320437146 |   408478902 |       681706 |       683520 |       697616 |       681932 |       675705 |       678928 |
|        UOPS_RETIRED_ALL        |   PMC6  | 90772352256 | 95371463517 | 94698370106 | 86943660965 | 95001380493 | 78727140603 | 116060603539 | 116453057734 | 116376135392 | 116427960775 | 116447557719 | 116454939544 | 82629108099 | 67287417358 | 76969224551 | 71075228578 | 68053745132 | 86718353292 | 116301995179 | 116401323652 | 116135254367 | 116184411748 | 116362576149 | 116401898474 |
|            TEMP_CORE           |   TMP0  |          40 |          37 |          38 |          38 |          39 |          37 |           39 |           39 |           40 |           41 |           39 |           37 |          37 |          38 |          38 |          39 |          39 |          37 |           41 |           40 |           40 |           43 |           41 |           38 |
|         PWR_PKG_ENERGY         |   PWR0  |   1279.4466 |           0 |           0 |           0 |           0 |           0 |            0 |            0 |            0 |            0 |            0 |            0 |   1237.6559 |           0 |           0 |           0 |           0 |           0 |            0 |            0 |            0 |            0 |            0 |            0 |
|         PWR_PP0_ENERGY         |   PWR1  |           0 |           0 |           0 |           0 |           0 |           0 |            0 |            0 |            0 |            0 |            0 |            0 |           0 |           0 |           0 |           0 |           0 |           0 |            0 |            0 |            0 |            0 |            0 |            0 |
|         PWR_DRAM_ENERGY        |   PWR3  |     85.0348 |           0 |           0 |           0 |           0 |           0 |            0 |            0 |            0 |            0 |            0 |            0 |     95.2422 |           0 |           0 |           0 |           0 |           0 |            0 |            0 |            0 |            0 |            0 |            0 |
|          CAS_COUNT_RD          | MBOX0C0 |     3313393 |           0 |           0 |           0 |           0 |           0 |            0 |            0 |            0 |            0 |            0 |            0 |     1685043 |           0 |           0 |           0 |           0 |           0 |            0 |            0 |            0 |            0 |            0 |            0 |
|          CAS_COUNT_WR          | MBOX0C1 |     2080356 |           0 |           0 |           0 |           0 |           0 |            0 |            0 |            0 |            0 |            0 |            0 |     1938181 |           0 |           0 |           0 |           0 |           0 |            0 |            0 |            0 |            0 |            0 |            0 |
|          CAS_COUNT_RD          | MBOX1C0 |     2029278 |           0 |           0 |           0 |           0 |           0 |            0 |            0 |            0 |            0 |            0 |            0 |      581042 |           0 |           0 |           0 |           0 |           0 |            0 |            0 |            0 |            0 |            0 |            0 |
|          CAS_COUNT_WR          | MBOX1C1 |     1076025 |           0 |           0 |           0 |           0 |           0 |            0 |            0 |            0 |            0 |            0 |            0 |      953362 |           0 |           0 |           0 |           0 |           0 |            0 |            0 |            0 |            0 |            0 |            0 |
|          CAS_COUNT_RD          | MBOX2C0 |           0 |           0 |           0 |           0 |           0 |           0 |            0 |            0 |            0 |            0 |            0 |            0 |           0 |           0 |           0 |           0 |           0 |           0 |            0 |            0 |            0 |            0 |            0 |            0 |
|          CAS_COUNT_WR          | MBOX2C1 |           0 |           0 |           0 |           0 |           0 |           0 |            0 |            0 |            0 |            0 |            0 |            0 |           0 |           0 |           0 |           0 |           0 |           0 |            0 |            0 |            0 |            0 |            0 |            0 |
|          CAS_COUNT_RD          | MBOX3C0 |           0 |           0 |           0 |           0 |           0 |           0 |            0 |            0 |            0 |            0 |            0 |            0 |           0 |           0 |           0 |           0 |           0 |           0 |            0 |            0 |            0 |            0 |            0 |            0 |
|          CAS_COUNT_WR          | MBOX3C1 |           0 |           0 |           0 |           0 |           0 |           0 |            0 |            0 |            0 |            0 |            0 |            0 |           0 |           0 |           0 |           0 |           0 |           0 |            0 |            0 |            0 |            0 |            0 |            0 |
|          CAS_COUNT_RD          | MBOX4C0 |     4387098 |           0 |           0 |           0 |           0 |           0 |            0 |            0 |            0 |            0 |            0 |            0 |     1529623 |           0 |           0 |           0 |           0 |           0 |            0 |            0 |            0 |            0 |            0 |            0 |
|          CAS_COUNT_WR          | MBOX4C1 |     2435710 |           0 |           0 |           0 |           0 |           0 |            0 |            0 |            0 |            0 |            0 |            0 |     1905859 |           0 |           0 |           0 |           0 |           0 |            0 |            0 |            0 |            0 |            0 |            0 |
|          CAS_COUNT_RD          | MBOX5C0 |     3354146 |           0 |           0 |           0 |           0 |           0 |            0 |            0 |            0 |            0 |            0 |            0 |      623669 |           0 |           0 |           0 |           0 |           0 |            0 |            0 |            0 |            0 |            0 |            0 |
|          CAS_COUNT_WR          | MBOX5C1 |     1495815 |           0 |           0 |           0 |           0 |           0 |            0 |            0 |            0 |            0 |            0 |            0 |      953990 |           0 |           0 |           0 |           0 |           0 |            0 |            0 |            0 |            0 |            0 |            0 |
|          CAS_COUNT_RD          | MBOX6C0 |           0 |           0 |           0 |           0 |           0 |           0 |            0 |            0 |            0 |            0 |            0 |            0 |           0 |           0 |           0 |           0 |           0 |           0 |            0 |            0 |            0 |            0 |            0 |            0 |
|          CAS_COUNT_WR          | MBOX6C1 |           0 |           0 |           0 |           0 |           0 |           0 |            0 |            0 |            0 |            0 |            0 |            0 |           0 |           0 |           0 |           0 |           0 |           0 |            0 |            0 |            0 |            0 |            0 |            0 |
|          CAS_COUNT_RD          | MBOX7C0 |           0 |           0 |           0 |           0 |           0 |           0 |            0 |            0 |            0 |            0 |            0 |            0 |           0 |           0 |           0 |           0 |           0 |           0 |            0 |            0 |            0 |            0 |            0 |            0 |
|          CAS_COUNT_WR          | MBOX7C1 |           0 |           0 |           0 |           0 |           0 |           0 |            0 |            0 |            0 |            0 |            0 |            0 |           0 |           0 |           0 |           0 |           0 |           0 |            0 |            0 |            0 |            0 |            0 |            0 |
+--------------------------------+---------+-------------+-------------+-------------+-------------+-------------+-------------+--------------+--------------+--------------+--------------+--------------+--------------+-------------+-------------+-------------+-------------+-------------+-------------+--------------+--------------+--------------+--------------+--------------+--------------+
+-------------------------------------+---------+---------------+-------------+--------------+--------------+
|                Event                | Counter |      Sum      |     Min     |      Max     |      Avg     |
+-------------------------------------+---------+---------------+-------------+--------------+--------------+
|        INSTR_RETIRED_ANY STAT       |  FIXC0  | 2024037770656 | 57788338533 |  97588774149 | 8.433491e+10 |
|      CPU_CLK_UNHALTED_CORE STAT     |  FIXC1  |  925851497731 | 29251976271 |  41658080367 | 3.857715e+10 |
|      CPU_CLK_UNHALTED_REF STAT      |  FIXC2  |  927578145225 | 29434799631 |  41658129253 | 3.864909e+10 |
|           FIXC1/FIXC0 STAT          |   CPI   |             0 |           0 |            0 |            0 |
|  OFFCORE_RESPONSE_0_LOCAL_DRAM STAT |   PMC0  |       3065574 |        2759 |       803536 |  127732.2500 |
| OFFCORE_RESPONSE_1_REMOTE_DRAM STAT |   PMC1  |        156766 |          84 |        19475 |    6531.9167 |
|  MEM_LOAD_UOPS_RETIRED_L3_ALL STAT  |   PMC2  |      39684692 |       76780 |      3789955 | 1.653529e+06 |
|  MEM_LOAD_UOPS_RETIRED_L3_MISS STAT |   PMC3  |        443148 |        5635 |        71018 |   18464.5000 |
|      L2_TRANS_ALL_REQUESTS STAT     |   PMC4  |   20183459814 |    11136987 |   1937706209 | 8.409775e+08 |
|          L2_RQSTS_MISS STAT         |   PMC5  |    4673875425 |      619037 |    457200408 | 1.947448e+08 |
|        UOPS_RETIRED_ALL STAT        |   PMC6  | 2390255159222 | 67287417358 | 116454939544 | 9.959396e+10 |
|            TEMP_CORE STAT           |   TMP0  |           935 |          37 |           43 |      38.9583 |
|         PWR_PKG_ENERGY STAT         |   PWR0  |     2517.1025 |           0 |    1279.4466 |     104.8793 |
|         PWR_PP0_ENERGY STAT         |   PWR1  |             0 |           0 |            0 |            0 |
|         PWR_DRAM_ENERGY STAT        |   PWR3  |      180.2770 |           0 |      95.2422 |       7.5115 |
|          CAS_COUNT_RD STAT          | MBOX0C0 |       4998436 |           0 |      3313393 |  208268.1667 |
|          CAS_COUNT_WR STAT          | MBOX0C1 |       4018537 |           0 |      2080356 |  167439.0417 |
|          CAS_COUNT_RD STAT          | MBOX1C0 |       2610320 |           0 |      2029278 |  108763.3333 |
|          CAS_COUNT_WR STAT          | MBOX1C1 |       2029387 |           0 |      1076025 |   84557.7917 |
|          CAS_COUNT_RD STAT          | MBOX2C0 |             0 |           0 |            0 |            0 |
|          CAS_COUNT_WR STAT          | MBOX2C1 |             0 |           0 |            0 |            0 |
|          CAS_COUNT_RD STAT          | MBOX3C0 |             0 |           0 |            0 |            0 |
|          CAS_COUNT_WR STAT          | MBOX3C1 |             0 |           0 |            0 |            0 |
|          CAS_COUNT_RD STAT          | MBOX4C0 |       5916721 |           0 |      4387098 |  246530.0417 |
|          CAS_COUNT_WR STAT          | MBOX4C1 |       4341569 |           0 |      2435710 |  180898.7083 |
|          CAS_COUNT_RD STAT          | MBOX5C0 |       3977815 |           0 |      3354146 |  165742.2917 |
|          CAS_COUNT_WR STAT          | MBOX5C1 |       2449805 |           0 |      1495815 |  102075.2083 |
|          CAS_COUNT_RD STAT          | MBOX6C0 |             0 |           0 |            0 |            0 |
|          CAS_COUNT_WR STAT          | MBOX6C1 |             0 |           0 |            0 |            0 |
|          CAS_COUNT_RD STAT          | MBOX7C0 |             0 |           0 |            0 |            0 |
|          CAS_COUNT_WR STAT          | MBOX7C1 |             0 |           0 |            0 |            0 |
+-------------------------------------+---------+---------------+-------------+--------------+--------------+
+-----------------------------------+-----------+-----------+--------------+-----------+--------------+--------------+--------------+--------------+--------------+--------------+--------------+--------------+-----------+-----------+-----------+-----------+-----------+-----------+--------------+--------------+--------------+--------------+--------------+--------------+
|               Metric              |   Core 0  |   Core 1  |    Core 2    |   Core 3  |    Core 4    |    Core 5    |    Core 6    |    Core 7    |    Core 8    |    Core 9    |    Core 10   |    Core 11   |  Core 12  |  Core 13  |  Core 14  |  Core 15  |  Core 16  |  Core 17  |    Core 18   |    Core 19   |    Core 20   |    Core 21   |    Core 22   |    Core 23   |
+-----------------------------------+-----------+-----------+--------------+-----------+--------------+--------------+--------------+--------------+--------------+--------------+--------------+--------------+-----------+-----------+-----------+-----------+-----------+-----------+--------------+--------------+--------------+--------------+--------------+--------------+
|        Runtime (RDTSC) [s]        |   18.2122 |   18.2122 |      18.2122 |   18.2122 |      18.2122 |      18.2122 |      18.2122 |      18.2122 |      18.2122 |      18.2122 |      18.2122 |      18.2122 |   18.2122 |   18.2122 |   18.2122 |   18.2122 |   18.2122 |   18.2122 |      18.2122 |      18.2122 |      18.2122 |      18.2122 |      18.2122 |      18.2122 |
|        Runtime unhalted [s]       |   16.7543 |   17.5184 |      17.4119 |   16.0010 |      17.5776 |      14.8108 |      18.0699 |      18.1058 |      18.1115 |      18.1078 |      18.1123 |      18.1113 |   15.5198 |   12.7183 |   14.5674 |   13.5113 |   12.9530 |   15.9598 |      18.1058 |      18.1068 |      18.1045 |      18.1042 |      18.0995 |      18.1034 |
|            Clock [MHz]            | 2292.9724 | 2291.6453 |    2291.6162 | 2292.8384 |    2293.2878 |    2292.6024 |    2299.9815 |    2299.9834 |    2299.9838 |    2299.9840 |    2299.9847 |    2299.9843 | 2290.6803 | 2285.7019 | 2288.9534 | 2287.0856 | 2288.3865 | 2290.2195 |    2299.9815 |    2299.9824 |    2299.9838 |    2299.9812 |    2299.9817 |    2299.9842 |
|                CPI                |    0.4936 |    0.4915 |       0.4921 |    0.4926 |       0.4951 |       0.5037 |       0.4274 |       0.4267 |       0.4272 |       0.4269 |       0.4269 |       0.4269 |    0.5029 |    0.5062 |    0.5068 |    0.5091 |    0.5098 |    0.4929 |       0.4273 |       0.4270 |       0.4280 |       0.4277 |       0.4269 |       0.4269 |
|   Local DRAM data volume [GByte]  |    0.0514 |    0.0004 |       0.0002 |    0.0004 |       0.0002 |       0.0003 |       0.0109 |       0.0134 |       0.0135 |       0.0134 |       0.0137 |       0.0127 |    0.0003 |    0.0003 |    0.0003 |    0.0003 |    0.0003 |    0.0003 |       0.0111 |       0.0108 |       0.0110 |       0.0105 |       0.0101 |       0.0102 |
|   Local DRAM bandwidth [MByte/s]  |    2.8237 |    0.0216 |       0.0097 |    0.0242 |       0.0136 |       0.0172 |       0.5960 |       0.7373 |       0.7427 |       0.7355 |       0.7500 |       0.6990 |    0.0177 |    0.0164 |    0.0175 |    0.0149 |    0.0165 |    0.0177 |       0.6091 |       0.5941 |       0.6022 |       0.5772 |       0.5567 |       0.5622 |
|  Remote DRAM data volume [GByte]  |    0.0006 |    0.0001 | 2.124800e-05 |    0.0002 | 1.472000e-05 | 3.603200e-05 | 3.347200e-05 | 5.376000e-06 | 7.232000e-06 |       0.0001 | 8.384000e-06 |       0.0008 |    0.0002 |    0.0006 |    0.0002 |    0.0002 |    0.0004 |    0.0003 |       0.0008 |       0.0009 |       0.0009 |       0.0012 |       0.0012 |       0.0012 |
|  Remote DRAM bandwidth [MByte/s]  |    0.0309 |    0.0069 |       0.0012 |    0.0124 |       0.0008 |       0.0020 |       0.0018 |       0.0003 |       0.0004 |       0.0051 |       0.0005 |       0.0449 |    0.0091 |    0.0336 |    0.0099 |    0.0126 |    0.0196 |    0.0181 |       0.0439 |       0.0479 |       0.0480 |       0.0684 |       0.0671 |       0.0656 |
|     Memory data volume [GByte]    |    0.0520 |    0.0005 |       0.0002 |    0.0007 |       0.0003 |       0.0003 |       0.0109 |       0.0134 |       0.0135 |       0.0135 |       0.0137 |       0.0135 |    0.0005 |    0.0009 |    0.0005 |    0.0005 |    0.0007 |    0.0007 |       0.0119 |       0.0117 |       0.0118 |       0.0118 |       0.0114 |       0.0114 |
|     Memory bandwidth [MByte/s]    |    2.8546 |    0.0285 |       0.0109 |    0.0366 |       0.0144 |       0.0192 |       0.5979 |       0.7376 |       0.7431 |       0.7407 |       0.7505 |       0.7439 |    0.0268 |    0.0500 |    0.0274 |    0.0275 |    0.0361 |    0.0358 |       0.6531 |       0.6420 |       0.6502 |       0.6456 |       0.6238 |       0.6277 |
|          L3 request rate          |   53.3661 |  647.4898 |     634.0625 |  539.9994 |     295.3988 |     247.7701 |       4.9315 |       5.2996 |       5.5452 |       5.2882 |       5.4777 |       5.5796 |  115.6787 |  126.0947 |  137.2996 |  111.9083 |   90.5403 |  101.8029 |       5.5294 |       5.3776 |       5.8477 |       5.6559 |       5.7141 |       5.6014 |
|            L3 miss rate           |    0.0023 |    0.0005 |       0.0001 |    0.0010 |       0.0001 |       0.0002 |       0.0063 |       0.0011 |       0.0014 |       0.0184 |       0.0017 |       0.1611 |    0.0008 |    0.0035 |    0.0009 |    0.0013 |    0.0021 |    0.0016 |       0.1603 |       0.1721 |       0.1676 |       0.2463 |       0.2437 |       0.2393 |
|           L3 miss ratio           |    0.0109 |    0.3192 |       0.1203 |    0.5137 |       0.0595 |       0.1150 |       0.0031 |       0.0004 |       0.0005 |       0.0070 |       0.0006 |       0.0642 |    0.5174 |    2.0438 |    0.5660 |    0.8445 |    1.1842 |    1.0206 |       0.0721 |       0.0806 |       0.0797 |       0.1186 |       0.1205 |       0.1167 |
|          L2 request rate          |    0.0239 |    0.0236 |       0.0236 |    0.0230 |       0.0236 |       0.0235 |       0.0001 |       0.0001 |       0.0001 |       0.0001 |       0.0001 |       0.0001 |    0.0235 |    0.0226 |    0.0235 |    0.0235 |    0.0235 |    0.0235 |       0.0001 |       0.0001 |       0.0001 |       0.0001 |       0.0001 |       0.0001 |
|            L2 miss rate           |    0.0057 |    0.0056 |       0.0056 |    0.0051 |       0.0056 |       0.0055 | 6.365444e-06 | 6.861168e-06 | 6.866677e-06 | 6.962691e-06 | 6.988550e-06 | 7.043147e-06 |    0.0055 |    0.0050 |    0.0055 |    0.0055 |    0.0055 |    0.0055 | 6.995359e-06 | 7.007531e-06 | 7.169683e-06 | 7.005245e-06 | 6.929651e-06 | 6.960334e-06 |
|           L2 miss ratio           |    0.2370 |    0.2359 |       0.2358 |    0.2204 |       0.2354 |       0.2345 |       0.0504 |       0.0581 |       0.0601 |       0.0604 |       0.0611 |       0.0610 |    0.2345 |    0.2194 |    0.2349 |    0.2348 |    0.2335 |    0.2335 |       0.0558 |       0.0567 |       0.0586 |       0.0582 |       0.0587 |       0.0585 |
|  Memory read bandwidth [MBytes/s] |   45.9786 |         0 |            0 |         0 |            0 |            0 |            0 |            0 |            0 |            0 |            0 |            0 |   15.5303 |         0 |         0 |         0 |         0 |         0 |            0 |            0 |            0 |            0 |            0 |            0 |
|  Memory read data volume [GBytes] |    0.8374 |         0 |            0 |         0 |            0 |            0 |            0 |            0 |            0 |            0 |            0 |            0 |    0.2828 |         0 |         0 |         0 |         0 |         0 |            0 |            0 |            0 |            0 |            0 |            0 |
| Memory write bandwidth [MBytes/s] |   24.9078 |         0 |            0 |         0 |            0 |            0 |            0 |            0 |            0 |            0 |            0 |            0 |   20.2111 |         0 |         0 |         0 |         0 |         0 |            0 |            0 |            0 |            0 |            0 |            0 |
| Memory write data volume [GBytes] |    0.4536 |         0 |            0 |         0 |            0 |            0 |            0 |            0 |            0 |            0 |            0 |            0 |    0.3681 |         0 |         0 |         0 |         0 |         0 |            0 |            0 |            0 |            0 |            0 |            0 |
|    Memory bandwidth [MBytes/s]    |   70.8864 |         0 |            0 |         0 |            0 |            0 |            0 |            0 |            0 |            0 |            0 |            0 |   35.7414 |         0 |         0 |         0 |         0 |         0 |            0 |            0 |            0 |            0 |            0 |            0 |
|    Memory data volume [GBytes]    |    1.2910 |         0 |            0 |         0 |            0 |            0 |            0 |            0 |            0 |            0 |            0 |            0 |    0.6509 |         0 |         0 |         0 |         0 |         0 |            0 |            0 |            0 |            0 |            0 |            0 |
|          Temperature [C]          |        40 |        37 |           38 |        38 |           39 |           37 |           39 |           39 |           40 |           41 |           39 |           37 |        37 |        38 |        38 |        39 |        39 |        37 |           41 |           40 |           40 |           43 |           41 |           38 |
|             Energy [J]            | 1279.4466 |         0 |            0 |         0 |            0 |            0 |            0 |            0 |            0 |            0 |            0 |            0 | 1237.6559 |         0 |         0 |         0 |         0 |         0 |            0 |            0 |            0 |            0 |            0 |            0 |
|             Power [W]             |   70.2522 |         0 |            0 |         0 |            0 |            0 |            0 |            0 |            0 |            0 |            0 |            0 |   67.9576 |         0 |         0 |         0 |         0 |         0 |            0 |            0 |            0 |            0 |            0 |            0 |
|           Energy PP0 [J]          |         0 |         0 |            0 |         0 |            0 |            0 |            0 |            0 |            0 |            0 |            0 |            0 |         0 |         0 |         0 |         0 |         0 |         0 |            0 |            0 |            0 |            0 |            0 |            0 |
|           Power PP0 [W]           |         0 |         0 |            0 |         0 |            0 |            0 |            0 |            0 |            0 |            0 |            0 |            0 |         0 |         0 |         0 |         0 |         0 |         0 |            0 |            0 |            0 |            0 |            0 |            0 |
|          Energy DRAM [J]          |   85.0348 |         0 |            0 |         0 |            0 |            0 |            0 |            0 |            0 |            0 |            0 |            0 |   95.2422 |         0 |         0 |         0 |         0 |         0 |            0 |            0 |            0 |            0 |            0 |            0 |
|           Power DRAM [W]          |    4.6691 |         0 |            0 |         0 |            0 |            0 |            0 |            0 |            0 |            0 |            0 |            0 |    5.2296 |         0 |         0 |         0 |         0 |         0 |            0 |            0 |            0 |            0 |            0 |            0 |
+-----------------------------------+-----------+-----------+--------------+-----------+--------------+--------------+--------------+--------------+--------------+--------------+--------------+--------------+-----------+-----------+-----------+-----------+-----------+-----------+--------------+--------------+--------------+--------------+--------------+--------------+
+----------------------------------------+------------+--------------+-----------+-----------+
|                 Metric                 |     Sum    |      Min     |    Max    |    Avg    |
+----------------------------------------+------------+--------------+-----------+-----------+
|        Runtime (RDTSC) [s] STAT        |   437.0928 |      18.2122 |   18.2122 |   18.2122 |
|        Runtime unhalted [s] STAT       |   402.5464 |      12.7183 |   18.1123 |   16.7728 |
|            Clock [MHz] STAT            | 55085.7862 |    2285.7019 | 2299.9847 | 2295.2411 |
|                CPI STAT                |    11.1221 |       0.4267 |    0.5098 |    0.4634 |
|   Local DRAM data volume [GByte] STAT  |     0.1960 |       0.0002 |    0.0514 |    0.0082 |
|   Local DRAM bandwidth [MByte/s] STAT  |    10.7727 |       0.0097 |    2.8237 |    0.4489 |
|  Remote DRAM data volume [GByte] STAT  |     0.0100 | 5.376000e-06 |    0.0012 |    0.0004 |
|  Remote DRAM bandwidth [MByte/s] STAT  |     0.5510 |       0.0003 |    0.0684 |    0.0230 |
|     Memory data volume [GByte] STAT    |     0.2063 |       0.0002 |    0.0520 |    0.0086 |
|     Memory bandwidth [MByte/s] STAT    |    11.3239 |       0.0109 |    2.8546 |    0.4718 |
|          L3 request rate STAT          |  3167.2591 |       4.9315 |  647.4898 |  131.9691 |
|            L3 miss rate STAT           |     1.4337 |       0.0001 |    0.2463 |    0.0597 |
|           L3 miss ratio STAT           |     7.9791 |       0.0004 |    2.0438 |    0.3325 |
|          L2 request rate STAT          |     0.2825 |       0.0001 |    0.0239 |    0.0118 |
|            L2 miss rate STAT           |     0.0657 | 6.365444e-06 |    0.0057 |    0.0027 |
|           L2 miss ratio STAT           |     3.4872 |       0.0504 |    0.2370 |    0.1453 |
|  Memory read bandwidth [MBytes/s] STAT |    61.5089 |            0 |   45.9786 |    2.5629 |
|  Memory read data volume [GBytes] STAT |     1.1202 |            0 |    0.8374 |    0.0467 |
| Memory write bandwidth [MBytes/s] STAT |    45.1189 |            0 |   24.9078 |    1.8800 |
| Memory write data volume [GBytes] STAT |     0.8217 |            0 |    0.4536 |    0.0342 |
|    Memory bandwidth [MBytes/s] STAT    |   106.6278 |            0 |   70.8864 |    4.4428 |
|    Memory data volume [GBytes] STAT    |     1.9419 |            0 |    1.2910 |    0.0809 |
|          Temperature [C] STAT          |        935 |           37 |        43 |   38.9583 |
|             Energy [J] STAT            |  2517.1025 |            0 | 1279.4466 |  104.8793 |
|             Power [W] STAT             |   138.2098 |            0 |   70.2522 |    5.7587 |
|           Energy PP0 [J] STAT          |          0 |            0 |         0 |         0 |
|           Power PP0 [W] STAT           |          0 |            0 |         0 |         0 |
|          Energy DRAM [J] STAT          |   180.2770 |            0 |   95.2422 |    7.5115 |
|           Power DRAM [W] STAT          |     9.8987 |            0 |    5.2296 |    0.4124 |
+----------------------------------------+------------+--------------+-----------+-----------+
