--------------------------------------------------------------------------------
CPU name:	Intel(R) Xeon(R) CPU E5-2670 v3 @ 2.30GHz
CPU type:	Intel Xeon Haswell EN/EP/EX processor
CPU clock:	2.30 GHz
--------------------------------------------------------------------------------
Group 1: POWERPERF
+--------------------------------+---------+-------------+-------------+-------------+-------------+-------------+-------------+-------------+-------------+-------------+-------------+-------------+-------------+-------------+-------------+-------------+-------------+-------------+-------------+-------------+-------------+-------------+-------------+-------------+-------------+
|              Event             | Counter |    Core 0   |    Core 1   |    Core 2   |    Core 3   |    Core 4   |    Core 5   |    Core 6   |    Core 7   |    Core 8   |    Core 9   |   Core 10   |   Core 11   |   Core 12   |   Core 13   |   Core 14   |   Core 15   |   Core 16   |   Core 17   |   Core 18   |   Core 19   |   Core 20   |   Core 21   |   Core 22   |   Core 23   |
+--------------------------------+---------+-------------+-------------+-------------+-------------+-------------+-------------+-------------+-------------+-------------+-------------+-------------+-------------+-------------+-------------+-------------+-------------+-------------+-------------+-------------+-------------+-------------+-------------+-------------+-------------+
|        INSTR_RETIRED_ANY       |  FIXC0  | 78069493620 | 81977317313 | 81385107656 | 74705022429 | 81652200999 | 67624383702 | 47031780496 | 47554782127 | 48881638418 | 49465853221 | 50201288437 | 49793894187 | 70986643821 | 57790220860 | 66113019227 | 61040349438 | 58433770113 | 74475717758 | 50049778744 | 50123229835 | 49961866009 | 49967620829 | 49547571152 | 47230194952 |
|      CPU_CLK_UNHALTED_CORE     |  FIXC1  | 38765915811 | 40543359875 | 40294043182 | 37022828703 | 40666514599 | 34267244157 | 37711233126 | 38225234687 | 39535617871 | 40057876466 | 40813907985 | 41031902447 | 35918156574 | 29440358073 | 33720688233 | 31276010906 | 29980185808 | 36943627015 | 40861271903 | 40844022570 | 40749319019 | 40741204012 | 40100203883 | 37287497363 |
|      CPU_CLK_UNHALTED_REF      |  FIXC2  | 38890296603 | 40664675464 | 40415267075 | 37146167388 | 40802569917 | 34386967374 | 37712288422 | 38230808012 | 39552389990 | 40059660671 | 40815127319 | 41031891095 | 36051541199 | 29622156205 | 33860847020 | 31417055252 | 30116949478 | 37079761673 | 40861283328 | 40844022978 | 40749322755 | 40741213507 | 40101658027 | 37287487047 |
|           FIXC1/FIXC0          |   CPI   |           0 |           0 |           0 |           0 |           0 |           0 |           0 |           0 |           0 |           0 |           0 |           0 |           0 |           0 |           0 |           0 |           0 |           0 |           0 |           0 |           0 |           0 |           0 |           0 |
|  OFFCORE_RESPONSE_0_LOCAL_DRAM |   PMC0  |     2037820 |     1678699 |     1598007 |     1450096 |     1723604 |     1784329 |   317015366 |   323739775 |   321400309 |   317800852 |   314106572 |   242846111 |     1561508 |     1424308 |     1689178 |     1518193 |     1633836 |     1709918 |   309608602 |   323160891 |   318022061 |   320325021 |   322690520 |   318259427 |
| OFFCORE_RESPONSE_1_REMOTE_DRAM |   PMC1  |      137604 |       54382 |       50050 |       50098 |       48140 |       48582 |    14695703 |     6428354 |     1784148 |     6671118 |     8910882 |    78395877 |      178577 |      143113 |      168740 |      170968 |      175561 |      181052 |    15214457 |     3329894 |     3297022 |     3183914 |     2915790 |    10620531 |
|  MEM_LOAD_UOPS_RETIRED_L3_ALL  |   PMC2  |     3656942 |     3549354 |     3485730 |     3407107 |     3486141 |     2869561 |    47770147 |    48067230 |    47490343 |    47643412 |    47169182 |    47101596 |     3094899 |     2664622 |     2931343 |     2695462 |     2534524 |     3199143 |    47069189 |    46516678 |    47010939 |    47601101 |    47440090 |    48811322 |
|  MEM_LOAD_UOPS_RETIRED_L3_MISS |   PMC3  |      134797 |       62043 |       54849 |       55123 |       58177 |       62258 |    13789236 |    13821243 |    13207477 |    13038308 |    12750507 |    12804648 |       65496 |       60663 |       65042 |       62061 |       62895 |       67110 |    12981357 |    12865721 |    12748315 |    12905813 |    12945691 |    13917529 |
|      L2_TRANS_ALL_REQUESTS     |   PMC4  |  1874465585 |  1944503850 |  1930059989 |  1720305990 |  1933862636 |  1600794586 |  3230093147 |  3222058826 |  3195145436 |  3182729020 |  3170601344 |  3197443750 |  1674901951 |  1318272840 |  1554444610 |  1441316507 |  1375662582 |  1750781693 |  3164900617 |  3168689821 |  3181038847 |  3181611563 |  3201867065 |  3273138422 |
|          L2_RQSTS_MISS         |   PMC5  |   448589335 |   461500929 |   459162073 |   380295439 |   457499437 |   377971709 |   996769444 |   998043206 |  1002424932 |   998617241 |   997010606 |   998729885 |   396855220 |   292391970 |   365373162 |   341477983 |   322501609 |   409639145 |   994141682 |   993973190 |  1001938816 |  1001241358 |  1005436378 |  1020637466 |
|        UOPS_RETIRED_ALL        |   PMC6  | 90799271812 | 95409611909 | 94737051886 | 86970478296 | 95028696341 | 78753047250 | 68015045748 | 68725510047 | 70365188225 | 70939388138 | 71856518495 | 71013403629 | 82662575191 | 67316290752 | 77001461246 | 71105361975 | 68075780096 | 86753897377 | 71572588007 | 71727168190 | 71514431535 | 71544639635 | 71102474236 | 68277520105 |
|            TEMP_CORE           |   TMP0  |          42 |          40 |          39 |          41 |          41 |          38 |          42 |          42 |          41 |          41 |          40 |          39 |          40 |          41 |          42 |          41 |          40 |          39 |          43 |          44 |          42 |          44 |          41 |          39 |
|         PWR_PKG_ENERGY         |   PWR0  |   1353.3789 |           0 |           0 |           0 |           0 |           0 |           0 |           0 |           0 |           0 |           0 |           0 |   1314.8284 |           0 |           0 |           0 |           0 |           0 |           0 |           0 |           0 |           0 |           0 |           0 |
|         PWR_PP0_ENERGY         |   PWR1  |           0 |           0 |           0 |           0 |           0 |           0 |           0 |           0 |           0 |           0 |           0 |           0 |           0 |           0 |           0 |           0 |           0 |           0 |           0 |           0 |           0 |           0 |           0 |           0 |
|         PWR_DRAM_ENERGY        |   PWR3  |    198.3895 |           0 |           0 |           0 |           0 |           0 |           0 |           0 |           0 |           0 |           0 |           0 |    217.1331 |           0 |           0 |           0 |           0 |           0 |           0 |           0 |           0 |           0 |           0 |           0 |
|          CAS_COUNT_RD          | MBOX0C0 |   912608706 |           0 |           0 |           0 |           0 |           0 |           0 |           0 |           0 |           0 |           0 |           0 |   979479392 |           0 |           0 |           0 |           0 |           0 |           0 |           0 |           0 |           0 |           0 |           0 |
|          CAS_COUNT_WR          | MBOX0C1 |   285027861 |           0 |           0 |           0 |           0 |           0 |           0 |           0 |           0 |           0 |           0 |           0 |   315613153 |           0 |           0 |           0 |           0 |           0 |           0 |           0 |           0 |           0 |           0 |           0 |
|          CAS_COUNT_RD          | MBOX1C0 |   913240017 |           0 |           0 |           0 |           0 |           0 |           0 |           0 |           0 |           0 |           0 |           0 |   978617054 |           0 |           0 |           0 |           0 |           0 |           0 |           0 |           0 |           0 |           0 |           0 |
|          CAS_COUNT_WR          | MBOX1C1 |   285854036 |           0 |           0 |           0 |           0 |           0 |           0 |           0 |           0 |           0 |           0 |           0 |   314671234 |           0 |           0 |           0 |           0 |           0 |           0 |           0 |           0 |           0 |           0 |           0 |
|          CAS_COUNT_RD          | MBOX2C0 |           0 |           0 |           0 |           0 |           0 |           0 |           0 |           0 |           0 |           0 |           0 |           0 |           0 |           0 |           0 |           0 |           0 |           0 |           0 |           0 |           0 |           0 |           0 |           0 |
|          CAS_COUNT_WR          | MBOX2C1 |           0 |           0 |           0 |           0 |           0 |           0 |           0 |           0 |           0 |           0 |           0 |           0 |           0 |           0 |           0 |           0 |           0 |           0 |           0 |           0 |           0 |           0 |           0 |           0 |
|          CAS_COUNT_RD          | MBOX3C0 |           0 |           0 |           0 |           0 |           0 |           0 |           0 |           0 |           0 |           0 |           0 |           0 |           0 |           0 |           0 |           0 |           0 |           0 |           0 |           0 |           0 |           0 |           0 |           0 |
|          CAS_COUNT_WR          | MBOX3C1 |           0 |           0 |           0 |           0 |           0 |           0 |           0 |           0 |           0 |           0 |           0 |           0 |           0 |           0 |           0 |           0 |           0 |           0 |           0 |           0 |           0 |           0 |           0 |           0 |
|          CAS_COUNT_RD          | MBOX4C0 |   913189245 |           0 |           0 |           0 |           0 |           0 |           0 |           0 |           0 |           0 |           0 |           0 |   979600240 |           0 |           0 |           0 |           0 |           0 |           0 |           0 |           0 |           0 |           0 |           0 |
|          CAS_COUNT_WR          | MBOX4C1 |   285371648 |           0 |           0 |           0 |           0 |           0 |           0 |           0 |           0 |           0 |           0 |           0 |   315739004 |           0 |           0 |           0 |           0 |           0 |           0 |           0 |           0 |           0 |           0 |           0 |
|          CAS_COUNT_RD          | MBOX5C0 |   913884809 |           0 |           0 |           0 |           0 |           0 |           0 |           0 |           0 |           0 |           0 |           0 |   978573142 |           0 |           0 |           0 |           0 |           0 |           0 |           0 |           0 |           0 |           0 |           0 |
|          CAS_COUNT_WR          | MBOX5C1 |   286283092 |           0 |           0 |           0 |           0 |           0 |           0 |           0 |           0 |           0 |           0 |           0 |   314808742 |           0 |           0 |           0 |           0 |           0 |           0 |           0 |           0 |           0 |           0 |           0 |
|          CAS_COUNT_RD          | MBOX6C0 |           0 |           0 |           0 |           0 |           0 |           0 |           0 |           0 |           0 |           0 |           0 |           0 |           0 |           0 |           0 |           0 |           0 |           0 |           0 |           0 |           0 |           0 |           0 |           0 |
|          CAS_COUNT_WR          | MBOX6C1 |           0 |           0 |           0 |           0 |           0 |           0 |           0 |           0 |           0 |           0 |           0 |           0 |           0 |           0 |           0 |           0 |           0 |           0 |           0 |           0 |           0 |           0 |           0 |           0 |
|          CAS_COUNT_RD          | MBOX7C0 |           0 |           0 |           0 |           0 |           0 |           0 |           0 |           0 |           0 |           0 |           0 |           0 |           0 |           0 |           0 |           0 |           0 |           0 |           0 |           0 |           0 |           0 |           0 |           0 |
|          CAS_COUNT_WR          | MBOX7C1 |           0 |           0 |           0 |           0 |           0 |           0 |           0 |           0 |           0 |           0 |           0 |           0 |           0 |           0 |           0 |           0 |           0 |           0 |           0 |           0 |           0 |           0 |           0 |           0 |
+--------------------------------+---------+-------------+-------------+-------------+-------------+-------------+-------------+-------------+-------------+-------------+-------------+-------------+-------------+-------------+-------------+-------------+-------------+-------------+-------------+-------------+-------------+-------------+-------------+-------------+-------------+
+-------------------------------------+---------+---------------+-------------+-------------+--------------+
|                Event                | Counter |      Sum      |     Min     |     Max     |      Avg     |
+-------------------------------------+---------+---------------+-------------+-------------+--------------+
|        INSTR_RETIRED_ANY STAT       |  FIXC0  | 1444062745343 | 47031780496 | 81977317313 | 6.016928e+10 |
|      CPU_CLK_UNHALTED_CORE STAT     |  FIXC1  |  906798224268 | 29440358073 | 41031902447 | 3.778326e+10 |
|      CPU_CLK_UNHALTED_REF STAT      |  FIXC2  |  908441407799 | 29622156205 | 41031891095 | 3.785173e+10 |
|           FIXC1/FIXC0 STAT          |   CPI   |             0 |           0 |           0 |            0 |
|  OFFCORE_RESPONSE_0_LOCAL_DRAM STAT |   PMC0  |    3768785003 |     1424308 |   323739775 | 1.570327e+08 |
| OFFCORE_RESPONSE_1_REMOTE_DRAM STAT |   PMC1  |     156854557 |       48140 |    78395877 | 6.535607e+06 |
|  MEM_LOAD_UOPS_RETIRED_L3_ALL STAT  |   PMC2  |     607266057 |     2534524 |    48811322 | 2.530275e+07 |
|  MEM_LOAD_UOPS_RETIRED_L3_MISS STAT |   PMC3  |     158586359 |       54849 |    13917529 | 6.607765e+06 |
|      L2_TRANS_ALL_REQUESTS STAT     |   PMC4  |   58488690677 |  1318272840 |  3273138422 | 2.437029e+09 |
|          L2_RQSTS_MISS STAT         |   PMC5  |   16722222215 |   292391970 |  1020637466 | 6.967593e+08 |
|        UOPS_RETIRED_ALL STAT        |   PMC6  | 1841267400121 | 67316290752 | 95409611909 | 7.671948e+10 |
|            TEMP_CORE STAT           |   TMP0  |           982 |          38 |          44 |      40.9167 |
|         PWR_PKG_ENERGY STAT         |   PWR0  |     2668.2073 |           0 |   1353.3789 |     111.1753 |
|         PWR_PP0_ENERGY STAT         |   PWR1  |             0 |           0 |           0 |            0 |
|         PWR_DRAM_ENERGY STAT        |   PWR3  |      415.5226 |           0 |    217.1331 |      17.3134 |
|          CAS_COUNT_RD STAT          | MBOX0C0 |    1892088098 |           0 |   979479392 | 7.883700e+07 |
|          CAS_COUNT_WR STAT          | MBOX0C1 |     600641014 |           0 |   315613153 | 2.502671e+07 |
|          CAS_COUNT_RD STAT          | MBOX1C0 |    1891857071 |           0 |   978617054 | 7.882738e+07 |
|          CAS_COUNT_WR STAT          | MBOX1C1 |     600525270 |           0 |   314671234 | 2.502189e+07 |
|          CAS_COUNT_RD STAT          | MBOX2C0 |             0 |           0 |           0 |            0 |
|          CAS_COUNT_WR STAT          | MBOX2C1 |             0 |           0 |           0 |            0 |
|          CAS_COUNT_RD STAT          | MBOX3C0 |             0 |           0 |           0 |            0 |
|          CAS_COUNT_WR STAT          | MBOX3C1 |             0 |           0 |           0 |            0 |
|          CAS_COUNT_RD STAT          | MBOX4C0 |    1892789485 |           0 |   979600240 | 7.886623e+07 |
|          CAS_COUNT_WR STAT          | MBOX4C1 |     601110652 |           0 |   315739004 | 2.504628e+07 |
|          CAS_COUNT_RD STAT          | MBOX5C0 |    1892457951 |           0 |   978573142 | 7.885241e+07 |
|          CAS_COUNT_WR STAT          | MBOX5C1 |     601091834 |           0 |   314808742 | 2.504549e+07 |
|          CAS_COUNT_RD STAT          | MBOX6C0 |             0 |           0 |           0 |            0 |
|          CAS_COUNT_WR STAT          | MBOX6C1 |             0 |           0 |           0 |            0 |
|          CAS_COUNT_RD STAT          | MBOX7C0 |             0 |           0 |           0 |            0 |
|          CAS_COUNT_WR STAT          | MBOX7C1 |             0 |           0 |           0 |            0 |
+-------------------------------------+---------+---------------+-------------+-------------+--------------+
+-----------------------------------+------------+-----------+-----------+-----------+-----------+-----------+-----------+-----------+-----------+-----------+-----------+-----------+------------+-----------+-----------+-----------+-----------+-----------+-----------+-----------+-----------+-----------+-----------+-----------+
|               Metric              |   Core 0   |   Core 1  |   Core 2  |   Core 3  |   Core 4  |   Core 5  |   Core 6  |   Core 7  |   Core 8  |   Core 9  |  Core 10  |  Core 11  |   Core 12  |  Core 13  |  Core 14  |  Core 15  |  Core 16  |  Core 17  |  Core 18  |  Core 19  |  Core 20  |  Core 21  |  Core 22  |  Core 23  |
+-----------------------------------+------------+-----------+-----------+-----------+-----------+-----------+-----------+-----------+-----------+-----------+-----------+-----------+------------+-----------+-----------+-----------+-----------+-----------+-----------+-----------+-----------+-----------+-----------+-----------+
|        Runtime (RDTSC) [s]        |    18.3472 |   18.3472 |   18.3472 |   18.3472 |   18.3472 |   18.3472 |   18.3472 |   18.3472 |   18.3472 |   18.3472 |   18.3472 |   18.3472 |    18.3472 |   18.3472 |   18.3472 |   18.3472 |   18.3472 |   18.3472 |   18.3472 |   18.3472 |   18.3472 |   18.3472 |   18.3472 |   18.3472 |
|        Runtime unhalted [s]       |    16.8554 |   17.6282 |   17.5198 |   16.0975 |   17.6818 |   14.8994 |   16.3968 |   16.6203 |   17.1901 |   17.4171 |   17.7459 |   17.8407 |    15.6172 |   12.8007 |   14.6617 |   13.5988 |   13.0354 |   16.0631 |   17.7665 |   17.7590 |   17.7178 |   17.7143 |   17.4356 |   16.2126 |
|            Clock [MHz]            |  2292.5546 | 2293.0489 | 2293.0118 | 2292.2737 | 2292.2413 | 2291.9028 | 2299.8459 | 2299.5750 | 2298.9350 | 2299.8078 | 2299.8416 | 2299.9109 |  2291.4010 | 2285.7952 | 2290.3904 | 2289.5850 | 2289.4662 | 2291.4664 | 2299.9096 | 2299.9103 | 2299.9101 | 2299.9097 | 2299.8269 | 2299.9109 |
|                CPI                |     0.4966 |    0.4946 |    0.4951 |    0.4956 |    0.4980 |    0.5067 |    0.8018 |    0.8038 |    0.8088 |    0.8098 |    0.8130 |    0.8240 |     0.5060 |    0.5094 |    0.5100 |    0.5124 |    0.5131 |    0.4960 |    0.8164 |    0.8149 |    0.8156 |    0.8154 |    0.8093 |    0.7895 |
|   Local DRAM data volume [GByte]  |     0.1304 |    0.1074 |    0.1023 |    0.0928 |    0.1103 |    0.1142 |   20.2890 |   20.7193 |   20.5696 |   20.3393 |   20.1028 |   15.5422 |     0.0999 |    0.0912 |    0.1081 |    0.0972 |    0.1046 |    0.1094 |   19.8150 |   20.6823 |   20.3534 |   20.5008 |   20.6522 |   20.3686 |
|   Local DRAM bandwidth [MByte/s]  |     7.1085 |    5.8557 |    5.5743 |    5.0583 |    6.0124 |    6.2242 | 1105.8339 | 1129.2904 | 1121.1297 | 1108.5739 | 1095.6872 |  847.1118 |     5.4470 |    4.9684 |    5.8923 |    5.2959 |    5.6993 |    5.9646 | 1079.9971 | 1127.2711 | 1109.3455 | 1117.3789 | 1125.6303 | 1110.1735 |
|  Remote DRAM data volume [GByte]  |     0.0088 |    0.0035 |    0.0032 |    0.0032 |    0.0031 |    0.0031 |    0.9405 |    0.4114 |    0.1142 |    0.4270 |    0.5703 |    5.0173 |     0.0114 |    0.0092 |    0.0108 |    0.0109 |    0.0112 |    0.0116 |    0.9737 |    0.2131 |    0.2110 |    0.2038 |    0.1866 |    0.6797 |
|  Remote DRAM bandwidth [MByte/s]  |     0.4800 |    0.1897 |    0.1746 |    0.1748 |    0.1679 |    0.1695 |   51.2625 |   22.4238 |    6.2236 |   23.2706 |   31.0835 |  273.4657 |     0.6229 |    0.4992 |    0.5886 |    0.5964 |    0.6124 |    0.6316 |   53.0721 |   11.6156 |   11.5009 |   11.1063 |   10.1711 |   37.0472 |
|     Memory data volume [GByte]    |     0.1392 |    0.1109 |    0.1055 |    0.0960 |    0.1134 |    0.1173 |   21.2295 |   21.1308 |   20.6838 |   20.7662 |   20.6731 |   20.5595 |     0.1114 |    0.1003 |    0.1189 |    0.1081 |    0.1158 |    0.1210 |   20.7887 |   20.8954 |   20.5644 |   20.7046 |   20.8388 |   21.0483 |
|     Memory bandwidth [MByte/s]    |     7.5885 |    6.0454 |    5.7489 |    5.2331 |    6.1803 |    6.3937 | 1157.0964 | 1151.7142 | 1127.3533 | 1131.8445 | 1126.7708 | 1120.5775 |     6.0699 |    5.4676 |    6.4809 |    5.8922 |    6.3117 |    6.5962 | 1133.0692 | 1138.8867 | 1120.8464 | 1128.4852 | 1135.8014 | 1147.2207 |
|          L3 request rate          |    27.1293 |   57.2080 |   63.5514 |   61.8092 |   59.9230 |   46.0914 |    3.4643 |    3.4778 |    3.5957 |    3.6541 |    3.6994 |    3.6785 |    47.2533 |   43.9250 |   45.0685 |   43.4325 |   40.2977 |   47.6701 |    3.6259 |    3.6156 |    3.6876 |    3.6883 |    3.6645 |    3.5072 |
|            L3 miss rate           |     0.0376 |    0.0153 |    0.0144 |    0.0147 |    0.0138 |    0.0169 |    0.3076 |    0.1337 |    0.0376 |    0.1400 |    0.1889 |    1.6644 |     0.0577 |    0.0537 |    0.0576 |    0.0634 |    0.0693 |    0.0566 |    0.3232 |    0.0716 |    0.0701 |    0.0669 |    0.0615 |    0.2176 |
|           L3 miss ratio           |     0.0675 |    0.0324 |    0.0313 |    0.0345 |    0.0279 |    0.0272 |    0.0464 |    0.0199 |    0.0056 |    0.0210 |    0.0284 |    0.3228 |     0.1144 |    0.1005 |    0.0999 |    0.1126 |    0.1075 |    0.1059 |    0.0491 |    0.0103 |    0.0104 |    0.0099 |    0.0090 |    0.0334 |
|          L2 request rate          |     0.0240 |    0.0237 |    0.0237 |    0.0230 |    0.0237 |    0.0237 |    0.0687 |    0.0678 |    0.0654 |    0.0643 |    0.0632 |    0.0642 |     0.0236 |    0.0228 |    0.0235 |    0.0236 |    0.0235 |    0.0235 |    0.0632 |    0.0632 |    0.0637 |    0.0637 |    0.0646 |    0.0693 |
|            L2 miss rate           |     0.0057 |    0.0056 |    0.0056 |    0.0051 |    0.0056 |    0.0056 |    0.0212 |    0.0210 |    0.0205 |    0.0202 |    0.0199 |    0.0201 |     0.0056 |    0.0051 |    0.0055 |    0.0056 |    0.0055 |    0.0055 |    0.0199 |    0.0198 |    0.0201 |    0.0200 |    0.0203 |    0.0216 |
|           L2 miss ratio           |     0.2393 |    0.2373 |    0.2379 |    0.2211 |    0.2366 |    0.2361 |    0.3086 |    0.3098 |    0.3137 |    0.3138 |    0.3145 |    0.3124 |     0.2369 |    0.2218 |    0.2351 |    0.2369 |    0.2344 |    0.2340 |    0.3141 |    0.3137 |    0.3150 |    0.3147 |    0.3140 |    0.3118 |
|  Memory read bandwidth [MBytes/s] | 12742.3660 |         0 |         0 |         0 |         0 |         0 |         0 |         0 |         0 |         0 |         0 |         0 | 13660.9905 |         0 |         0 |         0 |         0 |         0 |         0 |         0 |         0 |         0 |         0 |         0 |
|  Memory read data volume [GBytes] |   233.7871 |         0 |         0 |         0 |         0 |         0 |         0 |         0 |         0 |         0 |         0 |         0 |   250.6413 |         0 |         0 |         0 |         0 |         0 |         0 |         0 |         0 |         0 |         0 |         0 |
| Memory write bandwidth [MBytes/s] |  3985.4716 |         0 |         0 |         0 |         0 |         0 |         0 |         0 |         0 |         0 |         0 |         0 |  4398.1177 |         0 |         0 |         0 |         0 |         0 |         0 |         0 |         0 |         0 |         0 |         0 |
| Memory write data volume [GBytes] |    73.1223 |         0 |         0 |         0 |         0 |         0 |         0 |         0 |         0 |         0 |         0 |         0 |    80.6933 |         0 |         0 |         0 |         0 |         0 |         0 |         0 |         0 |         0 |         0 |         0 |
|    Memory bandwidth [MBytes/s]    | 16727.8376 |         0 |         0 |         0 |         0 |         0 |         0 |         0 |         0 |         0 |         0 |         0 | 18059.1083 |         0 |         0 |         0 |         0 |         0 |         0 |         0 |         0 |         0 |         0 |         0 |
|    Memory data volume [GBytes]    |   306.9094 |         0 |         0 |         0 |         0 |         0 |         0 |         0 |         0 |         0 |         0 |         0 |   331.3345 |         0 |         0 |         0 |         0 |         0 |         0 |         0 |         0 |         0 |         0 |         0 |
|          Temperature [C]          |         42 |        40 |        39 |        41 |        41 |        38 |        42 |        42 |        41 |        41 |        40 |        39 |         40 |        41 |        42 |        41 |        40 |        39 |        43 |        44 |        42 |        44 |        41 |        39 |
|             Energy [J]            |  1353.3789 |         0 |         0 |         0 |         0 |         0 |         0 |         0 |         0 |         0 |         0 |         0 |  1314.8284 |         0 |         0 |         0 |         0 |         0 |         0 |         0 |         0 |         0 |         0 |         0 |
|             Power [W]             |    73.7648 |         0 |         0 |         0 |         0 |         0 |         0 |         0 |         0 |         0 |         0 |         0 |    71.6636 |         0 |         0 |         0 |         0 |         0 |         0 |         0 |         0 |         0 |         0 |         0 |
|           Energy PP0 [J]          |          0 |         0 |         0 |         0 |         0 |         0 |         0 |         0 |         0 |         0 |         0 |         0 |          0 |         0 |         0 |         0 |         0 |         0 |         0 |         0 |         0 |         0 |         0 |         0 |
|           Power PP0 [W]           |          0 |         0 |         0 |         0 |         0 |         0 |         0 |         0 |         0 |         0 |         0 |         0 |          0 |         0 |         0 |         0 |         0 |         0 |         0 |         0 |         0 |         0 |         0 |         0 |
|          Energy DRAM [J]          |   198.3895 |         0 |         0 |         0 |         0 |         0 |         0 |         0 |         0 |         0 |         0 |         0 |   217.1331 |         0 |         0 |         0 |         0 |         0 |         0 |         0 |         0 |         0 |         0 |         0 |
|           Power DRAM [W]          |    10.8131 |         0 |         0 |         0 |         0 |         0 |         0 |         0 |         0 |         0 |         0 |         0 |    11.8347 |         0 |         0 |         0 |         0 |         0 |         0 |         0 |         0 |         0 |         0 |         0 |
+-----------------------------------+------------+-----------+-----------+-----------+-----------+-----------+-----------+-----------+-----------+-----------+-----------+-----------+------------+-----------+-----------+-----------+-----------+-----------+-----------+-----------+-----------+-----------+-----------+-----------+
+----------------------------------------+------------+-----------+------------+-----------+
|                 Metric                 |     Sum    |    Min    |     Max    |    Avg    |
+----------------------------------------+------------+-----------+------------+-----------+
|        Runtime (RDTSC) [s] STAT        |   440.3328 |   18.3472 |    18.3472 |   18.3472 |
|        Runtime unhalted [s] STAT       |   394.2757 |   12.8007 |    17.8407 |   16.4282 |
|            Clock [MHz] STAT            | 55090.4310 | 2285.7952 |  2299.9109 | 2295.4346 |
|                CPI STAT                |    15.7558 |    0.4946 |     0.8240 |    0.6565 |
|   Local DRAM data volume [GByte] STAT  |   241.2023 |    0.0912 |    20.7193 |   10.0501 |
|   Local DRAM bandwidth [MByte/s] STAT  | 13146.5242 |    4.9684 |  1129.2904 |  547.7718 |
|  Remote DRAM data volume [GByte] STAT  |    10.0386 |    0.0031 |     5.0173 |    0.4183 |
|  Remote DRAM bandwidth [MByte/s] STAT  |   547.1505 |    0.1679 |   273.4657 |   22.7979 |
|     Memory data volume [GByte] STAT    |   251.2409 |    0.0960 |    21.2295 |   10.4684 |
|     Memory bandwidth [MByte/s] STAT    | 13693.6747 |    5.2331 |  1157.0964 |  570.5698 |
|          L3 request rate STAT          |   626.7183 |    3.4643 |    63.5514 |   26.1133 |
|            L3 miss rate STAT           |     3.7541 |    0.0138 |     1.6644 |    0.1564 |
|           L3 miss ratio STAT           |     1.4278 |    0.0056 |     0.3228 |    0.0595 |
|          L2 request rate STAT          |     1.0636 |    0.0228 |     0.0693 |    0.0443 |
|            L2 miss rate STAT           |     0.3106 |    0.0051 |     0.0216 |    0.0129 |
|           L2 miss ratio STAT           |     6.5635 |    0.2211 |     0.3150 |    0.2735 |
|  Memory read bandwidth [MBytes/s] STAT | 26403.3565 |         0 | 13660.9905 | 1100.1399 |
|  Memory read data volume [GBytes] STAT |   484.4284 |         0 |   250.6413 |   20.1845 |
| Memory write bandwidth [MBytes/s] STAT |  8383.5893 |         0 |  4398.1177 |  349.3162 |
| Memory write data volume [GBytes] STAT |   153.8156 |         0 |    80.6933 |    6.4090 |
|    Memory bandwidth [MBytes/s] STAT    | 34786.9459 |         0 | 18059.1083 | 1449.4561 |
|    Memory data volume [GBytes] STAT    |   638.2439 |         0 |   331.3345 |   26.5935 |
|          Temperature [C] STAT          |        982 |        38 |         44 |   40.9167 |
|             Energy [J] STAT            |  2668.2073 |         0 |  1353.3789 |  111.1753 |
|             Power [W] STAT             |   145.4284 |         0 |    73.7648 |    6.0595 |
|           Energy PP0 [J] STAT          |          0 |         0 |          0 |         0 |
|           Power PP0 [W] STAT           |          0 |         0 |          0 |         0 |
|          Energy DRAM [J] STAT          |   415.5226 |         0 |   217.1331 |   17.3134 |
|           Power DRAM [W] STAT          |    22.6478 |         0 |    11.8347 |    0.9437 |
+----------------------------------------+------------+-----------+------------+-----------+
