--------------------------------------------------------------------------------
CPU name:	Intel(R) Xeon(R) CPU E5-2670 v3 @ 2.30GHz
CPU type:	Intel Xeon Haswell EN/EP/EX processor
CPU clock:	2.30 GHz
--------------------------------------------------------------------------------
Group 1: POWERPERF
+--------------------------------+---------+-------------+-------------+-------------+-------------+-------------+-------------+-------------+-------------+-------------+-------------+-------------+-------------+-------------+-------------+-------------+-------------+-------------+-------------+-------------+-------------+-------------+-------------+-------------+-------------+
|              Event             | Counter |    Core 0   |    Core 1   |    Core 2   |    Core 3   |    Core 4   |    Core 5   |    Core 6   |    Core 7   |    Core 8   |    Core 9   |   Core 10   |   Core 11   |   Core 12   |   Core 13   |   Core 14   |   Core 15   |   Core 16   |   Core 17   |   Core 18   |   Core 19   |   Core 20   |   Core 21   |   Core 22   |   Core 23   |
+--------------------------------+---------+-------------+-------------+-------------+-------------+-------------+-------------+-------------+-------------+-------------+-------------+-------------+-------------+-------------+-------------+-------------+-------------+-------------+-------------+-------------+-------------+-------------+-------------+-------------+-------------+
|        INSTR_RETIRED_ANY       |  FIXC0  | 78070301407 | 81979124277 | 81384476939 | 74707911803 | 81655881703 | 67627033277 | 73043251811 | 76546760961 | 75687355631 | 74595762487 | 77601056087 | 74701246601 | 70989609156 | 57788844320 | 66115801799 | 61043163598 | 58436586026 | 74475509665 | 75512351421 | 72566288057 | 73790504136 | 73487934452 | 73992453354 | 76495919125 |
|      CPU_CLK_UNHALTED_CORE     |  FIXC1  | 38545219604 | 40309245319 | 40057553795 | 36815021663 | 40436736318 | 34081817482 | 41521517733 | 41554874728 | 41569956838 | 41570879703 | 41564907981 | 41563512494 | 35721386405 | 29264633744 | 33525625300 | 31102479151 | 29812548942 | 36724047267 | 41572833640 | 41575497311 | 41594723851 | 41599855315 | 41532966863 | 41527716780 |
|      CPU_CLK_UNHALTED_REF      |  FIXC2  | 38652689790 | 40426844102 | 40197682153 | 36938666563 | 40525866186 | 34197684918 | 41521532598 | 41554884737 | 41569924529 | 41570857961 | 41564941073 | 41563539085 | 35839780751 | 29425496246 | 33646127576 | 31238300816 | 29939222084 | 36870163846 | 41572844057 | 41575508791 | 41594700750 | 41599829451 | 41532962494 | 41527723761 |
|           FIXC1/FIXC0          |   CPI   |           0 |           0 |           0 |           0 |           0 |           0 |           0 |           0 |           0 |           0 |           0 |           0 |           0 |           0 |           0 |           0 |           0 |           0 |           0 |           0 |           0 |           0 |           0 |           0 |
|  OFFCORE_RESPONSE_0_LOCAL_DRAM |   PMC0  |      799623 |      274241 |      312979 |      357836 |      282416 |      468983 |   105246988 |   105506103 |   105295746 |   105103865 |   105629874 |   105354832 |      278283 |      336744 |      279383 |      293140 |      308652 |      286251 |   104832632 |   104832718 |   104474904 |   104949890 |   104979406 |   105251705 |
| OFFCORE_RESPONSE_1_REMOTE_DRAM |   PMC1  |       74896 |       22325 |       19180 |       21067 |       17789 |       19049 |       15576 |      193960 |       82283 |       81345 |      112898 |      106504 |      293084 |      172631 |      180223 |      167619 |      209335 |      230477 |      821683 |      194906 |      568488 |      237453 |      284896 |      263509 |
|  MEM_LOAD_UOPS_RETIRED_L3_ALL  |   PMC2  |     3635335 |     3532809 |     3472964 |     3477764 |     3457466 |     2913805 |   109565308 |   108850856 |   108977054 |   108460298 |   108793315 |   109829032 |     3123131 |     2619130 |     2939568 |     2688603 |     2558427 |     3237349 |   109233965 |   109093950 |   109234218 |   109062870 |   108882637 |   109048549 |
|  MEM_LOAD_UOPS_RETIRED_L3_MISS |   PMC3  |      124207 |       34173 |       35815 |       36372 |       33135 |       38898 |   103950629 |   104151381 |   104012173 |   103849770 |   104044644 |   103930821 |       54910 |       43788 |       51144 |       50108 |       52939 |       53936 |   104402359 |   104206004 |   104036724 |   104117021 |   104023407 |   104171950 |
|      L2_TRANS_ALL_REQUESTS     |   PMC4  |  1866502138 |  1938722411 |  1922184294 |  1717065527 |  1927013451 |  1596483667 |   938688987 |   951314138 |   965248054 |   946438545 |   954520715 |   950655946 |  1661022767 |  1309473008 |  1554812619 |  1432747655 |  1370780525 |  1752380118 |   955465947 |   937137805 |   944087754 |   942525739 |   942069513 |   956768668 |
|          L2_RQSTS_MISS         |   PMC5  |   442943943 |   458096783 |   453242293 |   378123823 |   453022751 |   374891879 |   157422497 |   157468226 |   157237625 |   155766765 |   156762113 |   159166189 |   388445612 |   287519350 |   364634520 |   335418044 |   319127396 |   409411544 |   157127064 |   156045050 |   156471095 |   156520961 |   156391837 |   157407901 |
|        UOPS_RETIRED_ALL        |   PMC6  | 90771264320 | 95380938255 | 94703154152 | 86946135793 | 95002558605 | 78731022377 | 92859712734 | 97295317822 | 96206580393 | 94814360602 | 98629649030 | 94955998645 | 82639518735 | 67290536074 | 76979728421 | 71085921648 | 68057442203 | 86722100221 | 95980216133 | 92250275880 | 93798141096 | 93412145236 | 94054711767 | 97228854055 |
|            TEMP_CORE           |   TMP0  |          41 |          38 |          39 |          40 |          40 |          36 |          39 |          41 |          41 |          42 |          39 |          38 |          38 |          38 |          41 |          39 |          39 |          39 |          42 |          41 |          41 |          43 |          41 |          38 |
|         PWR_PKG_ENERGY         |   PWR0  |   1318.1578 |           0 |           0 |           0 |           0 |           0 |           0 |           0 |           0 |           0 |           0 |           0 |   1275.4160 |           0 |           0 |           0 |           0 |           0 |           0 |           0 |           0 |           0 |           0 |           0 |
|         PWR_PP0_ENERGY         |   PWR1  |           0 |           0 |           0 |           0 |           0 |           0 |           0 |           0 |           0 |           0 |           0 |           0 |           0 |           0 |           0 |           0 |           0 |           0 |           0 |           0 |           0 |           0 |           0 |           0 |
|         PWR_DRAM_ENERGY        |   PWR3  |    148.3751 |           0 |           0 |           0 |           0 |           0 |           0 |           0 |           0 |           0 |           0 |           0 |    156.6581 |           0 |           0 |           0 |           0 |           0 |           0 |           0 |           0 |           0 |           0 |           0 |
|          CAS_COUNT_RD          | MBOX0C0 |   197763996 |           0 |           0 |           0 |           0 |           0 |           0 |           0 |           0 |           0 |           0 |           0 |   178752995 |           0 |           0 |           0 |           0 |           0 |           0 |           0 |           0 |           0 |           0 |           0 |
|          CAS_COUNT_WR          | MBOX0C1 |   165859107 |           0 |           0 |           0 |           0 |           0 |           0 |           0 |           0 |           0 |           0 |           0 |   164190101 |           0 |           0 |           0 |           0 |           0 |           0 |           0 |           0 |           0 |           0 |           0 |
|          CAS_COUNT_RD          | MBOX1C0 |   198703437 |           0 |           0 |           0 |           0 |           0 |           0 |           0 |           0 |           0 |           0 |           0 |   179551039 |           0 |           0 |           0 |           0 |           0 |           0 |           0 |           0 |           0 |           0 |           0 |
|          CAS_COUNT_WR          | MBOX1C1 |   166421373 |           0 |           0 |           0 |           0 |           0 |           0 |           0 |           0 |           0 |           0 |           0 |   163806663 |           0 |           0 |           0 |           0 |           0 |           0 |           0 |           0 |           0 |           0 |           0 |
|          CAS_COUNT_RD          | MBOX2C0 |           0 |           0 |           0 |           0 |           0 |           0 |           0 |           0 |           0 |           0 |           0 |           0 |           0 |           0 |           0 |           0 |           0 |           0 |           0 |           0 |           0 |           0 |           0 |           0 |
|          CAS_COUNT_WR          | MBOX2C1 |           0 |           0 |           0 |           0 |           0 |           0 |           0 |           0 |           0 |           0 |           0 |           0 |           0 |           0 |           0 |           0 |           0 |           0 |           0 |           0 |           0 |           0 |           0 |           0 |
|          CAS_COUNT_RD          | MBOX3C0 |           0 |           0 |           0 |           0 |           0 |           0 |           0 |           0 |           0 |           0 |           0 |           0 |           0 |           0 |           0 |           0 |           0 |           0 |           0 |           0 |           0 |           0 |           0 |           0 |
|          CAS_COUNT_WR          | MBOX3C1 |           0 |           0 |           0 |           0 |           0 |           0 |           0 |           0 |           0 |           0 |           0 |           0 |           0 |           0 |           0 |           0 |           0 |           0 |           0 |           0 |           0 |           0 |           0 |           0 |
|          CAS_COUNT_RD          | MBOX4C0 |   195987606 |           0 |           0 |           0 |           0 |           0 |           0 |           0 |           0 |           0 |           0 |           0 |   180313567 |           0 |           0 |           0 |           0 |           0 |           0 |           0 |           0 |           0 |           0 |           0 |
|          CAS_COUNT_WR          | MBOX4C1 |   165125096 |           0 |           0 |           0 |           0 |           0 |           0 |           0 |           0 |           0 |           0 |           0 |   164543490 |           0 |           0 |           0 |           0 |           0 |           0 |           0 |           0 |           0 |           0 |           0 |
|          CAS_COUNT_RD          | MBOX5C0 |   197765746 |           0 |           0 |           0 |           0 |           0 |           0 |           0 |           0 |           0 |           0 |           0 |   180239502 |           0 |           0 |           0 |           0 |           0 |           0 |           0 |           0 |           0 |           0 |           0 |
|          CAS_COUNT_WR          | MBOX5C1 |   165940394 |           0 |           0 |           0 |           0 |           0 |           0 |           0 |           0 |           0 |           0 |           0 |   163769750 |           0 |           0 |           0 |           0 |           0 |           0 |           0 |           0 |           0 |           0 |           0 |
|          CAS_COUNT_RD          | MBOX6C0 |           0 |           0 |           0 |           0 |           0 |           0 |           0 |           0 |           0 |           0 |           0 |           0 |           0 |           0 |           0 |           0 |           0 |           0 |           0 |           0 |           0 |           0 |           0 |           0 |
|          CAS_COUNT_WR          | MBOX6C1 |           0 |           0 |           0 |           0 |           0 |           0 |           0 |           0 |           0 |           0 |           0 |           0 |           0 |           0 |           0 |           0 |           0 |           0 |           0 |           0 |           0 |           0 |           0 |           0 |
|          CAS_COUNT_RD          | MBOX7C0 |           0 |           0 |           0 |           0 |           0 |           0 |           0 |           0 |           0 |           0 |           0 |           0 |           0 |           0 |           0 |           0 |           0 |           0 |           0 |           0 |           0 |           0 |           0 |           0 |
|          CAS_COUNT_WR          | MBOX7C1 |           0 |           0 |           0 |           0 |           0 |           0 |           0 |           0 |           0 |           0 |           0 |           0 |           0 |           0 |           0 |           0 |           0 |           0 |           0 |           0 |           0 |           0 |           0 |           0 |
+--------------------------------+---------+-------------+-------------+-------------+-------------+-------------+-------------+-------------+-------------+-------------+-------------+-------------+-------------+-------------+-------------+-------------+-------------+-------------+-------------+-------------+-------------+-------------+-------------+-------------+-------------+
+-------------------------------------+---------+---------------+-------------+-------------+--------------+
|                Event                | Counter |      Sum      |     Min     |     Max     |      Avg     |
+-------------------------------------+---------+---------------+-------------+-------------+--------------+
|        INSTR_RETIRED_ANY STAT       |  FIXC0  | 1752295128093 | 57788844320 | 81979124277 | 7.301230e+10 |
|      CPU_CLK_UNHALTED_CORE STAT     |  FIXC1  |  925145558227 | 29264633744 | 41599855315 | 3.854773e+10 |
|      CPU_CLK_UNHALTED_REF STAT      |  FIXC2  |  926647774318 | 29425496246 | 41599829451 | 3.861032e+10 |
|           FIXC1/FIXC0 STAT          |   CPI   |             0 |           0 |           0 |            0 |
|  OFFCORE_RESPONSE_0_LOCAL_DRAM STAT |   PMC0  |    1265737194 |      274241 |   105629874 | 5.273905e+07 |
| OFFCORE_RESPONSE_1_REMOTE_DRAM STAT |   PMC1  |       4391176 |       15576 |      821683 |  182965.6667 |
|  MEM_LOAD_UOPS_RETIRED_L3_ALL STAT  |   PMC2  |    1346688403 |     2558427 |   109829032 | 5.611202e+07 |
|  MEM_LOAD_UOPS_RETIRED_L3_MISS STAT |   PMC3  |    1249506308 |       33135 |   104402359 | 5.206276e+07 |
|      L2_TRANS_ALL_REQUESTS STAT     |   PMC4  |   31434109991 |   937137805 |  1938722411 | 1.309755e+09 |
|          L2_RQSTS_MISS STAT         |   PMC5  |    6548665261 |   155766765 |   458096783 | 2.728611e+08 |
|        UOPS_RETIRED_ALL STAT        |   PMC6  | 2135796284197 | 67290536074 | 98629649030 | 8.899151e+10 |
|            TEMP_CORE STAT           |   TMP0  |           954 |          36 |          43 |      39.7500 |
|         PWR_PKG_ENERGY STAT         |   PWR0  |     2593.5738 |           0 |   1318.1578 |     108.0656 |
|         PWR_PP0_ENERGY STAT         |   PWR1  |             0 |           0 |           0 |            0 |
|         PWR_DRAM_ENERGY STAT        |   PWR3  |      305.0332 |           0 |    156.6581 |      12.7097 |
|          CAS_COUNT_RD STAT          | MBOX0C0 |     376516991 |           0 |   197763996 | 1.568821e+07 |
|          CAS_COUNT_WR STAT          | MBOX0C1 |     330049208 |           0 |   165859107 | 1.375205e+07 |
|          CAS_COUNT_RD STAT          | MBOX1C0 |     378254476 |           0 |   198703437 | 1.576060e+07 |
|          CAS_COUNT_WR STAT          | MBOX1C1 |     330228036 |           0 |   166421373 | 1.375950e+07 |
|          CAS_COUNT_RD STAT          | MBOX2C0 |             0 |           0 |           0 |            0 |
|          CAS_COUNT_WR STAT          | MBOX2C1 |             0 |           0 |           0 |            0 |
|          CAS_COUNT_RD STAT          | MBOX3C0 |             0 |           0 |           0 |            0 |
|          CAS_COUNT_WR STAT          | MBOX3C1 |             0 |           0 |           0 |            0 |
|          CAS_COUNT_RD STAT          | MBOX4C0 |     376301173 |           0 |   195987606 | 1.567922e+07 |
|          CAS_COUNT_WR STAT          | MBOX4C1 |     329668586 |           0 |   165125096 | 1.373619e+07 |
|          CAS_COUNT_RD STAT          | MBOX5C0 |     378005248 |           0 |   197765746 | 1.575022e+07 |
|          CAS_COUNT_WR STAT          | MBOX5C1 |     329710144 |           0 |   165940394 | 1.373792e+07 |
|          CAS_COUNT_RD STAT          | MBOX6C0 |             0 |           0 |           0 |            0 |
|          CAS_COUNT_WR STAT          | MBOX6C1 |             0 |           0 |           0 |            0 |
|          CAS_COUNT_RD STAT          | MBOX7C0 |             0 |           0 |           0 |            0 |
|          CAS_COUNT_WR STAT          | MBOX7C1 |             0 |           0 |           0 |            0 |
+-------------------------------------+---------+---------------+-------------+-------------+--------------+
+-----------------------------------+-----------+-----------+-----------+-----------+-----------+-----------+-----------+-----------+-----------+-----------+-----------+-----------+-----------+-----------+-----------+-----------+-----------+-----------+-----------+-----------+-----------+-----------+-----------+-----------+
|               Metric              |   Core 0  |   Core 1  |   Core 2  |   Core 3  |   Core 4  |   Core 5  |   Core 6  |   Core 7  |   Core 8  |   Core 9  |  Core 10  |  Core 11  |  Core 12  |  Core 13  |  Core 14  |  Core 15  |  Core 16  |  Core 17  |  Core 18  |  Core 19  |  Core 20  |  Core 21  |  Core 22  |  Core 23  |
+-----------------------------------+-----------+-----------+-----------+-----------+-----------+-----------+-----------+-----------+-----------+-----------+-----------+-----------+-----------+-----------+-----------+-----------+-----------+-----------+-----------+-----------+-----------+-----------+-----------+-----------+
|        Runtime (RDTSC) [s]        |   18.2203 |   18.2203 |   18.2203 |   18.2203 |   18.2203 |   18.2203 |   18.2203 |   18.2203 |   18.2203 |   18.2203 |   18.2203 |   18.2203 |   18.2203 |   18.2203 |   18.2203 |   18.2203 |   18.2203 |   18.2203 |   18.2203 |   18.2203 |   18.2203 |   18.2203 |   18.2203 |   18.2203 |
|        Runtime unhalted [s]       |   16.7596 |   17.5266 |   17.4171 |   16.0073 |   17.5820 |   14.8189 |   18.0537 |   18.0682 |   18.0747 |   18.0751 |   18.0725 |   18.0719 |   15.5317 |   12.7243 |   14.5770 |   13.5234 |   12.9626 |   15.9677 |   18.0760 |   18.0771 |   18.0855 |   18.0877 |   18.0586 |   18.0564 |
|            Clock [MHz]            | 2293.5000 | 2293.2044 | 2291.8772 | 2292.1962 | 2294.8364 | 2292.1022 | 2299.8938 | 2299.8941 | 2299.8964 | 2299.8958 | 2299.8928 | 2299.8931 | 2292.2971 | 2287.3216 | 2291.6576 | 2289.8949 | 2290.1637 | 2290.7801 | 2299.8940 | 2299.8940 | 2299.8959 | 2299.8960 | 2299.8949 | 2299.8942 |
|                CPI                |    0.4937 |    0.4917 |    0.4922 |    0.4928 |    0.4952 |    0.5040 |    0.5685 |    0.5429 |    0.5492 |    0.5573 |    0.5356 |    0.5564 |    0.5032 |    0.5064 |    0.5071 |    0.5095 |    0.5102 |    0.4931 |    0.5505 |    0.5729 |    0.5637 |    0.5661 |    0.5613 |    0.5429 |
|   Local DRAM data volume [GByte]  |    0.0512 |    0.0176 |    0.0200 |    0.0229 |    0.0181 |    0.0300 |    6.7358 |    6.7524 |    6.7389 |    6.7266 |    6.7603 |    6.7427 |    0.0178 |    0.0216 |    0.0179 |    0.0188 |    0.0198 |    0.0183 |    6.7093 |    6.7093 |    6.6864 |    6.7168 |    6.7187 |    6.7361 |
|   Local DRAM bandwidth [MByte/s]  |    2.8087 |    0.9633 |    1.0994 |    1.2569 |    0.9920 |    1.6473 |  369.6869 |  370.5970 |  369.8581 |  369.1841 |  371.0318 |  370.0657 |    0.9775 |    1.1828 |    0.9814 |    1.0297 |    1.0842 |    1.0055 |  368.2314 |  368.2317 |  366.9749 |  368.6433 |  368.7470 |  369.7034 |
|  Remote DRAM data volume [GByte]  |    0.0048 |    0.0014 |    0.0012 |    0.0013 |    0.0011 |    0.0012 |    0.0010 |    0.0124 |    0.0053 |    0.0052 |    0.0072 |    0.0068 |    0.0188 |    0.0110 |    0.0115 |    0.0107 |    0.0134 |    0.0148 |    0.0526 |    0.0125 |    0.0364 |    0.0152 |    0.0182 |    0.0169 |
|  Remote DRAM bandwidth [MByte/s]  |    0.2631 |    0.0784 |    0.0674 |    0.0740 |    0.0625 |    0.0669 |    0.0547 |    0.6813 |    0.2890 |    0.2857 |    0.3966 |    0.3741 |    1.0295 |    0.6064 |    0.6330 |    0.5888 |    0.7353 |    0.8096 |    2.8862 |    0.6846 |    1.9969 |    0.8341 |    1.0007 |    0.9256 |
|     Memory data volume [GByte]    |    0.0560 |    0.0190 |    0.0213 |    0.0242 |    0.0192 |    0.0312 |    6.7368 |    6.7648 |    6.7442 |    6.7319 |    6.7675 |    6.7495 |    0.0366 |    0.0326 |    0.0294 |    0.0295 |    0.0332 |    0.0331 |    6.7619 |    6.7218 |    6.7228 |    6.7320 |    6.7369 |    6.7530 |
|     Memory bandwidth [MByte/s]    |    3.0718 |    1.0417 |    1.1667 |    1.3309 |    1.0545 |    1.7142 |  369.7416 |  371.2783 |  370.1472 |  369.4699 |  371.4283 |  370.4398 |    2.0070 |    1.7892 |    1.6144 |    1.6184 |    1.8195 |    1.8150 |  371.1176 |  368.9163 |  368.9717 |  369.4774 |  369.7477 |  370.6290 |
|          L3 request rate          |   29.2684 |  103.3801 |   96.9695 |   95.6165 |  104.3448 |   74.9089 |    1.0540 |    1.0451 |    1.0477 |    1.0444 |    1.0456 |    1.0568 |   56.8773 |   59.8139 |   57.4763 |   53.6562 |   48.3278 |   60.0220 |    1.0463 |    1.0469 |    1.0500 |    1.0475 |    1.0467 |    1.0468 |
|            L3 miss rate           |    0.0206 |    0.0063 |    0.0055 |    0.0061 |    0.0051 |    0.0065 |    0.0001 |    0.0018 |    0.0008 |    0.0007 |    0.0010 |    0.0010 |    0.0938 |    0.0659 |    0.0613 |    0.0623 |    0.0818 |    0.0712 |    0.0075 |    0.0018 |    0.0052 |    0.0022 |    0.0026 |    0.0024 |
|           L3 miss ratio           |    0.0937 |    0.0814 |    0.0613 |    0.0589 |    0.0630 |    0.0406 |    0.0001 |    0.0018 |    0.0008 |    0.0008 |    0.0011 |    0.0010 |    1.0532 |    0.5126 |    0.6451 |    0.5718 |    0.6782 |    0.8052 |    0.0078 |    0.0019 |    0.0054 |    0.0023 |    0.0027 |    0.0025 |
|          L2 request rate          |    0.0239 |    0.0236 |    0.0236 |    0.0230 |    0.0236 |    0.0236 |    0.0129 |    0.0124 |    0.0128 |    0.0127 |    0.0123 |    0.0127 |    0.0234 |    0.0227 |    0.0235 |    0.0235 |    0.0235 |    0.0235 |    0.0127 |    0.0129 |    0.0128 |    0.0128 |    0.0127 |    0.0125 |
|            L2 miss rate           |    0.0057 |    0.0056 |    0.0056 |    0.0051 |    0.0055 |    0.0055 |    0.0022 |    0.0021 |    0.0021 |    0.0021 |    0.0020 |    0.0021 |    0.0055 |    0.0050 |    0.0055 |    0.0055 |    0.0055 |    0.0055 |    0.0021 |    0.0022 |    0.0021 |    0.0021 |    0.0021 |    0.0021 |
|           L2 miss ratio           |    0.2373 |    0.2363 |    0.2358 |    0.2202 |    0.2351 |    0.2348 |    0.1677 |    0.1655 |    0.1629 |    0.1646 |    0.1642 |    0.1674 |    0.2339 |    0.2196 |    0.2345 |    0.2341 |    0.2328 |    0.2336 |    0.1645 |    0.1665 |    0.1657 |    0.1661 |    0.1660 |    0.1645 |
|  Memory read bandwidth [MBytes/s] | 2775.7017 |         0 |         0 |         0 |         0 |         0 |         0 |         0 |         0 |         0 |         0 |         0 | 2525.0321 |         0 |         0 |         0 |         0 |         0 |         0 |         0 |         0 |         0 |         0 |         0 |
|  Memory read data volume [GBytes] |   50.5741 |         0 |         0 |         0 |         0 |         0 |         0 |         0 |         0 |         0 |         0 |         0 |   46.0069 |         0 |         0 |         0 |         0 |         0 |         0 |         0 |         0 |         0 |         0 |         0 |
| Memory write bandwidth [MBytes/s] | 2330.0457 |         0 |         0 |         0 |         0 |         0 |         0 |         0 |         0 |         0 |         0 |         0 | 2305.3314 |         0 |         0 |         0 |         0 |         0 |         0 |         0 |         0 |         0 |         0 |         0 |
| Memory write data volume [GBytes] |   42.4541 |         0 |         0 |         0 |         0 |         0 |         0 |         0 |         0 |         0 |         0 |         0 |   42.0038 |         0 |         0 |         0 |         0 |         0 |         0 |         0 |         0 |         0 |         0 |         0 |
|    Memory bandwidth [MBytes/s]    | 5105.7474 |         0 |         0 |         0 |         0 |         0 |         0 |         0 |         0 |         0 |         0 |         0 | 4830.3635 |         0 |         0 |         0 |         0 |         0 |         0 |         0 |         0 |         0 |         0 |         0 |
|    Memory data volume [GBytes]    |   93.0283 |         0 |         0 |         0 |         0 |         0 |         0 |         0 |         0 |         0 |         0 |         0 |   88.0107 |         0 |         0 |         0 |         0 |         0 |         0 |         0 |         0 |         0 |         0 |         0 |
|          Temperature [C]          |        41 |        38 |        39 |        40 |        40 |        36 |        39 |        41 |        41 |        42 |        39 |        38 |        38 |        38 |        41 |        39 |        39 |        39 |        42 |        41 |        41 |        43 |        41 |        38 |
|             Energy [J]            | 1318.1578 |         0 |         0 |         0 |         0 |         0 |         0 |         0 |         0 |         0 |         0 |         0 | 1275.4160 |         0 |         0 |         0 |         0 |         0 |         0 |         0 |         0 |         0 |         0 |         0 |
|             Power [W]             |   72.3455 |         0 |         0 |         0 |         0 |         0 |         0 |         0 |         0 |         0 |         0 |         0 |   69.9997 |         0 |         0 |         0 |         0 |         0 |         0 |         0 |         0 |         0 |         0 |         0 |
|           Energy PP0 [J]          |         0 |         0 |         0 |         0 |         0 |         0 |         0 |         0 |         0 |         0 |         0 |         0 |         0 |         0 |         0 |         0 |         0 |         0 |         0 |         0 |         0 |         0 |         0 |         0 |
|           Power PP0 [W]           |         0 |         0 |         0 |         0 |         0 |         0 |         0 |         0 |         0 |         0 |         0 |         0 |         0 |         0 |         0 |         0 |         0 |         0 |         0 |         0 |         0 |         0 |         0 |         0 |
|          Energy DRAM [J]          |  148.3751 |         0 |         0 |         0 |         0 |         0 |         0 |         0 |         0 |         0 |         0 |         0 |  156.6581 |         0 |         0 |         0 |         0 |         0 |         0 |         0 |         0 |         0 |         0 |         0 |
|           Power DRAM [W]          |    8.1434 |         0 |         0 |         0 |         0 |         0 |         0 |         0 |         0 |         0 |         0 |         0 |    8.5980 |         0 |         0 |         0 |         0 |         0 |         0 |         0 |         0 |         0 |         0 |         0 |
+-----------------------------------+-----------+-----------+-----------+-----------+-----------+-----------+-----------+-----------+-----------+-----------+-----------+-----------+-----------+-----------+-----------+-----------+-----------+-----------+-----------+-----------+-----------+-----------+-----------+-----------+
+----------------------------------------+------------+-----------+-----------+-----------+
|                 Metric                 |     Sum    |    Min    |    Max    |    Avg    |
+----------------------------------------+------------+-----------+-----------+-----------+
|        Runtime (RDTSC) [s] STAT        |   437.2872 |   18.2203 |   18.2203 |   18.2203 |
|        Runtime unhalted [s] STAT       |   402.2556 |   12.7243 |   18.0877 |   16.7607 |
|            Clock [MHz] STAT            | 55098.5664 | 2287.3216 | 2299.8964 | 2295.7736 |
|                CPI STAT                |    12.6664 |    0.4917 |    0.5729 |    0.5278 |
|   Local DRAM data volume [GByte] STAT  |    81.0073 |    0.0176 |    6.7603 |    3.3753 |
|   Local DRAM bandwidth [MByte/s] STAT  |  4445.9840 |    0.9633 |  371.0318 |  185.2493 |
|  Remote DRAM data volume [GByte] STAT  |     0.2809 |    0.0010 |    0.0526 |    0.0117 |
|  Remote DRAM bandwidth [MByte/s] STAT  |    15.4244 |    0.0547 |    2.8862 |    0.6427 |
|     Memory data volume [GByte] STAT    |    81.2884 |    0.0190 |    6.7675 |    3.3870 |
|     Memory bandwidth [MByte/s] STAT    |  4461.4081 |    1.0417 |  371.4283 |  185.8920 |
|          L3 request rate STAT          |   853.2395 |    1.0444 |  104.3448 |   35.5516 |
|            L3 miss rate STAT           |     0.5135 |    0.0001 |    0.0938 |    0.0214 |
|           L3 miss ratio STAT           |     4.6932 |    0.0001 |    1.0532 |    0.1956 |
|          L2 request rate STAT          |     0.4336 |    0.0123 |    0.0239 |    0.0181 |
|            L2 miss rate STAT           |     0.0908 |    0.0020 |    0.0057 |    0.0038 |
|           L2 miss ratio STAT           |     4.7736 |    0.1629 |    0.2373 |    0.1989 |
|  Memory read bandwidth [MBytes/s] STAT |  5300.7338 |         0 | 2775.7017 |  220.8639 |
|  Memory read data volume [GBytes] STAT |    96.5810 |         0 |   50.5741 |    4.0242 |
| Memory write bandwidth [MBytes/s] STAT |  4635.3771 |         0 | 2330.0457 |  193.1407 |
| Memory write data volume [GBytes] STAT |    84.4579 |         0 |   42.4541 |    3.5191 |
|    Memory bandwidth [MBytes/s] STAT    |  9936.1109 |         0 | 5105.7474 |  414.0046 |
|    Memory data volume [GBytes] STAT    |   181.0390 |         0 |   93.0283 |    7.5433 |
|          Temperature [C] STAT          |        954 |        36 |        43 |   39.7500 |
|             Energy [J] STAT            |  2593.5738 |         0 | 1318.1578 |  108.0656 |
|             Power [W] STAT             |   142.3452 |         0 |   72.3455 |    5.9310 |
|           Energy PP0 [J] STAT          |          0 |         0 |         0 |         0 |
|           Power PP0 [W] STAT           |          0 |         0 |         0 |         0 |
|          Energy DRAM [J] STAT          |   305.0332 |         0 |  156.6581 |   12.7097 |
|           Power DRAM [W] STAT          |    16.7414 |         0 |    8.5980 |    0.6976 |
+----------------------------------------+------------+-----------+-----------+-----------+
