--------------------------------------------------------------------------------
CPU name:	Intel(R) Xeon(R) CPU E5-2670 v3 @ 2.30GHz
CPU type:	Intel Xeon Haswell EN/EP/EX processor
CPU clock:	2.30 GHz
--------------------------------------------------------------------------------
Group 1: POWERPERF
+--------------------------------+---------+-------------+-------------+-------------+-------------+-------------+-------------+-------------+-------------+-------------+-------------+-------------+-------------+-------------+-------------+-------------+-------------+-------------+-------------+-------------+-------------+-------------+-------------+-------------+-------------+
|              Event             | Counter |    Core 0   |    Core 1   |    Core 2   |    Core 3   |    Core 4   |    Core 5   |    Core 6   |    Core 7   |    Core 8   |    Core 9   |   Core 10   |   Core 11   |   Core 12   |   Core 13   |   Core 14   |   Core 15   |   Core 16   |   Core 17   |   Core 18   |   Core 19   |   Core 20   |   Core 21   |   Core 22   |   Core 23   |
+--------------------------------+---------+-------------+-------------+-------------+-------------+-------------+-------------+-------------+-------------+-------------+-------------+-------------+-------------+-------------+-------------+-------------+-------------+-------------+-------------+-------------+-------------+-------------+-------------+-------------+-------------+
|        INSTR_RETIRED_ANY       |  FIXC0  | 78070320935 | 81978324652 | 81384633239 | 74704853559 | 81654936712 | 67624434764 | 64554286277 | 24351496126 | 24185012998 | 24187927215 | 24238597969 | 23734620603 | 70986817296 | 57789484679 | 66112487719 | 61040028901 | 58433396325 | 74474682496 | 23749255895 | 24032402779 | 24012663896 | 23863690641 | 24074628775 | 26800576594 |
|      CPU_CLK_UNHALTED_CORE     |  FIXC1  | 39278307658 | 40524231122 | 40275032548 | 37009743735 | 40654383706 | 34249652488 | 41775412858 | 28389477192 | 28419349006 | 28400364130 | 28394015184 | 28416495588 | 35920113036 | 29437085964 | 33722975589 | 31280067216 | 29984382195 | 36939061560 | 28387124539 | 28403405626 | 28413674945 | 28406611508 | 28420702671 | 28374626887 |
|      CPU_CLK_UNHALTED_REF      |  FIXC2  | 39403151546 | 40662508657 | 40411265949 | 37147949635 | 40786641911 | 34382105749 | 41775440684 | 28528470164 | 28536016602 | 28538671216 | 28532416136 | 28533321531 | 36058010455 | 29611070251 | 33861073087 | 31432320053 | 30137909516 | 37095016538 | 28504698399 | 28520999810 | 28531315494 | 28523990937 | 28538329137 | 28488609301 |
|           FIXC1/FIXC0          |   CPI   |           0 |           0 |           0 |           0 |           0 |           0 |           0 |           0 |           0 |           0 |           0 |           0 |           0 |           0 |           0 |           0 |           0 |           0 |           0 |           0 |           0 |           0 |           0 |           0 |
|  OFFCORE_RESPONSE_0_LOCAL_DRAM |   PMC0  |      745139 |      417417 |      441746 |      391507 |      438619 |      435873 |   538433823 |   546712242 |   546712422 |   546675416 |   546629284 |   479114200 |      441942 |      525507 |      452433 |      470036 |      442500 |      507156 |   488905683 |   534095699 |   534056140 |   534159667 |   534145945 |   517329007 |
| OFFCORE_RESPONSE_1_REMOTE_DRAM |   PMC1  |      104768 |       21926 |       21780 |       21906 |       22089 |       22054 |       80522 |        9188 |        8732 |        8478 |        7947 |    67374861 |      113897 |      111502 |      123005 |      120716 |      115952 |      126856 |    57633492 |    12502871 |    12495613 |    12501919 |    12505017 |    19576516 |
|  MEM_LOAD_UOPS_RETIRED_L3_ALL  |   PMC2  |     3645432 |     3548794 |     3556345 |     3435494 |     3518440 |     2896767 |   155215117 |   157908069 |   160439030 |   159368757 |   159025544 |   161263099 |     3098579 |     2646901 |     2921716 |     2675020 |     2609517 |     3237112 |   157891855 |   158163964 |   158696442 |   160124045 |   159391595 |   140849489 |
|  MEM_LOAD_UOPS_RETIRED_L3_MISS |   PMC3  |       95794 |       26966 |       28633 |       26624 |       31355 |       32969 |    58425908 |    62291152 |    64365899 |    63622398 |    63347670 |    64884241 |       37812 |       39300 |       37459 |       39601 |       40369 |       42439 |    62120596 |    61699855 |    62274692 |    63502950 |    62687389 |    57710452 |
|      L2_TRANS_ALL_REQUESTS     |   PMC4  |  1870295040 |  1937660521 |  1921176450 |  1714821661 |  1926882895 |  1595572926 |  3231441706 |  3229327576 |  3229345995 |  3222763529 |  3223191617 |  3217986890 |  1669649003 |  1314187045 |  1555697605 |  1433943471 |  1374260771 |  1751654992 |  3216990131 |  3244856606 |  3235730930 |  3238568370 |  3244520769 |  3176542246 |
|          L2_RQSTS_MISS         |   PMC5  |   445587089 |   457519981 |   453511937 |   377593723 |   452609911 |   374707845 |   793575562 |   780127535 |   776269635 |   780586368 |   780261500 |   778833041 |   392403792 |   289909777 |   364822310 |   336087788 |   321658707 |   409365177 |   785872297 |   779330544 |   781886433 |   778496353 |   778354803 |   754799579 |
|        UOPS_RETIRED_ALL        |   PMC6  | 90764771995 | 95414270421 | 94738209851 | 86973289062 | 95035762331 | 78754662862 | 72873783332 | 25397850745 | 25043895016 | 25070329389 | 25175335056 | 24146659402 | 82667533037 | 67319029011 | 77005488857 | 71109608801 | 68079697524 | 86756772774 | 24197679939 | 24761599793 | 24700764958 | 24423193893 | 24844295418 | 27585117723 |
|            TEMP_CORE           |   TMP0  |          42 |          38 |          39 |          39 |          40 |          40 |          43 |          42 |          39 |          40 |          37 |          39 |          40 |          38 |          40 |          39 |          42 |          39 |          42 |          45 |          44 |          43 |          44 |          43 |
|         PWR_PKG_ENERGY         |   PWR0  |   1273.8886 |           0 |           0 |           0 |           0 |           0 |           0 |           0 |           0 |           0 |           0 |           0 |   1187.5044 |           0 |           0 |           0 |           0 |           0 |           0 |           0 |           0 |           0 |           0 |           0 |
|         PWR_PP0_ENERGY         |   PWR1  |           0 |           0 |           0 |           0 |           0 |           0 |           0 |           0 |           0 |           0 |           0 |           0 |           0 |           0 |           0 |           0 |           0 |           0 |           0 |           0 |           0 |           0 |           0 |           0 |
|         PWR_DRAM_ENERGY        |   PWR3  |    196.4037 |           0 |           0 |           0 |           0 |           0 |           0 |           0 |           0 |           0 |           0 |           0 |    204.2296 |           0 |           0 |           0 |           0 |           0 |           0 |           0 |           0 |           0 |           0 |           0 |
|          CAS_COUNT_RD          | MBOX0C0 |   840465789 |           0 |           0 |           0 |           0 |           0 |           0 |           0 |           0 |           0 |           0 |           0 |   805236179 |           0 |           0 |           0 |           0 |           0 |           0 |           0 |           0 |           0 |           0 |           0 |
|          CAS_COUNT_WR          | MBOX0C1 |   273644897 |           0 |           0 |           0 |           0 |           0 |           0 |           0 |           0 |           0 |           0 |           0 |   278214092 |           0 |           0 |           0 |           0 |           0 |           0 |           0 |           0 |           0 |           0 |           0 |
|          CAS_COUNT_RD          | MBOX1C0 |   838669926 |           0 |           0 |           0 |           0 |           0 |           0 |           0 |           0 |           0 |           0 |           0 |   806265875 |           0 |           0 |           0 |           0 |           0 |           0 |           0 |           0 |           0 |           0 |           0 |
|          CAS_COUNT_WR          | MBOX1C1 |   272388074 |           0 |           0 |           0 |           0 |           0 |           0 |           0 |           0 |           0 |           0 |           0 |   279175624 |           0 |           0 |           0 |           0 |           0 |           0 |           0 |           0 |           0 |           0 |           0 |
|          CAS_COUNT_RD          | MBOX2C0 |           0 |           0 |           0 |           0 |           0 |           0 |           0 |           0 |           0 |           0 |           0 |           0 |           0 |           0 |           0 |           0 |           0 |           0 |           0 |           0 |           0 |           0 |           0 |           0 |
|          CAS_COUNT_WR          | MBOX2C1 |           0 |           0 |           0 |           0 |           0 |           0 |           0 |           0 |           0 |           0 |           0 |           0 |           0 |           0 |           0 |           0 |           0 |           0 |           0 |           0 |           0 |           0 |           0 |           0 |
|          CAS_COUNT_RD          | MBOX3C0 |           0 |           0 |           0 |           0 |           0 |           0 |           0 |           0 |           0 |           0 |           0 |           0 |           0 |           0 |           0 |           0 |           0 |           0 |           0 |           0 |           0 |           0 |           0 |           0 |
|          CAS_COUNT_WR          | MBOX3C1 |           0 |           0 |           0 |           0 |           0 |           0 |           0 |           0 |           0 |           0 |           0 |           0 |           0 |           0 |           0 |           0 |           0 |           0 |           0 |           0 |           0 |           0 |           0 |           0 |
|          CAS_COUNT_RD          | MBOX4C0 |   840001500 |           0 |           0 |           0 |           0 |           0 |           0 |           0 |           0 |           0 |           0 |           0 |   805165042 |           0 |           0 |           0 |           0 |           0 |           0 |           0 |           0 |           0 |           0 |           0 |
|          CAS_COUNT_WR          | MBOX4C1 |   273425401 |           0 |           0 |           0 |           0 |           0 |           0 |           0 |           0 |           0 |           0 |           0 |   278218581 |           0 |           0 |           0 |           0 |           0 |           0 |           0 |           0 |           0 |           0 |           0 |
|          CAS_COUNT_RD          | MBOX5C0 |   839139852 |           0 |           0 |           0 |           0 |           0 |           0 |           0 |           0 |           0 |           0 |           0 |   806164870 |           0 |           0 |           0 |           0 |           0 |           0 |           0 |           0 |           0 |           0 |           0 |
|          CAS_COUNT_WR          | MBOX5C1 |   272682099 |           0 |           0 |           0 |           0 |           0 |           0 |           0 |           0 |           0 |           0 |           0 |   279186468 |           0 |           0 |           0 |           0 |           0 |           0 |           0 |           0 |           0 |           0 |           0 |
|          CAS_COUNT_RD          | MBOX6C0 |           0 |           0 |           0 |           0 |           0 |           0 |           0 |           0 |           0 |           0 |           0 |           0 |           0 |           0 |           0 |           0 |           0 |           0 |           0 |           0 |           0 |           0 |           0 |           0 |
|          CAS_COUNT_WR          | MBOX6C1 |           0 |           0 |           0 |           0 |           0 |           0 |           0 |           0 |           0 |           0 |           0 |           0 |           0 |           0 |           0 |           0 |           0 |           0 |           0 |           0 |           0 |           0 |           0 |           0 |
|          CAS_COUNT_RD          | MBOX7C0 |           0 |           0 |           0 |           0 |           0 |           0 |           0 |           0 |           0 |           0 |           0 |           0 |           0 |           0 |           0 |           0 |           0 |           0 |           0 |           0 |           0 |           0 |           0 |           0 |
|          CAS_COUNT_WR          | MBOX7C1 |           0 |           0 |           0 |           0 |           0 |           0 |           0 |           0 |           0 |           0 |           0 |           0 |           0 |           0 |           0 |           0 |           0 |           0 |           0 |           0 |           0 |           0 |           0 |           0 |
+--------------------------------+---------+-------------+-------------+-------------+-------------+-------------+-------------+-------------+-------------+-------------+-------------+-------------+-------------+-------------+-------------+-------------+-------------+-------------+-------------+-------------+-------------+-------------+-------------+-------------+-------------+
+-------------------------------------+---------+---------------+-------------+-------------+--------------+
|                Event                | Counter |      Sum      |     Min     |     Max     |      Avg     |
+-------------------------------------+---------+---------------+-------------+-------------+--------------+
|        INSTR_RETIRED_ANY STAT       |  FIXC0  | 1186039561045 | 23734620603 | 81978324652 | 4.941832e+10 |
|      CPU_CLK_UNHALTED_CORE STAT     |  FIXC1  |  783476296951 | 28374626887 | 41775412858 | 3.264485e+10 |
|      CPU_CLK_UNHALTED_REF STAT      |  FIXC2  |  786541302758 | 28488609301 | 41775440684 | 3.277255e+10 |
|           FIXC1/FIXC0 STAT          |   CPI   |             0 |           0 |           0 |            0 |
|  OFFCORE_RESPONSE_0_LOCAL_DRAM STAT |   PMC0  |    6352679403 |      391507 |   546712422 | 2.646950e+08 |
| OFFCORE_RESPONSE_1_REMOTE_DRAM STAT |   PMC1  |     195631607 |        7947 |    67374861 | 8.151317e+06 |
|  MEM_LOAD_UOPS_RETIRED_L3_ALL STAT  |   PMC2  |    1926127123 |     2609517 |   161263099 | 8.025530e+07 |
|  MEM_LOAD_UOPS_RETIRED_L3_MISS STAT |   PMC3  |     747412523 |       26624 |    64884241 | 3.114219e+07 |
|      L2_TRANS_ALL_REQUESTS STAT     |   PMC4  |   58777068745 |  1314187045 |  3244856606 | 2.449045e+09 |
|          L2_RQSTS_MISS STAT         |   PMC5  |   14024171687 |   289909777 |   793575562 | 5.843405e+08 |
|        UOPS_RETIRED_ALL STAT        |   PMC6  | 1342839601190 | 24146659402 | 95414270421 | 5.595165e+10 |
|            TEMP_CORE STAT           |   TMP0  |           977 |          37 |          45 |      40.7083 |
|         PWR_PKG_ENERGY STAT         |   PWR0  |     2461.3930 |           0 |   1273.8886 |     102.5580 |
|         PWR_PP0_ENERGY STAT         |   PWR1  |             0 |           0 |           0 |            0 |
|         PWR_DRAM_ENERGY STAT        |   PWR3  |      400.6333 |           0 |    204.2296 |      16.6931 |
|          CAS_COUNT_RD STAT          | MBOX0C0 |    1645701968 |           0 |   840465789 | 6.857092e+07 |
|          CAS_COUNT_WR STAT          | MBOX0C1 |     551858989 |           0 |   278214092 | 2.299412e+07 |
|          CAS_COUNT_RD STAT          | MBOX1C0 |    1644935801 |           0 |   838669926 | 6.853899e+07 |
|          CAS_COUNT_WR STAT          | MBOX1C1 |     551563698 |           0 |   279175624 | 2.298182e+07 |
|          CAS_COUNT_RD STAT          | MBOX2C0 |             0 |           0 |           0 |            0 |
|          CAS_COUNT_WR STAT          | MBOX2C1 |             0 |           0 |           0 |            0 |
|          CAS_COUNT_RD STAT          | MBOX3C0 |             0 |           0 |           0 |            0 |
|          CAS_COUNT_WR STAT          | MBOX3C1 |             0 |           0 |           0 |            0 |
|          CAS_COUNT_RD STAT          | MBOX4C0 |    1645166542 |           0 |   840001500 | 6.854861e+07 |
|          CAS_COUNT_WR STAT          | MBOX4C1 |     551643982 |           0 |   278218581 | 2.298517e+07 |
|          CAS_COUNT_RD STAT          | MBOX5C0 |    1645304722 |           0 |   839139852 | 6.855436e+07 |
|          CAS_COUNT_WR STAT          | MBOX5C1 |     551868567 |           0 |   279186468 | 2.299452e+07 |
|          CAS_COUNT_RD STAT          | MBOX6C0 |             0 |           0 |           0 |            0 |
|          CAS_COUNT_WR STAT          | MBOX6C1 |             0 |           0 |           0 |            0 |
|          CAS_COUNT_RD STAT          | MBOX7C0 |             0 |           0 |           0 |            0 |
|          CAS_COUNT_WR STAT          | MBOX7C1 |             0 |           0 |           0 |            0 |
+-------------------------------------+---------+---------------+-------------+-------------+--------------+
+-----------------------------------+------------+-----------+-----------+-----------+-----------+-----------+-----------+--------------+--------------+--------------+--------------+-----------+------------+-----------+-----------+-----------+-----------+-----------+-----------+-----------+-----------+-----------+-----------+-----------+
|               Metric              |   Core 0   |   Core 1  |   Core 2  |   Core 3  |   Core 4  |   Core 5  |   Core 6  |    Core 7    |    Core 8    |    Core 9    |    Core 10   |  Core 11  |   Core 12  |  Core 13  |  Core 14  |  Core 15  |  Core 16  |  Core 17  |  Core 18  |  Core 19  |  Core 20  |  Core 21  |  Core 22  |  Core 23  |
+-----------------------------------+------------+-----------+-----------+-----------+-----------+-----------+-----------+--------------+--------------+--------------+--------------+-----------+------------+-----------+-----------+-----------+-----------+-----------+-----------+-----------+-----------+-----------+-----------+-----------+
|        Runtime (RDTSC) [s]        |    18.3776 |   18.3776 |   18.3776 |   18.3776 |   18.3776 |   18.3776 |   18.3776 |      18.3776 |      18.3776 |      18.3776 |      18.3776 |   18.3776 |    18.3776 |   18.3776 |   18.3776 |   18.3776 |   18.3776 |   18.3776 |   18.3776 |   18.3776 |   18.3776 |   18.3776 |   18.3776 |   18.3776 |
|        Runtime unhalted [s]       |    17.0778 |   17.6195 |   17.5112 |   16.0915 |   17.6761 |   14.8914 |   18.1635 |      12.3435 |      12.3564 |      12.3482 |      12.3454 |   12.3552 |    15.6177 |   12.7989 |   14.6624 |   13.6003 |   13.0369 |   16.0607 |   12.3424 |   12.3495 |   12.3540 |   12.3509 |   12.3570 |   12.3370 |
|            Clock [MHz]            |  2292.6740 | 2292.1399 | 2292.2076 | 2291.4043 | 2292.5031 | 2291.1008 | 2299.9596 |    2288.7556 |    2290.5579 |    2288.8148 |    2288.8048 | 2290.5443 |  2291.1654 | 2286.4474 | 2290.5811 | 2288.8205 | 2288.2448 | 2290.2916 | 2290.4745 | 2290.4782 | 2290.4779 | 2290.4965 | 2290.4814 | 2290.7590 |
|                CPI                |     0.5031 |    0.4943 |    0.4949 |    0.4954 |    0.4979 |    0.5065 |    0.6471 |       1.1658 |       1.1751 |       1.1742 |       1.1714 |    1.1973 |     0.5060 |    0.5094 |    0.5101 |    0.5125 |    0.5131 |    0.4960 |    1.1953 |    1.1819 |    1.1833 |    1.1904 |    1.1805 |    1.0587 |
|   Local DRAM data volume [GByte]  |     0.0477 |    0.0267 |    0.0283 |    0.0251 |    0.0281 |    0.0279 |   34.4598 |      34.9896 |      34.9896 |      34.9872 |      34.9843 |   30.6633 |     0.0283 |    0.0336 |    0.0290 |    0.0301 |    0.0283 |    0.0325 |   31.2900 |   34.1821 |   34.1796 |   34.1862 |   34.1853 |   33.1091 |
|   Local DRAM bandwidth [MByte/s]  |     2.5949 |    1.4537 |    1.5384 |    1.3634 |    1.5275 |    1.5179 | 1875.0937 |    1903.9233 |    1903.9239 |    1903.7950 |    1903.6344 | 1668.5134 |     1.5391 |    1.8301 |    1.5756 |    1.6369 |    1.5410 |    1.7662 | 1702.6122 | 1859.9862 | 1859.8485 | 1860.2090 | 1860.1612 | 1801.5963 |
|  Remote DRAM data volume [GByte]  |     0.0067 |    0.0014 |    0.0014 |    0.0014 |    0.0014 |    0.0014 |    0.0052 |       0.0006 |       0.0006 |       0.0005 |       0.0005 |    4.3120 |     0.0073 |    0.0071 |    0.0079 |    0.0077 |    0.0074 |    0.0081 |    3.6885 |    0.8002 |    0.7997 |    0.8001 |    0.8003 |    1.2529 |
|  Remote DRAM bandwidth [MByte/s]  |     0.3649 |    0.0764 |    0.0758 |    0.0763 |    0.0769 |    0.0768 |    0.2804 |       0.0320 |       0.0304 |       0.0295 |       0.0277 |  234.6327 |     0.3966 |    0.3883 |    0.4284 |    0.4204 |    0.4038 |    0.4418 |  200.7084 |   43.5412 |   43.5159 |   43.5379 |   43.5487 |   68.1751 |
|     Memory data volume [GByte]    |     0.0544 |    0.0281 |    0.0297 |    0.0265 |    0.0295 |    0.0293 |   34.4649 |      34.9902 |      34.9902 |      34.9878 |      34.9848 |   34.9753 |     0.0356 |    0.0408 |    0.0368 |    0.0378 |    0.0357 |    0.0406 |   34.9785 |   34.9823 |   34.9793 |   34.9863 |   34.9857 |   34.3620 |
|     Memory bandwidth [MByte/s]    |     2.9598 |    1.5300 |    1.6142 |    1.4397 |    1.6044 |    1.5947 | 1875.3741 |    1903.9553 |    1903.9543 |    1903.8246 |    1903.6621 | 1903.1461 |     1.9357 |    2.2184 |    2.0040 |    2.0573 |    1.9448 |    2.2079 | 1903.3206 | 1903.5274 | 1903.3644 | 1903.7469 | 1903.7099 | 1869.7714 |
|          L3 request rate          |    38.0549 |  131.6025 |  124.2044 |  129.0375 |  112.2130 |   87.8634 |    2.6566 |       2.5350 |       2.4926 |       2.5049 |       2.5104 |    2.4854 |    81.9470 |   67.3512 |   77.9977 |   67.5493 |   64.6416 |   76.2768 |    2.5417 |    2.5634 |    2.5483 |    2.5215 |    2.5426 |    2.4406 |
|            L3 miss rate           |     0.0287 |    0.0062 |    0.0061 |    0.0064 |    0.0063 |    0.0076 |    0.0005 |       0.0001 |       0.0001 |       0.0001 | 4.997310e-05 |    0.4178 |     0.0368 |    0.0421 |    0.0421 |    0.0451 |    0.0444 |    0.0392 |    0.3650 |    0.0791 |    0.0787 |    0.0781 |    0.0785 |    0.1390 |
|           L3 miss ratio           |     0.1406 |    0.0525 |    0.0493 |    0.0560 |    0.0504 |    0.0506 |    0.0001 | 1.680592e-05 | 1.597183e-05 | 1.550829e-05 | 1.453819e-05 |    0.1406 |     0.2577 |    0.2122 |    0.2719 |    0.2568 |    0.2620 |    0.2501 |    0.1179 |    0.0234 |    0.0234 |    0.0234 |    0.0234 |    0.0378 |
|          L2 request rate          |     0.0240 |    0.0236 |    0.0236 |    0.0230 |    0.0236 |    0.0236 |    0.0501 |       0.1326 |       0.1335 |       0.1332 |       0.1330 |    0.1356 |     0.0235 |    0.0227 |    0.0235 |    0.0235 |    0.0235 |    0.0235 |    0.1355 |    0.1350 |    0.1348 |    0.1357 |    0.1348 |    0.1185 |
|            L2 miss rate           |     0.0057 |    0.0056 |    0.0056 |    0.0051 |    0.0055 |    0.0055 |    0.0123 |       0.0320 |       0.0321 |       0.0323 |       0.0322 |    0.0328 |     0.0055 |    0.0050 |    0.0055 |    0.0055 |    0.0055 |    0.0055 |    0.0331 |    0.0324 |    0.0326 |    0.0326 |    0.0323 |    0.0282 |
|           L2 miss ratio           |     0.2382 |    0.2361 |    0.2361 |    0.2202 |    0.2349 |    0.2348 |    0.2456 |       0.2416 |       0.2404 |       0.2422 |       0.2421 |    0.2420 |     0.2350 |    0.2206 |    0.2345 |    0.2344 |    0.2341 |    0.2337 |    0.2443 |    0.2402 |    0.2416 |    0.2404 |    0.2399 |    0.2376 |
|  Memory read bandwidth [MBytes/s] | 11695.1870 |         0 |         0 |         0 |         0 |         0 |         0 |            0 |            0 |            0 |            0 |         0 | 11223.5000 |         0 |         0 |         0 |         0 |         0 |         0 |         0 |         0 |         0 |         0 |         0 |
|  Memory read data volume [GBytes] |   214.9297 |         0 |         0 |         0 |         0 |         0 |         0 |            0 |            0 |            0 |            0 |         0 |   206.2612 |         0 |         0 |         0 |         0 |         0 |         0 |         0 |         0 |         0 |         0 |         0 |
| Memory write bandwidth [MBytes/s] |  3803.3750 |         0 |         0 |         0 |         0 |         0 |         0 |            0 |            0 |            0 |            0 |         0 |  3882.2685 |         0 |         0 |         0 |         0 |         0 |         0 |         0 |         0 |         0 |         0 |         0 |
| Memory write data volume [GBytes] |    69.8970 |         0 |         0 |         0 |         0 |         0 |         0 |            0 |            0 |            0 |            0 |         0 |    71.3469 |         0 |         0 |         0 |         0 |         0 |         0 |         0 |         0 |         0 |         0 |         0 |
|    Memory bandwidth [MBytes/s]    | 15498.5620 |         0 |         0 |         0 |         0 |         0 |         0 |            0 |            0 |            0 |            0 |         0 | 15105.7685 |         0 |         0 |         0 |         0 |         0 |         0 |         0 |         0 |         0 |         0 |         0 |
|    Memory data volume [GBytes]    |   284.8267 |         0 |         0 |         0 |         0 |         0 |         0 |            0 |            0 |            0 |            0 |         0 |   277.6081 |         0 |         0 |         0 |         0 |         0 |         0 |         0 |         0 |         0 |         0 |         0 |
|          Temperature [C]          |         42 |        38 |        39 |        39 |        40 |        40 |        43 |           42 |           39 |           40 |           37 |        39 |         40 |        38 |        40 |        39 |        42 |        39 |        42 |        45 |        44 |        43 |        44 |        43 |
|             Energy [J]            |  1273.8886 |         0 |         0 |         0 |         0 |         0 |         0 |            0 |            0 |            0 |            0 |         0 |  1187.5044 |         0 |         0 |         0 |         0 |         0 |         0 |         0 |         0 |         0 |         0 |         0 |
|             Power [W]             |    69.3174 |         0 |         0 |         0 |         0 |         0 |         0 |            0 |            0 |            0 |            0 |         0 |    64.6169 |         0 |         0 |         0 |         0 |         0 |         0 |         0 |         0 |         0 |         0 |         0 |
|           Energy PP0 [J]          |          0 |         0 |         0 |         0 |         0 |         0 |         0 |            0 |            0 |            0 |            0 |         0 |          0 |         0 |         0 |         0 |         0 |         0 |         0 |         0 |         0 |         0 |         0 |         0 |
|           Power PP0 [W]           |          0 |         0 |         0 |         0 |         0 |         0 |         0 |            0 |            0 |            0 |            0 |         0 |          0 |         0 |         0 |         0 |         0 |         0 |         0 |         0 |         0 |         0 |         0 |         0 |
|          Energy DRAM [J]          |   196.4037 |         0 |         0 |         0 |         0 |         0 |         0 |            0 |            0 |            0 |            0 |         0 |   204.2296 |         0 |         0 |         0 |         0 |         0 |         0 |         0 |         0 |         0 |         0 |         0 |
|           Power DRAM [W]          |    10.6871 |         0 |         0 |         0 |         0 |         0 |         0 |            0 |            0 |            0 |            0 |         0 |    11.1130 |         0 |         0 |         0 |         0 |         0 |         0 |         0 |         0 |         0 |         0 |         0 |
+-----------------------------------+------------+-----------+-----------+-----------+-----------+-----------+-----------+--------------+--------------+--------------+--------------+-----------+------------+-----------+-----------+-----------+-----------+-----------+-----------+-----------+-----------+-----------+-----------+-----------+
+----------------------------------------+------------+--------------+------------+-----------+
|                 Metric                 |     Sum    |      Min     |     Max    |    Avg    |
+----------------------------------------+------------+--------------+------------+-----------+
|        Runtime (RDTSC) [s] STAT        |   441.0624 |      18.3776 |    18.3776 |   18.3776 |
|        Runtime unhalted [s] STAT       |   340.6474 |      12.3370 |    18.1635 |   14.1936 |
|            Clock [MHz] STAT            | 54978.1850 |    2286.4474 |  2299.9596 | 2290.7577 |
|                CPI STAT                |    19.5602 |       0.4943 |     1.1973 |    0.8150 |
|   Local DRAM data volume [GByte] STAT  |   406.5717 |       0.0251 |    34.9896 |   16.9405 |
|   Local DRAM bandwidth [MByte/s] STAT  | 22123.1818 |       1.3634 |  1903.9239 |  921.7992 |
|  Remote DRAM data volume [GByte] STAT  |    12.5203 |       0.0005 |     4.3120 |    0.5217 |
|  Remote DRAM bandwidth [MByte/s] STAT  |   681.2863 |       0.0277 |   234.6327 |   28.3869 |
|     Memory data volume [GByte] STAT    |   419.0921 |       0.0265 |    34.9902 |   17.4622 |
|     Memory bandwidth [MByte/s] STAT    | 22804.4680 |       1.4397 |  1903.9553 |  950.1862 |
|          L3 request rate STAT          |  1089.0823 |       2.4406 |   131.6025 |   45.3784 |
|            L3 miss rate STAT           |     1.5480 | 4.997310e-05 |     0.4178 |    0.0645 |
|           L3 miss ratio STAT           |     2.3002 | 1.453819e-05 |     0.2719 |    0.0958 |
|          L2 request rate STAT          |     1.7939 |       0.0227 |     0.1357 |    0.0747 |
|            L2 miss rate STAT           |     0.4304 |       0.0050 |     0.0331 |    0.0179 |
|           L2 miss ratio STAT           |     5.6905 |       0.2202 |     0.2456 |    0.2371 |
|  Memory read bandwidth [MBytes/s] STAT | 22918.6870 |            0 | 11695.1870 |  954.9453 |
|  Memory read data volume [GBytes] STAT |   421.1909 |            0 |   214.9297 |   17.5496 |
| Memory write bandwidth [MBytes/s] STAT |  7685.6435 |            0 |  3882.2685 |  320.2351 |
| Memory write data volume [GBytes] STAT |   141.2439 |            0 |    71.3469 |    5.8852 |
|    Memory bandwidth [MBytes/s] STAT    | 30604.3305 |            0 | 15498.5620 | 1275.1804 |
|    Memory data volume [GBytes] STAT    |   562.4348 |            0 |   284.8267 |   23.4348 |
|          Temperature [C] STAT          |        977 |           37 |         45 |   40.7083 |
|             Energy [J] STAT            |  2461.3930 |            0 |  1273.8886 |  102.5580 |
|             Power [W] STAT             |   133.9343 |            0 |    69.3174 |    5.5806 |
|           Energy PP0 [J] STAT          |          0 |            0 |          0 |         0 |
|           Power PP0 [W] STAT           |          0 |            0 |          0 |         0 |
|          Energy DRAM [J] STAT          |   400.6333 |            0 |   204.2296 |   16.6931 |
|           Power DRAM [W] STAT          |    21.8001 |            0 |    11.1130 |    0.9083 |
+----------------------------------------+------------+--------------+------------+-----------+
