--------------------------------------------------------------------------------
CPU name:	Intel(R) Xeon(R) CPU E5-2670 v3 @ 2.30GHz
CPU type:	Intel Xeon Haswell EN/EP/EX processor
CPU clock:	2.30 GHz
--------------------------------------------------------------------------------
Group 1: POWERPERF
+--------------------------------+---------+---------+--------+---------+--------+--------+--------+----------+----------+----------+----------+----------+----------+---------+---------+---------+---------+---------+---------+----------+----------+----------+----------+----------+----------+
|              Event             | Counter |  Core 0 | Core 1 |  Core 2 | Core 3 | Core 4 | Core 5 |  Core 6  |  Core 7  |  Core 8  |  Core 9  |  Core 10 |  Core 11 | Core 12 | Core 13 | Core 14 | Core 15 | Core 16 | Core 17 |  Core 18 |  Core 19 |  Core 20 |  Core 21 |  Core 22 |  Core 23 |
+--------------------------------+---------+---------+--------+---------+--------+--------+--------+----------+----------+----------+----------+----------+----------+---------+---------+---------+---------+---------+---------+----------+----------+----------+----------+----------+----------+
|        INSTR_RETIRED_ANY       |  FIXC0  |   42914 |   1613 |  339621 |      0 |      0 |      0 | 43960707 | 43053860 | 42602400 | 44544536 | 43224176 | 44983025 |       0 |       0 |  113187 |       0 |       0 |       0 | 44272281 | 44336256 | 43922815 | 45163370 | 43432257 | 45241162 |
|      CPU_CLK_UNHALTED_CORE     |  FIXC1  |  170276 |  44832 |  599104 |      0 |      0 |      0 | 20628566 | 19837819 | 19685197 | 20510659 | 19888976 | 20813834 |       0 |       0 |  321472 |       0 |       0 |       0 | 20240820 | 20453834 | 20291528 | 20801620 | 20037940 | 20974758 |
|      CPU_CLK_UNHALTED_REF      |  FIXC2  |  325818 |  85882 | 1148252 |      0 |      0 |      0 | 20628585 | 19837799 | 19685148 | 20510664 | 19888928 | 20813781 |       0 |       0 |  615963 |       0 |       0 |       0 | 20240828 | 20453762 | 20291497 | 20801568 | 20037876 | 20974804 |
|           FIXC1/FIXC0          |   CPI   |       0 |      0 |       0 |      0 |      0 |      0 |        0 |        0 |        0 |        0 |        0 |        0 |       0 |       0 |       0 |       0 |       0 |       0 |        0 |        0 |        0 |        0 |        0 |        0 |
|  OFFCORE_RESPONSE_0_LOCAL_DRAM |   PMC0  |     133 |    111 |    1003 |      0 |      0 |      0 |   534710 |   517237 |   500349 |   530083 |   510162 |   532581 |       0 |       0 |    2765 |       0 |       0 |       0 |   521440 |   533086 |   515977 |   538180 |   508470 |   534696 |
| OFFCORE_RESPONSE_1_REMOTE_DRAM |   PMC1  |      71 |    113 |    3459 |      0 |      0 |      0 |        8 |        7 |        0 |        0 |        0 |        0 |       0 |       0 |     185 |       0 |       0 |       0 |       20 |       18 |       32 |       14 |       20 |       29 |
|  MEM_LOAD_UOPS_RETIRED_L3_ALL  |   PMC2  |     230 |     97 |    1866 |      0 |      0 |      0 |    19408 |    19667 |    19610 |    20044 |    19771 |    20710 |       0 |       0 |    1111 |       0 |       0 |       0 |    19730 |    19903 |    20558 |    20459 |    20019 |    21931 |
|  MEM_LOAD_UOPS_RETIRED_L3_MISS |   PMC3  |      64 |     90 |    1268 |      0 |      0 |      0 |     9203 |     8576 |     8360 |     8874 |     8522 |     8905 |       0 |       0 |    1093 |       0 |       0 |       0 |     8754 |     8830 |     8857 |     9029 |     8766 |     9176 |
|      L2_TRANS_ALL_REQUESTS     |   PMC4  |   15823 |    921 |   27095 |      0 |      0 |      0 |  6119343 |  5977981 |  5881931 |  6168642 |  5957303 |  6211219 |       0 |       0 |   23039 |       0 |       0 |       0 |  6085586 |  6156495 |  6076667 |  6251643 |  5966901 |  6401388 |
|          L2_RQSTS_MISS         |   PMC5  |     421 |    290 |    6762 |      0 |      0 |      0 |   978390 |   941968 |   937145 |   974283 |   947665 |   984309 |       0 |       0 |    3226 |       0 |       0 |       0 |   962587 |   968578 |   964569 |   988447 |   954502 |  1007963 |
|        UOPS_RETIRED_ALL        |   PMC6  |  108136 |  12390 |  473659 |      0 |      0 |      0 | 56976406 | 55799009 | 55214304 | 57730987 | 56022956 | 58298627 |       0 |       0 |  184699 |       0 |       0 |       0 | 57382786 | 57468919 | 56935611 | 58539888 | 56296582 | 58640507 |
|            TEMP_CORE           |   TMP0  |      33 |     31 |      33 |     35 |     37 |     33 |       38 |       37 |       39 |       38 |       36 |       34 |      32 |      34 |      35 |      36 |      35 |      34 |       37 |       37 |       35 |       39 |       36 |       34 |
|         PWR_PKG_ENERGY         |   PWR0  |  0.7849 |      0 |       0 |      0 |      0 |      0 |        0 |        0 |        0 |        0 |        0 |        0 |  0.7825 |       0 |       0 |       0 |       0 |       0 |        0 |        0 |        0 |        0 |        0 |        0 |
|         PWR_PP0_ENERGY         |   PWR1  |       0 |      0 |       0 |      0 |      0 |      0 |        0 |        0 |        0 |        0 |        0 |        0 |       0 |       0 |       0 |       0 |       0 |       0 |        0 |        0 |        0 |        0 |        0 |        0 |
|         PWR_DRAM_ENERGY        |   PWR3  |  0.1787 |      0 |       0 |      0 |      0 |      0 |        0 |        0 |        0 |        0 |        0 |        0 |  0.1732 |       0 |       0 |       0 |       0 |       0 |        0 |        0 |        0 |        0 |        0 |        0 |
|          CAS_COUNT_RD          | MBOX0C0 | 1083879 |      0 |       0 |      0 |      0 |      0 |        0 |        0 |        0 |        0 |        0 |        0 | 1096321 |       0 |       0 |       0 |       0 |       0 |        0 |        0 |        0 |        0 |        0 |        0 |
|          CAS_COUNT_WR          | MBOX0C1 |  349718 |      0 |       0 |      0 |      0 |      0 |        0 |        0 |        0 |        0 |        0 |        0 |  355619 |       0 |       0 |       0 |       0 |       0 |        0 |        0 |        0 |        0 |        0 |        0 |
|          CAS_COUNT_RD          | MBOX1C0 | 1092859 |      0 |       0 |      0 |      0 |      0 |        0 |        0 |        0 |        0 |        0 |        0 | 1103759 |       0 |       0 |       0 |       0 |       0 |        0 |        0 |        0 |        0 |        0 |        0 |
|          CAS_COUNT_WR          | MBOX1C1 |  349587 |      0 |       0 |      0 |      0 |      0 |        0 |        0 |        0 |        0 |        0 |        0 |  359602 |       0 |       0 |       0 |       0 |       0 |        0 |        0 |        0 |        0 |        0 |        0 |
|          CAS_COUNT_RD          | MBOX2C0 |       0 |      0 |       0 |      0 |      0 |      0 |        0 |        0 |        0 |        0 |        0 |        0 |       0 |       0 |       0 |       0 |       0 |       0 |        0 |        0 |        0 |        0 |        0 |        0 |
|          CAS_COUNT_WR          | MBOX2C1 |       0 |      0 |       0 |      0 |      0 |      0 |        0 |        0 |        0 |        0 |        0 |        0 |       0 |       0 |       0 |       0 |       0 |       0 |        0 |        0 |        0 |        0 |        0 |        0 |
|          CAS_COUNT_RD          | MBOX3C0 |       0 |      0 |       0 |      0 |      0 |      0 |        0 |        0 |        0 |        0 |        0 |        0 |       0 |       0 |       0 |       0 |       0 |       0 |        0 |        0 |        0 |        0 |        0 |        0 |
|          CAS_COUNT_WR          | MBOX3C1 |       0 |      0 |       0 |      0 |      0 |      0 |        0 |        0 |        0 |        0 |        0 |        0 |       0 |       0 |       0 |       0 |       0 |       0 |        0 |        0 |        0 |        0 |        0 |        0 |
|          CAS_COUNT_RD          | MBOX4C0 | 1085492 |      0 |       0 |      0 |      0 |      0 |        0 |        0 |        0 |        0 |        0 |        0 | 1096432 |       0 |       0 |       0 |       0 |       0 |        0 |        0 |        0 |        0 |        0 |        0 |
|          CAS_COUNT_WR          | MBOX4C1 |  349840 |      0 |       0 |      0 |      0 |      0 |        0 |        0 |        0 |        0 |        0 |        0 |  356989 |       0 |       0 |       0 |       0 |       0 |        0 |        0 |        0 |        0 |        0 |        0 |
|          CAS_COUNT_RD          | MBOX5C0 | 1092702 |      0 |       0 |      0 |      0 |      0 |        0 |        0 |        0 |        0 |        0 |        0 | 1101686 |       0 |       0 |       0 |       0 |       0 |        0 |        0 |        0 |        0 |        0 |        0 |
|          CAS_COUNT_WR          | MBOX5C1 |  351810 |      0 |       0 |      0 |      0 |      0 |        0 |        0 |        0 |        0 |        0 |        0 |  357528 |       0 |       0 |       0 |       0 |       0 |        0 |        0 |        0 |        0 |        0 |        0 |
|          CAS_COUNT_RD          | MBOX6C0 |       0 |      0 |       0 |      0 |      0 |      0 |        0 |        0 |        0 |        0 |        0 |        0 |       0 |       0 |       0 |       0 |       0 |       0 |        0 |        0 |        0 |        0 |        0 |        0 |
|          CAS_COUNT_WR          | MBOX6C1 |       0 |      0 |       0 |      0 |      0 |      0 |        0 |        0 |        0 |        0 |        0 |        0 |       0 |       0 |       0 |       0 |       0 |       0 |        0 |        0 |        0 |        0 |        0 |        0 |
|          CAS_COUNT_RD          | MBOX7C0 |       0 |      0 |       0 |      0 |      0 |      0 |        0 |        0 |        0 |        0 |        0 |        0 |       0 |       0 |       0 |       0 |       0 |       0 |        0 |        0 |        0 |        0 |        0 |        0 |
|          CAS_COUNT_WR          | MBOX7C1 |       0 |      0 |       0 |      0 |      0 |      0 |        0 |        0 |        0 |        0 |        0 |        0 |       0 |       0 |       0 |       0 |       0 |       0 |        0 |        0 |        0 |        0 |        0 |        0 |
+--------------------------------+---------+---------+--------+---------+--------+--------+--------+----------+----------+----------+----------+----------+----------+---------+---------+---------+---------+---------+---------+----------+----------+----------+----------+----------+----------+
+-------------------------------------+---------+-----------+-----+----------+--------------+
|                Event                | Counter |    Sum    | Min |    Max   |      Avg     |
+-------------------------------------+---------+-----------+-----+----------+--------------+
|        INSTR_RETIRED_ANY STAT       |  FIXC0  | 529234180 |   0 | 45241162 | 2.205142e+07 |
|      CPU_CLK_UNHALTED_CORE STAT     |  FIXC1  | 245301235 |   0 | 20974758 | 1.022088e+07 |
|      CPU_CLK_UNHALTED_REF STAT      |  FIXC2  | 246341155 |   0 | 20974804 | 1.026421e+07 |
|           FIXC1/FIXC0 STAT          |   CPI   |         0 |   0 |        0 |            0 |
|  OFFCORE_RESPONSE_0_LOCAL_DRAM STAT |   PMC0  |   6280983 |   0 |   538180 |  261707.6250 |
| OFFCORE_RESPONSE_1_REMOTE_DRAM STAT |   PMC1  |      3976 |   0 |     3459 |     165.6667 |
|  MEM_LOAD_UOPS_RETIRED_L3_ALL STAT  |   PMC2  |    245114 |   0 |    21931 |   10213.0833 |
|  MEM_LOAD_UOPS_RETIRED_L3_MISS STAT |   PMC3  |    108367 |   0 |     9203 |    4515.2917 |
|      L2_TRANS_ALL_REQUESTS STAT     |   PMC4  |  73321977 |   0 |  6401388 | 3.055082e+06 |
|          L2_RQSTS_MISS STAT         |   PMC5  |  11621105 |   0 |  1007963 |  484212.7083 |
|        UOPS_RETIRED_ALL STAT        |   PMC6  | 686085466 |   0 | 58640507 | 2.858689e+07 |
|            TEMP_CORE STAT           |   TMP0  |       848 |  31 |       39 |      35.3333 |
|         PWR_PKG_ENERGY STAT         |   PWR0  |    1.5674 |   0 |   0.7849 |       0.0653 |
|         PWR_PP0_ENERGY STAT         |   PWR1  |         0 |   0 |        0 |            0 |
|         PWR_DRAM_ENERGY STAT        |   PWR3  |    0.3519 |   0 |   0.1787 |       0.0147 |
|          CAS_COUNT_RD STAT          | MBOX0C0 |   2180200 |   0 |  1096321 |   90841.6667 |
|          CAS_COUNT_WR STAT          | MBOX0C1 |    705337 |   0 |   355619 |   29389.0417 |
|          CAS_COUNT_RD STAT          | MBOX1C0 |   2196618 |   0 |  1103759 |   91525.7500 |
|          CAS_COUNT_WR STAT          | MBOX1C1 |    709189 |   0 |   359602 |   29549.5417 |
|          CAS_COUNT_RD STAT          | MBOX2C0 |         0 |   0 |        0 |            0 |
|          CAS_COUNT_WR STAT          | MBOX2C1 |         0 |   0 |        0 |            0 |
|          CAS_COUNT_RD STAT          | MBOX3C0 |         0 |   0 |        0 |            0 |
|          CAS_COUNT_WR STAT          | MBOX3C1 |         0 |   0 |        0 |            0 |
|          CAS_COUNT_RD STAT          | MBOX4C0 |   2181924 |   0 |  1096432 |   90913.5000 |
|          CAS_COUNT_WR STAT          | MBOX4C1 |    706829 |   0 |   356989 |   29451.2083 |
|          CAS_COUNT_RD STAT          | MBOX5C0 |   2194388 |   0 |  1101686 |   91432.8333 |
|          CAS_COUNT_WR STAT          | MBOX5C1 |    709338 |   0 |   357528 |   29555.7500 |
|          CAS_COUNT_RD STAT          | MBOX6C0 |         0 |   0 |        0 |            0 |
|          CAS_COUNT_WR STAT          | MBOX6C1 |         0 |   0 |        0 |            0 |
|          CAS_COUNT_RD STAT          | MBOX7C0 |         0 |   0 |        0 |            0 |
|          CAS_COUNT_WR STAT          | MBOX7C1 |         0 |   0 |        0 |            0 |
+-------------------------------------+---------+-----------+-----+----------+--------------+
+-----------------------------------+--------------+--------------+-----------+--------+--------+--------+--------------+--------------+------------+------------+------------+------------+-------------+---------+--------------+---------+---------+---------+--------------+--------------+--------------+--------------+--------------+--------------+
|               Metric              |    Core 0    |    Core 1    |   Core 2  | Core 3 | Core 4 | Core 5 |    Core 6    |    Core 7    |   Core 8   |   Core 9   |   Core 10  |   Core 11  |   Core 12   | Core 13 |    Core 14   | Core 15 | Core 16 | Core 17 |    Core 18   |    Core 19   |    Core 20   |    Core 21   |    Core 22   |    Core 23   |
+-----------------------------------+--------------+--------------+-----------+--------+--------+--------+--------------+--------------+------------+------------+------------+------------+-------------+---------+--------------+---------+---------+---------+--------------+--------------+--------------+--------------+--------------+--------------+
|        Runtime (RDTSC) [s]        |       0.0013 |       0.0013 |    0.0013 | 0.0013 | 0.0013 | 0.0013 |       0.0013 |       0.0013 |     0.0013 |     0.0013 |     0.0013 |     0.0013 |      0.0013 |  0.0013 |       0.0013 |  0.0013 |  0.0013 |  0.0013 |       0.0013 |       0.0013 |       0.0013 |       0.0013 |       0.0013 |       0.0013 |
|        Runtime unhalted [s]       |       0.0001 | 1.949232e-05 |    0.0003 |      0 |      0 |      0 |       0.0090 |       0.0086 |     0.0086 |     0.0089 |     0.0086 |     0.0090 |           0 |       0 |       0.0001 |       0 |       0 |       0 |       0.0088 |       0.0089 |       0.0088 |       0.0090 |       0.0087 |       0.0091 |
|            Clock [MHz]            |    1201.9959 |    1200.6339 | 1200.0232 |   nan  |   nan  |   nan  |    2299.9809 |    2299.9853 |  2299.9888 |  2299.9825 |  2299.9886 |  2299.9889 |     nan     |   nan   |    1200.3645 |   nan   |   nan   |   nan   |    2299.9821 |    2299.9911 |    2299.9865 |    2299.9888 |    2299.9904 |    2299.9780 |
|                CPI                |       3.9678 |      27.7942 |    1.7640 |   nan  |   nan  |   nan  |       0.4693 |       0.4608 |     0.4621 |     0.4605 |     0.4601 |     0.4627 |     nan     |   nan   |       2.8402 |   nan   |   nan   |   nan   |       0.4572 |       0.4613 |       0.4620 |       0.4606 |       0.4614 |       0.4636 |
|   Local DRAM data volume [GByte]  | 8.512000e-06 | 7.104000e-06 |    0.0001 |      0 |      0 |      0 |       0.0342 |       0.0331 |     0.0320 |     0.0339 |     0.0327 |     0.0341 |           0 |       0 |       0.0002 |       0 |       0 |       0 |       0.0334 |       0.0341 |       0.0330 |       0.0344 |       0.0325 |       0.0342 |
|   Local DRAM bandwidth [MByte/s]  |       6.3394 |       5.2908 |   47.8079 |      0 |      0 |      0 |   25486.9281 |   24654.0783 | 23849.1126 | 25266.3823 | 24316.8488 | 25385.4494 |           0 |       0 |     131.7936 |       0 |       0 |       0 |   24854.4141 |   25409.5202 |   24594.0205 |   25652.3255 |   24236.1997 |   25486.2608 |
|  Remote DRAM data volume [GByte]  | 4.544000e-06 | 7.232000e-06 |    0.0002 |      0 |      0 |      0 | 5.120000e-07 | 4.480000e-07 |          0 |          0 |          0 |          0 |           0 |       0 | 1.184000e-05 |       0 |       0 |       0 | 1.280000e-06 | 1.152000e-06 | 2.048000e-06 | 8.960000e-07 | 1.280000e-06 | 1.856000e-06 |
|  Remote DRAM bandwidth [MByte/s]  |       3.3842 |       5.3861 |  164.8731 |      0 |      0 |      0 |       0.3813 |       0.3337 |          0 |          0 |          0 |          0 |           0 |       0 |       8.8180 |       0 |       0 |       0 |       0.9533 |       0.8580 |       1.5253 |       0.6673 |       0.9533 |       1.3823 |
|     Memory data volume [GByte]    | 1.305600e-05 | 1.433600e-05 |    0.0003 |      0 |      0 |      0 |       0.0342 |       0.0331 |     0.0320 |     0.0339 |     0.0327 |     0.0341 |           0 |       0 |       0.0002 |       0 |       0 |       0 |       0.0334 |       0.0341 |       0.0330 |       0.0344 |       0.0325 |       0.0342 |
|     Memory bandwidth [MByte/s]    |       9.7237 |      10.6769 |  212.6810 |      0 |      0 |      0 |   25487.3094 |   24654.4120 | 23849.1126 | 25266.3823 | 24316.8488 | 25385.4494 |           0 |       0 |     140.6116 |       0 |       0 |       0 |   24855.3674 |   25410.3782 |   24595.5457 |   25652.9928 |   24237.1529 |   25487.6430 |
|          L3 request rate          |       3.5938 |       1.0778 |    1.4716 |   nan  |   nan  |   nan  |       2.1089 |       2.2933 |     2.3457 |     2.2587 |     2.3200 |     2.3257 |     nan     |   nan   |       1.0165 |   nan   |   nan   |   nan   |       2.2538 |       2.2540 |       2.3211 |       2.2659 |       2.2837 |       2.3900 |
|            L3 miss rate           |       0.3087 |       1.1649 |    1.8537 |   nan  |   nan  |   nan  |       0.0004 |       0.0004 |          0 |          0 |          0 |          0 |     nan     |   nan   |       0.1665 |   nan   |   nan   |   nan   |       0.0010 |       0.0009 |       0.0016 |       0.0007 |       0.0010 |       0.0013 |
|           L3 miss ratio           |       0.5338 |       1.0180 |    3.4487 |   nan  |   nan  |   nan  | 1.496138e-05 | 1.353345e-05 |          0 |          0 |          0 |          0 |     nan     |   nan   |       0.0669 |   nan   |   nan   |   nan   | 3.835532e-05 | 3.376566e-05 |       0.0001 | 2.601360e-05 | 3.933369e-05 |       0.0001 |
|          L2 request rate          |       0.3687 |       0.5710 |    0.0798 |   nan  |   nan  |   nan  |       0.1392 |       0.1388 |     0.1381 |     0.1385 |     0.1378 |     0.1381 |     nan     |   nan   |       0.2035 |   nan   |   nan   |   nan   |       0.1375 |       0.1389 |       0.1383 |       0.1384 |       0.1374 |       0.1415 |
|            L2 miss rate           |       0.0098 |       0.1798 |    0.0199 |   nan  |   nan  |   nan  |       0.0223 |       0.0219 |     0.0220 |     0.0219 |     0.0219 |     0.0219 |     nan     |   nan   |       0.0285 |   nan   |   nan   |   nan   |       0.0217 |       0.0218 |       0.0220 |       0.0219 |       0.0220 |       0.0223 |
|           L2 miss ratio           |       0.0266 |       0.3149 |    0.2496 |   nan  |   nan  |   nan  |       0.1599 |       0.1576 |     0.1593 |     0.1579 |     0.1591 |     0.1585 |     nan     |   nan   |       0.1400 |   nan   |   nan   |   nan   |       0.1582 |       0.1573 |       0.1587 |       0.1581 |       0.1600 |       0.1575 |
|  Memory read bandwidth [MBytes/s] |  207577.6377 |            0 |         0 |      0 |      0 |      0 |            0 |            0 |          0 |          0 |          0 |          0 | 209639.9096 |       0 |            0 |       0 |       0 |       0 |            0 |            0 |            0 |            0 |            0 |            0 |
|  Memory read data volume [GBytes] |       0.2787 |            0 |         0 |      0 |      0 |      0 |            0 |            0 |          0 |          0 |          0 |          0 |      0.2815 |       0 |            0 |       0 |       0 |       0 |            0 |            0 |            0 |            0 |            0 |            0 |
| Memory write bandwidth [MBytes/s] |   66776.4570 |            0 |         0 |      0 |      0 |      0 |            0 |            0 |          0 |          0 |          0 |          0 |  68148.3974 |       0 |            0 |       0 |       0 |       0 |            0 |            0 |            0 |            0 |            0 |            0 |
| Memory write data volume [GBytes] |       0.0897 |            0 |         0 |      0 |      0 |      0 |            0 |            0 |          0 |          0 |          0 |          0 |      0.0915 |       0 |            0 |       0 |       0 |       0 |            0 |            0 |            0 |            0 |            0 |            0 |
|    Memory bandwidth [MBytes/s]    |  274354.0946 |            0 |         0 |      0 |      0 |      0 |            0 |            0 |          0 |          0 |          0 |          0 | 277788.3070 |       0 |            0 |       0 |       0 |       0 |            0 |            0 |            0 |            0 |            0 |            0 |
|    Memory data volume [GBytes]    |       0.3684 |            0 |         0 |      0 |      0 |      0 |            0 |            0 |          0 |          0 |          0 |          0 |      0.3730 |       0 |            0 |       0 |       0 |       0 |            0 |            0 |            0 |            0 |            0 |            0 |
|          Temperature [C]          |           33 |           31 |        33 |     35 |     37 |     33 |           38 |           37 |         39 |         38 |         36 |         34 |          32 |      34 |           35 |      36 |      35 |      34 |           37 |           37 |           35 |           39 |           36 |           34 |
|             Energy [J]            |       0.7849 |            0 |         0 |      0 |      0 |      0 |            0 |            0 |          0 |          0 |          0 |          0 |      0.7825 |       0 |            0 |       0 |       0 |       0 |            0 |            0 |            0 |            0 |            0 |            0 |
|             Power [W]             |     584.5295 |            0 |         0 |      0 |      0 |      0 |            0 |            0 |          0 |          0 |          0 |          0 |    582.8022 |       0 |            0 |       0 |       0 |       0 |            0 |            0 |            0 |            0 |            0 |            0 |
|           Energy PP0 [J]          |            0 |            0 |         0 |      0 |      0 |      0 |            0 |            0 |          0 |          0 |          0 |          0 |           0 |       0 |            0 |       0 |       0 |       0 |            0 |            0 |            0 |            0 |            0 |            0 |
|           Power PP0 [W]           |            0 |            0 |         0 |      0 |      0 |      0 |            0 |            0 |          0 |          0 |          0 |          0 |           0 |       0 |            0 |       0 |       0 |       0 |            0 |            0 |            0 |            0 |            0 |            0 |
|          Energy DRAM [J]          |       0.1787 |            0 |         0 |      0 |      0 |      0 |            0 |            0 |          0 |          0 |          0 |          0 |      0.1732 |       0 |            0 |       0 |       0 |       0 |            0 |            0 |            0 |            0 |            0 |            0 |
|           Power DRAM [W]          |     133.1153 |            0 |         0 |      0 |      0 |      0 |            0 |            0 |          0 |          0 |          0 |          0 |    129.0131 |       0 |            0 |       0 |       0 |       0 |            0 |            0 |            0 |            0 |            0 |            0 |
+-----------------------------------+--------------+--------------+-----------+--------+--------+--------+--------------+--------------+------------+------------+------------+------------+-------------+---------+--------------+---------+---------+---------+--------------+--------------+--------------+--------------+--------------+--------------+
+----------------------------------------+-------------+--------+-------------+--------------+
|                 Metric                 |     Sum     |   Min  |     Max     |      Avg     |
+----------------------------------------+-------------+--------+-------------+--------------+
|        Runtime (RDTSC) [s] STAT        |      0.0312 | 0.0013 |      0.0013 |       0.0013 |
|        Runtime unhalted [s] STAT       |      0.1065 |      0 |      0.0091 |       0.0044 |
|            Clock [MHz] STAT            |  13799.9169 |      0 |   2299.9911 |     574.9965 |
|                CPI STAT                |      2.7661 |      0 |      0.4636 |       0.1153 |
|   Local DRAM data volume [GByte] STAT  |      0.4019 |      0 |      0.0344 |       0.0167 |
|   Local DRAM bandwidth [MByte/s] STAT  | 299382.7720 |      0 |  25652.3255 |   12474.2822 |
|  Remote DRAM data volume [GByte] STAT  |      0.0002 |      0 |      0.0002 | 9.712000e-06 |
|  Remote DRAM bandwidth [MByte/s] STAT  |    189.5159 |      0 |    164.8731 |       7.8965 |
|     Memory data volume [GByte] STAT    |      0.4021 |      0 |      0.0344 |       0.0168 |
|     Memory bandwidth [MByte/s] STAT    | 299572.2877 |      0 |  25652.9928 |   12482.1787 |
|          L3 request rate STAT          |     13.7685 |      0 |      2.3900 |       0.5737 |
|            L3 miss rate STAT           |      0.0065 |      0 |      0.0016 |       0.0003 |
|           L3 miss ratio STAT           |      0.0003 |      0 |      0.0001 | 1.406118e-05 |
|          L2 request rate STAT          |      0.8320 |      0 |      0.1415 |       0.0347 |
|            L2 miss rate STAT           |      0.1317 |      0 |      0.0223 |       0.0055 |
|           L2 miss ratio STAT           |      0.9498 |      0 |      0.1600 |       0.0396 |
|  Memory read bandwidth [MBytes/s] STAT | 417217.5473 |      0 | 209639.9096 |   17384.0645 |
|  Memory read data volume [GBytes] STAT |      0.5602 |      0 |      0.2815 |       0.0233 |
| Memory write bandwidth [MBytes/s] STAT | 134924.8544 |      0 |  68148.3974 |    5621.8689 |
| Memory write data volume [GBytes] STAT |      0.1812 |      0 |      0.0915 |       0.0076 |
|    Memory bandwidth [MBytes/s] STAT    | 552142.4016 |      0 | 277788.3070 |   23005.9334 |
|    Memory data volume [GBytes] STAT    |      0.7414 |      0 |      0.3730 |       0.0309 |
|          Temperature [C] STAT          |         848 |     31 |          39 |      35.3333 |
|             Energy [J] STAT            |      1.5674 |      0 |      0.7849 |       0.0653 |
|             Power [W] STAT             |   1167.3317 |      0 |    584.5295 |      48.6388 |
|           Energy PP0 [J] STAT          |           0 |      0 |           0 |            0 |
|           Power PP0 [W] STAT           |           0 |      0 |           0 |            0 |
|          Energy DRAM [J] STAT          |      0.3519 |      0 |      0.1787 |       0.0147 |
|           Power DRAM [W] STAT          |    262.1284 |      0 |    133.1153 |      10.9220 |
+----------------------------------------+-------------+--------+-------------+--------------+
