--------------------------------------------------------------------------------
CPU name:	Intel(R) Xeon(R) CPU E5-2670 v3 @ 2.30GHz
CPU type:	Intel Xeon Haswell EN/EP/EX processor
CPU clock:	2.30 GHz
--------------------------------------------------------------------------------
Group 1: POWERPERF
+--------------------------------+---------+--------+--------+---------+--------+--------+--------+----------+----------+----------+----------+----------+----------+---------+---------+---------+---------+---------+---------+----------+----------+----------+----------+----------+----------+
|              Event             | Counter | Core 0 | Core 1 |  Core 2 | Core 3 | Core 4 | Core 5 |  Core 6  |  Core 7  |  Core 8  |  Core 9  |  Core 10 |  Core 11 | Core 12 | Core 13 | Core 14 | Core 15 | Core 16 | Core 17 |  Core 18 |  Core 19 |  Core 20 |  Core 21 |  Core 22 |  Core 23 |
+--------------------------------+---------+--------+--------+---------+--------+--------+--------+----------+----------+----------+----------+----------+----------+---------+---------+---------+---------+---------+---------+----------+----------+----------+----------+----------+----------+
|        INSTR_RETIRED_ANY       |  FIXC0  |  42913 |   1601 |  339516 |      0 |      0 |      0 | 25630554 | 25772458 | 25153587 | 26120724 | 25967007 | 25195228 |  106335 |       0 |       0 |       0 |       0 |       0 | 26266030 | 26437244 | 26091571 | 25959361 | 25900386 | 25632654 |
|      CPU_CLK_UNHALTED_CORE     |  FIXC1  | 134921 |  38680 |  523946 |      0 |      0 |      0 | 21541884 | 21523465 | 21528372 | 21513328 | 21370350 | 21404814 |  296905 |       0 |       0 |       0 |       0 |       0 | 21943790 | 21971864 | 21972519 | 21974401 | 21991827 | 22002948 |
|      CPU_CLK_UNHALTED_REF      |  FIXC2  | 258451 |  74152 | 1004479 |      0 |      0 |      0 | 21541915 | 21523492 | 21528345 | 21513349 | 21370358 | 21404789 |  568813 |       0 |       0 |       0 |       0 |       0 | 21943794 | 21971923 | 21972521 | 21974315 | 21991772 | 22003019 |
|           FIXC1/FIXC0          |   CPI   |      0 |      0 |       0 |      0 |      0 |      0 |        0 |        0 |        0 |        0 |        0 |        0 |       0 |       0 |       0 |       0 |       0 |       0 |        0 |        0 |        0 |        0 |        0 |        0 |
|  OFFCORE_RESPONSE_0_LOCAL_DRAM |   PMC0  |      3 |     10 |      73 |      0 |      0 |      0 |       73 |        0 |        0 |        0 |        1 |        0 |     122 |       0 |       0 |       0 |       0 |       0 |        0 |        0 |        0 |        0 |        0 |        0 |
| OFFCORE_RESPONSE_1_REMOTE_DRAM |   PMC1  |      0 |     10 |      32 |      0 |      0 |      0 |        0 |        0 |        0 |        0 |        0 |        0 |       7 |       0 |       0 |       0 |       0 |       0 |       29 |        1 |        2 |        1 |        1 |        1 |
|  MEM_LOAD_UOPS_RETIRED_L3_ALL  |   PMC2  |     28 |     93 |    1850 |      0 |      0 |      0 |   117510 |   119449 |   114398 |   109598 |   109111 |   112565 |     455 |       0 |       0 |       0 |       0 |       0 |   119092 |   118038 |   115886 |   118994 |   117225 |   115712 |
|  MEM_LOAD_UOPS_RETIRED_L3_MISS |   PMC3  |      0 |     41 |     907 |      0 |      0 |      0 |       10 |        6 |        4 |        6 |        7 |        4 |      27 |       0 |       0 |       0 |       0 |       0 |       10 |        7 |       10 |       16 |       10 |        9 |
|      L2_TRANS_ALL_REQUESTS     |   PMC4  |  17212 |    876 |   26009 |      0 |      0 |      0 |  1014006 |  1037687 |  1010716 |   973615 |   983224 |   996715 |   19767 |       0 |       0 |       0 |       0 |       0 |  1047891 |  1073826 |  1041788 |  1045884 |  1033387 |  1041314 |
|          L2_RQSTS_MISS         |   PMC5  |     61 |    297 |    7108 |      0 |      0 |      0 |   346306 |   355845 |   346305 |   326597 |   328979 |   337794 |    1669 |       0 |       0 |       0 |       0 |       0 |   356891 |   362735 |   350571 |   360871 |   349763 |   352064 |
|        UOPS_RETIRED_ALL        |   PMC6  | 107913 |  11871 |  472489 |      0 |      0 |      0 | 34588851 | 34769091 | 33958311 | 35242427 | 35049279 | 34000036 |  173617 |       0 |       0 |       0 |       0 |       0 | 35438397 | 35671722 | 35209097 | 35032865 | 34952883 | 34601542 |
|            TEMP_CORE           |   TMP0  |     33 |     30 |      32 |     33 |     34 |     31 |       35 |       35 |       35 |       36 |       35 |       33 |      31 |      32 |      33 |      34 |      33 |      30 |       35 |       35 |       34 |       38 |       35 |       33 |
|         PWR_PKG_ENERGY         |   PWR0  | 0.5414 |      0 |       0 |      0 |      0 |      0 |        0 |        0 |        0 |        0 |        0 |        0 |  0.4891 |       0 |       0 |       0 |       0 |       0 |        0 |        0 |        0 |        0 |        0 |        0 |
|         PWR_PP0_ENERGY         |   PWR1  |      0 |      0 |       0 |      0 |      0 |      0 |        0 |        0 |        0 |        0 |        0 |        0 |       0 |       0 |       0 |       0 |       0 |       0 |        0 |        0 |        0 |        0 |        0 |        0 |
|         PWR_DRAM_ENERGY        |   PWR3  | 0.0480 |      0 |       0 |      0 |      0 |      0 |        0 |        0 |        0 |        0 |        0 |        0 |  0.0578 |       0 |       0 |       0 |       0 |       0 |        0 |        0 |        0 |        0 |        0 |        0 |
|          CAS_COUNT_RD          | MBOX0C0 |   8722 |      0 |       0 |      0 |      0 |      0 |        0 |        0 |        0 |        0 |        0 |        0 |   15026 |       0 |       0 |       0 |       0 |       0 |        0 |        0 |        0 |        0 |        0 |        0 |
|          CAS_COUNT_WR          | MBOX0C1 |   3360 |      0 |       0 |      0 |      0 |      0 |        0 |        0 |        0 |        0 |        0 |        0 |    2773 |       0 |       0 |       0 |       0 |       0 |        0 |        0 |        0 |        0 |        0 |        0 |
|          CAS_COUNT_RD          | MBOX1C0 |   8353 |      0 |       0 |      0 |      0 |      0 |        0 |        0 |        0 |        0 |        0 |        0 |   19307 |       0 |       0 |       0 |       0 |       0 |        0 |        0 |        0 |        0 |        0 |        0 |
|          CAS_COUNT_WR          | MBOX1C1 |   2516 |      0 |       0 |      0 |      0 |      0 |        0 |        0 |        0 |        0 |        0 |        0 |    2876 |       0 |       0 |       0 |       0 |       0 |        0 |        0 |        0 |        0 |        0 |        0 |
|          CAS_COUNT_RD          | MBOX2C0 |      0 |      0 |       0 |      0 |      0 |      0 |        0 |        0 |        0 |        0 |        0 |        0 |       0 |       0 |       0 |       0 |       0 |       0 |        0 |        0 |        0 |        0 |        0 |        0 |
|          CAS_COUNT_WR          | MBOX2C1 |      0 |      0 |       0 |      0 |      0 |      0 |        0 |        0 |        0 |        0 |        0 |        0 |       0 |       0 |       0 |       0 |       0 |       0 |        0 |        0 |        0 |        0 |        0 |        0 |
|          CAS_COUNT_RD          | MBOX3C0 |      0 |      0 |       0 |      0 |      0 |      0 |        0 |        0 |        0 |        0 |        0 |        0 |       0 |       0 |       0 |       0 |       0 |       0 |        0 |        0 |        0 |        0 |        0 |        0 |
|          CAS_COUNT_WR          | MBOX3C1 |      0 |      0 |       0 |      0 |      0 |      0 |        0 |        0 |        0 |        0 |        0 |        0 |       0 |       0 |       0 |       0 |       0 |       0 |        0 |        0 |        0 |        0 |        0 |        0 |
|          CAS_COUNT_RD          | MBOX4C0 |   7723 |      0 |       0 |      0 |      0 |      0 |        0 |        0 |        0 |        0 |        0 |        0 |   20829 |       0 |       0 |       0 |       0 |       0 |        0 |        0 |        0 |        0 |        0 |        0 |
|          CAS_COUNT_WR          | MBOX4C1 |   2488 |      0 |       0 |      0 |      0 |      0 |        0 |        0 |        0 |        0 |        0 |        0 |    4514 |       0 |       0 |       0 |       0 |       0 |        0 |        0 |        0 |        0 |        0 |        0 |
|          CAS_COUNT_RD          | MBOX5C0 |   5868 |      0 |       0 |      0 |      0 |      0 |        0 |        0 |        0 |        0 |        0 |        0 |   21252 |       0 |       0 |       0 |       0 |       0 |        0 |        0 |        0 |        0 |        0 |        0 |
|          CAS_COUNT_WR          | MBOX5C1 |   2557 |      0 |       0 |      0 |      0 |      0 |        0 |        0 |        0 |        0 |        0 |        0 |    6012 |       0 |       0 |       0 |       0 |       0 |        0 |        0 |        0 |        0 |        0 |        0 |
|          CAS_COUNT_RD          | MBOX6C0 |      0 |      0 |       0 |      0 |      0 |      0 |        0 |        0 |        0 |        0 |        0 |        0 |       0 |       0 |       0 |       0 |       0 |       0 |        0 |        0 |        0 |        0 |        0 |        0 |
|          CAS_COUNT_WR          | MBOX6C1 |      0 |      0 |       0 |      0 |      0 |      0 |        0 |        0 |        0 |        0 |        0 |        0 |       0 |       0 |       0 |       0 |       0 |       0 |        0 |        0 |        0 |        0 |        0 |        0 |
|          CAS_COUNT_RD          | MBOX7C0 |      0 |      0 |       0 |      0 |      0 |      0 |        0 |        0 |        0 |        0 |        0 |        0 |       0 |       0 |       0 |       0 |       0 |       0 |        0 |        0 |        0 |        0 |        0 |        0 |
|          CAS_COUNT_WR          | MBOX7C1 |      0 |      0 |       0 |      0 |      0 |      0 |        0 |        0 |        0 |        0 |        0 |        0 |       0 |       0 |       0 |       0 |       0 |       0 |        0 |        0 |        0 |        0 |        0 |        0 |
+--------------------------------+---------+--------+--------+---------+--------+--------+--------+----------+----------+----------+----------+----------+----------+---------+---------+---------+---------+---------+---------+----------+----------+----------+----------+----------+----------+
+-------------------------------------+---------+-----------+-----+----------+--------------+
|                Event                | Counter |    Sum    | Min |    Max   |      Avg     |
+-------------------------------------+---------+-----------+-----+----------+--------------+
|        INSTR_RETIRED_ANY STAT       |  FIXC0  | 310617169 |   0 | 26437244 | 1.294238e+07 |
|      CPU_CLK_UNHALTED_CORE STAT     |  FIXC1  | 261734014 |   0 | 22002948 | 1.090558e+07 |
|      CPU_CLK_UNHALTED_REF STAT      |  FIXC2  | 262645487 |   0 | 22003019 | 1.094356e+07 |
|           FIXC1/FIXC0 STAT          |   CPI   |         0 |   0 |        0 |            0 |
|  OFFCORE_RESPONSE_0_LOCAL_DRAM STAT |   PMC0  |       282 |   0 |      122 |      11.7500 |
| OFFCORE_RESPONSE_1_REMOTE_DRAM STAT |   PMC1  |        84 |   0 |       32 |       3.5000 |
|  MEM_LOAD_UOPS_RETIRED_L3_ALL STAT  |   PMC2  |   1390004 |   0 |   119449 |   57916.8333 |
|  MEM_LOAD_UOPS_RETIRED_L3_MISS STAT |   PMC3  |      1074 |   0 |      907 |      44.7500 |
|      L2_TRANS_ALL_REQUESTS STAT     |   PMC4  |  12363917 |   0 |  1073826 |  515163.2083 |
|          L2_RQSTS_MISS STAT         |   PMC5  |   4183856 |   0 |   362735 |  174327.3333 |
|        UOPS_RETIRED_ALL STAT        |   PMC6  | 419280391 |   0 | 35671722 | 1.747002e+07 |
|            TEMP_CORE STAT           |   TMP0  |       805 |  30 |       38 |      33.5417 |
|         PWR_PKG_ENERGY STAT         |   PWR0  |    1.0305 |   0 |   0.5414 |       0.0429 |
|         PWR_PP0_ENERGY STAT         |   PWR1  |         0 |   0 |        0 |            0 |
|         PWR_DRAM_ENERGY STAT        |   PWR3  |    0.1058 |   0 |   0.0578 |       0.0044 |
|          CAS_COUNT_RD STAT          | MBOX0C0 |     23748 |   0 |    15026 |     989.5000 |
|          CAS_COUNT_WR STAT          | MBOX0C1 |      6133 |   0 |     3360 |     255.5417 |
|          CAS_COUNT_RD STAT          | MBOX1C0 |     27660 |   0 |    19307 |    1152.5000 |
|          CAS_COUNT_WR STAT          | MBOX1C1 |      5392 |   0 |     2876 |     224.6667 |
|          CAS_COUNT_RD STAT          | MBOX2C0 |         0 |   0 |        0 |            0 |
|          CAS_COUNT_WR STAT          | MBOX2C1 |         0 |   0 |        0 |            0 |
|          CAS_COUNT_RD STAT          | MBOX3C0 |         0 |   0 |        0 |            0 |
|          CAS_COUNT_WR STAT          | MBOX3C1 |         0 |   0 |        0 |            0 |
|          CAS_COUNT_RD STAT          | MBOX4C0 |     28552 |   0 |    20829 |    1189.6667 |
|          CAS_COUNT_WR STAT          | MBOX4C1 |      7002 |   0 |     4514 |     291.7500 |
|          CAS_COUNT_RD STAT          | MBOX5C0 |     27120 |   0 |    21252 |         1130 |
|          CAS_COUNT_WR STAT          | MBOX5C1 |      8569 |   0 |     6012 |     357.0417 |
|          CAS_COUNT_RD STAT          | MBOX6C0 |         0 |   0 |        0 |            0 |
|          CAS_COUNT_WR STAT          | MBOX6C1 |         0 |   0 |        0 |            0 |
|          CAS_COUNT_RD STAT          | MBOX7C0 |         0 |   0 |        0 |            0 |
|          CAS_COUNT_WR STAT          | MBOX7C1 |         0 |   0 |        0 |            0 |
+-------------------------------------+---------+-----------+-----+----------+--------------+
+-----------------------------------+--------------+--------------+--------------+--------+--------+--------+--------------+------------+------------+------------+--------------+------------+--------------+---------+---------+---------+---------+---------+--------------+--------------+--------------+--------------+--------------+--------------+
|               Metric              |    Core 0    |    Core 1    |    Core 2    | Core 3 | Core 4 | Core 5 |    Core 6    |   Core 7   |   Core 8   |   Core 9   |    Core 10   |   Core 11  |    Core 12   | Core 13 | Core 14 | Core 15 | Core 16 | Core 17 |    Core 18   |    Core 19   |    Core 20   |    Core 21   |    Core 22   |    Core 23   |
+-----------------------------------+--------------+--------------+--------------+--------+--------+--------+--------------+------------+------------+------------+--------------+------------+--------------+---------+---------+---------+---------+---------+--------------+--------------+--------------+--------------+--------------+--------------+
|        Runtime (RDTSC) [s]        |       0.0010 |       0.0010 |       0.0010 | 0.0010 | 0.0010 | 0.0010 |       0.0010 |     0.0010 |     0.0010 |     0.0010 |       0.0010 |     0.0010 |       0.0010 |  0.0010 |  0.0010 |  0.0010 |  0.0010 |  0.0010 |       0.0010 |       0.0010 |       0.0010 |       0.0010 |       0.0010 |       0.0010 |
|        Runtime unhalted [s]       |       0.0001 | 1.681750e-05 |       0.0002 |      0 |      0 |      0 |       0.0094 |     0.0094 |     0.0094 |     0.0094 |       0.0093 |     0.0093 |       0.0001 |       0 |       0 |       0 |       0 |       0 |       0.0095 |       0.0096 |       0.0096 |       0.0096 |       0.0096 |       0.0096 |
|            Clock [MHz]            |    1200.6777 |    1199.7443 |    1199.6948 |   nan  |   nan  |   nan  |    2299.9822 |  2299.9826 |  2299.9884 |  2299.9833 |    2299.9846 |  2299.9882 |    1200.5302 |   nan   |   nan   |   nan   |   nan   |   nan   |    2299.9851 |    2299.9793 |    2299.9853 |    2299.9945 |    2299.9913 |    2299.9781 |
|                CPI                |       3.1441 |      24.1599 |       1.5432 |   nan  |   nan  |   nan  |       0.8405 |     0.8351 |     0.8559 |     0.8236 |       0.8230 |     0.8496 |       2.7922 |   nan   |   nan   |   nan   |   nan   |   nan   |       0.8354 |       0.8311 |       0.8421 |       0.8465 |       0.8491 |       0.8584 |
|   Local DRAM data volume [GByte]  | 1.920000e-07 | 6.400000e-07 | 4.672000e-06 |      0 |      0 |      0 | 4.672000e-06 |          0 |          0 |          0 | 6.400000e-08 |          0 | 7.808000e-06 |       0 |       0 |       0 |       0 |       0 |            0 |            0 |            0 |            0 |            0 |            0 |
|   Local DRAM bandwidth [MByte/s]  |       0.1992 |       0.6639 |       4.8463 |      0 |      0 |      0 |       4.8463 |          0 |          0 |          0 |       0.0664 |          0 |       8.0993 |       0 |       0 |       0 |       0 |       0 |            0 |            0 |            0 |            0 |            0 |            0 |
|  Remote DRAM data volume [GByte]  |            0 | 6.400000e-07 | 2.048000e-06 |      0 |      0 |      0 |            0 |          0 |          0 |          0 |            0 |          0 | 4.480000e-07 |       0 |       0 |       0 |       0 |       0 | 1.856000e-06 | 6.400000e-08 | 1.280000e-07 | 6.400000e-08 | 6.400000e-08 | 6.400000e-08 |
|  Remote DRAM bandwidth [MByte/s]  |            0 |       0.6639 |       2.1244 |      0 |      0 |      0 |            0 |          0 |          0 |          0 |            0 |          0 |       0.4647 |       0 |       0 |       0 |       0 |       0 |       1.9252 |       0.0664 |       0.1328 |       0.0664 |       0.0664 |       0.0664 |
|     Memory data volume [GByte]    | 1.920000e-07 | 1.280000e-06 | 6.720000e-06 |      0 |      0 |      0 | 4.672000e-06 |          0 |          0 |          0 | 6.400000e-08 |          0 | 8.256000e-06 |       0 |       0 |       0 |       0 |       0 | 1.856000e-06 | 6.400000e-08 | 1.280000e-07 | 6.400000e-08 | 6.400000e-08 | 6.400000e-08 |
|     Memory bandwidth [MByte/s]    |       0.1992 |       1.3277 |       6.9707 |      0 |      0 |      0 |       4.8463 |          0 |          0 |          0 |       0.0664 |          0 |       8.5640 |       0 |       0 |       0 |       0 |       0 |       1.9252 |       0.0664 |       0.1328 |       0.0664 |       0.0664 |       0.0664 |
|          L3 request rate          |      nan     |       2.2683 |       2.0397 |   nan  |   nan  |   nan  |        11751 | 19908.1667 | 28599.5000 | 18266.3333 |   15587.2857 | 28141.2500 |      16.8519 |   nan   |   nan   |   nan   |   nan   |   nan   |   11909.2000 |   16862.5714 |   11588.6000 |    7437.1250 |   11722.5000 |   12856.8889 |
|            L3 miss rate           |            0 |       0.1075 |       0.0173 |   nan  |   nan  |   nan  |            0 |          0 |          0 |          0 |            0 |          0 |       0.0154 |   nan   |   nan   |   nan   |   nan   |   nan   |       0.0002 | 8.471848e-06 | 1.725834e-05 | 8.403785e-06 | 8.530604e-06 | 8.642146e-06 |
|           L3 miss ratio           |            0 |            1 |       0.4384 |   nan  |   nan  |   nan  |            0 |     nan    |     nan    |     nan    |            0 |     nan    |       0.0574 |   nan   |   nan   |   nan   |   nan   |   nan   |      nan     |      nan     |      nan     |      nan     |      nan     |      nan     |
|          L2 request rate          |       0.4011 |       0.5472 |       0.0766 |   nan  |   nan  |   nan  |       0.0396 |     0.0403 |     0.0402 |     0.0373 |       0.0379 |     0.0396 |       0.1859 |   nan   |   nan   |   nan   |   nan   |   nan   |       0.0399 |       0.0406 |       0.0399 |       0.0403 |       0.0399 |       0.0406 |
|            L2 miss rate           |       0.0014 |       0.1855 |       0.0209 |   nan  |   nan  |   nan  |       0.0135 |     0.0138 |     0.0138 |     0.0125 |       0.0127 |     0.0134 |       0.0157 |   nan   |   nan   |   nan   |   nan   |   nan   |       0.0136 |       0.0137 |       0.0134 |       0.0139 |       0.0135 |       0.0137 |
|           L2 miss ratio           |       0.0035 |       0.3390 |       0.2733 |   nan  |   nan  |   nan  |       0.3415 |     0.3429 |     0.3426 |     0.3354 |       0.3346 |     0.3389 |       0.0844 |   nan   |   nan   |   nan   |   nan   |   nan   |       0.3406 |       0.3378 |       0.3365 |       0.3450 |       0.3385 |       0.3381 |
|  Memory read bandwidth [MBytes/s] |    2035.8344 |            0 |            0 |      0 |      0 |      0 |            0 |          0 |          0 |          0 |            0 |          0 |    5072.9228 |       0 |       0 |       0 |       0 |       0 |            0 |            0 |            0 |            0 |            0 |            0 |
|  Memory read data volume [GBytes] |       0.0020 |            0 |            0 |      0 |      0 |      0 |            0 |          0 |          0 |          0 |            0 |          0 |       0.0049 |       0 |       0 |       0 |       0 |       0 |            0 |            0 |            0 |            0 |            0 |            0 |
| Memory write bandwidth [MBytes/s] |     725.0162 |            0 |            0 |      0 |      0 |      0 |            0 |          0 |          0 |          0 |            0 |          0 |    1073.8153 |       0 |       0 |       0 |       0 |       0 |            0 |            0 |            0 |            0 |            0 |            0 |
| Memory write data volume [GBytes] |       0.0007 |            0 |            0 |      0 |      0 |      0 |            0 |          0 |          0 |          0 |            0 |          0 |       0.0010 |       0 |       0 |       0 |       0 |       0 |            0 |            0 |            0 |            0 |            0 |            0 |
|    Memory bandwidth [MBytes/s]    |    2760.8506 |            0 |            0 |      0 |      0 |      0 |            0 |          0 |          0 |          0 |            0 |          0 |    6146.7381 |       0 |       0 |       0 |       0 |       0 |            0 |            0 |            0 |            0 |            0 |            0 |
|    Memory data volume [GBytes]    |       0.0027 |            0 |            0 |      0 |      0 |      0 |            0 |          0 |          0 |          0 |            0 |          0 |       0.0059 |       0 |       0 |       0 |       0 |       0 |            0 |            0 |            0 |            0 |            0 |            0 |
|          Temperature [C]          |           33 |           30 |           32 |     33 |     34 |     31 |           35 |         35 |         35 |         36 |           35 |         33 |           31 |      32 |      33 |      34 |      33 |      30 |           35 |           35 |           34 |           38 |           35 |           33 |
|             Energy [J]            |       0.5414 |            0 |            0 |      0 |      0 |      0 |            0 |          0 |          0 |          0 |            0 |          0 |       0.4891 |       0 |       0 |       0 |       0 |       0 |            0 |            0 |            0 |            0 |            0 |            0 |
|             Power [W]             |     561.6399 |            0 |            0 |      0 |      0 |      0 |            0 |          0 |          0 |          0 |            0 |          0 |     507.3816 |       0 |       0 |       0 |       0 |       0 |            0 |            0 |            0 |            0 |            0 |            0 |
|           Energy PP0 [J]          |            0 |            0 |            0 |      0 |      0 |      0 |            0 |          0 |          0 |          0 |            0 |          0 |            0 |       0 |       0 |       0 |       0 |       0 |            0 |            0 |            0 |            0 |            0 |            0 |
|           Power PP0 [W]           |            0 |            0 |            0 |      0 |      0 |      0 |            0 |          0 |          0 |          0 |            0 |          0 |            0 |       0 |       0 |       0 |       0 |       0 |            0 |            0 |            0 |            0 |            0 |            0 |
|          Energy DRAM [J]          |       0.0480 |            0 |            0 |      0 |      0 |      0 |            0 |          0 |          0 |          0 |            0 |          0 |       0.0578 |       0 |       0 |       0 |       0 |       0 |            0 |            0 |            0 |            0 |            0 |            0 |
|           Power DRAM [W]          |      49.7547 |            0 |            0 |      0 |      0 |      0 |            0 |          0 |          0 |          0 |            0 |          0 |      59.9279 |       0 |       0 |       0 |       0 |       0 |            0 |            0 |            0 |            0 |            0 |            0 |
+-----------------------------------+--------------+--------------+--------------+--------+--------+--------+--------------+------------+------------+------------+--------------+------------+--------------+---------+---------+---------+---------+---------+--------------+--------------+--------------+--------------+--------------+--------------+
+----------------------------------------+--------------+--------+--------------+--------------+
|                 Metric                 |      Sum     |   Min  |      Max     |      Avg     |
+----------------------------------------+--------------+--------+--------------+--------------+
|        Runtime (RDTSC) [s] STAT        |       0.0240 | 0.0010 |       0.0010 |       0.0010 |
|        Runtime unhalted [s] STAT       |       0.1141 |      0 |       0.0096 |       0.0048 |
|            Clock [MHz] STAT            |   13799.9136 |      0 |    2299.9945 |     574.9964 |
|                CPI STAT                |       5.0626 |      0 |       0.8584 |       0.2109 |
|   Local DRAM data volume [GByte] STAT  | 1.804800e-05 |      0 | 7.808000e-06 | 7.520000e-07 |
|   Local DRAM bandwidth [MByte/s] STAT  |      18.7214 |      0 |       8.0993 |       0.7801 |
|  Remote DRAM data volume [GByte] STAT  | 5.376000e-06 |      0 | 2.048000e-06 | 2.240000e-07 |
|  Remote DRAM bandwidth [MByte/s] STAT  |       5.5766 |      0 |       2.1244 |       0.2324 |
|     Memory data volume [GByte] STAT    | 2.342400e-05 |      0 | 8.256000e-06 | 9.760000e-07 |
|     Memory bandwidth [MByte/s] STAT    |      24.2979 |      0 |       8.5640 |       1.0124 |
|          L3 request rate STAT          |   72376.8853 |      0 |   16862.5714 |    3015.7036 |
|            L3 miss rate STAT           |       0.0003 |      0 |       0.0002 | 1.047111e-05 |
|           L3 miss ratio STAT           |            0 |      0 |            0 |            0 |
|          L2 request rate STAT          |       0.2412 |      0 |       0.0406 |       0.0100 |
|            L2 miss rate STAT           |       0.0818 |      0 |       0.0139 |       0.0034 |
|           L2 miss ratio STAT           |       2.0365 |      0 |       0.3450 |       0.0849 |
|  Memory read bandwidth [MBytes/s] STAT |    7108.7572 |      0 |    5072.9228 |     296.1982 |
|  Memory read data volume [GBytes] STAT |       0.0069 |      0 |       0.0049 |       0.0003 |
| Memory write bandwidth [MBytes/s] STAT |    1798.8315 |      0 |    1073.8153 |      74.9513 |
| Memory write data volume [GBytes] STAT |       0.0017 |      0 |       0.0010 |       0.0001 |
|    Memory bandwidth [MBytes/s] STAT    |    8907.5887 |      0 |    6146.7381 |     371.1495 |
|    Memory data volume [GBytes] STAT    |       0.0086 |      0 |       0.0059 |       0.0004 |
|          Temperature [C] STAT          |          805 |     30 |           38 |      33.5417 |
|             Energy [J] STAT            |       1.0305 |      0 |       0.5414 |       0.0429 |
|             Power [W] STAT             |    1069.0215 |      0 |     561.6399 |      44.5426 |
|           Energy PP0 [J] STAT          |            0 |      0 |            0 |            0 |
|           Power PP0 [W] STAT           |            0 |      0 |            0 |            0 |
|          Energy DRAM [J] STAT          |       0.1058 |      0 |       0.0578 |       0.0044 |
|           Power DRAM [W] STAT          |     109.6826 |      0 |      59.9279 |       4.5701 |
+----------------------------------------+--------------+--------+--------------+--------------+
