--------------------------------------------------------------------------------
CPU name:	Intel(R) Xeon(R) CPU E5-2670 v3 @ 2.30GHz
CPU type:	Intel Xeon Haswell EN/EP/EX processor
CPU clock:	2.30 GHz
--------------------------------------------------------------------------------
Group 1: POWERPERF
+--------------------------------+---------+--------+---------+--------+--------+--------+--------+----------+----------+----------+----------+----------+----------+---------+---------+---------+---------+---------+---------+----------+----------+----------+----------+----------+----------+
|              Event             | Counter | Core 0 |  Core 1 | Core 2 | Core 3 | Core 4 | Core 5 |  Core 6  |  Core 7  |  Core 8  |  Core 9  |  Core 10 |  Core 11 | Core 12 | Core 13 | Core 14 | Core 15 | Core 16 | Core 17 |  Core 18 |  Core 19 |  Core 20 |  Core 21 |  Core 22 |  Core 23 |
+--------------------------------+---------+--------+---------+--------+--------+--------+--------+----------+----------+----------+----------+----------+----------+---------+---------+---------+---------+---------+---------+----------+----------+----------+----------+----------+----------+
|        INSTR_RETIRED_ANY       |  FIXC0  |  42913 |  341274 |      0 |      0 |      0 |      0 | 10073836 | 11038890 | 11490734 | 12416918 | 13751535 | 14457451 |       0 |  113080 |       0 |       0 |       0 |       0 | 18240298 | 19532785 | 20043697 | 20496124 | 21507143 | 22298512 |
|      CPU_CLK_UNHALTED_CORE     |  FIXC1  | 138747 |  668301 |      0 |      0 |      0 |      0 | 20338155 | 20750825 | 20840335 | 20752107 | 20812392 | 20559105 |       0 |  249918 |       0 |       0 |       0 |       0 | 20480863 | 20489951 | 20334706 | 20501748 | 20478424 | 20191704 |
|      CPU_CLK_UNHALTED_REF      |  FIXC2  | 266133 | 1281077 |      0 |      0 |      0 |      0 | 20338072 | 20750692 | 20840208 | 20752026 | 20812309 | 20558941 |       0 |  442129 |       0 |       0 |       0 |       0 | 20480879 | 20489918 | 20334668 | 20501694 | 20478556 | 20191838 |
|           FIXC1/FIXC0          |   CPI   |      0 |       0 |      0 |      0 |      0 |      0 |        0 |        0 |        0 |        0 |        0 |        0 |       0 |       0 |       0 |       0 |       0 |       0 |        0 |        0 |        0 |        0 |        0 |        0 |
|  OFFCORE_RESPONSE_0_LOCAL_DRAM |   PMC0  |     16 |    1393 |      0 |      0 |      0 |      0 |    35480 |    15338 |    12582 |    11224 |    10094 |    10323 |       0 |     469 |       0 |       0 |       0 |       0 |    28885 |    25404 |    22696 |    21359 |    19770 |    18478 |
| OFFCORE_RESPONSE_1_REMOTE_DRAM |   PMC1  |      0 |    2825 |      0 |      0 |      0 |      0 |    80015 |    81591 |    54352 |    53070 |    50848 |    49153 |       0 |     387 |       0 |       0 |       0 |       0 |     6173 |     4714 |     4241 |     4272 |     4372 |     5038 |
|  MEM_LOAD_UOPS_RETIRED_L3_ALL  |   PMC2  |     28 |    2144 |      0 |      0 |      0 |      0 |    29102 |    19643 |    17110 |    16671 |    15942 |    15978 |       0 |     511 |       0 |       0 |       0 |       0 |    12506 |     9586 |     9034 |     8699 |     7564 |     7886 |
|  MEM_LOAD_UOPS_RETIRED_L3_MISS |   PMC3  |      7 |    1393 |      0 |      0 |      0 |      0 |    15969 |     5650 |     5447 |     5219 |     4923 |     5037 |       0 |     238 |       0 |       0 |       0 |       0 |     5869 |     3482 |     3252 |     3080 |     2879 |     3166 |
|      L2_TRANS_ALL_REQUESTS     |   PMC4  |  17210 |   25649 |      0 |      0 |      0 |      0 |  1287238 |   890435 |   695986 |   691052 |   697108 |   702072 |       0 |   18100 |       0 |       0 |       0 |       0 |   475605 |   448753 |   436843 |   435124 |   434177 |   426361 |
|          L2_RQSTS_MISS         |   PMC5  |    270 |    7063 |      0 |      0 |      0 |      0 |   306675 |   229072 |   174943 |   170219 |   167895 |   168042 |       0 |    1655 |       0 |       0 |       0 |       0 |   113670 |   101983 |    98414 |    95106 |    89823 |    89635 |
|        UOPS_RETIRED_ALL        |   PMC6  | 107694 |  483872 |      0 |      0 |      0 |      0 | 13269654 | 15021972 | 16543200 | 17626460 | 19269455 | 20012232 |       0 |  183150 |       0 |       0 |       0 |       0 | 26420099 | 28013004 | 28628193 | 29312234 | 30518312 | 31324206 |
|            TEMP_CORE           |   TMP0  |     36 |      33 |     34 |     35 |     35 |     36 |       39 |       36 |       35 |       36 |       34 |       36 |      35 |      34 |      35 |      35 |      39 |      36 |       38 |       41 |       39 |       41 |       40 |       38 |
|         PWR_PKG_ENERGY         |   PWR0  | 0.5035 |       0 |      0 |      0 |      0 |      0 |        0 |        0 |        0 |        0 |        0 |        0 |  0.5056 |       0 |       0 |       0 |       0 |       0 |        0 |        0 |        0 |        0 |        0 |        0 |
|         PWR_PP0_ENERGY         |   PWR1  |      0 |       0 |      0 |      0 |      0 |      0 |        0 |        0 |        0 |        0 |        0 |        0 |       0 |       0 |       0 |       0 |       0 |       0 |        0 |        0 |        0 |        0 |        0 |        0 |
|         PWR_DRAM_ENERGY        |   PWR3  | 0.0728 |       0 |      0 |      0 |      0 |      0 |        0 |        0 |        0 |        0 |        0 |        0 |  0.0803 |       0 |       0 |       0 |       0 |       0 |        0 |        0 |        0 |        0 |        0 |        0 |
|          CAS_COUNT_RD          | MBOX0C0 | 103432 |       0 |      0 |      0 |      0 |      0 |        0 |        0 |        0 |        0 |        0 |        0 |  213141 |       0 |       0 |       0 |       0 |       0 |        0 |        0 |        0 |        0 |        0 |        0 |
|          CAS_COUNT_WR          | MBOX0C1 |  34470 |       0 |      0 |      0 |      0 |      0 |        0 |        0 |        0 |        0 |        0 |        0 |   69044 |       0 |       0 |       0 |       0 |       0 |        0 |        0 |        0 |        0 |        0 |        0 |
|          CAS_COUNT_RD          | MBOX1C0 | 128209 |       0 |      0 |      0 |      0 |      0 |        0 |        0 |        0 |        0 |        0 |        0 |  206903 |       0 |       0 |       0 |       0 |       0 |        0 |        0 |        0 |        0 |        0 |        0 |
|          CAS_COUNT_WR          | MBOX1C1 |  43271 |       0 |      0 |      0 |      0 |      0 |        0 |        0 |        0 |        0 |        0 |        0 |   66799 |       0 |       0 |       0 |       0 |       0 |        0 |        0 |        0 |        0 |        0 |        0 |
|          CAS_COUNT_RD          | MBOX2C0 |      0 |       0 |      0 |      0 |      0 |      0 |        0 |        0 |        0 |        0 |        0 |        0 |       0 |       0 |       0 |       0 |       0 |       0 |        0 |        0 |        0 |        0 |        0 |        0 |
|          CAS_COUNT_WR          | MBOX2C1 |      0 |       0 |      0 |      0 |      0 |      0 |        0 |        0 |        0 |        0 |        0 |        0 |       0 |       0 |       0 |       0 |       0 |       0 |        0 |        0 |        0 |        0 |        0 |        0 |
|          CAS_COUNT_RD          | MBOX3C0 |      0 |       0 |      0 |      0 |      0 |      0 |        0 |        0 |        0 |        0 |        0 |        0 |       0 |       0 |       0 |       0 |       0 |       0 |        0 |        0 |        0 |        0 |        0 |        0 |
|          CAS_COUNT_WR          | MBOX3C1 |      0 |       0 |      0 |      0 |      0 |      0 |        0 |        0 |        0 |        0 |        0 |        0 |       0 |       0 |       0 |       0 |       0 |       0 |        0 |        0 |        0 |        0 |        0 |        0 |
|          CAS_COUNT_RD          | MBOX4C0 |  96465 |       0 |      0 |      0 |      0 |      0 |        0 |        0 |        0 |        0 |        0 |        0 |  199243 |       0 |       0 |       0 |       0 |       0 |        0 |        0 |        0 |        0 |        0 |        0 |
|          CAS_COUNT_WR          | MBOX4C1 |  30169 |       0 |      0 |      0 |      0 |      0 |        0 |        0 |        0 |        0 |        0 |        0 |   65976 |       0 |       0 |       0 |       0 |       0 |        0 |        0 |        0 |        0 |        0 |        0 |
|          CAS_COUNT_RD          | MBOX5C0 | 115437 |       0 |      0 |      0 |      0 |      0 |        0 |        0 |        0 |        0 |        0 |        0 |  200820 |       0 |       0 |       0 |       0 |       0 |        0 |        0 |        0 |        0 |        0 |        0 |
|          CAS_COUNT_WR          | MBOX5C1 |  31227 |       0 |      0 |      0 |      0 |      0 |        0 |        0 |        0 |        0 |        0 |        0 |   65399 |       0 |       0 |       0 |       0 |       0 |        0 |        0 |        0 |        0 |        0 |        0 |
|          CAS_COUNT_RD          | MBOX6C0 |      0 |       0 |      0 |      0 |      0 |      0 |        0 |        0 |        0 |        0 |        0 |        0 |       0 |       0 |       0 |       0 |       0 |       0 |        0 |        0 |        0 |        0 |        0 |        0 |
|          CAS_COUNT_WR          | MBOX6C1 |      0 |       0 |      0 |      0 |      0 |      0 |        0 |        0 |        0 |        0 |        0 |        0 |       0 |       0 |       0 |       0 |       0 |       0 |        0 |        0 |        0 |        0 |        0 |        0 |
|          CAS_COUNT_RD          | MBOX7C0 |      0 |       0 |      0 |      0 |      0 |      0 |        0 |        0 |        0 |        0 |        0 |        0 |       0 |       0 |       0 |       0 |       0 |       0 |        0 |        0 |        0 |        0 |        0 |        0 |
|          CAS_COUNT_WR          | MBOX7C1 |      0 |       0 |      0 |      0 |      0 |      0 |        0 |        0 |        0 |        0 |        0 |        0 |       0 |       0 |       0 |       0 |       0 |       0 |        0 |        0 |        0 |        0 |        0 |        0 |
+--------------------------------+---------+--------+---------+--------+--------+--------+--------+----------+----------+----------+----------+----------+----------+---------+---------+---------+---------+---------+---------+----------+----------+----------+----------+----------+----------+
+-------------------------------------+---------+-----------+-----+----------+--------------+
|                Event                | Counter |    Sum    | Min |    Max   |      Avg     |
+-------------------------------------+---------+-----------+-----+----------+--------------+
|        INSTR_RETIRED_ANY STAT       |  FIXC0  | 195845190 |   0 | 22298512 | 8.160216e+06 |
|      CPU_CLK_UNHALTED_CORE STAT     |  FIXC1  | 247587281 |   0 | 20840335 | 1.031614e+07 |
|      CPU_CLK_UNHALTED_REF STAT      |  FIXC2  | 248519140 |   0 | 20840208 | 1.035496e+07 |
|           FIXC1/FIXC0 STAT          |   CPI   |         0 |   0 |        0 |            0 |
|  OFFCORE_RESPONSE_0_LOCAL_DRAM STAT |   PMC0  |    233511 |   0 |    35480 |    9729.6250 |
| OFFCORE_RESPONSE_1_REMOTE_DRAM STAT |   PMC1  |    401051 |   0 |    81591 |   16710.4583 |
|  MEM_LOAD_UOPS_RETIRED_L3_ALL STAT  |   PMC2  |    172404 |   0 |    29102 |    7183.5000 |
|  MEM_LOAD_UOPS_RETIRED_L3_MISS STAT |   PMC3  |     65611 |   0 |    15969 |    2733.7917 |
|      L2_TRANS_ALL_REQUESTS STAT     |   PMC4  |   7681713 |   0 |  1287238 |  320071.3750 |
|          L2_RQSTS_MISS STAT         |   PMC5  |   1814465 |   0 |   306675 |   75602.7083 |
|        UOPS_RETIRED_ALL STAT        |   PMC6  | 276733737 |   0 | 31324206 | 1.153057e+07 |
|            TEMP_CORE STAT           |   TMP0  |       876 |  33 |       41 |      36.5000 |
|         PWR_PKG_ENERGY STAT         |   PWR0  |    1.0091 |   0 |   0.5056 |       0.0420 |
|         PWR_PP0_ENERGY STAT         |   PWR1  |         0 |   0 |        0 |            0 |
|         PWR_DRAM_ENERGY STAT        |   PWR3  |    0.1531 |   0 |   0.0803 |       0.0064 |
|          CAS_COUNT_RD STAT          | MBOX0C0 |    316573 |   0 |   213141 |   13190.5417 |
|          CAS_COUNT_WR STAT          | MBOX0C1 |    103514 |   0 |    69044 |    4313.0833 |
|          CAS_COUNT_RD STAT          | MBOX1C0 |    335112 |   0 |   206903 |        13963 |
|          CAS_COUNT_WR STAT          | MBOX1C1 |    110070 |   0 |    66799 |    4586.2500 |
|          CAS_COUNT_RD STAT          | MBOX2C0 |         0 |   0 |        0 |            0 |
|          CAS_COUNT_WR STAT          | MBOX2C1 |         0 |   0 |        0 |            0 |
|          CAS_COUNT_RD STAT          | MBOX3C0 |         0 |   0 |        0 |            0 |
|          CAS_COUNT_WR STAT          | MBOX3C1 |         0 |   0 |        0 |            0 |
|          CAS_COUNT_RD STAT          | MBOX4C0 |    295708 |   0 |   199243 |   12321.1667 |
|          CAS_COUNT_WR STAT          | MBOX4C1 |     96145 |   0 |    65976 |    4006.0417 |
|          CAS_COUNT_RD STAT          | MBOX5C0 |    316257 |   0 |   200820 |   13177.3750 |
|          CAS_COUNT_WR STAT          | MBOX5C1 |     96626 |   0 |    65399 |    4026.0833 |
|          CAS_COUNT_RD STAT          | MBOX6C0 |         0 |   0 |        0 |            0 |
|          CAS_COUNT_WR STAT          | MBOX6C1 |         0 |   0 |        0 |            0 |
|          CAS_COUNT_RD STAT          | MBOX7C0 |         0 |   0 |        0 |            0 |
|          CAS_COUNT_WR STAT          | MBOX7C1 |         0 |   0 |        0 |            0 |
+-------------------------------------+---------+-----------+-----+----------+--------------+
+-----------------------------------+--------------+-----------+--------+--------+--------+--------+-----------+-----------+-----------+-----------+-----------+-----------+------------+--------------+---------+---------+---------+---------+-----------+-----------+-----------+-----------+-----------+-----------+
|               Metric              |    Core 0    |   Core 1  | Core 2 | Core 3 | Core 4 | Core 5 |   Core 6  |   Core 7  |   Core 8  |   Core 9  |  Core 10  |  Core 11  |   Core 12  |    Core 13   | Core 14 | Core 15 | Core 16 | Core 17 |  Core 18  |  Core 19  |  Core 20  |  Core 21  |  Core 22  |  Core 23  |
+-----------------------------------+--------------+-----------+--------+--------+--------+--------+-----------+-----------+-----------+-----------+-----------+-----------+------------+--------------+---------+---------+---------+---------+-----------+-----------+-----------+-----------+-----------+-----------+
|        Runtime (RDTSC) [s]        |       0.0011 |    0.0011 | 0.0011 | 0.0011 | 0.0011 | 0.0011 |    0.0011 |    0.0011 |    0.0011 |    0.0011 |    0.0011 |    0.0011 |     0.0011 |       0.0011 |  0.0011 |  0.0011 |  0.0011 |  0.0011 |    0.0011 |    0.0011 |    0.0011 |    0.0011 |    0.0011 |    0.0011 |
|        Runtime unhalted [s]       |       0.0001 |    0.0003 |      0 |      0 |      0 |      0 |    0.0088 |    0.0090 |    0.0091 |    0.0090 |    0.0090 |    0.0089 |          0 |       0.0001 |       0 |       0 |       0 |       0 |    0.0089 |    0.0089 |    0.0088 |    0.0089 |    0.0089 |    0.0088 |
|            Clock [MHz]            |    1199.0775 | 1199.8288 |   nan  |   nan  |   nan  |   nan  | 2299.9806 | 2299.9859 | 2299.9852 | 2299.9802 | 2299.9804 | 2299.9895 |     nan    |    1300.0826 |   nan   |   nan   |   nan   |   nan   | 2299.9694 | 2299.9749 | 2299.9755 | 2299.9773 | 2299.9564 | 2299.9559 |
|                CPI                |       3.2332 |    1.9583 |   nan  |   nan  |   nan  |   nan  |    2.0189 |    1.8798 |    1.8137 |    1.6713 |    1.5135 |    1.4220 |     nan    |       2.2101 |   nan   |   nan   |   nan   |   nan   |    1.1228 |    1.0490 |    1.0145 |    1.0003 |    0.9522 |    0.9055 |
|   Local DRAM data volume [GByte]  | 1.024000e-06 |    0.0001 |      0 |      0 |      0 |      0 |    0.0023 |    0.0010 |    0.0008 |    0.0007 |    0.0006 |    0.0007 |          0 | 3.001600e-05 |       0 |       0 |       0 |       0 |    0.0018 |    0.0016 |    0.0015 |    0.0014 |    0.0013 |    0.0012 |
|   Local DRAM bandwidth [MByte/s]  |       0.9099 |   79.2164 |      0 |      0 |      0 |      0 | 2017.6580 |  872.2333 |  715.5065 |  638.2805 |  574.0203 |  587.0429 |          0 |      26.6708 |       0 |       0 |       0 |       0 | 1642.6170 | 1444.6613 | 1290.6642 | 1214.6324 | 1124.2699 | 1050.7972 |
|  Remote DRAM data volume [GByte]  |            0 |    0.0002 |      0 |      0 |      0 |      0 |    0.0051 |    0.0052 |    0.0035 |    0.0034 |    0.0033 |    0.0031 |          0 | 2.476800e-05 |       0 |       0 |       0 |       0 |    0.0004 |    0.0003 |    0.0003 |    0.0003 |    0.0003 |    0.0003 |
|  Remote DRAM bandwidth [MByte/s]  |            0 |  160.6506 |      0 |      0 |      0 |      0 | 4550.2509 | 4639.8740 | 3090.8609 | 3017.9568 | 2891.5973 | 2795.2069 |          0 |      22.0077 |       0 |       0 |       0 |       0 |  351.0429 |  268.0733 |  241.1750 |  242.9378 |  248.6246 |  286.4983 |
|     Memory data volume [GByte]    | 1.024000e-06 |    0.0003 |      0 |      0 |      0 |      0 |    0.0074 |    0.0062 |    0.0043 |    0.0041 |    0.0039 |    0.0038 |          0 |       0.0001 |       0 |       0 |       0 |       0 |    0.0022 |    0.0019 |    0.0017 |    0.0016 |    0.0015 |    0.0015 |
|     Memory bandwidth [MByte/s]    |       0.9099 |  239.8670 |      0 |      0 |      0 |      0 | 6567.9088 | 5512.1073 | 3806.3675 | 3656.2373 | 3465.6176 | 3382.2498 |          0 |      48.6786 |       0 |       0 |       0 |       0 | 1993.6599 | 1712.7346 | 1531.8391 | 1457.5702 | 1372.8945 | 1337.2955 |
|          L3 request rate          |            4 |    1.5391 |   nan  |   nan  |   nan  |   nan  |    1.8224 |    3.4766 |    3.1412 |    3.1943 |    3.2383 |    3.1721 |     nan    |       2.1471 |   nan   |   nan   |   nan   |   nan   |    2.1309 |    2.7530 |    2.7780 |    2.8244 |    2.6273 |    2.4908 |
|            L3 miss rate           |            0 |    1.3176 |   nan  |   nan  |   nan  |   nan  |    2.7495 |    4.1537 |    3.1766 |    3.1834 |    3.1896 |    3.0763 |     nan    |       0.7573 |   nan   |   nan   |   nan   |   nan   |    0.4936 |    0.4918 |    0.4694 |    0.4911 |    0.5780 |    0.6389 |
|           L3 miss ratio           |            0 |    2.0280 |   nan  |   nan  |   nan  |   nan  |    2.2552 |    5.3195 |    4.3198 |    4.7283 |    5.0374 |    4.7615 |     nan    |       0.8252 |   nan   |   nan   |   nan   |   nan   |    0.2137 |    0.1856 |    0.1869 |    0.2000 |    0.2211 |    0.2726 |
|          L2 request rate          |       0.4010 |    0.0752 |   nan  |   nan  |   nan  |   nan  |    0.1278 |    0.0807 |    0.0606 |    0.0557 |    0.0507 |    0.0486 |     nan    |       0.1601 |   nan   |   nan   |   nan   |   nan   |    0.0261 |    0.0230 |    0.0218 |    0.0212 |    0.0202 |    0.0191 |
|            L2 miss rate           |       0.0063 |    0.0207 |   nan  |   nan  |   nan  |   nan  |    0.0304 |    0.0208 |    0.0152 |    0.0137 |    0.0122 |    0.0116 |     nan    |       0.0146 |   nan   |   nan   |   nan   |   nan   |    0.0062 |    0.0052 |    0.0049 |    0.0046 |    0.0042 |    0.0040 |
|           L2 miss ratio           |       0.0157 |    0.2754 |   nan  |   nan  |   nan  |   nan  |    0.2382 |    0.2573 |    0.2514 |    0.2463 |    0.2408 |    0.2394 |     nan    |       0.0914 |   nan   |   nan   |   nan   |   nan   |    0.2390 |    0.2273 |    0.2253 |    0.2186 |    0.2069 |    0.2102 |
|  Memory read bandwidth [MBytes/s] |   25223.1697 |         0 |      0 |      0 |      0 |      0 |         0 |         0 |         0 |         0 |         0 |         0 | 46637.4129 |            0 |       0 |       0 |       0 |       0 |         0 |         0 |         0 |         0 |         0 |         0 |
|  Memory read data volume [GBytes] |       0.0284 |         0 |      0 |      0 |      0 |      0 |         0 |         0 |         0 |         0 |         0 |         0 |     0.0525 |            0 |       0 |       0 |       0 |       0 |         0 |         0 |         0 |         0 |         0 |         0 |
| Memory write bandwidth [MBytes/s] |    7912.3696 |         0 |      0 |      0 |      0 |      0 |         0 |         0 |         0 |         0 |         0 |         0 | 15196.0125 |            0 |       0 |       0 |       0 |       0 |         0 |         0 |         0 |         0 |         0 |         0 |
| Memory write data volume [GBytes] |       0.0089 |         0 |      0 |      0 |      0 |      0 |         0 |         0 |         0 |         0 |         0 |         0 |     0.0171 |            0 |       0 |       0 |       0 |       0 |         0 |         0 |         0 |         0 |         0 |         0 |
|    Memory bandwidth [MBytes/s]    |   33135.5393 |         0 |      0 |      0 |      0 |      0 |         0 |         0 |         0 |         0 |         0 |         0 | 61833.4254 |            0 |       0 |       0 |       0 |       0 |         0 |         0 |         0 |         0 |         0 |         0 |
|    Memory data volume [GBytes]    |       0.0373 |         0 |      0 |      0 |      0 |      0 |         0 |         0 |         0 |         0 |         0 |         0 |     0.0696 |            0 |       0 |       0 |       0 |       0 |         0 |         0 |         0 |         0 |         0 |         0 |
|          Temperature [C]          |           36 |        33 |     34 |     35 |     35 |     36 |        39 |        36 |        35 |        36 |        34 |        36 |         35 |           34 |      35 |      35 |      39 |      36 |        38 |        41 |        39 |        41 |        40 |        38 |
|             Energy [J]            |       0.5035 |         0 |      0 |      0 |      0 |      0 |         0 |         0 |         0 |         0 |         0 |         0 |     0.5056 |            0 |       0 |       0 |       0 |       0 |         0 |         0 |         0 |         0 |         0 |         0 |
|             Power [W]             |     447.3684 |         0 |      0 |      0 |      0 |      0 |         0 |         0 |         0 |         0 |         0 |         0 |   449.2123 |            0 |       0 |       0 |       0 |       0 |         0 |         0 |         0 |         0 |         0 |         0 |
|           Energy PP0 [J]          |            0 |         0 |      0 |      0 |      0 |      0 |         0 |         0 |         0 |         0 |         0 |         0 |          0 |            0 |       0 |       0 |       0 |       0 |         0 |         0 |         0 |         0 |         0 |         0 |
|           Power PP0 [W]           |            0 |         0 |      0 |      0 |      0 |      0 |         0 |         0 |         0 |         0 |         0 |         0 |          0 |            0 |       0 |       0 |       0 |       0 |         0 |         0 |         0 |         0 |         0 |         0 |
|          Energy DRAM [J]          |       0.0728 |         0 |      0 |      0 |      0 |      0 |         0 |         0 |         0 |         0 |         0 |         0 |     0.0803 |            0 |       0 |       0 |       0 |       0 |         0 |         0 |         0 |         0 |         0 |         0 |
|           Power DRAM [W]          |      64.6708 |         0 |      0 |      0 |      0 |      0 |         0 |         0 |         0 |         0 |         0 |         0 |    71.3867 |            0 |       0 |       0 |       0 |       0 |         0 |         0 |         0 |         0 |         0 |         0 |
+-----------------------------------+--------------+-----------+--------+--------+--------+--------+-----------+-----------+-----------+-----------+-----------+-----------+------------+--------------+---------+---------+---------+---------+-----------+-----------+-----------+-----------+-----------+-----------+
+----------------------------------------+------------+--------+------------+-----------+
|                 Metric                 |     Sum    |   Min  |     Max    |    Avg    |
+----------------------------------------+------------+--------+------------+-----------+
|        Runtime (RDTSC) [s] STAT        |     0.0264 | 0.0011 |     0.0011 |    0.0011 |
|        Runtime unhalted [s] STAT       |     0.1075 |      0 |     0.0091 |    0.0045 |
|            Clock [MHz] STAT            | 13799.8094 |      0 |  2299.9773 |  574.9921 |
|                CPI STAT                |     6.0443 |      0 |     1.1228 |    0.2518 |
|   Local DRAM data volume [GByte] STAT  |     0.0150 |      0 |     0.0023 |    0.0006 |
|   Local DRAM bandwidth [MByte/s] STAT  | 13279.1806 |      0 |  2017.6580 |  553.2992 |
|  Remote DRAM data volume [GByte] STAT  |     0.0257 |      0 |     0.0052 |    0.0011 |
|  Remote DRAM bandwidth [MByte/s] STAT  | 22806.7570 |      0 |  4639.8740 |  950.2815 |
|     Memory data volume [GByte] STAT    |     0.0405 |      0 |     0.0074 |    0.0017 |
|     Memory bandwidth [MByte/s] STAT    | 36085.9376 |      0 |  6567.9088 | 1503.5807 |
|          L3 request rate STAT          |    15.6044 |      0 |     2.8244 |    0.6502 |
|            L3 miss rate STAT           |     3.1628 |      0 |     0.6389 |    0.1318 |
|           L3 miss ratio STAT           |     1.2799 |      0 |     0.2726 |    0.0533 |
|          L2 request rate STAT          |     0.1314 |      0 |     0.0261 |    0.0055 |
|            L2 miss rate STAT           |     0.0291 |      0 |     0.0062 |    0.0012 |
|           L2 miss ratio STAT           |     1.3273 |      0 |     0.2390 |    0.0553 |
|  Memory read bandwidth [MBytes/s] STAT | 71860.5826 |      0 | 46637.4129 | 2994.1909 |
|  Memory read data volume [GBytes] STAT |     0.0809 |      0 |     0.0525 |    0.0034 |
| Memory write bandwidth [MBytes/s] STAT | 23108.3821 |      0 | 15196.0125 |  962.8493 |
| Memory write data volume [GBytes] STAT |     0.0260 |      0 |     0.0171 |    0.0011 |
|    Memory bandwidth [MBytes/s] STAT    | 94968.9647 |      0 | 61833.4254 | 3957.0402 |
|    Memory data volume [GBytes] STAT    |     0.1069 |      0 |     0.0696 |    0.0045 |
|          Temperature [C] STAT          |        876 |     33 |         41 |   36.5000 |
|             Energy [J] STAT            |     1.0091 |      0 |     0.5056 |    0.0420 |
|             Power [W] STAT             |   896.5807 |      0 |   449.2123 |   37.3575 |
|           Energy PP0 [J] STAT          |          0 |      0 |          0 |         0 |
|           Power PP0 [W] STAT           |          0 |      0 |          0 |         0 |
|          Energy DRAM [J] STAT          |     0.1531 |      0 |     0.0803 |    0.0064 |
|           Power DRAM [W] STAT          |   136.0575 |      0 |    71.3867 |    5.6691 |
+----------------------------------------+------------+--------+------------+-----------+
