--------------------------------------------------------------------------------
CPU name:	Intel(R) Xeon(R) CPU E5-2670 v3 @ 2.30GHz
CPU type:	Intel Xeon Haswell EN/EP/EX processor
CPU clock:	2.30 GHz
--------------------------------------------------------------------------------
Group 1: POWERPERF
+--------------------------------+---------+-------------+-------------+-------------+-------------+-------------+-------------+-------------+-------------+-------------+-------------+-------------+-------------+-------------+-------------+-------------+-------------+-------------+-------------+-------------+-------------+-------------+-------------+-------------+-------------+
|              Event             | Counter |    Core 0   |    Core 1   |    Core 2   |    Core 3   |    Core 4   |    Core 5   |    Core 6   |    Core 7   |    Core 8   |    Core 9   |   Core 10   |   Core 11   |   Core 12   |   Core 13   |   Core 14   |   Core 15   |   Core 16   |   Core 17   |   Core 18   |   Core 19   |   Core 20   |   Core 21   |   Core 22   |   Core 23   |
+--------------------------------+---------+-------------+-------------+-------------+-------------+-------------+-------------+-------------+-------------+-------------+-------------+-------------+-------------+-------------+-------------+-------------+-------------+-------------+-------------+-------------+-------------+-------------+-------------+-------------+-------------+
|        INSTR_RETIRED_ANY       |  FIXC0  | 29097191125 | 29110534874 | 23077763226 | 22845218072 | 22839409466 | 22376005250 | 28579134575 | 27450434530 | 27447981517 | 21978733433 | 21977855956 | 21982378799 | 22237016189 | 22029505049 | 21586827071 | 21137632412 | 20629342495 | 20615359566 | 21965553682 | 21965301051 | 21965897331 | 21964743336 | 21965208675 | 21965069410 |
|      CPU_CLK_UNHALTED_CORE     |  FIXC1  | 11838029845 | 11856347908 | 11851440120 | 11837055279 | 11834974217 | 11832438796 | 11727713151 | 11419940902 | 11418043395 |  9299493064 |  9297802991 |  9303433141 | 11823691040 | 11821628305 | 11819717564 | 11819870015 | 11819688877 | 11815976459 |  9295099705 |  9293466399 |  9295904363 |  9295455385 |  9295348779 |  9295606257 |
|      CPU_CLK_UNHALTED_REF      |  FIXC2  | 22689543585 | 22724673348 | 22715257355 | 22687680861 | 22683706139 | 22678845342 | 22478110910 | 21888211441 | 21884562353 | 17824014473 | 17820783249 | 17831558795 | 22662072546 | 22658109646 | 22654469482 | 22654748725 | 22654392409 | 22647272506 | 17815602108 | 17812457341 | 17817152354 | 17816277733 | 17816068042 | 17816565164 |
|           FIXC1/FIXC0          |   CPI   |           0 |           0 |           0 |           0 |           0 |           0 |           0 |           0 |           0 |           0 |           0 |           0 |           0 |           0 |           0 |           0 |           0 |           0 |           0 |           0 |           0 |           0 |           0 |           0 |
|  OFFCORE_RESPONSE_0_LOCAL_DRAM |   PMC0  |     2526184 |     1535518 |     1338945 |     1348551 |     1099122 |     1316107 |     1676082 |     1691378 |     1681293 |     1311361 |     1323471 |     1344821 |     6173230 |     5582377 |     5543815 |     5557521 |     5704612 |     6090566 |     1266498 |     1265453 |     1245141 |     1248977 |     1248104 |     1232968 |
| OFFCORE_RESPONSE_1_REMOTE_DRAM |   PMC1  |     6856568 |     7123016 |     6445292 |     6448846 |     4950326 |     5699583 |         792 |          54 |         317 |           3 |         472 |       11338 |     1332421 |     1160993 |     1128364 |     1081817 |     1089559 |     1169607 |       64695 |       60576 |       65859 |       50316 |       38072 |       53207 |
|  MEM_LOAD_UOPS_RETIRED_L3_ALL  |   PMC2  |     8122943 |     7309196 |     6221608 |     6163680 |     5732158 |     5883514 |     1412258 |      121805 |      133296 |      116232 |      104283 |      105414 |     6592064 |     5683724 |     5527799 |     5405553 |     4697347 |     5196499 |      164296 |      128643 |      136505 |      166878 |      166515 |      141898 |
|  MEM_LOAD_UOPS_RETIRED_L3_MISS |   PMC3  |     2420096 |     1928901 |     1687072 |     1666430 |     1593215 |     1921513 |       68006 |       49434 |       55472 |       40787 |       41594 |       37690 |     2220917 |     1822333 |     1728900 |     1659738 |     1580518 |     1826022 |       48106 |       44696 |       48194 |       46813 |       45523 |       41808 |
|      L2_TRANS_ALL_REQUESTS     |   PMC4  |   728882428 |   716094115 |   547816800 |   547715970 |   527909016 |   523102385 |    61935044 |    33170826 |    29999166 |    26132857 |    22602996 |    25099138 |   516853196 |   502388228 |   487225862 |   495145036 |   456435693 |   460878568 |    27295145 |    26270205 |    26376376 |    25353789 |    23993104 |    26519868 |
|          L2_RQSTS_MISS         |   PMC5  |    88310414 |    83204672 |    62713151 |    63196608 |    58572534 |    60652618 |     6635760 |     4204900 |     4262019 |     3479022 |     3386258 |     3493362 |    59525088 |    56525741 |    55815494 |    55799534 |    52135375 |    54638969 |     3771624 |     3520422 |     3689205 |     3872046 |     3914747 |     3572588 |
|        UOPS_RETIRED_ALL        |   PMC6  | 35340485952 | 35393304758 | 29130692521 | 28879028216 | 28909564648 | 28411911921 | 32038490607 | 30698961606 | 30693650851 | 24661862245 | 24661079210 | 24667612955 | 28347831122 | 28157800837 | 27704902755 | 27235574971 | 26717872765 | 26690067807 | 24646970019 | 24646512986 | 24647334750 | 24646045444 | 24646569183 | 24646395657 |
|            TEMP_CORE           |   TMP0  |          32 |          30 |          31 |          31 |          30 |          31 |          31 |          31 |          30 |          32 |          31 |          34 |          29 |          31 |          31 |          34 |          35 |          32 |          30 |          32 |          30 |          30 |          31 |          28 |
|         PWR_PKG_ENERGY         |   PWR0  |    365.8177 |           0 |           0 |           0 |           0 |           0 |           0 |           0 |           0 |           0 |           0 |           0 |    381.7641 |           0 |           0 |           0 |           0 |           0 |           0 |           0 |           0 |           0 |           0 |           0 |
|         PWR_PP0_ENERGY         |   PWR1  |           0 |           0 |           0 |           0 |           0 |           0 |           0 |           0 |           0 |           0 |           0 |           0 |           0 |           0 |           0 |           0 |           0 |           0 |           0 |           0 |           0 |           0 |           0 |           0 |
|         PWR_DRAM_ENERGY        |   PWR3  |     54.6128 |           0 |           0 |           0 |           0 |           0 |           0 |           0 |           0 |           0 |           0 |           0 |     62.0110 |           0 |           0 |           0 |           0 |           0 |           0 |           0 |           0 |           0 |           0 |           0 |
|          CAS_COUNT_RD          | MBOX0C0 |    12730863 |           0 |           0 |           0 |           0 |           0 |           0 |           0 |           0 |           0 |           0 |           0 |    41901015 |           0 |           0 |           0 |           0 |           0 |           0 |           0 |           0 |           0 |           0 |           0 |
|          CAS_COUNT_WR          | MBOX0C1 |     7034841 |           0 |           0 |           0 |           0 |           0 |           0 |           0 |           0 |           0 |           0 |           0 |    20019742 |           0 |           0 |           0 |           0 |           0 |           0 |           0 |           0 |           0 |           0 |           0 |
|          CAS_COUNT_RD          | MBOX1C0 |    14332656 |           0 |           0 |           0 |           0 |           0 |           0 |           0 |           0 |           0 |           0 |           0 |    41302271 |           0 |           0 |           0 |           0 |           0 |           0 |           0 |           0 |           0 |           0 |           0 |
|          CAS_COUNT_WR          | MBOX1C1 |     8044821 |           0 |           0 |           0 |           0 |           0 |           0 |           0 |           0 |           0 |           0 |           0 |    19495837 |           0 |           0 |           0 |           0 |           0 |           0 |           0 |           0 |           0 |           0 |           0 |
|          CAS_COUNT_RD          | MBOX2C0 |           0 |           0 |           0 |           0 |           0 |           0 |           0 |           0 |           0 |           0 |           0 |           0 |           0 |           0 |           0 |           0 |           0 |           0 |           0 |           0 |           0 |           0 |           0 |           0 |
|          CAS_COUNT_WR          | MBOX2C1 |           0 |           0 |           0 |           0 |           0 |           0 |           0 |           0 |           0 |           0 |           0 |           0 |           0 |           0 |           0 |           0 |           0 |           0 |           0 |           0 |           0 |           0 |           0 |           0 |
|          CAS_COUNT_RD          | MBOX3C0 |           0 |           0 |           0 |           0 |           0 |           0 |           0 |           0 |           0 |           0 |           0 |           0 |           0 |           0 |           0 |           0 |           0 |           0 |           0 |           0 |           0 |           0 |           0 |           0 |
|          CAS_COUNT_WR          | MBOX3C1 |           0 |           0 |           0 |           0 |           0 |           0 |           0 |           0 |           0 |           0 |           0 |           0 |           0 |           0 |           0 |           0 |           0 |           0 |           0 |           0 |           0 |           0 |           0 |           0 |
|          CAS_COUNT_RD          | MBOX4C0 |    12777978 |           0 |           0 |           0 |           0 |           0 |           0 |           0 |           0 |           0 |           0 |           0 |    41976489 |           0 |           0 |           0 |           0 |           0 |           0 |           0 |           0 |           0 |           0 |           0 |
|          CAS_COUNT_WR          | MBOX4C1 |     7081103 |           0 |           0 |           0 |           0 |           0 |           0 |           0 |           0 |           0 |           0 |           0 |    20058857 |           0 |           0 |           0 |           0 |           0 |           0 |           0 |           0 |           0 |           0 |           0 |
|          CAS_COUNT_RD          | MBOX5C0 |    13461831 |           0 |           0 |           0 |           0 |           0 |           0 |           0 |           0 |           0 |           0 |           0 |    41293590 |           0 |           0 |           0 |           0 |           0 |           0 |           0 |           0 |           0 |           0 |           0 |
|          CAS_COUNT_WR          | MBOX5C1 |     7503283 |           0 |           0 |           0 |           0 |           0 |           0 |           0 |           0 |           0 |           0 |           0 |    19497755 |           0 |           0 |           0 |           0 |           0 |           0 |           0 |           0 |           0 |           0 |           0 |
|          CAS_COUNT_RD          | MBOX6C0 |           0 |           0 |           0 |           0 |           0 |           0 |           0 |           0 |           0 |           0 |           0 |           0 |           0 |           0 |           0 |           0 |           0 |           0 |           0 |           0 |           0 |           0 |           0 |           0 |
|          CAS_COUNT_WR          | MBOX6C1 |           0 |           0 |           0 |           0 |           0 |           0 |           0 |           0 |           0 |           0 |           0 |           0 |           0 |           0 |           0 |           0 |           0 |           0 |           0 |           0 |           0 |           0 |           0 |           0 |
|          CAS_COUNT_RD          | MBOX7C0 |           0 |           0 |           0 |           0 |           0 |           0 |           0 |           0 |           0 |           0 |           0 |           0 |           0 |           0 |           0 |           0 |           0 |           0 |           0 |           0 |           0 |           0 |           0 |           0 |
|          CAS_COUNT_WR          | MBOX7C1 |           0 |           0 |           0 |           0 |           0 |           0 |           0 |           0 |           0 |           0 |           0 |           0 |           0 |           0 |           0 |           0 |           0 |           0 |           0 |           0 |           0 |           0 |           0 |           0 |
+--------------------------------+---------+-------------+-------------+-------------+-------------+-------------+-------------+-------------+-------------+-------------+-------------+-------------+-------------+-------------+-------------+-------------+-------------+-------------+-------------+-------------+-------------+-------------+-------------+-------------+-------------+
+-------------------------------------+---------+--------------+-------------+-------------+--------------+
|                Event                | Counter |      Sum     |     Min     |     Max     |      Avg     |
+-------------------------------------+---------+--------------+-------------+-------------+--------------+
|        INSTR_RETIRED_ANY STAT       |  FIXC0  | 558790097090 | 20615359566 | 29110534874 | 2.328292e+10 |
|      CPU_CLK_UNHALTED_CORE STAT     |  FIXC1  | 260208165957 |  9293466399 | 11856347908 | 1.084201e+10 |
|      CPU_CLK_UNHALTED_REF STAT      |  FIXC2  | 498732135907 | 17812457341 | 22724673348 | 2.078051e+10 |
|           FIXC1/FIXC0 STAT          |   CPI   |            0 |           0 |           0 |            0 |
|  OFFCORE_RESPONSE_0_LOCAL_DRAM STAT |   PMC0  |     60352095 |     1099122 |     6173230 | 2.514671e+06 |
| OFFCORE_RESPONSE_1_REMOTE_DRAM STAT |   PMC1  |     44832093 |           3 |     7123016 | 1.868004e+06 |
|  MEM_LOAD_UOPS_RETIRED_L3_ALL STAT  |   PMC2  |     75434108 |      104283 |     8122943 | 3.143088e+06 |
|  MEM_LOAD_UOPS_RETIRED_L3_MISS STAT |   PMC3  |     22623778 |       37690 |     2420096 |  942657.4167 |
|      L2_TRANS_ALL_REQUESTS STAT     |   PMC4  |   6865195811 |    22602996 |   728882428 | 2.860498e+08 |
|          L2_RQSTS_MISS STAT         |   PMC5  |    798892151 |     3386258 |    88310414 | 3.328717e+07 |
|        UOPS_RETIRED_ALL STAT        |   PMC6  | 666220523786 | 24646045444 | 35393304758 | 2.775919e+10 |
|            TEMP_CORE STAT           |   TMP0  |          747 |          28 |          35 |      31.1250 |
|         PWR_PKG_ENERGY STAT         |   PWR0  |     747.5818 |           0 |    381.7641 |      31.1492 |
|         PWR_PP0_ENERGY STAT         |   PWR1  |            0 |           0 |           0 |            0 |
|         PWR_DRAM_ENERGY STAT        |   PWR3  |     116.6238 |           0 |     62.0110 |       4.8593 |
|          CAS_COUNT_RD STAT          | MBOX0C0 |     54631878 |           0 |    41901015 | 2.276328e+06 |
|          CAS_COUNT_WR STAT          | MBOX0C1 |     27054583 |           0 |    20019742 | 1.127274e+06 |
|          CAS_COUNT_RD STAT          | MBOX1C0 |     55634927 |           0 |    41302271 | 2.318122e+06 |
|          CAS_COUNT_WR STAT          | MBOX1C1 |     27540658 |           0 |    19495837 | 1.147527e+06 |
|          CAS_COUNT_RD STAT          | MBOX2C0 |            0 |           0 |           0 |            0 |
|          CAS_COUNT_WR STAT          | MBOX2C1 |            0 |           0 |           0 |            0 |
|          CAS_COUNT_RD STAT          | MBOX3C0 |            0 |           0 |           0 |            0 |
|          CAS_COUNT_WR STAT          | MBOX3C1 |            0 |           0 |           0 |            0 |
|          CAS_COUNT_RD STAT          | MBOX4C0 |     54754467 |           0 |    41976489 | 2.281436e+06 |
|          CAS_COUNT_WR STAT          | MBOX4C1 |     27139960 |           0 |    20058857 | 1.130832e+06 |
|          CAS_COUNT_RD STAT          | MBOX5C0 |     54755421 |           0 |    41293590 | 2.281476e+06 |
|          CAS_COUNT_WR STAT          | MBOX5C1 |     27001038 |           0 |    19497755 | 1.125043e+06 |
|          CAS_COUNT_RD STAT          | MBOX6C0 |            0 |           0 |           0 |            0 |
|          CAS_COUNT_WR STAT          | MBOX6C1 |            0 |           0 |           0 |            0 |
|          CAS_COUNT_RD STAT          | MBOX7C0 |            0 |           0 |           0 |            0 |
|          CAS_COUNT_WR STAT          | MBOX7C1 |            0 |           0 |           0 |            0 |
+-------------------------------------+---------+--------------+-------------+-------------+--------------+
+-----------------------------------+-----------+-----------+-----------+-----------+-----------+-----------+-----------+--------------+--------------+--------------+--------------+-----------+-----------+-----------+-----------+-----------+-----------+-----------+-----------+-----------+-----------+-----------+-----------+-----------+
|               Metric              |   Core 0  |   Core 1  |   Core 2  |   Core 3  |   Core 4  |   Core 5  |   Core 6  |    Core 7    |    Core 8    |    Core 9    |    Core 10   |  Core 11  |  Core 12  |  Core 13  |  Core 14  |  Core 15  |  Core 16  |  Core 17  |  Core 18  |  Core 19  |  Core 20  |  Core 21  |  Core 22  |  Core 23  |
+-----------------------------------+-----------+-----------+-----------+-----------+-----------+-----------+-----------+--------------+--------------+--------------+--------------+-----------+-----------+-----------+-----------+-----------+-----------+-----------+-----------+-----------+-----------+-----------+-----------+-----------+
|        Runtime (RDTSC) [s]        |   10.0007 |   10.0007 |   10.0007 |   10.0007 |   10.0007 |   10.0007 |   10.0007 |      10.0007 |      10.0007 |      10.0007 |      10.0007 |   10.0007 |   10.0007 |   10.0007 |   10.0007 |   10.0007 |   10.0007 |   10.0007 |   10.0007 |   10.0007 |   10.0007 |   10.0007 |   10.0007 |   10.0007 |
|        Runtime unhalted [s]       |    5.1470 |    5.1549 |    5.1528 |    5.1466 |    5.1456 |    5.1445 |    5.0990 |       4.9652 |       4.9644 |       4.0433 |       4.0425 |    4.0450 |    5.1407 |    5.1398 |    5.1390 |    5.1391 |    5.1390 |    5.1374 |    4.0414 |    4.0406 |    4.0417 |    4.0415 |    4.0415 |    4.0416 |
|            Clock [MHz]            | 1199.9991 | 1199.9981 | 1199.9986 | 1199.9988 | 1199.9981 | 1199.9982 | 1199.9987 |    1199.9989 |    1199.9995 |    1199.9993 |    1199.9988 | 1199.9998 | 1199.9985 | 1199.9990 | 1199.9978 | 1199.9985 | 1199.9990 | 1199.9992 | 1199.9988 | 1199.9997 | 1199.9982 | 1199.9992 | 1199.9996 | 1199.9993 |
|                CPI                |    0.4068 |    0.4073 |    0.5135 |    0.5181 |    0.5182 |    0.5288 |    0.4104 |       0.4160 |       0.4160 |       0.4231 |       0.4231 |    0.4232 |    0.5317 |    0.5366 |    0.5475 |    0.5592 |    0.5730 |    0.5732 |    0.4232 |    0.4231 |    0.4232 |    0.4232 |    0.4232 |    0.4232 |
|   Local DRAM data volume [GByte]  |    0.1617 |    0.0983 |    0.0857 |    0.0863 |    0.0703 |    0.0842 |    0.1073 |       0.1082 |       0.1076 |       0.0839 |       0.0847 |    0.0861 |    0.3951 |    0.3573 |    0.3548 |    0.3557 |    0.3651 |    0.3898 |    0.0811 |    0.0810 |    0.0797 |    0.0799 |    0.0799 |    0.0789 |
|   Local DRAM bandwidth [MByte/s]  |   16.1664 |    9.8266 |    8.5686 |    8.6301 |    7.0339 |    8.4225 |   10.7261 |      10.8240 |      10.7595 |       8.3921 |       8.4696 |    8.6062 |   39.5058 |   35.7246 |   35.4778 |   35.5655 |   36.5069 |   38.9768 |    8.1050 |    8.0983 |    7.9683 |    7.9929 |    7.9873 |    7.8904 |
|  Remote DRAM data volume [GByte]  |    0.4388 |    0.4559 |    0.4125 |    0.4127 |    0.3168 |    0.3648 |    0.0001 | 3.456000e-06 | 2.028800e-05 | 1.920000e-07 | 3.020800e-05 |    0.0007 |    0.0853 |    0.0743 |    0.0722 |    0.0692 |    0.0697 |    0.0749 |    0.0041 |    0.0039 |    0.0042 |    0.0032 |    0.0024 |    0.0034 |
|  Remote DRAM bandwidth [MByte/s]  |   43.8788 |   45.5840 |   41.2469 |   41.2696 |   31.6798 |   36.4747 |    0.0051 |       0.0003 |       0.0020 | 1.919860e-05 |       0.0030 |    0.0726 |    8.5269 |    7.4298 |    7.2210 |    6.9231 |    6.9727 |    7.4849 |    0.4140 |    0.3877 |    0.4215 |    0.3220 |    0.2436 |    0.3405 |
|     Memory data volume [GByte]    |    0.6005 |    0.5541 |    0.4982 |    0.4990 |    0.3872 |    0.4490 |    0.1073 |       0.1083 |       0.1076 |       0.0839 |       0.0847 |    0.0868 |    0.4804 |    0.4316 |    0.4270 |    0.4249 |    0.4348 |    0.4647 |    0.0852 |    0.0849 |    0.0839 |    0.0832 |    0.0823 |    0.0823 |
|     Memory bandwidth [MByte/s]    |   60.0452 |   55.4106 |   49.8155 |   49.8997 |   38.7136 |   44.8971 |   10.7312 |      10.8244 |      10.7615 |       8.3921 |       8.4726 |    8.6788 |   48.0327 |   43.1544 |   42.6988 |   42.4887 |   43.4795 |   46.4617 |    8.5190 |    8.4860 |    8.3898 |    8.3149 |    8.2309 |    8.2309 |
|          L3 request rate          |    3.3565 |    3.7893 |    3.6878 |    3.6987 |    3.5979 |    3.0619 |   20.7667 |       2.4640 |       2.4029 |       2.8497 |       2.5072 |    2.7969 |    2.9682 |    3.1189 |    3.1973 |    3.2569 |    2.9720 |    2.8458 |    3.4153 |    2.8782 |    2.8324 |    3.5648 |    3.6578 |    3.3940 |
|            L3 miss rate           |    0.8441 |    0.9745 |    1.0360 |    1.0463 |    0.8636 |    0.9687 |    0.0006 |       0.0004 |       0.0024 | 2.581045e-05 |       0.0045 |    0.1076 |    0.2021 |    0.2043 |    0.2041 |    0.2001 |    0.2320 |    0.2251 |    0.3938 |    0.4709 |    0.4825 |    0.3015 |    0.2286 |    0.3750 |
|           L3 miss ratio           |    2.7142 |    4.6388 |    4.8137 |    4.7821 |    4.5039 |    4.3306 |    0.0005 | 3.192663e-05 |       0.0002 | 2.287700e-06 |       0.0004 |    0.0084 |    0.2158 |    0.2080 |    0.2035 |    0.1947 |    0.1910 |    0.1920 |    0.0511 |    0.0479 |    0.0529 |    0.0403 |    0.0305 |    0.0432 |
|          L2 request rate          |    0.0250 |    0.0246 |    0.0237 |    0.0240 |    0.0231 |    0.0234 |    0.0022 |       0.0012 |       0.0011 |       0.0012 |       0.0010 |    0.0011 |    0.0232 |    0.0228 |    0.0226 |    0.0234 |    0.0221 |    0.0224 |    0.0012 |    0.0012 |    0.0012 |    0.0012 |    0.0011 |    0.0012 |
|            L2 miss rate           |    0.0030 |    0.0029 |    0.0027 |    0.0028 |    0.0026 |    0.0027 |    0.0002 |       0.0002 |       0.0002 |       0.0002 |       0.0002 |    0.0002 |    0.0027 |    0.0026 |    0.0026 |    0.0026 |    0.0025 |    0.0027 |    0.0002 |    0.0002 |    0.0002 |    0.0002 |    0.0002 |    0.0002 |
|           L2 miss ratio           |    0.1212 |    0.1162 |    0.1145 |    0.1154 |    0.1110 |    0.1159 |    0.1071 |       0.1268 |       0.1421 |       0.1331 |       0.1498 |    0.1392 |    0.1152 |    0.1125 |    0.1146 |    0.1127 |    0.1142 |    0.1186 |    0.1382 |    0.1340 |    0.1399 |    0.1527 |    0.1632 |    0.1347 |
|  Memory read bandwidth [MBytes/s] |  341.1165 |         0 |         0 |         0 |         0 |         0 |         0 |            0 |            0 |            0 |            0 |         0 | 1065.3520 |         0 |         0 |         0 |         0 |         0 |         0 |         0 |         0 |         0 |         0 |         0 |
|  Memory read data volume [GBytes] |    3.4114 |         0 |         0 |         0 |         0 |         0 |         0 |            0 |            0 |            0 |            0 |         0 |   10.6543 |         0 |         0 |         0 |         0 |         0 |         0 |         0 |         0 |         0 |         0 |         0 |
| Memory write bandwidth [MBytes/s] |  189.8361 |         0 |         0 |         0 |         0 |         0 |         0 |            0 |            0 |            0 |            0 |         0 |  506.0252 |         0 |         0 |         0 |         0 |         0 |         0 |         0 |         0 |         0 |         0 |         0 |
| Memory write data volume [GBytes] |    1.8985 |         0 |         0 |         0 |         0 |         0 |         0 |            0 |            0 |            0 |            0 |         0 |    5.0606 |         0 |         0 |         0 |         0 |         0 |         0 |         0 |         0 |         0 |         0 |         0 |
|    Memory bandwidth [MBytes/s]    |  530.9525 |         0 |         0 |         0 |         0 |         0 |         0 |            0 |            0 |            0 |            0 |         0 | 1571.3771 |         0 |         0 |         0 |         0 |         0 |         0 |         0 |         0 |         0 |         0 |         0 |
|    Memory data volume [GBytes]    |    5.3099 |         0 |         0 |         0 |         0 |         0 |         0 |            0 |            0 |            0 |            0 |         0 |   15.7149 |         0 |         0 |         0 |         0 |         0 |         0 |         0 |         0 |         0 |         0 |         0 |
|          Temperature [C]          |        32 |        30 |        31 |        31 |        30 |        31 |        31 |           31 |           30 |           32 |           31 |        34 |        29 |        31 |        31 |        34 |        35 |        32 |        30 |        32 |        30 |        30 |        31 |        28 |
|             Energy [J]            |  365.8177 |         0 |         0 |         0 |         0 |         0 |         0 |            0 |            0 |            0 |            0 |         0 |  381.7641 |         0 |         0 |         0 |         0 |         0 |         0 |         0 |         0 |         0 |         0 |         0 |
|             Power [W]             |   36.5791 |         0 |         0 |         0 |         0 |         0 |         0 |            0 |            0 |            0 |            0 |         0 |   38.1736 |         0 |         0 |         0 |         0 |         0 |         0 |         0 |         0 |         0 |         0 |         0 |
|           Energy PP0 [J]          |         0 |         0 |         0 |         0 |         0 |         0 |         0 |            0 |            0 |            0 |            0 |         0 |         0 |         0 |         0 |         0 |         0 |         0 |         0 |         0 |         0 |         0 |         0 |         0 |
|           Power PP0 [W]           |         0 |         0 |         0 |         0 |         0 |         0 |         0 |            0 |            0 |            0 |            0 |         0 |         0 |         0 |         0 |         0 |         0 |         0 |         0 |         0 |         0 |         0 |         0 |         0 |
|          Energy DRAM [J]          |   54.6128 |         0 |         0 |         0 |         0 |         0 |         0 |            0 |            0 |            0 |            0 |         0 |   62.0110 |         0 |         0 |         0 |         0 |         0 |         0 |         0 |         0 |         0 |         0 |         0 |
|           Power DRAM [W]          |    5.4609 |         0 |         0 |         0 |         0 |         0 |         0 |            0 |            0 |            0 |            0 |         0 |    6.2007 |         0 |         0 |         0 |         0 |         0 |         0 |         0 |         0 |         0 |         0 |         0 |
+-----------------------------------+-----------+-----------+-----------+-----------+-----------+-----------+-----------+--------------+--------------+--------------+--------------+-----------+-----------+-----------+-----------+-----------+-----------+-----------+-----------+-----------+-----------+-----------+-----------+-----------+
+----------------------------------------+------------+--------------+-----------+-----------+
|                 Metric                 |     Sum    |      Min     |    Max    |    Avg    |
+----------------------------------------+------------+--------------+-----------+-----------+
|        Runtime (RDTSC) [s] STAT        |   240.0168 |      10.0007 |   10.0007 |   10.0007 |
|        Runtime unhalted [s] STAT       |   113.1341 |       4.0406 |    5.1549 |    4.7139 |
|            Clock [MHz] STAT            | 28799.9727 |    1199.9978 | 1199.9998 | 1199.9989 |
|                CPI STAT                |    11.2648 |       0.4068 |    0.5732 |    0.4694 |
|   Local DRAM data volume [GByte] STAT  |     3.8626 |       0.0703 |    0.3951 |    0.1609 |
|   Local DRAM bandwidth [MByte/s] STAT  |   386.2252 |       7.0339 |   39.5058 |   16.0927 |
|  Remote DRAM data volume [GByte] STAT  |     2.8692 | 1.920000e-07 |    0.4559 |    0.1195 |
|  Remote DRAM bandwidth [MByte/s] STAT  |   286.9045 | 1.919860e-05 |   45.5840 |   11.9544 |
|     Memory data volume [GByte] STAT    |     6.7318 |       0.0823 |    0.6005 |    0.2805 |
|     Memory bandwidth [MByte/s] STAT    |   673.1296 |       8.2309 |   60.0452 |   28.0471 |
|          L3 request rate STAT          |    93.0811 |       2.4029 |   20.7667 |    3.8784 |
|            L3 miss rate STAT           |     9.3687 | 2.581045e-05 |    1.0463 |    0.3904 |
|           L3 miss ratio STAT           |    27.2637 | 2.287700e-06 |    4.8137 |    1.1360 |
|          L2 request rate STAT          |     0.2952 |       0.0010 |    0.0250 |    0.0123 |
|            L2 miss rate STAT           |     0.0348 |       0.0002 |    0.0030 |    0.0014 |
|           L2 miss ratio STAT           |     3.0428 |       0.1071 |    0.1632 |    0.1268 |
|  Memory read bandwidth [MBytes/s] STAT |  1406.4685 |            0 | 1065.3520 |   58.6029 |
|  Memory read data volume [GBytes] STAT |    14.0657 |            0 |   10.6543 |    0.5861 |
| Memory write bandwidth [MBytes/s] STAT |   695.8613 |            0 |  506.0252 |   28.9942 |
| Memory write data volume [GBytes] STAT |     6.9591 |            0 |    5.0606 |    0.2900 |
|    Memory bandwidth [MBytes/s] STAT    |  2102.3296 |            0 | 1571.3771 |   87.5971 |
|    Memory data volume [GBytes] STAT    |    21.0248 |            0 |   15.7149 |    0.8760 |
|          Temperature [C] STAT          |        747 |           28 |        35 |   31.1250 |
|             Energy [J] STAT            |   747.5818 |            0 |  381.7641 |   31.1492 |
|             Power [W] STAT             |    74.7527 |            0 |   38.1736 |    3.1147 |
|           Energy PP0 [J] STAT          |          0 |            0 |         0 |         0 |
|           Power PP0 [W] STAT           |          0 |            0 |         0 |         0 |
|          Energy DRAM [J] STAT          |   116.6238 |            0 |   62.0110 |    4.8593 |
|           Power DRAM [W] STAT          |    11.6616 |            0 |    6.2007 |    0.4859 |
+----------------------------------------+------------+--------------+-----------+-----------+
