--------------------------------------------------------------------------------
CPU name:	Intel(R) Xeon(R) CPU E5-2670 v3 @ 2.30GHz
CPU type:	Intel Xeon Haswell EN/EP/EX processor
CPU clock:	2.30 GHz
--------------------------------------------------------------------------------
Group 1: POWERPERF
+--------------------------------+---------+--------------+--------------+--------------+--------------+--------------+--------------+--------------+--------------+--------------+--------------+--------------+--------------+--------------+--------------+--------------+--------------+--------------+--------------+--------------+--------------+--------------+--------------+--------------+--------------+
|              Event             | Counter |    Core 0    |    Core 1    |    Core 2    |    Core 3    |    Core 4    |    Core 5    |    Core 6    |    Core 7    |    Core 8    |    Core 9    |    Core 10   |    Core 11   |    Core 12   |    Core 13   |    Core 14   |    Core 15   |    Core 16   |    Core 17   |    Core 18   |    Core 19   |    Core 20   |    Core 21   |    Core 22   |    Core 23   |
+--------------------------------+---------+--------------+--------------+--------------+--------------+--------------+--------------+--------------+--------------+--------------+--------------+--------------+--------------+--------------+--------------+--------------+--------------+--------------+--------------+--------------+--------------+--------------+--------------+--------------+--------------+
|        INSTR_RETIRED_ANY       |  FIXC0  | 208427209895 | 216762014308 | 219231879182 | 219369248478 | 219889253294 | 218104652236 | 421111377854 | 421044494727 | 421191138023 | 421172631321 | 421303418674 | 421325188919 | 218448114248 | 219009042807 | 218495669847 | 218156411884 | 218393880652 | 212319134042 | 420512491436 | 419965429389 | 420668224214 | 420703600866 | 420483987082 | 420656031559 |
|      CPU_CLK_UNHALTED_CORE     |  FIXC1  | 163986614941 | 173192635029 | 175544992488 | 175802480581 | 175975068106 | 176295907851 | 181861157422 | 181832636287 | 181884694958 | 181889288138 | 181875232297 | 181883959095 | 175861157602 | 175494595431 | 175059418999 | 174879127721 | 174391249715 | 166257506185 | 181655960504 | 181471382591 | 181636126190 | 181647275062 | 181623775345 | 181654117221 |
|      CPU_CLK_UNHALTED_REF      |  FIXC2  | 164142589199 | 173288031635 | 175623951218 | 175872470059 | 176099746169 | 176391318825 | 181861216637 | 181832732126 | 181884415127 | 181888949554 | 181874836938 | 181883525993 | 175980885458 | 175618318564 | 175187414392 | 175000422138 | 174494209917 | 166358822233 | 181656284475 | 181471536262 | 181636418685 | 181647644203 | 181623974098 | 181654428237 |
|           FIXC1/FIXC0          |   CPI   |            0 |            0 |            0 |            0 |            0 |            0 |            0 |            0 |            0 |            0 |            0 |            0 |            0 |            0 |            0 |            0 |            0 |            0 |            0 |            0 |            0 |            0 |            0 |            0 |
|  OFFCORE_RESPONSE_0_LOCAL_DRAM |   PMC0  |   1369285362 |   1409459380 |   1413295568 |   1400076944 |   1408674538 |   1095039466 |      9160782 |      9259579 |      9210185 |      9211817 |      9268900 |      9114268 |   1360365356 |   1407842285 |   1412263227 |   1412776629 |   1439573497 |   1410372119 |      8684944 |      8670001 |      8683876 |      8648577 |      9023234 |      8345578 |
| OFFCORE_RESPONSE_1_REMOTE_DRAM |   PMC1  |     54363606 |      8841896 |      5508161 |      8236319 |     29829550 |    337781032 |       297287 |       348700 |       318216 |       318147 |       347383 |       396955 |     55175501 |     19416200 |     15335809 |     14832020 |     16231316 |     59641280 |       214782 |       198158 |       127598 |       170006 |       207043 |       317644 |
|  MEM_LOAD_UOPS_RETIRED_L3_ALL  |   PMC2  |    208802175 |    208516272 |    205862775 |    207749469 |    208487053 |    210124832 |      3001585 |      3020316 |      3016963 |      3009668 |      3012649 |      2979907 |    207372087 |    206602630 |    204915727 |    206709614 |    208721937 |    213292158 |      2795276 |      2794987 |      2776639 |      2802886 |      2914074 |      2745347 |
|  MEM_LOAD_UOPS_RETIRED_L3_MISS |   PMC3  |     57921988 |     56696112 |     55893753 |     55601415 |     56329448 |     57130559 |      1826927 |      1831376 |      1825055 |      1824885 |      1828481 |      1799450 |     56664225 |     56604119 |     56553247 |     56745712 |     58103263 |     58671679 |      1659361 |      1651250 |      1643461 |      1647523 |      1774262 |      1610823 |
|      L2_TRANS_ALL_REQUESTS     |   PMC4  |  14313918448 |  14097832569 |  14053935148 |  14085504795 |  14088296373 |  14189524093 |    105509519 |    110452207 |    104857141 |    104424043 |    104985363 |    104516388 |  14145351894 |  14123286081 |  14135958463 |  14164327754 |  14157050762 |  14337593732 |    106900497 |    110809912 |    101235767 |    102254831 |    104026668 |    101057218 |
|          L2_RQSTS_MISS         |   PMC5  |   4443165940 |   4417169972 |   4413417797 |   4426230290 |   4395905044 |   4402390983 |     14091424 |     14347442 |     14333170 |     14220507 |     14388952 |     14165510 |   4434160337 |   4426541983 |   4432011520 |   4439981242 |   4421674068 |   4462420539 |     13530128 |     13607244 |     13442685 |     13551916 |     13945283 |     13250578 |
|        UOPS_RETIRED_ALL        |   PMC6  | 300446650664 | 310981622256 | 314106058416 | 314057822827 | 314845277660 | 311091974826 | 502740500525 | 502665989015 | 502825492339 | 502810382661 | 502948224004 | 502971594320 | 311779752269 | 313000919296 | 312391007830 | 311803690721 | 312590504157 | 305398083806 | 502049512982 | 501400056058 | 502208524732 | 502257945333 | 501994085598 | 502205113018 |
|            TEMP_CORE           |   TMP0  |           42 |           41 |           42 |           43 |           40 |           41 |           43 |           44 |           46 |           45 |           44 |           43 |           43 |           45 |           45 |           46 |           47 |           47 |           47 |           49 |           45 |           47 |           46 |           46 |
|         PWR_PKG_ENERGY         |   PWR0  |    6109.7141 |            0 |            0 |            0 |            0 |            0 |            0 |            0 |            0 |            0 |            0 |            0 |    6254.1169 |            0 |            0 |            0 |            0 |            0 |            0 |            0 |            0 |            0 |            0 |            0 |
|         PWR_PP0_ENERGY         |   PWR1  |            0 |            0 |            0 |            0 |            0 |            0 |            0 |            0 |            0 |            0 |            0 |            0 |            0 |            0 |            0 |            0 |            0 |            0 |            0 |            0 |            0 |            0 |            0 |            0 |
|         PWR_DRAM_ENERGY        |   PWR3  |     832.0121 |            0 |            0 |            0 |            0 |            0 |            0 |            0 |            0 |            0 |            0 |            0 |     873.9655 |            0 |            0 |            0 |            0 |            0 |            0 |            0 |            0 |            0 |            0 |            0 |
|          CAS_COUNT_RD          | MBOX0C0 |   4012427224 |            0 |            0 |            0 |            0 |            0 |            0 |            0 |            0 |            0 |            0 |            0 |   4282313892 |            0 |            0 |            0 |            0 |            0 |            0 |            0 |            0 |            0 |            0 |            0 |
|          CAS_COUNT_WR          | MBOX0C1 |   1239660965 |            0 |            0 |            0 |            0 |            0 |            0 |            0 |            0 |            0 |            0 |            0 |   1377993698 |            0 |            0 |            0 |            0 |            0 |            0 |            0 |            0 |            0 |            0 |            0 |
|          CAS_COUNT_RD          | MBOX1C0 |   4016432380 |            0 |            0 |            0 |            0 |            0 |            0 |            0 |            0 |            0 |            0 |            0 |   4271455984 |            0 |            0 |            0 |            0 |            0 |            0 |            0 |            0 |            0 |            0 |            0 |
|          CAS_COUNT_WR          | MBOX1C1 |   1243128458 |            0 |            0 |            0 |            0 |            0 |            0 |            0 |            0 |            0 |            0 |            0 |   1370625584 |            0 |            0 |            0 |            0 |            0 |            0 |            0 |            0 |            0 |            0 |            0 |
|          CAS_COUNT_RD          | MBOX2C0 |            0 |            0 |            0 |            0 |            0 |            0 |            0 |            0 |            0 |            0 |            0 |            0 |            0 |            0 |            0 |            0 |            0 |            0 |            0 |            0 |            0 |            0 |            0 |            0 |
|          CAS_COUNT_WR          | MBOX2C1 |            0 |            0 |            0 |            0 |            0 |            0 |            0 |            0 |            0 |            0 |            0 |            0 |            0 |            0 |            0 |            0 |            0 |            0 |            0 |            0 |            0 |            0 |            0 |            0 |
|          CAS_COUNT_RD          | MBOX3C0 |            0 |            0 |            0 |            0 |            0 |            0 |            0 |            0 |            0 |            0 |            0 |            0 |            0 |            0 |            0 |            0 |            0 |            0 |            0 |            0 |            0 |            0 |            0 |            0 |
|          CAS_COUNT_WR          | MBOX3C1 |            0 |            0 |            0 |            0 |            0 |            0 |            0 |            0 |            0 |            0 |            0 |            0 |            0 |            0 |            0 |            0 |            0 |            0 |            0 |            0 |            0 |            0 |            0 |            0 |
|          CAS_COUNT_RD          | MBOX4C0 |   4014223915 |            0 |            0 |            0 |            0 |            0 |            0 |            0 |            0 |            0 |            0 |            0 |   4275568951 |            0 |            0 |            0 |            0 |            0 |            0 |            0 |            0 |            0 |            0 |            0 |
|          CAS_COUNT_WR          | MBOX4C1 |   1240656959 |            0 |            0 |            0 |            0 |            0 |            0 |            0 |            0 |            0 |            0 |            0 |   1375022583 |            0 |            0 |            0 |            0 |            0 |            0 |            0 |            0 |            0 |            0 |            0 |
|          CAS_COUNT_RD          | MBOX5C0 |   4017275729 |            0 |            0 |            0 |            0 |            0 |            0 |            0 |            0 |            0 |            0 |            0 |   4271341073 |            0 |            0 |            0 |            0 |            0 |            0 |            0 |            0 |            0 |            0 |            0 |
|          CAS_COUNT_WR          | MBOX5C1 |   1244247799 |            0 |            0 |            0 |            0 |            0 |            0 |            0 |            0 |            0 |            0 |            0 |   1371526075 |            0 |            0 |            0 |            0 |            0 |            0 |            0 |            0 |            0 |            0 |            0 |
|          CAS_COUNT_RD          | MBOX6C0 |            0 |            0 |            0 |            0 |            0 |            0 |            0 |            0 |            0 |            0 |            0 |            0 |            0 |            0 |            0 |            0 |            0 |            0 |            0 |            0 |            0 |            0 |            0 |            0 |
|          CAS_COUNT_WR          | MBOX6C1 |            0 |            0 |            0 |            0 |            0 |            0 |            0 |            0 |            0 |            0 |            0 |            0 |            0 |            0 |            0 |            0 |            0 |            0 |            0 |            0 |            0 |            0 |            0 |            0 |
|          CAS_COUNT_RD          | MBOX7C0 |            0 |            0 |            0 |            0 |            0 |            0 |            0 |            0 |            0 |            0 |            0 |            0 |            0 |            0 |            0 |            0 |            0 |            0 |            0 |            0 |            0 |            0 |            0 |            0 |
|          CAS_COUNT_WR          | MBOX7C1 |            0 |            0 |            0 |            0 |            0 |            0 |            0 |            0 |            0 |            0 |            0 |            0 |            0 |            0 |            0 |            0 |            0 |            0 |            0 |            0 |            0 |            0 |            0 |            0 |
+--------------------------------+---------+--------------+--------------+--------------+--------------+--------------+--------------+--------------+--------------+--------------+--------------+--------------+--------------+--------------+--------------+--------------+--------------+--------------+--------------+--------------+--------------+--------------+--------------+--------------+--------------+
+-------------------------------------+---------+---------------+--------------+--------------+--------------+
|                Event                | Counter |      Sum      |      Min     |      Max     |      Avg     |
+-------------------------------------+---------+---------------+--------------+--------------+--------------+
|        INSTR_RETIRED_ANY STAT       |  FIXC0  | 7656744524937 | 208427209895 | 421325188919 | 3.190310e+11 |
|      CPU_CLK_UNHALTED_CORE STAT     |  FIXC1  | 4263656359759 | 163986614941 | 181889288138 | 1.776523e+11 |
|      CPU_CLK_UNHALTED_REF STAT      |  FIXC2  | 4264974142142 | 164142589199 | 181888949554 | 1.777073e+11 |
|           FIXC1/FIXC0 STAT          |   CPI   |             0 |            0 |            0 |            0 |
|  OFFCORE_RESPONSE_0_LOCAL_DRAM STAT |   PMC0  |   16646306112 |      8345578 |   1439573497 |    693596088 |
| OFFCORE_RESPONSE_1_REMOTE_DRAM STAT |   PMC1  |     628454609 |       127598 |    337781032 | 2.618561e+07 |
|  MEM_LOAD_UOPS_RETIRED_L3_ALL STAT  |   PMC2  |    2532027026 |      2745347 |    213292158 | 1.055011e+08 |
|  MEM_LOAD_UOPS_RETIRED_L3_MISS STAT |   PMC3  |     703838374 |      1610823 |     58671679 | 2.932660e+07 |
|      L2_TRANS_ALL_REQUESTS STAT     |   PMC4  |  171153609666 |    101057218 |  14337593732 | 7.131400e+09 |
|          L2_RQSTS_MISS STAT         |   PMC5  |   53281944554 |     13250578 |   4462420539 | 2.220081e+09 |
|        UOPS_RETIRED_ALL STAT        |   PMC6  | 9761570785313 | 300446650664 | 502971594320 | 4.067321e+11 |
|            TEMP_CORE STAT           |   TMP0  |          1067 |           40 |           49 |      44.4583 |
|         PWR_PKG_ENERGY STAT         |   PWR0  |    12363.8310 |            0 |    6254.1169 |     515.1596 |
|         PWR_PP0_ENERGY STAT         |   PWR1  |             0 |            0 |            0 |            0 |
|         PWR_DRAM_ENERGY STAT        |   PWR3  |     1705.9776 |            0 |     873.9655 |      71.0824 |
|          CAS_COUNT_RD STAT          | MBOX0C0 |    8294741116 |            0 |   4282313892 | 3.456142e+08 |
|          CAS_COUNT_WR STAT          | MBOX0C1 |    2617654663 |            0 |   1377993698 | 1.090689e+08 |
|          CAS_COUNT_RD STAT          | MBOX1C0 |    8287888364 |            0 |   4271455984 | 3.453287e+08 |
|          CAS_COUNT_WR STAT          | MBOX1C1 |    2613754042 |            0 |   1370625584 | 1.089064e+08 |
|          CAS_COUNT_RD STAT          | MBOX2C0 |             0 |            0 |            0 |            0 |
|          CAS_COUNT_WR STAT          | MBOX2C1 |             0 |            0 |            0 |            0 |
|          CAS_COUNT_RD STAT          | MBOX3C0 |             0 |            0 |            0 |            0 |
|          CAS_COUNT_WR STAT          | MBOX3C1 |             0 |            0 |            0 |            0 |
|          CAS_COUNT_RD STAT          | MBOX4C0 |    8289792866 |            0 |   4275568951 | 3.454080e+08 |
|          CAS_COUNT_WR STAT          | MBOX4C1 |    2615679542 |            0 |   1375022583 | 1.089866e+08 |
|          CAS_COUNT_RD STAT          | MBOX5C0 |    8288616802 |            0 |   4271341073 | 3.453590e+08 |
|          CAS_COUNT_WR STAT          | MBOX5C1 |    2615773874 |            0 |   1371526075 | 1.089906e+08 |
|          CAS_COUNT_RD STAT          | MBOX6C0 |             0 |            0 |            0 |            0 |
|          CAS_COUNT_WR STAT          | MBOX6C1 |             0 |            0 |            0 |            0 |
|          CAS_COUNT_RD STAT          | MBOX7C0 |             0 |            0 |            0 |            0 |
|          CAS_COUNT_WR STAT          | MBOX7C1 |             0 |            0 |            0 |            0 |
+-------------------------------------+---------+---------------+--------------+--------------+--------------+
+-----------------------------------+------------+-----------+-----------+-----------+-----------+-----------+--------------+--------------+--------------+--------------+--------------+--------------+------------+-----------+-----------+-----------+-----------+-----------+--------------+--------------+--------------+--------------+--------------+--------------+
|               Metric              |   Core 0   |   Core 1  |   Core 2  |   Core 3  |   Core 4  |   Core 5  |    Core 6    |    Core 7    |    Core 8    |    Core 9    |    Core 10   |    Core 11   |   Core 12  |  Core 13  |  Core 14  |  Core 15  |  Core 16  |  Core 17  |    Core 18   |    Core 19   |    Core 20   |    Core 21   |    Core 22   |    Core 23   |
+-----------------------------------+------------+-----------+-----------+-----------+-----------+-----------+--------------+--------------+--------------+--------------+--------------+--------------+------------+-----------+-----------+-----------+-----------+-----------+--------------+--------------+--------------+--------------+--------------+--------------+
|        Runtime (RDTSC) [s]        |    79.7424 |   79.7424 |   79.7424 |   79.7424 |   79.7424 |   79.7424 |      79.7424 |      79.7424 |      79.7424 |      79.7424 |      79.7424 |      79.7424 |    79.7424 |   79.7424 |   79.7424 |   79.7424 |   79.7424 |   79.7424 |      79.7424 |      79.7424 |      79.7424 |      79.7424 |      79.7424 |      79.7424 |
|        Runtime unhalted [s]       |    71.2997 |   75.3024 |   76.3252 |   76.4371 |   76.5122 |   76.6517 |      79.0714 |      79.0590 |      79.0816 |      79.0836 |      79.0775 |      79.0813 |    76.4626 |   76.3033 |   76.1141 |   76.0357 |   75.8235 |   72.2871 |      78.9822 |      78.9019 |      78.9735 |      78.9784 |      78.9682 |      78.9814 |
|            Clock [MHz]            |  2297.7763 | 2298.6957 | 2298.9278 | 2299.0465 | 2298.3335 | 2298.7178 |    2299.9611 |    2299.9606 |    2299.9654 |    2299.9661 |    2299.9668 |    2299.9673 |  2298.3971 | 2298.3415 | 2298.2814 | 2298.3677 | 2298.6047 | 2298.5611 |    2299.9577 |    2299.9599 |    2299.9581 |    2299.9572 |    2299.9593 |    2299.9579 |
|                CPI                |     0.7868 |    0.7990 |    0.8007 |    0.8014 |    0.8003 |    0.8083 |       0.4319 |       0.4319 |       0.4318 |       0.4319 |       0.4317 |       0.4317 |     0.8050 |    0.8013 |    0.8012 |    0.8016 |    0.7985 |    0.7831 |       0.4320 |       0.4321 |       0.4318 |       0.4318 |       0.4319 |       0.4318 |
|   Local DRAM data volume [GByte]  |    87.6343 |   90.2054 |   90.4509 |   89.6049 |   90.1552 |   70.0825 |       0.5863 |       0.5926 |       0.5895 |       0.5896 |       0.5932 |       0.5833 |    87.0634 |   90.1019 |   90.3848 |   90.4177 |   92.1327 |   90.2638 |       0.5558 |       0.5549 |       0.5558 |       0.5535 |       0.5775 |       0.5341 |
|   Local DRAM bandwidth [MByte/s]  |  1098.9673 | 1131.2103 | 1134.2892 | 1123.6801 | 1130.5804 |  878.8618 |       7.3523 |       7.4316 |       7.3920 |       7.3933 |       7.4391 |       7.3150 |  1091.8082 | 1129.9125 | 1133.4606 | 1133.8727 | 1155.3794 | 1131.9429 |       6.9704 |       6.9584 |       6.9695 |       6.9412 |       7.2419 |       6.6980 |
|  Remote DRAM data volume [GByte]  |     3.4793 |    0.5659 |    0.3525 |    0.5271 |    1.9091 |   21.6180 |       0.0190 |       0.0223 |       0.0204 |       0.0204 |       0.0222 |       0.0254 |     3.5312 |    1.2426 |    0.9815 |    0.9492 |    1.0388 |    3.8170 |       0.0137 |       0.0127 |       0.0082 |       0.0109 |       0.0133 |       0.0203 |
|  Remote DRAM bandwidth [MByte/s]  |    43.6314 |    7.0964 |    4.4208 |    6.6103 |   23.9407 |  271.0978 |       0.2386 |       0.2799 |       0.2554 |       0.2553 |       0.2788 |       0.3186 |    44.2830 |   15.5831 |   12.3083 |   11.9040 |   13.0270 |   47.8672 |       0.1724 |       0.1590 |       0.1024 |       0.1364 |       0.1662 |       0.2549 |
|     Memory data volume [GByte]    |    91.1135 |   90.7713 |   90.8034 |   90.1320 |   92.0643 |   91.7005 |       0.6053 |       0.6149 |       0.6098 |       0.6099 |       0.6154 |       0.6087 |    90.5946 |   91.3445 |   91.3663 |   91.3670 |   93.1715 |   94.0809 |       0.5696 |       0.5676 |       0.5639 |       0.5644 |       0.5907 |       0.5544 |
|     Memory bandwidth [MByte/s]    |  1142.5987 | 1138.3067 | 1138.7099 | 1130.2905 | 1154.5211 | 1149.9596 |       7.5909 |       7.7115 |       7.6473 |       7.6486 |       7.7179 |       7.6336 |  1136.0912 | 1145.4956 | 1145.7689 | 1145.7766 | 1168.4064 | 1179.8100 |       7.1428 |       7.1174 |       7.0720 |       7.0777 |       7.4081 |       6.9530 |
|          L3 request rate          |     3.6049 |    3.6778 |    3.6831 |    3.7364 |    3.7012 |    3.6780 |       1.6430 |       1.6492 |       1.6531 |       1.6492 |       1.6476 |       1.6560 |     3.6597 |    3.6500 |    3.6234 |    3.6427 |    3.5923 |    3.6354 |       1.6845 |       1.6926 |       1.6895 |       1.7013 |       1.6424 |       1.7043 |
|            L3 miss rate           |     0.2604 |    0.0424 |    0.0268 |    0.0396 |    0.1431 |    1.6075 |       0.0990 |       0.1155 |       0.1055 |       0.1057 |       0.1153 |       0.1332 |     0.2661 |    0.0940 |    0.0748 |    0.0718 |    0.0778 |    0.2796 |       0.0768 |       0.0709 |       0.0460 |       0.0607 |       0.0710 |       0.1157 |
|           L3 miss ratio           |     0.0397 |    0.0063 |    0.0039 |    0.0059 |    0.0212 |    0.3085 |       0.0325 |       0.0377 |       0.0346 |       0.0345 |       0.0375 |       0.0436 |     0.0406 |    0.0138 |    0.0109 |    0.0105 |    0.0113 |    0.0423 |       0.0247 |       0.0229 |       0.0147 |       0.0197 |       0.0229 |       0.0381 |
|          L2 request rate          |     0.0687 |    0.0650 |    0.0641 |    0.0642 |    0.0641 |    0.0651 |       0.0003 |       0.0003 |       0.0002 |       0.0002 |       0.0002 |       0.0002 |     0.0648 |    0.0645 |    0.0647 |    0.0649 |    0.0648 |    0.0675 |       0.0003 |       0.0003 |       0.0002 |       0.0002 |       0.0002 |       0.0002 |
|            L2 miss rate           |     0.0213 |    0.0204 |    0.0201 |    0.0202 |    0.0200 |    0.0202 | 3.346246e-05 | 3.407583e-05 | 3.403008e-05 | 3.376408e-05 | 3.415342e-05 | 3.362132e-05 |     0.0203 |    0.0202 |    0.0203 |    0.0204 |    0.0202 |    0.0210 | 3.217533e-05 | 3.240087e-05 | 3.195555e-05 | 3.221250e-05 | 3.316484e-05 | 3.149979e-05 |
|           L2 miss ratio           |     0.3104 |    0.3133 |    0.3140 |    0.3142 |    0.3120 |    0.3103 |       0.1336 |       0.1299 |       0.1367 |       0.1362 |       0.1371 |       0.1355 |     0.3135 |    0.3134 |    0.3135 |    0.3135 |    0.3123 |    0.3112 |       0.1266 |       0.1228 |       0.1328 |       0.1325 |       0.1341 |       0.1311 |
|  Memory read bandwidth [MBytes/s] | 12889.7961 |         0 |         0 |         0 |         0 |         0 |            0 |            0 |            0 |            0 |            0 |            0 | 13724.7414 |         0 |         0 |         0 |         0 |         0 |            0 |            0 |            0 |            0 |            0 |            0 |
|  Memory read data volume [GBytes] |  1027.8630 |         0 |         0 |         0 |         0 |         0 |            0 |            0 |            0 |            0 |            0 |            0 |  1094.4435 |         0 |         0 |         0 |         0 |         0 |            0 |            0 |            0 |            0 |            0 |            0 |
| Memory write bandwidth [MBytes/s] |  3986.9946 |         0 |         0 |         0 |         0 |         0 |            0 |            0 |            0 |            0 |            0 |            0 |  4410.3369 |         0 |         0 |         0 |         0 |         0 |            0 |            0 |            0 |            0 |            0 |            0 |
| Memory write data volume [GBytes] |   317.9324 |         0 |         0 |         0 |         0 |         0 |            0 |            0 |            0 |            0 |            0 |            0 |   351.6907 |         0 |         0 |         0 |         0 |         0 |            0 |            0 |            0 |            0 |            0 |            0 |
|    Memory bandwidth [MBytes/s]    | 16876.7907 |         0 |         0 |         0 |         0 |         0 |            0 |            0 |            0 |            0 |            0 |            0 | 18135.0782 |         0 |         0 |         0 |         0 |         0 |            0 |            0 |            0 |            0 |            0 |            0 |
|    Memory data volume [GBytes]    |  1345.7954 |         0 |         0 |         0 |         0 |         0 |            0 |            0 |            0 |            0 |            0 |            0 |  1446.1343 |         0 |         0 |         0 |         0 |         0 |            0 |            0 |            0 |            0 |            0 |            0 |
|          Temperature [C]          |         42 |        41 |        42 |        43 |        40 |        41 |           43 |           44 |           46 |           45 |           44 |           43 |         43 |        45 |        45 |        46 |        47 |        47 |           47 |           49 |           45 |           47 |           46 |           46 |
|             Energy [J]            |  6109.7141 |         0 |         0 |         0 |         0 |         0 |            0 |            0 |            0 |            0 |            0 |            0 |  6254.1169 |         0 |         0 |         0 |         0 |         0 |            0 |            0 |            0 |            0 |            0 |            0 |
|             Power [W]             |    76.6182 |         0 |         0 |         0 |         0 |         0 |            0 |            0 |            0 |            0 |            0 |            0 |    78.4290 |         0 |         0 |         0 |         0 |         0 |            0 |            0 |            0 |            0 |            0 |            0 |
|           Energy PP0 [J]          |          0 |         0 |         0 |         0 |         0 |         0 |            0 |            0 |            0 |            0 |            0 |            0 |          0 |         0 |         0 |         0 |         0 |         0 |            0 |            0 |            0 |            0 |            0 |            0 |
|           Power PP0 [W]           |          0 |         0 |         0 |         0 |         0 |         0 |            0 |            0 |            0 |            0 |            0 |            0 |          0 |         0 |         0 |         0 |         0 |         0 |            0 |            0 |            0 |            0 |            0 |            0 |
|          Energy DRAM [J]          |   832.0121 |         0 |         0 |         0 |         0 |         0 |            0 |            0 |            0 |            0 |            0 |            0 |   873.9655 |         0 |         0 |         0 |         0 |         0 |            0 |            0 |            0 |            0 |            0 |            0 |
|           Power DRAM [W]          |    10.4338 |         0 |         0 |         0 |         0 |         0 |            0 |            0 |            0 |            0 |            0 |            0 |    10.9599 |         0 |         0 |         0 |         0 |         0 |            0 |            0 |            0 |            0 |            0 |            0 |
+-----------------------------------+------------+-----------+-----------+-----------+-----------+-----------+--------------+--------------+--------------+--------------+--------------+--------------+------------+-----------+-----------+-----------+-----------+-----------+--------------+--------------+--------------+--------------+--------------+--------------+
+----------------------------------------+------------+--------------+------------+-----------+
|                 Metric                 |     Sum    |      Min     |     Max    |    Avg    |
+----------------------------------------+------------+--------------+------------+-----------+
|        Runtime (RDTSC) [s] STAT        |  1913.8176 |      79.7424 |    79.7424 |   79.7424 |
|        Runtime unhalted [s] STAT       |  1853.7946 |      71.2997 |    79.0836 |   77.2414 |
|            Clock [MHz] STAT            | 55181.5885 |    2297.7763 |  2299.9673 | 2299.2329 |
|                CPI STAT                |    14.7695 |       0.4317 |     0.8083 |    0.6154 |
|   Local DRAM data volume [GByte] STAT  |  1065.3636 |       0.5341 |    92.1327 |   44.3902 |
|   Local DRAM bandwidth [MByte/s] STAT  | 13360.0681 |       6.6980 |  1155.3794 |  556.6695 |
|  Remote DRAM data volume [GByte] STAT  |    40.2210 |       0.0082 |    21.6180 |    1.6759 |
|  Remote DRAM bandwidth [MByte/s] STAT  |   504.3879 |       0.1024 |   271.0978 |   21.0162 |
|     Memory data volume [GByte] STAT    |  1105.5844 |       0.5544 |    94.0809 |   46.0660 |
|     Memory bandwidth [MByte/s] STAT    | 13864.4560 |       6.9530 |  1179.8100 |  577.6857 |
|          L3 request rate STAT          |    63.8976 |       1.6424 |     3.7364 |    2.6624 |
|            L3 miss rate STAT           |     4.0992 |       0.0268 |     1.6075 |    0.1708 |
|           L3 miss ratio STAT           |     0.8783 |       0.0039 |     0.3085 |    0.0366 |
|          L2 request rate STAT          |     0.7852 |       0.0002 |     0.0687 |    0.0327 |
|            L2 miss rate STAT           |     0.2450 | 3.149979e-05 |     0.0213 |    0.0102 |
|           L2 miss ratio STAT           |     5.3405 |       0.1228 |     0.3142 |    0.2225 |
|  Memory read bandwidth [MBytes/s] STAT | 26614.5375 |            0 | 13724.7414 | 1108.9391 |
|  Memory read data volume [GBytes] STAT |  2122.3065 |            0 |  1094.4435 |   88.4294 |
| Memory write bandwidth [MBytes/s] STAT |  8397.3315 |            0 |  4410.3369 |  349.8888 |
| Memory write data volume [GBytes] STAT |   669.6231 |            0 |   351.6907 |   27.9010 |
|    Memory bandwidth [MBytes/s] STAT    | 35011.8689 |            0 | 18135.0782 | 1458.8279 |
|    Memory data volume [GBytes] STAT    |  2791.9297 |            0 |  1446.1343 |  116.3304 |
|          Temperature [C] STAT          |       1067 |           40 |         49 |   44.4583 |
|             Energy [J] STAT            | 12363.8310 |            0 |  6254.1169 |  515.1596 |
|             Power [W] STAT             |   155.0472 |            0 |    78.4290 |    6.4603 |
|           Energy PP0 [J] STAT          |          0 |            0 |          0 |         0 |
|           Power PP0 [W] STAT           |          0 |            0 |          0 |         0 |
|          Energy DRAM [J] STAT          |  1705.9776 |            0 |   873.9655 |   71.0824 |
|           Power DRAM [W] STAT          |    21.3937 |            0 |    10.9599 |    0.8914 |
+----------------------------------------+------------+--------------+------------+-----------+
