--------------------------------------------------------------------------------
CPU name:	Intel(R) Xeon(R) CPU E5-2670 v3 @ 2.30GHz
CPU type:	Intel Xeon Haswell EN/EP/EX processor
CPU clock:	2.30 GHz
--------------------------------------------------------------------------------
Group 1: POWERPERF
+--------------------------------+---------+--------------+--------------+--------------+--------------+--------------+--------------+--------------+--------------+--------------+--------------+--------------+--------------+--------------+--------------+--------------+--------------+--------------+--------------+--------------+--------------+--------------+--------------+--------------+--------------+
|              Event             | Counter |    Core 0    |    Core 1    |    Core 2    |    Core 3    |    Core 4    |    Core 5    |    Core 6    |    Core 7    |    Core 8    |    Core 9    |    Core 10   |    Core 11   |    Core 12   |    Core 13   |    Core 14   |    Core 15   |    Core 16   |    Core 17   |    Core 18   |    Core 19   |    Core 20   |    Core 21   |    Core 22   |    Core 23   |
+--------------------------------+---------+--------------+--------------+--------------+--------------+--------------+--------------+--------------+--------------+--------------+--------------+--------------+--------------+--------------+--------------+--------------+--------------+--------------+--------------+--------------+--------------+--------------+--------------+--------------+--------------+
|        INSTR_RETIRED_ANY       |  FIXC0  | 121841480068 | 116290326549 | 113849677452 | 114136987337 | 117251850404 | 119506052008 | 126328601813 | 124549628810 | 124560962709 | 124542140375 | 124932131067 | 124670781225 | 111775052997 | 118779421662 | 123927227930 | 122989213667 | 123384657769 | 123583584006 | 102176591906 | 100876118495 | 101130772632 | 100739517965 | 100766743888 | 100777241395 |
|      CPU_CLK_UNHALTED_CORE     |  FIXC1  |  63037768408 |  60425244209 |  59148677148 |  59274624800 |  60818443065 |  61909327508 |  66920648333 |  65970342507 |  65980127886 |  65954898640 |  66110543777 |  66068539351 |  59467801799 |  62848562407 |  65464868525 |  65029613812 |  64823517322 |  64842859360 |  59630396680 |  58764473026 |  59123009145 |  58669668364 |  58886222693 |  59188152090 |
|      CPU_CLK_UNHALTED_REF      |  FIXC2  |  63122465920 |  60546913937 |  59269523768 |  59395474459 |  60939296927 |  62030228051 |  66920659769 |  66094221469 |  66102921127 |  66078539655 |  66175978189 |  66133322573 |  59592701667 |  62984362328 |  65539978141 |  65159719992 |  64954097209 |  64957101239 |  60838127333 |  60024113725 |  60422034908 |  59919118472 |  60157254561 |  60445619200 |
|           FIXC1/FIXC0          |   CPI   |            0 |            0 |            0 |            0 |            0 |            0 |            0 |            0 |            0 |            0 |            0 |            0 |            0 |            0 |            0 |            0 |            0 |            0 |            0 |            0 |            0 |            0 |            0 |            0 |
|  OFFCORE_RESPONSE_0_LOCAL_DRAM |   PMC0  |    303060974 |    295580668 |    286922610 |    288877532 |    293938716 |    296666915 |    534894565 |    538053799 |    533506020 |    535405030 |    538621894 |    527921027 |    193524257 |    224616472 |    231764506 |    233586136 |    234096805 |    246552091 |    328840492 |    358868936 |    361119797 |    362581555 |    360081302 |    333674863 |
| OFFCORE_RESPONSE_1_REMOTE_DRAM |   PMC1  |    126346119 |    123479304 |    122183367 |    121646727 |    128613328 |    134576244 |     36715221 |     23782287 |     26615303 |     26156174 |     21960682 |     32307361 |    170090921 |    167538378 |    182307925 |    175360671 |    175213963 |    164051072 |    101101257 |     62958871 |     59036027 |     58699682 |     62163006 |     87173331 |
|  MEM_LOAD_UOPS_RETIRED_L3_ALL  |   PMC2  |    144985983 |    144076345 |    141170392 |    141296200 |    145411210 |    148751239 |    113069565 |    111083725 |    110785556 |    110668145 |    107936817 |    108539763 |    138978111 |    147682252 |    154529963 |    152928271 |    154232091 |    154227365 |     85909474 |     83486279 |     86170381 |     85522002 |     85754261 |     87100506 |
|  MEM_LOAD_UOPS_RETIRED_L3_MISS |   PMC3  |     87680275 |     87287025 |     85204827 |     85348608 |     88137473 |     90614452 |     56260491 |     54663549 |     53043943 |     53305914 |     50363735 |     50100395 |     75534665 |     81061591 |     85275107 |     84215510 |     84631868 |     84530500 |     39700515 |     38164466 |     38414283 |     38331461 |     40065560 |     40433685 |
|      L2_TRANS_ALL_REQUESTS     |   PMC4  |   2993222034 |   2816934415 |   2757711799 |   2765013911 |   2861604354 |   2914675593 |   5140250786 |   4776785938 |   4677289282 |   4679690500 |   4666474315 |   4657474371 |   2679647027 |   2844389119 |   2968691985 |   2944417983 |   2960687479 |   2961809649 |   3700000068 |   3632113678 |   3559945519 |   3562587210 |   3570762993 |   3567790504 |
|          L2_RQSTS_MISS         |   PMC5  |    843242815 |    812108390 |    795174432 |    797194180 |    818210023 |    833975889 |   1106457497 |   1029260172 |   1031664124 |   1030306046 |   1025089652 |   1026470226 |    780293444 |    828842096 |    865297776 |    858555707 |    861603242 |    861496260 |    788924849 |    774847988 |    778975335 |    777896674 |    781269167 |    779065227 |
|        UOPS_RETIRED_ALL        |   PMC6  | 133393256713 | 125870534189 | 123212867823 | 123510436379 | 126939561573 | 129299244477 | 162373921047 | 160178152707 | 160184502591 | 160152624069 | 160745886534 | 160359861375 | 120992632831 | 128550672286 | 134070546093 | 133123702818 | 133473275139 | 133759673463 | 133358960217 | 131777604554 | 132177361286 | 131571940155 | 131612175609 | 131625501356 |
|            TEMP_CORE           |   TMP0  |           40 |           37 |           38 |           36 |           39 |           41 |           42 |           42 |           42 |           45 |           45 |           46 |           35 |           41 |           39 |           41 |           43 |           41 |           42 |           41 |           40 |           42 |           40 |           39 |
|         PWR_PKG_ENERGY         |   PWR0  |    2448.5267 |            0 |            0 |            0 |            0 |            0 |            0 |            0 |            0 |            0 |            0 |            0 |    2318.9722 |            0 |            0 |            0 |            0 |            0 |            0 |            0 |            0 |            0 |            0 |            0 |
|         PWR_PP0_ENERGY         |   PWR1  |            0 |            0 |            0 |            0 |            0 |            0 |            0 |            0 |            0 |            0 |            0 |            0 |            0 |            0 |            0 |            0 |            0 |            0 |            0 |            0 |            0 |            0 |            0 |            0 |
|         PWR_DRAM_ENERGY        |   PWR3  |     391.5242 |            0 |            0 |            0 |            0 |            0 |            0 |            0 |            0 |            0 |            0 |            0 |     342.9399 |            0 |            0 |            0 |            0 |            0 |            0 |            0 |            0 |            0 |            0 |            0 |
|          CAS_COUNT_RD          | MBOX0C0 |   1948066803 |            0 |            0 |            0 |            0 |            0 |            0 |            0 |            0 |            0 |            0 |            0 |   1324853759 |            0 |            0 |            0 |            0 |            0 |            0 |            0 |            0 |            0 |            0 |            0 |
|          CAS_COUNT_WR          | MBOX0C1 |    500541192 |            0 |            0 |            0 |            0 |            0 |            0 |            0 |            0 |            0 |            0 |            0 |    310542811 |            0 |            0 |            0 |            0 |            0 |            0 |            0 |            0 |            0 |            0 |            0 |
|          CAS_COUNT_RD          | MBOX1C0 |   1948104387 |            0 |            0 |            0 |            0 |            0 |            0 |            0 |            0 |            0 |            0 |            0 |   1322743165 |            0 |            0 |            0 |            0 |            0 |            0 |            0 |            0 |            0 |            0 |            0 |
|          CAS_COUNT_WR          | MBOX1C1 |    501575812 |            0 |            0 |            0 |            0 |            0 |            0 |            0 |            0 |            0 |            0 |            0 |    308898947 |            0 |            0 |            0 |            0 |            0 |            0 |            0 |            0 |            0 |            0 |            0 |
|          CAS_COUNT_RD          | MBOX2C0 |            0 |            0 |            0 |            0 |            0 |            0 |            0 |            0 |            0 |            0 |            0 |            0 |            0 |            0 |            0 |            0 |            0 |            0 |            0 |            0 |            0 |            0 |            0 |            0 |
|          CAS_COUNT_WR          | MBOX2C1 |            0 |            0 |            0 |            0 |            0 |            0 |            0 |            0 |            0 |            0 |            0 |            0 |            0 |            0 |            0 |            0 |            0 |            0 |            0 |            0 |            0 |            0 |            0 |            0 |
|          CAS_COUNT_RD          | MBOX3C0 |            0 |            0 |            0 |            0 |            0 |            0 |            0 |            0 |            0 |            0 |            0 |            0 |            0 |            0 |            0 |            0 |            0 |            0 |            0 |            0 |            0 |            0 |            0 |            0 |
|          CAS_COUNT_WR          | MBOX3C1 |            0 |            0 |            0 |            0 |            0 |            0 |            0 |            0 |            0 |            0 |            0 |            0 |            0 |            0 |            0 |            0 |            0 |            0 |            0 |            0 |            0 |            0 |            0 |            0 |
|          CAS_COUNT_RD          | MBOX4C0 |   1948383910 |            0 |            0 |            0 |            0 |            0 |            0 |            0 |            0 |            0 |            0 |            0 |   1324713737 |            0 |            0 |            0 |            0 |            0 |            0 |            0 |            0 |            0 |            0 |            0 |
|          CAS_COUNT_WR          | MBOX4C1 |    500770069 |            0 |            0 |            0 |            0 |            0 |            0 |            0 |            0 |            0 |            0 |            0 |    311126740 |            0 |            0 |            0 |            0 |            0 |            0 |            0 |            0 |            0 |            0 |            0 |
|          CAS_COUNT_RD          | MBOX5C0 |   1946316268 |            0 |            0 |            0 |            0 |            0 |            0 |            0 |            0 |            0 |            0 |            0 |   1323177960 |            0 |            0 |            0 |            0 |            0 |            0 |            0 |            0 |            0 |            0 |            0 |
|          CAS_COUNT_WR          | MBOX5C1 |    501435976 |            0 |            0 |            0 |            0 |            0 |            0 |            0 |            0 |            0 |            0 |            0 |    309258956 |            0 |            0 |            0 |            0 |            0 |            0 |            0 |            0 |            0 |            0 |            0 |
|          CAS_COUNT_RD          | MBOX6C0 |            0 |            0 |            0 |            0 |            0 |            0 |            0 |            0 |            0 |            0 |            0 |            0 |            0 |            0 |            0 |            0 |            0 |            0 |            0 |            0 |            0 |            0 |            0 |            0 |
|          CAS_COUNT_WR          | MBOX6C1 |            0 |            0 |            0 |            0 |            0 |            0 |            0 |            0 |            0 |            0 |            0 |            0 |            0 |            0 |            0 |            0 |            0 |            0 |            0 |            0 |            0 |            0 |            0 |            0 |
|          CAS_COUNT_RD          | MBOX7C0 |            0 |            0 |            0 |            0 |            0 |            0 |            0 |            0 |            0 |            0 |            0 |            0 |            0 |            0 |            0 |            0 |            0 |            0 |            0 |            0 |            0 |            0 |            0 |            0 |
|          CAS_COUNT_WR          | MBOX7C1 |            0 |            0 |            0 |            0 |            0 |            0 |            0 |            0 |            0 |            0 |            0 |            0 |            0 |            0 |            0 |            0 |            0 |            0 |            0 |            0 |            0 |            0 |            0 |            0 |
+--------------------------------+---------+--------------+--------------+--------------+--------------+--------------+--------------+--------------+--------------+--------------+--------------+--------------+--------------+--------------+--------------+--------------+--------------+--------------+--------------+--------------+--------------+--------------+--------------+--------------+--------------+
+-------------------------------------+---------+---------------+--------------+--------------+--------------+
|                Event                | Counter |      Sum      |      Min     |      Max     |      Avg     |
+-------------------------------------+---------+---------------+--------------+--------------+--------------+
|        INSTR_RETIRED_ANY STAT       |  FIXC0  | 2783366764129 | 100739517965 | 126328601813 | 1.159736e+11 |
|      CPU_CLK_UNHALTED_CORE STAT     |  FIXC1  | 1498358330855 |  58669668364 |  66920648333 | 6.243160e+10 |
|      CPU_CLK_UNHALTED_REF STAT      |  FIXC2  | 1507803774619 |  59269523768 |  66920659769 | 6.282516e+10 |
|           FIXC1/FIXC0 STAT          |   CPI   |             0 |            0 |            0 |            0 |
|  OFFCORE_RESPONSE_0_LOCAL_DRAM STAT |   PMC0  |    8442756962 |    193524257 |    538621894 | 3.517815e+08 |
| OFFCORE_RESPONSE_1_REMOTE_DRAM STAT |   PMC1  |    2390077221 |     21960682 |    182307925 | 9.958655e+07 |
|  MEM_LOAD_UOPS_RETIRED_L3_ALL STAT  |   PMC2  |    2944295896 |     83486279 |    154529963 | 1.226790e+08 |
|  MEM_LOAD_UOPS_RETIRED_L3_MISS STAT |   PMC3  |    1572369898 |     38164466 |     90614452 | 6.551541e+07 |
|      L2_TRANS_ALL_REQUESTS STAT     |   PMC4  |   84659970512 |   2679647027 |   5140250786 | 3.527499e+09 |
|          L2_RQSTS_MISS STAT         |   PMC5  |   20886221211 |    774847988 |   1106457497 | 8.702592e+08 |
|        UOPS_RETIRED_ALL STAT        |   PMC6  | 3302314895284 | 120992632831 | 162373921047 | 1.375965e+11 |
|            TEMP_CORE STAT           |   TMP0  |           977 |           35 |           46 |      40.7083 |
|         PWR_PKG_ENERGY STAT         |   PWR0  |     4767.4989 |            0 |    2448.5267 |     198.6458 |
|         PWR_PP0_ENERGY STAT         |   PWR1  |             0 |            0 |            0 |            0 |
|         PWR_DRAM_ENERGY STAT        |   PWR3  |      734.4641 |            0 |     391.5242 |      30.6027 |
|          CAS_COUNT_RD STAT          | MBOX0C0 |    3272920562 |            0 |   1948066803 | 1.363717e+08 |
|          CAS_COUNT_WR STAT          | MBOX0C1 |     811084003 |            0 |    500541192 | 3.379517e+07 |
|          CAS_COUNT_RD STAT          | MBOX1C0 |    3270847552 |            0 |   1948104387 | 1.362853e+08 |
|          CAS_COUNT_WR STAT          | MBOX1C1 |     810474759 |            0 |    501575812 | 3.376978e+07 |
|          CAS_COUNT_RD STAT          | MBOX2C0 |             0 |            0 |            0 |            0 |
|          CAS_COUNT_WR STAT          | MBOX2C1 |             0 |            0 |            0 |            0 |
|          CAS_COUNT_RD STAT          | MBOX3C0 |             0 |            0 |            0 |            0 |
|          CAS_COUNT_WR STAT          | MBOX3C1 |             0 |            0 |            0 |            0 |
|          CAS_COUNT_RD STAT          | MBOX4C0 |    3273097647 |            0 |   1948383910 | 1.363791e+08 |
|          CAS_COUNT_WR STAT          | MBOX4C1 |     811896809 |            0 |    500770069 | 3.382903e+07 |
|          CAS_COUNT_RD STAT          | MBOX5C0 |    3269494228 |            0 |   1946316268 | 1.362289e+08 |
|          CAS_COUNT_WR STAT          | MBOX5C1 |     810694932 |            0 |    501435976 | 3.377896e+07 |
|          CAS_COUNT_RD STAT          | MBOX6C0 |             0 |            0 |            0 |            0 |
|          CAS_COUNT_WR STAT          | MBOX6C1 |             0 |            0 |            0 |            0 |
|          CAS_COUNT_RD STAT          | MBOX7C0 |             0 |            0 |            0 |            0 |
|          CAS_COUNT_WR STAT          | MBOX7C1 |             0 |            0 |            0 |            0 |
+-------------------------------------+---------+---------------+--------------+--------------+--------------+
+-----------------------------------+------------+-----------+-----------+-----------+-----------+-----------+-----------+-----------+-----------+-----------+-----------+-----------+------------+-----------+-----------+-----------+-----------+-----------+-----------+-----------+-----------+-----------+-----------+-----------+
|               Metric              |   Core 0   |   Core 1  |   Core 2  |   Core 3  |   Core 4  |   Core 5  |   Core 6  |   Core 7  |   Core 8  |   Core 9  |  Core 10  |  Core 11  |   Core 12  |  Core 13  |  Core 14  |  Core 15  |  Core 16  |  Core 17  |  Core 18  |  Core 19  |  Core 20  |  Core 21  |  Core 22  |  Core 23  |
+-----------------------------------+------------+-----------+-----------+-----------+-----------+-----------+-----------+-----------+-----------+-----------+-----------+-----------+------------+-----------+-----------+-----------+-----------+-----------+-----------+-----------+-----------+-----------+-----------+-----------+
|        Runtime (RDTSC) [s]        |    30.2515 |   30.2515 |   30.2515 |   30.2515 |   30.2515 |   30.2515 |   30.2515 |   30.2515 |   30.2515 |   30.2515 |   30.2515 |   30.2515 |    30.2515 |   30.2515 |   30.2515 |   30.2515 |   30.2515 |   30.2515 |   30.2515 |   30.2515 |   30.2515 |   30.2515 |   30.2515 |   30.2515 |
|        Runtime unhalted [s]       |    27.4077 |   26.2718 |   25.7168 |   25.7716 |   26.4428 |   26.9171 |   29.0959 |   28.6828 |   28.6870 |   28.6760 |   28.7437 |   28.7255 |    25.8556 |   27.3255 |   28.4630 |   28.2737 |   28.1841 |   28.1925 |   25.9263 |   25.5498 |   25.7057 |   25.5086 |   25.6027 |   25.7340 |
|            Clock [MHz]            |  2296.9137 | 2295.3780 | 2295.3103 | 2295.3201 | 2295.4385 | 2295.5170 | 2299.9995 | 2295.6890 | 2295.7274 | 2295.6963 | 2297.7256 | 2297.7468 |  2295.1793 | 2295.0408 | 2297.3640 | 2295.4074 | 2295.3761 | 2295.9548 | 2254.3413 | 2251.7330 | 2250.5517 | 2252.0396 | 2251.4043 | 2252.1523 |
|                CPI                |     0.5174 |    0.5196 |    0.5195 |    0.5193 |    0.5187 |    0.5180 |    0.5297 |    0.5297 |    0.5297 |    0.5296 |    0.5292 |    0.5299 |     0.5320 |    0.5291 |    0.5283 |    0.5287 |    0.5254 |    0.5247 |    0.5836 |    0.5825 |    0.5846 |    0.5824 |    0.5844 |    0.5873 |
|   Local DRAM data volume [GByte]  |    19.3959 |   18.9172 |   18.3630 |   18.4882 |   18.8121 |   18.9867 |   34.2333 |   34.4354 |   34.1444 |   34.2659 |   34.4718 |   33.7869 |    12.3856 |   14.3755 |   14.8329 |   14.9495 |   14.9822 |   15.7793 |   21.0458 |   22.9676 |   23.1117 |   23.2052 |   23.0452 |   21.3552 |
|   Local DRAM bandwidth [MByte/s]  |   641.1557 |  625.3303 |  607.0133 |  611.1492 |  621.8566 |  627.6284 | 1131.6227 | 1138.3064 | 1128.6851 | 1132.7026 | 1139.5082 | 1116.8695 |   409.4198 |  475.1985 |  490.3209 |  494.1747 |  495.2551 |  521.6055 |  695.6948 |  759.2230 |  763.9849 |  767.0774 |  761.7878 |  705.9224 |
|  Remote DRAM data volume [GByte]  |     8.0862 |    7.9027 |    7.8197 |    7.7854 |    8.2313 |    8.6129 |    2.3498 |    1.5221 |    1.7034 |    1.6740 |    1.4055 |    2.0677 |    10.8858 |   10.7225 |   11.6677 |   11.2231 |   11.2137 |   10.4993 |    6.4705 |    4.0294 |    3.7783 |    3.7568 |    3.9784 |    5.5791 |
|  Remote DRAM bandwidth [MByte/s]  |   267.2978 |  261.2328 |  258.4911 |  257.3558 |  272.0943 |  284.7094 |   77.6747 |   50.3138 |   56.3073 |   55.3360 |   46.4600 |   68.3494 |   359.8443 |  354.4441 |  385.6906 |  370.9930 |  370.6826 |  347.0664 |  213.8898 |  133.1958 |  124.8966 |  124.1850 |  131.5120 |  184.4239 |
|     Memory data volume [GByte]    |    27.4821 |   26.8198 |   26.1828 |   26.2736 |   27.0433 |   27.5996 |   36.5830 |   35.9575 |   35.8478 |   35.9399 |   35.8773 |   35.8546 |    23.2714 |   25.0979 |   26.5006 |   26.1726 |   26.1959 |   26.2786 |   27.5163 |   26.9970 |   26.8900 |   26.9620 |   27.0236 |   26.9343 |
|     Memory bandwidth [MByte/s]    |   908.4534 |  886.5631 |  865.5044 |  868.5049 |  893.9509 |  912.3378 | 1209.2974 | 1188.6202 | 1184.9924 | 1188.0386 | 1185.9682 | 1185.2189 |   769.2641 |  829.6426 |  876.0114 |  865.1677 |  865.9377 |  868.6719 |  909.5846 |  892.4187 |  888.8815 |  891.2624 |  893.2999 |  890.3462 |
|          L3 request rate          |     1.6536 |    1.6506 |    1.6568 |    1.6555 |    1.6498 |    1.6416 |    2.0098 |    2.0321 |    2.0886 |    2.0761 |    2.1431 |    2.1664 |     1.8399 |    1.8219 |    1.8121 |    1.8159 |    1.8224 |    1.8245 |    2.1639 |    2.1875 |    2.2432 |    2.2311 |    2.1403 |    2.1542 |
|            L3 miss rate           |     0.8714 |    0.8570 |    0.8655 |    0.8609 |    0.8845 |    0.9047 |    0.3247 |    0.2141 |    0.2402 |    0.2363 |    0.2035 |    0.2977 |     1.2239 |    1.1345 |    1.1798 |    1.1467 |    1.1360 |    1.0637 |    1.1768 |    0.7541 |    0.6851 |    0.6864 |    0.7249 |    1.0008 |
|           L3 miss ratio           |     0.4169 |    0.4178 |    0.4258 |    0.4211 |    0.4376 |    0.4536 |    0.0686 |    0.0442 |    0.0499 |    0.0489 |    0.0408 |    0.0612 |     0.8789 |    0.7459 |    0.7866 |    0.7507 |    0.7485 |    0.6654 |    0.3074 |    0.1754 |    0.1635 |    0.1619 |    0.1726 |    0.2613 |
|          L2 request rate          |     0.0246 |    0.0242 |    0.0242 |    0.0242 |    0.0244 |    0.0244 |    0.0407 |    0.0384 |    0.0376 |    0.0376 |    0.0374 |    0.0374 |     0.0240 |    0.0239 |    0.0240 |    0.0239 |    0.0240 |    0.0240 |    0.0362 |    0.0360 |    0.0352 |    0.0354 |    0.0354 |    0.0354 |
|            L2 miss rate           |     0.0069 |    0.0070 |    0.0070 |    0.0070 |    0.0070 |    0.0070 |    0.0088 |    0.0083 |    0.0083 |    0.0083 |    0.0082 |    0.0082 |     0.0070 |    0.0070 |    0.0070 |    0.0070 |    0.0070 |    0.0070 |    0.0077 |    0.0077 |    0.0077 |    0.0077 |    0.0078 |    0.0077 |
|           L2 miss ratio           |     0.2817 |    0.2883 |    0.2883 |    0.2883 |    0.2859 |    0.2861 |    0.2153 |    0.2155 |    0.2206 |    0.2202 |    0.2197 |    0.2204 |     0.2912 |    0.2914 |    0.2915 |    0.2916 |    0.2910 |    0.2909 |    0.2132 |    0.2133 |    0.2188 |    0.2184 |    0.2188 |    0.2184 |
|  Memory read bandwidth [MBytes/s] | 16482.3638 |         0 |         0 |         0 |         0 |         0 |         0 |         0 |         0 |         0 |         0 |         0 | 11203.1332 |         0 |         0 |         0 |         0 |         0 |         0 |         0 |         0 |         0 |         0 |         0 |
|  Memory read data volume [GBytes] |   498.6158 |         0 |         0 |         0 |         0 |         0 |         0 |         0 |         0 |         0 |         0 |         0 |   338.9113 |         0 |         0 |         0 |         0 |         0 |         0 |         0 |         0 |         0 |         0 |         0 |
| Memory write bandwidth [MBytes/s] |  4240.3449 |         0 |         0 |         0 |         0 |         0 |         0 |         0 |         0 |         0 |         0 |         0 |  2622.9784 |         0 |         0 |         0 |         0 |         0 |         0 |         0 |         0 |         0 |         0 |         0 |
| Memory write data volume [GBytes] |   128.2767 |         0 |         0 |         0 |         0 |         0 |         0 |         0 |         0 |         0 |         0 |         0 |    79.3490 |         0 |         0 |         0 |         0 |         0 |         0 |         0 |         0 |         0 |         0 |         0 |
|    Memory bandwidth [MBytes/s]    | 20722.7087 |         0 |         0 |         0 |         0 |         0 |         0 |         0 |         0 |         0 |         0 |         0 | 13826.1116 |         0 |         0 |         0 |         0 |         0 |         0 |         0 |         0 |         0 |         0 |         0 |
|    Memory data volume [GBytes]    |   626.8924 |         0 |         0 |         0 |         0 |         0 |         0 |         0 |         0 |         0 |         0 |         0 |   418.2602 |         0 |         0 |         0 |         0 |         0 |         0 |         0 |         0 |         0 |         0 |         0 |
|          Temperature [C]          |         40 |        37 |        38 |        36 |        39 |        41 |        42 |        42 |        42 |        45 |        45 |        46 |         35 |        41 |        39 |        41 |        43 |        41 |        42 |        41 |        40 |        42 |        40 |        39 |
|             Energy [J]            |  2448.5267 |         0 |         0 |         0 |         0 |         0 |         0 |         0 |         0 |         0 |         0 |         0 |  2318.9722 |         0 |         0 |         0 |         0 |         0 |         0 |         0 |         0 |         0 |         0 |         0 |
|             Power [W]             |    80.9391 |         0 |         0 |         0 |         0 |         0 |         0 |         0 |         0 |         0 |         0 |         0 |    76.6565 |         0 |         0 |         0 |         0 |         0 |         0 |         0 |         0 |         0 |         0 |         0 |
|           Energy PP0 [J]          |          0 |         0 |         0 |         0 |         0 |         0 |         0 |         0 |         0 |         0 |         0 |         0 |          0 |         0 |         0 |         0 |         0 |         0 |         0 |         0 |         0 |         0 |         0 |         0 |
|           Power PP0 [W]           |          0 |         0 |         0 |         0 |         0 |         0 |         0 |         0 |         0 |         0 |         0 |         0 |          0 |         0 |         0 |         0 |         0 |         0 |         0 |         0 |         0 |         0 |         0 |         0 |
|          Energy DRAM [J]          |   391.5242 |         0 |         0 |         0 |         0 |         0 |         0 |         0 |         0 |         0 |         0 |         0 |   342.9399 |         0 |         0 |         0 |         0 |         0 |         0 |         0 |         0 |         0 |         0 |         0 |
|           Power DRAM [W]          |    12.9423 |         0 |         0 |         0 |         0 |         0 |         0 |         0 |         0 |         0 |         0 |         0 |    11.3363 |         0 |         0 |         0 |         0 |         0 |         0 |         0 |         0 |         0 |         0 |         0 |
+-----------------------------------+------------+-----------+-----------+-----------+-----------+-----------+-----------+-----------+-----------+-----------+-----------+-----------+------------+-----------+-----------+-----------+-----------+-----------+-----------+-----------+-----------+-----------+-----------+-----------+
+----------------------------------------+------------+-----------+------------+-----------+
|                 Metric                 |     Sum    |    Min    |     Max    |    Avg    |
+----------------------------------------+------------+-----------+------------+-----------+
|        Runtime (RDTSC) [s] STAT        |   726.0360 |   30.2515 |    30.2515 |   30.2515 |
|        Runtime unhalted [s] STAT       |   651.4602 |   25.5086 |    29.0959 |   27.1442 |
|            Clock [MHz] STAT            | 54843.0068 | 2250.5517 |  2299.9995 | 2285.1253 |
|                CPI STAT                |    12.9633 |    0.5174 |     0.5873 |    0.5401 |
|   Local DRAM data volume [GByte] STAT  |   540.3365 |   12.3856 |    34.4718 |   22.5140 |
|   Local DRAM bandwidth [MByte/s] STAT  | 17861.4928 |  409.4198 |  1139.5082 |  744.2289 |
|  Remote DRAM data volume [GByte] STAT  |   152.9653 |    1.4055 |    11.6677 |    6.3736 |
|  Remote DRAM bandwidth [MByte/s] STAT  |  5056.4465 |   46.4600 |   385.6906 |  210.6853 |
|     Memory data volume [GByte] STAT    |   693.3015 |   23.2714 |    36.5830 |   28.8876 |
|     Memory bandwidth [MByte/s] STAT    | 22917.9389 |  769.2641 |  1209.2974 |  954.9141 |
|          L3 request rate STAT          |    46.4809 |    1.6416 |     2.2432 |    1.9367 |
|            L3 miss rate STAT           |    18.6732 |    0.2035 |     1.2239 |    0.7781 |
|           L3 miss ratio STAT           |     8.7045 |    0.0408 |     0.8789 |    0.3627 |
|          L2 request rate STAT          |     0.7325 |    0.0239 |     0.0407 |    0.0305 |
|            L2 miss rate STAT           |     0.1803 |    0.0069 |     0.0088 |    0.0075 |
|           L2 miss ratio STAT           |     6.0788 |    0.2132 |     0.2916 |    0.2533 |
|  Memory read bandwidth [MBytes/s] STAT | 27685.4970 |         0 | 16482.3638 | 1153.5624 |
|  Memory read data volume [GBytes] STAT |   837.5271 |         0 |   498.6158 |   34.8970 |
| Memory write bandwidth [MBytes/s] STAT |  6863.3233 |         0 |  4240.3449 |  285.9718 |
| Memory write data volume [GBytes] STAT |   207.6257 |         0 |   128.2767 |    8.6511 |
|    Memory bandwidth [MBytes/s] STAT    | 34548.8203 |         0 | 20722.7087 | 1439.5342 |
|    Memory data volume [GBytes] STAT    |  1045.1526 |         0 |   626.8924 |   43.5480 |
|          Temperature [C] STAT          |        977 |        35 |         46 |   40.7083 |
|             Energy [J] STAT            |  4767.4989 |         0 |  2448.5267 |  198.6458 |
|             Power [W] STAT             |   157.5956 |         0 |    80.9391 |    6.5665 |
|           Energy PP0 [J] STAT          |          0 |         0 |          0 |         0 |
|           Power PP0 [W] STAT           |          0 |         0 |          0 |         0 |
|          Energy DRAM [J] STAT          |   734.4641 |         0 |   391.5242 |   30.6027 |
|           Power DRAM [W] STAT          |    24.2786 |         0 |    12.9423 |    1.0116 |
+----------------------------------------+------------+-----------+------------+-----------+
