--------------------------------------------------------------------------------
CPU name:	Intel(R) Xeon(R) CPU E5-2670 v3 @ 2.30GHz
CPU type:	Intel Xeon Haswell EN/EP/EX processor
CPU clock:	2.30 GHz
--------------------------------------------------------------------------------
Group 1: POWERPERF
+--------------------------------+---------+-------------+-------------+-------------+-------------+-------------+-------------+-------------+-------------+-------------+-------------+-------------+-------------+-------------+-------------+-------------+-------------+-------------+-------------+-------------+-------------+-------------+-------------+-------------+-------------+
|              Event             | Counter |    Core 0   |    Core 1   |    Core 2   |    Core 3   |    Core 4   |    Core 5   |    Core 6   |    Core 7   |    Core 8   |    Core 9   |   Core 10   |   Core 11   |   Core 12   |   Core 13   |   Core 14   |   Core 15   |   Core 16   |   Core 17   |   Core 18   |   Core 19   |   Core 20   |   Core 21   |   Core 22   |   Core 23   |
+--------------------------------+---------+-------------+-------------+-------------+-------------+-------------+-------------+-------------+-------------+-------------+-------------+-------------+-------------+-------------+-------------+-------------+-------------+-------------+-------------+-------------+-------------+-------------+-------------+-------------+-------------+
|        INSTR_RETIRED_ANY       |  FIXC0  | 44760760656 | 44749350685 | 44752691742 | 44759723245 | 41860270296 | 41865093804 | 39439534344 | 39489498905 | 39487756564 | 39415859528 | 39388187599 | 39339254841 | 41575153616 | 41480119557 | 41511059395 | 41487224071 | 41462174047 | 41455936896 | 39104174293 | 39418809479 | 39403932181 | 39566309782 | 39587424982 | 39560011078 |
|      CPU_CLK_UNHALTED_CORE     |  FIXC1  | 23109189798 | 23220203717 | 23287839830 | 23343019266 | 23234316822 | 23302694504 | 23708993871 | 23726471628 | 23735758079 | 23748512631 | 23753842723 | 23744543035 | 23686669825 | 23720001113 | 23710407884 | 23706449409 | 23703477098 | 23691161702 | 23716715270 | 23714345113 | 23716824612 | 23697192140 | 23693521950 | 23685183006 |
|      CPU_CLK_UNHALTED_REF      |  FIXC2  | 44292596242 | 44505393921 | 44635007960 | 44740780889 | 44532429570 | 44663475129 | 45442246964 | 45475729720 | 45493525579 | 45518002179 | 45528193732 | 45510367122 | 45399438329 | 45463319403 | 45444929293 | 45437351943 | 45431660593 | 45408057487 | 45457036102 | 45452484287 | 45457238456 | 45419614596 | 45412565418 | 45396597553 |
|           FIXC1/FIXC0          |   CPI   |           0 |           0 |           0 |           0 |           0 |           0 |           0 |           0 |           0 |           0 |           0 |           0 |           0 |           0 |           0 |           0 |           0 |           0 |           0 |           0 |           0 |           0 |           0 |           0 |
|  OFFCORE_RESPONSE_0_LOCAL_DRAM |   PMC0  |   122947876 |   121536546 |   121580036 |   121410463 |   113685426 |   109880817 |   336843739 |   334932955 |   330156628 |   327695783 |   321798930 |   268504009 |    53394410 |    46206968 |    49798342 |    53095694 |    50730903 |    55884927 |   230547108 |   287545838 |   301407731 |   313791864 |   322365185 |   333144438 |
| OFFCORE_RESPONSE_1_REMOTE_DRAM |   PMC1  |    25484183 |    21864579 |    21195550 |    21886509 |    22177450 |    26970448 |     3538284 |     2403430 |     3413587 |     6100167 |    12876142 |    61635939 |    79705745 |    86907722 |    82404151 |    80266288 |    82993998 |    81063519 |   100686619 |    46196950 |    33428057 |    22115058 |    14174151 |     3417888 |
|  MEM_LOAD_UOPS_RETIRED_L3_ALL  |   PMC2  |    21219988 |    24613741 |    26243965 |    27799888 |    51870424 |    53915296 |    25359315 |    24162528 |    24862408 |    25102143 |    25369407 |    25752672 |    54767346 |    53344272 |    50236347 |    59106655 |    59939732 |    54029789 |    25417445 |    24192577 |    25023863 |    24012375 |    24779188 |    22769390 |
|  MEM_LOAD_UOPS_RETIRED_L3_MISS |   PMC3  |    13554427 |    14129836 |    14590559 |    14522410 |    28116361 |    26976126 |     6794491 |     6236590 |     6299462 |     6483828 |     6796065 |     6783911 |    36246738 |    31799057 |    22504372 |    26484048 |    26342891 |    31824919 |     6722385 |     6539397 |     6780586 |     6498005 |     6460176 |     6309825 |
|      L2_TRANS_ALL_REQUESTS     |   PMC4  |  4353198816 |  4349594578 |  4348014836 |  4349239599 |  4050623040 |  4046347501 |  3440576608 |  3449309915 |  3435893456 |  3423757513 |  3433718072 |  3430048708 |  4084343113 |  4094034621 |  4095126469 |  4093467869 |  4092000976 |  4088893439 |  3476179000 |  3420568051 |  3451627209 |  3412779185 |  3426045627 |  3376710333 |
|          L2_RQSTS_MISS         |   PMC5  |   998297127 |   997709857 |   997717181 |   997696672 |   929259289 |   929714308 |   651454837 |   662073940 |   656140823 |   653688209 |   651907296 |   656654299 |   929705361 |   929998662 |   929589113 |   928569362 |   926681421 |   925982923 |   654999955 |   645760019 |   653444225 |   646987045 |   652902659 |   632073597 |
|        UOPS_RETIRED_ALL        |   PMC6  | 55161281847 | 55171785819 | 55180930149 | 55197004152 | 51861191955 | 51873570863 | 50258514990 | 50347139470 | 50343626137 | 50228200941 | 50176454361 | 50106584973 | 51324662798 | 51139129352 | 51203176255 | 51158149171 | 51110645453 | 51100742535 | 49737121031 | 50237170635 | 50212565854 | 50467274284 | 50526788203 | 50502394776 |
|            TEMP_CORE           |   TMP0  |          31 |          32 |          33 |          35 |          31 |          32 |          32 |          32 |          37 |          31 |          31 |          32 |          33 |          34 |          35 |          37 |          37 |          35 |          35 |          35 |          35 |          36 |          34 |          34 |
|         PWR_PKG_ENERGY         |   PWR0  |   1023.8643 |           0 |           0 |           0 |           0 |           0 |           0 |           0 |           0 |           0 |           0 |           0 |   1027.6976 |           0 |           0 |           0 |           0 |           0 |           0 |           0 |           0 |           0 |           0 |           0 |
|         PWR_PP0_ENERGY         |   PWR1  |           0 |           0 |           0 |           0 |           0 |           0 |           0 |           0 |           0 |           0 |           0 |           0 |           0 |           0 |           0 |           0 |           0 |           0 |           0 |           0 |           0 |           0 |           0 |           0 |
|         PWR_DRAM_ENERGY        |   PWR3  |    252.4446 |           0 |           0 |           0 |           0 |           0 |           0 |           0 |           0 |           0 |           0 |           0 |    226.1310 |           0 |           0 |           0 |           0 |           0 |           0 |           0 |           0 |           0 |           0 |           0 |
|          CAS_COUNT_RD          | MBOX0C0 |  1058961967 |           0 |           0 |           0 |           0 |           0 |           0 |           0 |           0 |           0 |           0 |           0 |   724890833 |           0 |           0 |           0 |           0 |           0 |           0 |           0 |           0 |           0 |           0 |           0 |
|          CAS_COUNT_WR          | MBOX0C1 |   541924537 |           0 |           0 |           0 |           0 |           0 |           0 |           0 |           0 |           0 |           0 |           0 |   380741268 |           0 |           0 |           0 |           0 |           0 |           0 |           0 |           0 |           0 |           0 |           0 |
|          CAS_COUNT_RD          | MBOX1C0 |  1059613160 |           0 |           0 |           0 |           0 |           0 |           0 |           0 |           0 |           0 |           0 |           0 |   724766495 |           0 |           0 |           0 |           0 |           0 |           0 |           0 |           0 |           0 |           0 |           0 |
|          CAS_COUNT_WR          | MBOX1C1 |   542838548 |           0 |           0 |           0 |           0 |           0 |           0 |           0 |           0 |           0 |           0 |           0 |   381439734 |           0 |           0 |           0 |           0 |           0 |           0 |           0 |           0 |           0 |           0 |           0 |
|          CAS_COUNT_RD          | MBOX2C0 |           0 |           0 |           0 |           0 |           0 |           0 |           0 |           0 |           0 |           0 |           0 |           0 |           0 |           0 |           0 |           0 |           0 |           0 |           0 |           0 |           0 |           0 |           0 |           0 |
|          CAS_COUNT_WR          | MBOX2C1 |           0 |           0 |           0 |           0 |           0 |           0 |           0 |           0 |           0 |           0 |           0 |           0 |           0 |           0 |           0 |           0 |           0 |           0 |           0 |           0 |           0 |           0 |           0 |           0 |
|          CAS_COUNT_RD          | MBOX3C0 |           0 |           0 |           0 |           0 |           0 |           0 |           0 |           0 |           0 |           0 |           0 |           0 |           0 |           0 |           0 |           0 |           0 |           0 |           0 |           0 |           0 |           0 |           0 |           0 |
|          CAS_COUNT_WR          | MBOX3C1 |           0 |           0 |           0 |           0 |           0 |           0 |           0 |           0 |           0 |           0 |           0 |           0 |           0 |           0 |           0 |           0 |           0 |           0 |           0 |           0 |           0 |           0 |           0 |           0 |
|          CAS_COUNT_RD          | MBOX4C0 |  1058698414 |           0 |           0 |           0 |           0 |           0 |           0 |           0 |           0 |           0 |           0 |           0 |   726435254 |           0 |           0 |           0 |           0 |           0 |           0 |           0 |           0 |           0 |           0 |           0 |
|          CAS_COUNT_WR          | MBOX4C1 |   541890146 |           0 |           0 |           0 |           0 |           0 |           0 |           0 |           0 |           0 |           0 |           0 |   380994424 |           0 |           0 |           0 |           0 |           0 |           0 |           0 |           0 |           0 |           0 |           0 |
|          CAS_COUNT_RD          | MBOX5C0 |  1059318840 |           0 |           0 |           0 |           0 |           0 |           0 |           0 |           0 |           0 |           0 |           0 |   726579693 |           0 |           0 |           0 |           0 |           0 |           0 |           0 |           0 |           0 |           0 |           0 |
|          CAS_COUNT_WR          | MBOX5C1 |   542934855 |           0 |           0 |           0 |           0 |           0 |           0 |           0 |           0 |           0 |           0 |           0 |   381976910 |           0 |           0 |           0 |           0 |           0 |           0 |           0 |           0 |           0 |           0 |           0 |
|          CAS_COUNT_RD          | MBOX6C0 |           0 |           0 |           0 |           0 |           0 |           0 |           0 |           0 |           0 |           0 |           0 |           0 |           0 |           0 |           0 |           0 |           0 |           0 |           0 |           0 |           0 |           0 |           0 |           0 |
|          CAS_COUNT_WR          | MBOX6C1 |           0 |           0 |           0 |           0 |           0 |           0 |           0 |           0 |           0 |           0 |           0 |           0 |           0 |           0 |           0 |           0 |           0 |           0 |           0 |           0 |           0 |           0 |           0 |           0 |
|          CAS_COUNT_RD          | MBOX7C0 |           0 |           0 |           0 |           0 |           0 |           0 |           0 |           0 |           0 |           0 |           0 |           0 |           0 |           0 |           0 |           0 |           0 |           0 |           0 |           0 |           0 |           0 |           0 |           0 |
|          CAS_COUNT_WR          | MBOX7C1 |           0 |           0 |           0 |           0 |           0 |           0 |           0 |           0 |           0 |           0 |           0 |           0 |           0 |           0 |           0 |           0 |           0 |           0 |           0 |           0 |           0 |           0 |           0 |           0 |
+--------------------------------+---------+-------------+-------------+-------------+-------------+-------------+-------------+-------------+-------------+-------------+-------------+-------------+-------------+-------------+-------------+-------------+-------------+-------------+-------------+-------------+-------------+-------------+-------------+-------------+-------------+
+-------------------------------------+---------+---------------+-------------+-------------+--------------+
|                Event                | Counter |      Sum      |     Min     |     Max     |      Avg     |
+-------------------------------------+---------+---------------+-------------+-------------+--------------+
|        INSTR_RETIRED_ANY STAT       |  FIXC0  |  984920311586 | 39104174293 | 44760760656 | 4.103835e+10 |
|      CPU_CLK_UNHALTED_CORE STAT     |  FIXC1  |  566357335026 | 23109189798 | 23753842723 | 2.359822e+10 |
|      CPU_CLK_UNHALTED_REF STAT      |  FIXC2  | 1085518042467 | 44292596242 | 45528193732 | 4.522992e+10 |
|           FIXC1/FIXC0 STAT          |   CPI   |             0 |           0 |           0 |            0 |
|  OFFCORE_RESPONSE_0_LOCAL_DRAM STAT |   PMC0  |    4728886616 |    46206968 |   336843739 | 1.970369e+08 |
| OFFCORE_RESPONSE_1_REMOTE_DRAM STAT |   PMC1  |     942906414 |     2403430 |   100686619 | 3.928777e+07 |
|  MEM_LOAD_UOPS_RETIRED_L3_ALL STAT  |   PMC2  |     833890754 |    21219988 |    59939732 | 3.474545e+07 |
|  MEM_LOAD_UOPS_RETIRED_L3_MISS STAT |   PMC3  |     365796465 |     6236590 |    36246738 | 1.524152e+07 |
|      L2_TRANS_ALL_REQUESTS STAT     |   PMC4  |   91222098534 |  3376710333 |  4353198816 | 3.800921e+09 |
|          L2_RQSTS_MISS STAT         |   PMC5  |   19239008180 |   632073597 |   998297127 | 8.016253e+08 |
|        UOPS_RETIRED_ALL STAT        |   PMC6  | 1234626106004 | 49737121031 | 55197004152 | 5.144275e+10 |
|            TEMP_CORE STAT           |   TMP0  |           809 |          31 |          37 |      33.7083 |
|         PWR_PKG_ENERGY STAT         |   PWR0  |     2051.5619 |           0 |   1027.6976 |      85.4817 |
|         PWR_PP0_ENERGY STAT         |   PWR1  |             0 |           0 |           0 |            0 |
|         PWR_DRAM_ENERGY STAT        |   PWR3  |      478.5756 |           0 |    252.4446 |      19.9407 |
|          CAS_COUNT_RD STAT          | MBOX0C0 |    1783852800 |           0 |  1058961967 |     74327200 |
|          CAS_COUNT_WR STAT          | MBOX0C1 |     922665805 |           0 |   541924537 | 3.844441e+07 |
|          CAS_COUNT_RD STAT          | MBOX1C0 |    1784379655 |           0 |  1059613160 | 7.434915e+07 |
|          CAS_COUNT_WR STAT          | MBOX1C1 |     924278282 |           0 |   542838548 | 3.851160e+07 |
|          CAS_COUNT_RD STAT          | MBOX2C0 |             0 |           0 |           0 |            0 |
|          CAS_COUNT_WR STAT          | MBOX2C1 |             0 |           0 |           0 |            0 |
|          CAS_COUNT_RD STAT          | MBOX3C0 |             0 |           0 |           0 |            0 |
|          CAS_COUNT_WR STAT          | MBOX3C1 |             0 |           0 |           0 |            0 |
|          CAS_COUNT_RD STAT          | MBOX4C0 |    1785133668 |           0 |  1058698414 | 7.438057e+07 |
|          CAS_COUNT_WR STAT          | MBOX4C1 |     922884570 |           0 |   541890146 | 3.845352e+07 |
|          CAS_COUNT_RD STAT          | MBOX5C0 |    1785898533 |           0 |  1059318840 | 7.441244e+07 |
|          CAS_COUNT_WR STAT          | MBOX5C1 |     924911765 |           0 |   542934855 | 3.853799e+07 |
|          CAS_COUNT_RD STAT          | MBOX6C0 |             0 |           0 |           0 |            0 |
|          CAS_COUNT_WR STAT          | MBOX6C1 |             0 |           0 |           0 |            0 |
|          CAS_COUNT_RD STAT          | MBOX7C0 |             0 |           0 |           0 |            0 |
|          CAS_COUNT_WR STAT          | MBOX7C1 |             0 |           0 |           0 |            0 |
+-------------------------------------+---------+---------------+-------------+-------------+--------------+
+-----------------------------------+------------+-----------+-----------+-----------+-----------+-----------+-----------+-----------+-----------+-----------+-----------+-----------+------------+-----------+-----------+-----------+-----------+-----------+-----------+-----------+-----------+-----------+-----------+-----------+
|               Metric              |   Core 0   |   Core 1  |   Core 2  |   Core 3  |   Core 4  |   Core 5  |   Core 6  |   Core 7  |   Core 8  |   Core 9  |  Core 10  |  Core 11  |   Core 12  |  Core 13  |  Core 14  |  Core 15  |  Core 16  |  Core 17  |  Core 18  |  Core 19  |  Core 20  |  Core 21  |  Core 22  |  Core 23  |
+-----------------------------------+------------+-----------+-----------+-----------+-----------+-----------+-----------+-----------+-----------+-----------+-----------+-----------+------------+-----------+-----------+-----------+-----------+-----------+-----------+-----------+-----------+-----------+-----------+-----------+
|        Runtime (RDTSC) [s]        |    20.0008 |   20.0008 |   20.0008 |   20.0008 |   20.0008 |   20.0008 |   20.0008 |   20.0008 |   20.0008 |   20.0008 |   20.0008 |   20.0008 |    20.0008 |   20.0008 |   20.0008 |   20.0008 |   20.0008 |   20.0008 |   20.0008 |   20.0008 |   20.0008 |   20.0008 |   20.0008 |   20.0008 |
|        Runtime unhalted [s]       |    10.0475 |   10.0957 |   10.1251 |   10.1491 |   10.1019 |   10.1316 |   10.3083 |   10.3158 |   10.3199 |   10.3254 |   10.3277 |   10.3237 |    10.2985 |   10.3130 |   10.3089 |   10.3071 |   10.3059 |   10.3005 |   10.3116 |   10.3106 |   10.3117 |   10.3031 |   10.3015 |   10.2979 |
|            Clock [MHz]            |  1200.0014 | 1200.0008 | 1200.0014 | 1200.0011 | 1200.0012 | 1200.0016 | 1200.0007 | 1200.0011 | 1200.0012 | 1200.0004 | 1200.0011 | 1200.0011 |  1200.0013 | 1200.0014 | 1200.0014 | 1200.0012 | 1200.0010 | 1200.0010 | 1200.0010 | 1200.0012 | 1200.0012 | 1200.0010 | 1200.0014 | 1200.0010 |
|                CPI                |     0.5163 |    0.5189 |    0.5204 |    0.5215 |    0.5550 |    0.5566 |    0.6011 |    0.6008 |    0.6011 |    0.6025 |    0.6031 |    0.6036 |     0.5697 |    0.5718 |    0.5712 |    0.5714 |    0.5717 |    0.5715 |    0.6065 |    0.6016 |    0.6019 |    0.5989 |    0.5985 |    0.5987 |
|   Local DRAM data volume [GByte]  |     7.8687 |    7.7783 |    7.7811 |    7.7703 |    7.2759 |    7.0324 |   21.5580 |   21.4357 |   21.1300 |   20.9725 |   20.5951 |   17.1843 |     3.4172 |    2.9572 |    3.1871 |    3.3981 |    3.2468 |    3.5766 |   14.7550 |   18.4029 |   19.2901 |   20.0827 |   20.6314 |   21.3212 |
|   Local DRAM bandwidth [MByte/s]  |   393.4184 |  388.9023 |  389.0415 |  388.4989 |  363.7797 |  351.6054 | 1077.8594 | 1071.7451 | 1056.4614 | 1048.5870 | 1029.7178 |  859.1805 |   170.8557 |  147.8567 |  159.3487 |  169.8998 |  162.3328 |  178.8250 |  737.7230 |  920.1120 |  964.4684 | 1004.0962 | 1031.5298 | 1066.0221 |
|  Remote DRAM data volume [GByte]  |     1.6310 |    1.3993 |    1.3565 |    1.4007 |    1.4194 |    1.7261 |    0.2265 |    0.1538 |    0.2185 |    0.3904 |    0.8241 |    3.9447 |     5.1012 |    5.5621 |    5.2739 |    5.1370 |    5.3116 |    5.1881 |    6.4439 |    2.9566 |    2.1394 |    1.4154 |    0.9071 |    0.2187 |
|  Remote DRAM bandwidth [MByte/s]  |    81.5463 |   69.9640 |   67.8232 |   70.0342 |   70.9652 |   86.3022 |   11.3221 |    7.6907 |   10.9231 |   19.5198 |   41.2021 |  197.2276 |   255.0488 |  278.0942 |  263.6834 |  256.8425 |  265.5708 |  259.3935 |  322.1851 |  147.8247 |  106.9658 |   70.7655 |   45.3556 |   10.9368 |
|     Memory data volume [GByte]    |     9.4997 |    9.1777 |    9.1376 |    9.1710 |    8.6952 |    8.7585 |   21.7844 |   21.5895 |   21.3485 |   21.3629 |   21.4192 |   21.1290 |     8.5184 |    8.5193 |    8.4610 |    8.5352 |    8.5584 |    8.7647 |   21.1990 |   21.3595 |   21.4295 |   21.4980 |   21.5385 |   21.5400 |
|     Memory bandwidth [MByte/s]    |   474.9647 |  458.8663 |  456.8647 |  458.5331 |  434.7448 |  437.9076 | 1089.1815 | 1079.4358 | 1067.3845 | 1068.1068 | 1070.9199 | 1056.4081 |   425.9045 |  425.9510 |  423.0321 |  426.7423 |  427.9036 |  438.2185 | 1059.9080 | 1067.9367 | 1071.4342 | 1074.8617 | 1076.8853 | 1076.9589 |
|          L3 request rate          |     1.5655 |    1.7420 |    1.7987 |    1.9143 |    1.8448 |    1.9986 |    3.7323 |    3.8743 |    3.9468 |    3.8715 |    3.7330 |    3.7961 |     1.5110 |    1.6775 |    2.2323 |    2.2318 |    2.2754 |    1.6977 |    3.7810 |    3.6995 |    3.6905 |    3.6953 |    3.8357 |    3.6086 |
|            L3 miss rate           |     1.2010 |    0.8883 |    0.8076 |    0.7873 |    0.4276 |    0.5002 |    0.1395 |    0.0995 |    0.1373 |    0.2430 |    0.5075 |    2.3934 |     1.4554 |    1.6292 |    1.6403 |    1.3580 |    1.3846 |    1.5003 |    3.9613 |    1.9096 |    1.3358 |    0.9210 |    0.5720 |    0.1501 |
|           L3 miss ratio           |     0.2073 |    0.1799 |    0.1743 |    0.1803 |    0.1951 |    0.2455 |    0.0105 |    0.0072 |    0.0103 |    0.0186 |    0.0400 |    0.2296 |     1.4928 |    1.8808 |    1.6548 |    1.5117 |    1.6360 |    1.4505 |    0.4367 |    0.1607 |    0.1109 |    0.0705 |    0.0440 |    0.0103 |
|          L2 request rate          |     0.0973 |    0.0972 |    0.0972 |    0.0972 |    0.0968 |    0.0967 |    0.0872 |    0.0873 |    0.0870 |    0.0869 |    0.0872 |    0.0872 |     0.0982 |    0.0987 |    0.0987 |    0.0987 |    0.0987 |    0.0986 |    0.0889 |    0.0868 |    0.0876 |    0.0863 |    0.0865 |    0.0854 |
|            L2 miss rate           |     0.0223 |    0.0223 |    0.0223 |    0.0223 |    0.0222 |    0.0222 |    0.0165 |    0.0168 |    0.0166 |    0.0166 |    0.0166 |    0.0167 |     0.0224 |    0.0224 |    0.0224 |    0.0224 |    0.0224 |    0.0223 |    0.0168 |    0.0164 |    0.0166 |    0.0164 |    0.0165 |    0.0160 |
|           L2 miss ratio           |     0.2293 |    0.2294 |    0.2295 |    0.2294 |    0.2294 |    0.2298 |    0.1893 |    0.1919 |    0.1910 |    0.1909 |    0.1899 |    0.1914 |     0.2276 |    0.2272 |    0.2270 |    0.2268 |    0.2265 |    0.2265 |    0.1884 |    0.1888 |    0.1893 |    0.1896 |    0.1906 |    0.1872 |
|  Memory read bandwidth [MBytes/s] | 13556.5853 |         0 |         0 |         0 |         0 |         0 |         0 |         0 |         0 |         0 |         0 |         0 |  9288.2017 |         0 |         0 |         0 |         0 |         0 |         0 |         0 |         0 |         0 |         0 |         0 |
|  Memory read data volume [GBytes] |   271.1419 |         0 |         0 |         0 |         0 |         0 |         0 |         0 |         0 |         0 |         0 |         0 |   185.7710 |         0 |         0 |         0 |         0 |         0 |         0 |         0 |         0 |         0 |         0 |         0 |
| Memory write bandwidth [MBytes/s] |  6942.4206 |         0 |         0 |         0 |         0 |         0 |         0 |         0 |         0 |         0 |         0 |         0 |  4880.3038 |         0 |         0 |         0 |         0 |         0 |         0 |         0 |         0 |         0 |         0 |         0 |
| Memory write data volume [GBytes] |   138.8536 |         0 |         0 |         0 |         0 |         0 |         0 |         0 |         0 |         0 |         0 |         0 |    97.6097 |         0 |         0 |         0 |         0 |         0 |         0 |         0 |         0 |         0 |         0 |         0 |
|    Memory bandwidth [MBytes/s]    | 20499.0059 |         0 |         0 |         0 |         0 |         0 |         0 |         0 |         0 |         0 |         0 |         0 | 14168.5054 |         0 |         0 |         0 |         0 |         0 |         0 |         0 |         0 |         0 |         0 |         0 |
|    Memory data volume [GBytes]    |   409.9955 |         0 |         0 |         0 |         0 |         0 |         0 |         0 |         0 |         0 |         0 |         0 |   283.3808 |         0 |         0 |         0 |         0 |         0 |         0 |         0 |         0 |         0 |         0 |         0 |
|          Temperature [C]          |         31 |        32 |        33 |        35 |        31 |        32 |        32 |        32 |        37 |        31 |        31 |        32 |         33 |        34 |        35 |        37 |        37 |        35 |        35 |        35 |        35 |        36 |        34 |        34 |
|             Energy [J]            |  1023.8643 |         0 |         0 |         0 |         0 |         0 |         0 |         0 |         0 |         0 |         0 |         0 |  1027.6976 |         0 |         0 |         0 |         0 |         0 |         0 |         0 |         0 |         0 |         0 |         0 |
|             Power [W]             |    51.1913 |         0 |         0 |         0 |         0 |         0 |         0 |         0 |         0 |         0 |         0 |         0 |    51.3829 |         0 |         0 |         0 |         0 |         0 |         0 |         0 |         0 |         0 |         0 |         0 |
|           Energy PP0 [J]          |          0 |         0 |         0 |         0 |         0 |         0 |         0 |         0 |         0 |         0 |         0 |         0 |          0 |         0 |         0 |         0 |         0 |         0 |         0 |         0 |         0 |         0 |         0 |         0 |
|           Power PP0 [W]           |          0 |         0 |         0 |         0 |         0 |         0 |         0 |         0 |         0 |         0 |         0 |         0 |          0 |         0 |         0 |         0 |         0 |         0 |         0 |         0 |         0 |         0 |         0 |         0 |
|          Energy DRAM [J]          |   252.4446 |         0 |         0 |         0 |         0 |         0 |         0 |         0 |         0 |         0 |         0 |         0 |   226.1310 |         0 |         0 |         0 |         0 |         0 |         0 |         0 |         0 |         0 |         0 |         0 |
|           Power DRAM [W]          |    12.6218 |         0 |         0 |         0 |         0 |         0 |         0 |         0 |         0 |         0 |         0 |         0 |    11.3061 |         0 |         0 |         0 |         0 |         0 |         0 |         0 |         0 |         0 |         0 |         0 |
+-----------------------------------+------------+-----------+-----------+-----------+-----------+-----------+-----------+-----------+-----------+-----------+-----------+-----------+------------+-----------+-----------+-----------+-----------+-----------+-----------+-----------+-----------+-----------+-----------+-----------+
+----------------------------------------+------------+-----------+------------+-----------+
|                 Metric                 |     Sum    |    Min    |     Max    |    Avg    |
+----------------------------------------+------------+-----------+------------+-----------+
|        Runtime (RDTSC) [s] STAT        |   480.0192 |   20.0008 |    20.0008 |   20.0008 |
|        Runtime unhalted [s] STAT       |   246.2420 |   10.0475 |    10.3277 |   10.2601 |
|            Clock [MHz] STAT            | 28800.0272 | 1200.0004 |  1200.0016 | 1200.0011 |
|                CPI STAT                |    13.8343 |    0.5163 |     0.6065 |    0.5764 |
|   Local DRAM data volume [GByte] STAT  |   302.6486 |    2.9572 |    21.5580 |   12.6104 |
|   Local DRAM bandwidth [MByte/s] STAT  | 15131.8676 |  147.8567 |  1077.8594 |  630.4945 |
|  Remote DRAM data volume [GByte] STAT  |    60.3460 |    0.1538 |     6.4439 |    2.5144 |
|  Remote DRAM bandwidth [MByte/s] STAT  |  3017.1872 |    7.6907 |   322.1851 |  125.7161 |
|     Memory data volume [GByte] STAT    |   362.9947 |    8.4610 |    21.7844 |   15.1248 |
|     Memory bandwidth [MByte/s] STAT    | 18149.0546 |  423.0321 |  1089.1815 |  756.2106 |
|          L3 request rate STAT          |    67.7542 |    1.5110 |     3.9468 |    2.8231 |
|            L3 miss rate STAT           |    25.9498 |    0.0995 |     3.9613 |    1.0812 |
|           L3 miss ratio STAT           |    11.9583 |    0.0072 |     1.8808 |    0.4983 |
|          L2 request rate STAT          |     2.2183 |    0.0854 |     0.0987 |    0.0924 |
|            L2 miss rate STAT           |     0.4664 |    0.0160 |     0.0224 |    0.0194 |
|           L2 miss ratio STAT           |     5.0167 |    0.1872 |     0.2298 |    0.2090 |
|  Memory read bandwidth [MBytes/s] STAT | 22844.7870 |         0 | 13556.5853 |  951.8661 |
|  Memory read data volume [GBytes] STAT |   456.9129 |         0 |   271.1419 |   19.0380 |
| Memory write bandwidth [MBytes/s] STAT | 11822.7244 |         0 |  6942.4206 |  492.6135 |
| Memory write data volume [GBytes] STAT |   236.4633 |         0 |   138.8536 |    9.8526 |
|    Memory bandwidth [MBytes/s] STAT    | 34667.5113 |         0 | 20499.0059 | 1444.4796 |
|    Memory data volume [GBytes] STAT    |   693.3763 |         0 |   409.9955 |   28.8907 |
|          Temperature [C] STAT          |        809 |        31 |         37 |   33.7083 |
|             Energy [J] STAT            |  2051.5619 |         0 |  1027.6976 |   85.4817 |
|             Power [W] STAT             |   102.5742 |         0 |    51.3829 |    4.2739 |
|           Energy PP0 [J] STAT          |          0 |         0 |          0 |         0 |
|           Power PP0 [W] STAT           |          0 |         0 |          0 |         0 |
|          Energy DRAM [J] STAT          |   478.5756 |         0 |   252.4446 |   19.9407 |
|           Power DRAM [W] STAT          |    23.9279 |         0 |    12.6218 |    0.9970 |
+----------------------------------------+------------+-----------+------------+-----------+
