--------------------------------------------------------------------------------
CPU name:	Intel(R) Xeon(R) CPU E5-2670 v3 @ 2.30GHz
CPU type:	Intel Xeon Haswell EN/EP/EX processor
CPU clock:	2.30 GHz
--------------------------------------------------------------------------------
Group 1: POWERPERF
+--------------------------------+---------+-------------+-------------+-------------+-------------+-------------+-------------+-------------+-------------+-------------+-------------+-------------+-------------+-------------+-------------+-------------+-------------+-------------+-------------+-------------+-------------+-------------+-------------+-------------+-------------+
|              Event             | Counter |    Core 0   |    Core 1   |    Core 2   |    Core 3   |    Core 4   |    Core 5   |    Core 6   |    Core 7   |    Core 8   |    Core 9   |   Core 10   |   Core 11   |   Core 12   |   Core 13   |   Core 14   |   Core 15   |   Core 16   |   Core 17   |   Core 18   |   Core 19   |   Core 20   |   Core 21   |   Core 22   |   Core 23   |
+--------------------------------+---------+-------------+-------------+-------------+-------------+-------------+-------------+-------------+-------------+-------------+-------------+-------------+-------------+-------------+-------------+-------------+-------------+-------------+-------------+-------------+-------------+-------------+-------------+-------------+-------------+
|        INSTR_RETIRED_ANY       |  FIXC0  | 36281975710 | 31042710413 | 29221464569 | 38896597288 | 30103473758 | 36204963801 | 34326354064 | 34412988060 | 34236198826 | 34169075125 | 34139433012 | 34000980287 | 29413630229 | 32000695276 | 34763233447 | 35007530840 | 36213131025 | 36614814910 | 34010262721 | 34155509255 | 34123366912 | 34103289754 | 34112096195 | 34188727651 |
|      CPU_CLK_UNHALTED_CORE     |  FIXC1  | 20772479596 | 16722831602 | 16736780758 | 20755221988 | 16724397917 | 20741612535 | 21882702957 | 21909868621 | 21916142070 | 21926005053 | 21933324046 | 21933280065 | 16710368806 | 16753757679 | 20756183961 | 20757015264 | 20809098897 | 20741393939 | 21902514956 | 21895549325 | 21900821716 | 21884280622 | 21883066715 | 21840049646 |
|      CPU_CLK_UNHALTED_REF      |  FIXC2  | 20806189298 | 16788635778 | 16802420644 | 20793464732 | 16797108679 | 20784089219 | 21882704965 | 21909870196 | 21916141928 | 21926010929 | 21933323687 | 21933283322 | 16790261947 | 16842930475 | 20803516767 | 20802939628 | 20822605571 | 20762560736 | 21902512933 | 21895552075 | 21900822709 | 21884277843 | 21883065122 | 21840048475 |
|           FIXC1/FIXC0          |   CPI   |           0 |           0 |           0 |           0 |           0 |           0 |           0 |           0 |           0 |           0 |           0 |           0 |           0 |           0 |           0 |           0 |           0 |           0 |           0 |           0 |           0 |           0 |           0 |           0 |
|  OFFCORE_RESPONSE_0_LOCAL_DRAM |   PMC0  |    55794714 |    27440492 |    70607524 |    23469616 |      688287 |    44779539 |   243352114 |   239800176 |   234602372 |   228362729 |   221383719 |   177140694 |    55533507 |    28046035 |    50054481 |    94117538 |      810662 |    48977950 |   161922741 |   206248762 |   221498441 |   224061811 |   232280367 |   234299927 |
| OFFCORE_RESPONSE_1_REMOTE_DRAM |   PMC1  |       83644 |      795883 |       30399 |       68914 |       39839 |       25146 |     3345107 |     3763111 |     5455956 |    10270603 |    17150853 |    56396263 |      199512 |      118496 |      861503 |       80505 |      115235 |       63734 |    74808185 |    34152242 |    17869897 |    15814098 |     8427470 |     4704781 |
|  MEM_LOAD_UOPS_RETIRED_L3_ALL  |   PMC2  |   163193701 |    82269755 |   263432320 |   103473560 |      926090 |   194744446 |    26409838 |    25447450 |    26339953 |    26745091 |    27668321 |    27168248 |   163776737 |    82535883 |   184874288 |   377645089 |      533296 |   170445904 |    26992228 |    26483248 |    26862545 |    26564432 |    25838323 |    25289867 |
|  MEM_LOAD_UOPS_RETIRED_L3_MISS |   PMC3  |    25761981 |    12882833 |    40844722 |    15477750 |      198609 |    29619281 |     4958353 |     4750883 |     4884915 |     4936602 |     4931497 |     5010578 |    25692054 |    13033773 |    28261140 |    57163044 |      359691 |    26436564 |     4761015 |     4989336 |     4739304 |     4755314 |     4846204 |     4732663 |
|      L2_TRANS_ALL_REQUESTS     |   PMC4  |  1216791727 |   647256877 |  1575313158 |   551970721 |    73772713 |  1015985717 |  2987112448 |  2970614907 |  2990660459 |  2981895860 |  3037642636 |  2992079387 |  1223467397 |   648226315 |  1126545049 |  2074846412 |    71812049 |  1106940712 |  3007174014 |  2989288464 |  2998755849 |  2992936262 |  2976157089 |  2957870389 |
|          L2_RQSTS_MISS         |   PMC5  |   320611153 |   169795945 |   403078330 |   136672842 |    16675333 |   253321324 |   603970301 |   602681789 |   608095902 |   610243581 |   623733980 |   613078284 |   323147165 |   170170296 |   290081000 |   528668210 |    14831959 |   283566762 |   610546388 |   606072702 |   608949583 |   611548538 |   601107922 |   598522191 |
|        UOPS_RETIRED_ALL        |   PMC6  | 49504864539 | 41836655452 | 39135677548 | 52854486841 | 42750002363 | 49092577928 | 43759236968 | 43907300958 | 43625510484 | 43518482873 | 43465494039 | 43251164264 | 39744764235 | 42345024194 | 47115412241 | 47900278042 | 51339549779 | 50901296340 | 43270958780 | 43501763417 | 43448152481 | 43419906380 | 43452033604 | 43588267524 |
|            TEMP_CORE           |   TMP0  |          36 |          34 |          34 |          34 |          36 |          38 |          39 |          38 |          40 |          42 |          41 |          43 |          32 |          38 |          35 |          36 |          40 |          37 |          39 |          39 |          38 |          41 |          39 |          36 |
|         PWR_PKG_ENERGY         |   PWR0  |    786.9464 |           0 |           0 |           0 |           0 |           0 |           0 |           0 |           0 |           0 |           0 |           0 |    803.0801 |           0 |           0 |           0 |           0 |           0 |           0 |           0 |           0 |           0 |           0 |           0 |
|         PWR_PP0_ENERGY         |   PWR1  |           0 |           0 |           0 |           0 |           0 |           0 |           0 |           0 |           0 |           0 |           0 |           0 |           0 |           0 |           0 |           0 |           0 |           0 |           0 |           0 |           0 |           0 |           0 |           0 |
|         PWR_DRAM_ENERGY        |   PWR3  |    136.4164 |           0 |           0 |           0 |           0 |           0 |           0 |           0 |           0 |           0 |           0 |           0 |    141.0019 |           0 |           0 |           0 |           0 |           0 |           0 |           0 |           0 |           0 |           0 |           0 |
|          CAS_COUNT_RD          | MBOX0C0 |   625695123 |           0 |           0 |           0 |           0 |           0 |           0 |           0 |           0 |           0 |           0 |           0 |   602725548 |           0 |           0 |           0 |           0 |           0 |           0 |           0 |           0 |           0 |           0 |           0 |
|          CAS_COUNT_WR          | MBOX0C1 |   372606036 |           0 |           0 |           0 |           0 |           0 |           0 |           0 |           0 |           0 |           0 |           0 |   378112965 |           0 |           0 |           0 |           0 |           0 |           0 |           0 |           0 |           0 |           0 |           0 |
|          CAS_COUNT_RD          | MBOX1C0 |   626000473 |           0 |           0 |           0 |           0 |           0 |           0 |           0 |           0 |           0 |           0 |           0 |   604921629 |           0 |           0 |           0 |           0 |           0 |           0 |           0 |           0 |           0 |           0 |           0 |
|          CAS_COUNT_WR          | MBOX1C1 |   373021240 |           0 |           0 |           0 |           0 |           0 |           0 |           0 |           0 |           0 |           0 |           0 |   379003748 |           0 |           0 |           0 |           0 |           0 |           0 |           0 |           0 |           0 |           0 |           0 |
|          CAS_COUNT_RD          | MBOX2C0 |           0 |           0 |           0 |           0 |           0 |           0 |           0 |           0 |           0 |           0 |           0 |           0 |           0 |           0 |           0 |           0 |           0 |           0 |           0 |           0 |           0 |           0 |           0 |           0 |
|          CAS_COUNT_WR          | MBOX2C1 |           0 |           0 |           0 |           0 |           0 |           0 |           0 |           0 |           0 |           0 |           0 |           0 |           0 |           0 |           0 |           0 |           0 |           0 |           0 |           0 |           0 |           0 |           0 |           0 |
|          CAS_COUNT_RD          | MBOX3C0 |           0 |           0 |           0 |           0 |           0 |           0 |           0 |           0 |           0 |           0 |           0 |           0 |           0 |           0 |           0 |           0 |           0 |           0 |           0 |           0 |           0 |           0 |           0 |           0 |
|          CAS_COUNT_WR          | MBOX3C1 |           0 |           0 |           0 |           0 |           0 |           0 |           0 |           0 |           0 |           0 |           0 |           0 |           0 |           0 |           0 |           0 |           0 |           0 |           0 |           0 |           0 |           0 |           0 |           0 |
|          CAS_COUNT_RD          | MBOX4C0 |   625937722 |           0 |           0 |           0 |           0 |           0 |           0 |           0 |           0 |           0 |           0 |           0 |   604125293 |           0 |           0 |           0 |           0 |           0 |           0 |           0 |           0 |           0 |           0 |           0 |
|          CAS_COUNT_WR          | MBOX4C1 |   372763672 |           0 |           0 |           0 |           0 |           0 |           0 |           0 |           0 |           0 |           0 |           0 |   378801270 |           0 |           0 |           0 |           0 |           0 |           0 |           0 |           0 |           0 |           0 |           0 |
|          CAS_COUNT_RD          | MBOX5C0 |   626930565 |           0 |           0 |           0 |           0 |           0 |           0 |           0 |           0 |           0 |           0 |           0 |   605452410 |           0 |           0 |           0 |           0 |           0 |           0 |           0 |           0 |           0 |           0 |           0 |
|          CAS_COUNT_WR          | MBOX5C1 |   373407477 |           0 |           0 |           0 |           0 |           0 |           0 |           0 |           0 |           0 |           0 |           0 |   379425904 |           0 |           0 |           0 |           0 |           0 |           0 |           0 |           0 |           0 |           0 |           0 |
|          CAS_COUNT_RD          | MBOX6C0 |           0 |           0 |           0 |           0 |           0 |           0 |           0 |           0 |           0 |           0 |           0 |           0 |           0 |           0 |           0 |           0 |           0 |           0 |           0 |           0 |           0 |           0 |           0 |           0 |
|          CAS_COUNT_WR          | MBOX6C1 |           0 |           0 |           0 |           0 |           0 |           0 |           0 |           0 |           0 |           0 |           0 |           0 |           0 |           0 |           0 |           0 |           0 |           0 |           0 |           0 |           0 |           0 |           0 |           0 |
|          CAS_COUNT_RD          | MBOX7C0 |           0 |           0 |           0 |           0 |           0 |           0 |           0 |           0 |           0 |           0 |           0 |           0 |           0 |           0 |           0 |           0 |           0 |           0 |           0 |           0 |           0 |           0 |           0 |           0 |
|          CAS_COUNT_WR          | MBOX7C1 |           0 |           0 |           0 |           0 |           0 |           0 |           0 |           0 |           0 |           0 |           0 |           0 |           0 |           0 |           0 |           0 |           0 |           0 |           0 |           0 |           0 |           0 |           0 |           0 |
+--------------------------------+---------+-------------+-------------+-------------+-------------+-------------+-------------+-------------+-------------+-------------+-------------+-------------+-------------+-------------+-------------+-------------+-------------+-------------+-------------+-------------+-------------+-------------+-------------+-------------+-------------+
+-------------------------------------+---------+---------------+-------------+-------------+--------------+
|                Event                | Counter |      Sum      |     Min     |     Max     |      Avg     |
+-------------------------------------+---------+---------------+-------------+-------------+--------------+
|        INSTR_RETIRED_ANY STAT       |  FIXC0  |  815742503128 | 29221464569 | 38896597288 | 3.398927e+10 |
|      CPU_CLK_UNHALTED_CORE STAT     |  FIXC1  |  491788748734 | 16710368806 | 21933324046 | 2.049120e+10 |
|      CPU_CLK_UNHALTED_REF STAT      |  FIXC2  |  492404337658 | 16788635778 | 21933323687 | 2.051685e+10 |
|           FIXC1/FIXC0 STAT          |   CPI   |             0 |           0 |           0 |            0 |
|  OFFCORE_RESPONSE_0_LOCAL_DRAM STAT |   PMC0  |    3125274198 |      688287 |   243352114 | 1.302198e+08 |
| OFFCORE_RESPONSE_1_REMOTE_DRAM STAT |   PMC1  |     254641376 |       25146 |    74808185 | 1.061006e+07 |
|  MEM_LOAD_UOPS_RETIRED_L3_ALL STAT  |   PMC2  |    2105660613 |      533296 |   377645089 | 8.773586e+07 |
|  MEM_LOAD_UOPS_RETIRED_L3_MISS STAT |   PMC3  |     334028106 |      198609 |    57163044 | 1.391784e+07 |
|      L2_TRANS_ALL_REQUESTS STAT     |   PMC4  |   47215116611 |    71812049 |  3037642636 | 1.967297e+09 |
|          L2_RQSTS_MISS STAT         |   PMC5  |   10209171480 |    14831959 |   623733980 |    425382145 |
|        UOPS_RETIRED_ALL STAT        |   PMC6  | 1076728861274 | 39135677548 | 52854486841 | 4.486370e+10 |
|            TEMP_CORE STAT           |   TMP0  |           905 |          32 |          43 |      37.7083 |
|         PWR_PKG_ENERGY STAT         |   PWR0  |     1590.0265 |           0 |    803.0801 |      66.2511 |
|         PWR_PP0_ENERGY STAT         |   PWR1  |             0 |           0 |           0 |            0 |
|         PWR_DRAM_ENERGY STAT        |   PWR3  |      277.4183 |           0 |    141.0019 |      11.5591 |
|          CAS_COUNT_RD STAT          | MBOX0C0 |    1228420671 |           0 |   625695123 | 5.118419e+07 |
|          CAS_COUNT_WR STAT          | MBOX0C1 |     750719001 |           0 |   378112965 | 3.127996e+07 |
|          CAS_COUNT_RD STAT          | MBOX1C0 |    1230922102 |           0 |   626000473 | 5.128842e+07 |
|          CAS_COUNT_WR STAT          | MBOX1C1 |     752024988 |           0 |   379003748 | 3.133437e+07 |
|          CAS_COUNT_RD STAT          | MBOX2C0 |             0 |           0 |           0 |            0 |
|          CAS_COUNT_WR STAT          | MBOX2C1 |             0 |           0 |           0 |            0 |
|          CAS_COUNT_RD STAT          | MBOX3C0 |             0 |           0 |           0 |            0 |
|          CAS_COUNT_WR STAT          | MBOX3C1 |             0 |           0 |           0 |            0 |
|          CAS_COUNT_RD STAT          | MBOX4C0 |    1230063015 |           0 |   625937722 | 5.125263e+07 |
|          CAS_COUNT_WR STAT          | MBOX4C1 |     751564942 |           0 |   378801270 | 3.131521e+07 |
|          CAS_COUNT_RD STAT          | MBOX5C0 |    1232382975 |           0 |   626930565 | 5.134929e+07 |
|          CAS_COUNT_WR STAT          | MBOX5C1 |     752833381 |           0 |   379425904 | 3.136806e+07 |
|          CAS_COUNT_RD STAT          | MBOX6C0 |             0 |           0 |           0 |            0 |
|          CAS_COUNT_WR STAT          | MBOX6C1 |             0 |           0 |           0 |            0 |
|          CAS_COUNT_RD STAT          | MBOX7C0 |             0 |           0 |           0 |            0 |
|          CAS_COUNT_WR STAT          | MBOX7C1 |             0 |           0 |           0 |            0 |
+-------------------------------------+---------+---------------+-------------+-------------+--------------+
+-----------------------------------+------------+-----------+-----------+-----------+-----------+-----------+-----------+-----------+-----------+-----------+-----------+-----------+------------+-----------+-----------+-----------+-----------+-----------+-----------+-----------+-----------+-----------+-----------+-----------+
|               Metric              |   Core 0   |   Core 1  |   Core 2  |   Core 3  |   Core 4  |   Core 5  |   Core 6  |   Core 7  |   Core 8  |   Core 9  |  Core 10  |  Core 11  |   Core 12  |  Core 13  |  Core 14  |  Core 15  |  Core 16  |  Core 17  |  Core 18  |  Core 19  |  Core 20  |  Core 21  |  Core 22  |  Core 23  |
+-----------------------------------+------------+-----------+-----------+-----------+-----------+-----------+-----------+-----------+-----------+-----------+-----------+-----------+------------+-----------+-----------+-----------+-----------+-----------+-----------+-----------+-----------+-----------+-----------+-----------+
|        Runtime (RDTSC) [s]        |     9.6161 |    9.6161 |    9.6161 |    9.6161 |    9.6161 |    9.6161 |    9.6161 |    9.6161 |    9.6161 |    9.6161 |    9.6161 |    9.6161 |     9.6161 |    9.6161 |    9.6161 |    9.6161 |    9.6161 |    9.6161 |    9.6161 |    9.6161 |    9.6161 |    9.6161 |    9.6161 |    9.6161 |
|        Runtime unhalted [s]       |     9.0317 |    7.2709 |    7.2770 |    9.0242 |    7.2716 |    9.0183 |    9.5144 |    9.5262 |    9.5289 |    9.5332 |    9.5364 |    9.5364 |     7.2655 |    7.2844 |    9.0246 |    9.0250 |    9.0476 |    9.0182 |    9.5230 |    9.5200 |    9.5223 |    9.5151 |    9.5146 |    9.4958 |
|            Clock [MHz]            |  2296.2313 | 2290.9428 | 2290.9727 | 2295.7276 | 2290.0016 | 2295.2572 | 2299.9574 | 2299.9574 | 2299.9576 | 2299.9570 | 2299.9576 | 2299.9573 |  2289.0137 | 2287.7808 | 2294.7247 | 2294.8802 | 2298.4657 | 2297.6129 | 2299.9578 | 2299.9573 | 2299.9575 | 2299.9579 | 2299.9578 | 2299.9577 |
|                CPI                |     0.5725 |    0.5387 |    0.5728 |    0.5336 |    0.5556 |    0.5729 |    0.6375 |    0.6367 |    0.6401 |    0.6417 |    0.6425 |    0.6451 |     0.5681 |    0.5235 |    0.5971 |    0.5929 |    0.5746 |    0.5665 |    0.6440 |    0.6411 |    0.6418 |    0.6417 |    0.6415 |    0.6388 |
|   Local DRAM data volume [GByte]  |     3.5709 |    1.7562 |    4.5189 |    1.5021 |    0.0441 |    2.8659 |   15.5745 |   15.3472 |   15.0146 |   14.6152 |   14.1686 |   11.3370 |     3.5541 |    1.7949 |    3.2035 |    6.0235 |    0.0519 |    3.1346 |   10.3631 |   13.1999 |   14.1759 |   14.3400 |   14.8659 |   14.9952 |
|   Local DRAM bandwidth [MByte/s]  |   371.3413 |  182.6300 |  469.9278 |  156.2018 |    4.5809 |  298.0299 | 1619.6280 | 1595.9881 | 1561.3942 | 1519.8663 | 1473.4175 | 1178.9584 |   369.6028 |  186.6602 |  333.1372 |  626.3985 |    5.3954 |  325.9723 | 1077.6755 | 1372.6870 | 1474.1811 | 1491.2416 | 1545.9401 | 1559.3813 |
|  Remote DRAM data volume [GByte]  |     0.0054 |    0.0509 |    0.0019 |    0.0044 |    0.0025 |    0.0016 |    0.2141 |    0.2408 |    0.3492 |    0.6573 |    1.0977 |    3.6094 |     0.0128 |    0.0076 |    0.0551 |    0.0052 |    0.0074 |    0.0041 |    4.7877 |    2.1857 |    1.1437 |    1.0121 |    0.5394 |    0.3011 |
|  Remote DRAM bandwidth [MByte/s]  |     0.5567 |    5.2970 |    0.2023 |    0.4587 |    0.2651 |    0.1674 |   22.2633 |   25.0454 |   36.3121 |   68.3559 |  114.1474 |  375.3449 |     1.3279 |    0.7886 |    5.7337 |    0.5358 |    0.7669 |    0.4242 |  497.8853 |  227.3000 |  118.9330 |  105.2506 |   56.0890 |   31.3126 |
|     Memory data volume [GByte]    |     3.5762 |    1.8071 |    4.5208 |    1.5065 |    0.0466 |    2.8675 |   15.7886 |   15.5881 |   15.3637 |   15.2725 |   15.2662 |   14.9464 |     3.5669 |    1.8025 |    3.2586 |    6.0287 |    0.0593 |    3.1387 |   15.1508 |   15.3857 |   15.3196 |   15.3521 |   15.4053 |   15.2963 |
|     Memory bandwidth [MByte/s]    |   371.8980 |  187.9270 |  470.1301 |  156.6605 |    4.8460 |  298.1972 | 1641.8914 | 1621.0335 | 1597.7063 | 1588.2222 | 1587.5649 | 1554.3033 |   370.9307 |  187.4488 |  338.8709 |  626.9343 |    6.1623 |  326.3965 | 1575.5608 | 1599.9869 | 1593.1140 | 1596.4922 | 1602.0291 | 1590.6939 |
|          L3 request rate          |     6.3347 |    6.3860 |    6.4496 |    6.6853 |    4.6629 |    6.5749 |    5.3263 |    5.3564 |    5.3921 |    5.4177 |    5.6105 |    5.4222 |     6.3746 |    6.3325 |    6.5416 |    6.6065 |    1.4827 |    6.4474 |    5.6694 |    5.3080 |    5.6680 |    5.5863 |    5.3317 |    5.3437 |
|            L3 miss rate           |     0.0005 |    0.0097 |    0.0001 |    0.0007 |    0.0430 |    0.0001 |    0.1267 |    0.1479 |    0.2071 |    0.3840 |    0.6199 |    2.0758 |     0.0012 |    0.0014 |    0.0047 |    0.0002 |    0.2161 |    0.0004 |    2.7715 |    1.2896 |    0.6652 |    0.5953 |    0.3262 |    0.1860 |
|           L3 miss ratio           |     0.0015 |    0.0290 |    0.0004 |    0.0029 |    0.0579 |    0.0006 |    0.0137 |    0.0157 |    0.0233 |    0.0450 |    0.0775 |    0.3184 |     0.0036 |    0.0042 |    0.0172 |    0.0009 |    0.1421 |    0.0013 |    0.4620 |    0.1656 |    0.0807 |    0.0706 |    0.0363 |    0.0201 |
|          L2 request rate          |     0.0335 |    0.0209 |    0.0539 |    0.0142 |    0.0025 |    0.0281 |    0.0870 |    0.0863 |    0.0874 |    0.0873 |    0.0890 |    0.0880 |     0.0416 |    0.0203 |    0.0324 |    0.0593 |    0.0020 |    0.0302 |    0.0884 |    0.0875 |    0.0879 |    0.0878 |    0.0872 |    0.0865 |
|            L2 miss rate           |     0.0088 |    0.0055 |    0.0138 |    0.0035 |    0.0006 |    0.0070 |    0.0176 |    0.0175 |    0.0178 |    0.0179 |    0.0183 |    0.0180 |     0.0110 |    0.0053 |    0.0083 |    0.0151 |    0.0004 |    0.0077 |    0.0180 |    0.0177 |    0.0178 |    0.0179 |    0.0176 |    0.0175 |
|           L2 miss ratio           |     0.2635 |    0.2623 |    0.2559 |    0.2476 |    0.2260 |    0.2493 |    0.2022 |    0.2029 |    0.2033 |    0.2046 |    0.2053 |    0.2049 |     0.2641 |    0.2625 |    0.2575 |    0.2548 |    0.2065 |    0.2562 |    0.2030 |    0.2027 |    0.2031 |    0.2043 |    0.2020 |    0.2023 |
|  Memory read bandwidth [MBytes/s] | 16669.1046 |         0 |         0 |         0 |         0 |         0 |         0 |         0 |         0 |         0 |         0 |         0 | 16087.8206 |         0 |         0 |         0 |         0 |         0 |         0 |         0 |         0 |         0 |         0 |         0 |
|  Memory read data volume [GBytes] |   160.2921 |         0 |         0 |         0 |         0 |         0 |         0 |         0 |         0 |         0 |         0 |         0 |   154.7024 |         0 |         0 |         0 |         0 |         0 |         0 |         0 |         0 |         0 |         0 |         0 |
| Memory write bandwidth [MBytes/s] |  9928.6523 |         0 |         0 |         0 |         0 |         0 |         0 |         0 |         0 |         0 |         0 |         0 | 10085.3589 |         0 |         0 |         0 |         0 |         0 |         0 |         0 |         0 |         0 |         0 |         0 |
| Memory write data volume [GBytes] |    95.4751 |         0 |         0 |         0 |         0 |         0 |         0 |         0 |         0 |         0 |         0 |         0 |    96.9820 |         0 |         0 |         0 |         0 |         0 |         0 |         0 |         0 |         0 |         0 |         0 |
|    Memory bandwidth [MBytes/s]    | 26597.7569 |         0 |         0 |         0 |         0 |         0 |         0 |         0 |         0 |         0 |         0 |         0 | 26173.1795 |         0 |         0 |         0 |         0 |         0 |         0 |         0 |         0 |         0 |         0 |         0 |
|    Memory data volume [GBytes]    |   255.7672 |         0 |         0 |         0 |         0 |         0 |         0 |         0 |         0 |         0 |         0 |         0 |   251.6844 |         0 |         0 |         0 |         0 |         0 |         0 |         0 |         0 |         0 |         0 |         0 |
|          Temperature [C]          |         36 |        34 |        34 |        34 |        36 |        38 |        39 |        38 |        40 |        42 |        41 |        43 |         32 |        38 |        35 |        36 |        40 |        37 |        39 |        39 |        38 |        41 |        39 |        36 |
|             Energy [J]            |   786.9464 |         0 |         0 |         0 |         0 |         0 |         0 |         0 |         0 |         0 |         0 |         0 |   803.0801 |         0 |         0 |         0 |         0 |         0 |         0 |         0 |         0 |         0 |         0 |         0 |
|             Power [W]             |    81.8362 |         0 |         0 |         0 |         0 |         0 |         0 |         0 |         0 |         0 |         0 |         0 |    83.5140 |         0 |         0 |         0 |         0 |         0 |         0 |         0 |         0 |         0 |         0 |         0 |
|           Energy PP0 [J]          |          0 |         0 |         0 |         0 |         0 |         0 |         0 |         0 |         0 |         0 |         0 |         0 |          0 |         0 |         0 |         0 |         0 |         0 |         0 |         0 |         0 |         0 |         0 |         0 |
|           Power PP0 [W]           |          0 |         0 |         0 |         0 |         0 |         0 |         0 |         0 |         0 |         0 |         0 |         0 |          0 |         0 |         0 |         0 |         0 |         0 |         0 |         0 |         0 |         0 |         0 |         0 |
|          Energy DRAM [J]          |   136.4164 |         0 |         0 |         0 |         0 |         0 |         0 |         0 |         0 |         0 |         0 |         0 |   141.0019 |         0 |         0 |         0 |         0 |         0 |         0 |         0 |         0 |         0 |         0 |         0 |
|           Power DRAM [W]          |    14.1862 |         0 |         0 |         0 |         0 |         0 |         0 |         0 |         0 |         0 |         0 |         0 |    14.6631 |         0 |         0 |         0 |         0 |         0 |         0 |         0 |         0 |         0 |         0 |         0 |
+-----------------------------------+------------+-----------+-----------+-----------+-----------+-----------+-----------+-----------+-----------+-----------+-----------+-----------+------------+-----------+-----------+-----------+-----------+-----------+-----------+-----------+-----------+-----------+-----------+-----------+
+----------------------------------------+------------+-----------+------------+-----------+
|                 Metric                 |     Sum    |    Min    |     Max    |    Avg    |
+----------------------------------------+------------+-----------+------------+-----------+
|        Runtime (RDTSC) [s] STAT        |   230.7864 |    9.6161 |     9.6161 |    9.6161 |
|        Runtime unhalted [s] STAT       |   213.8253 |    7.2655 |     9.5364 |    8.9094 |
|            Clock [MHz] STAT            | 55121.1015 | 2287.7808 |  2299.9579 | 2296.7126 |
|                CPI STAT                |    14.4613 |    0.5235 |     0.6451 |    0.6026 |
|   Local DRAM data volume [GByte] STAT  |   200.0177 |    0.0441 |    15.5745 |    8.3341 |
|   Local DRAM bandwidth [MByte/s] STAT  | 20800.2372 |    4.5809 |  1619.6280 |  866.6765 |
|  Remote DRAM data volume [GByte] STAT  |    16.2971 |    0.0016 |     4.7877 |    0.6790 |
|  Remote DRAM bandwidth [MByte/s] STAT  |  1694.7638 |    0.1674 |   497.8853 |   70.6152 |
|     Memory data volume [GByte] STAT    |   216.3147 |    0.0466 |    15.7886 |    9.0131 |
|     Memory bandwidth [MByte/s] STAT    | 22495.0008 |    4.8460 |  1641.8914 |  937.2917 |
|          L3 request rate STAT          |   136.3110 |    1.4827 |     6.6853 |    5.6796 |
|            L3 miss rate STAT           |     9.6733 |    0.0001 |     2.7715 |    0.4031 |
|           L3 miss ratio STAT           |     1.5905 |    0.0004 |     0.4620 |    0.0663 |
|          L2 request rate STAT          |     1.3892 |    0.0020 |     0.0890 |    0.0579 |
|            L2 miss rate STAT           |     0.3006 |    0.0004 |     0.0183 |    0.0125 |
|           L2 miss ratio STAT           |     5.4468 |    0.2020 |     0.2641 |    0.2270 |
|  Memory read bandwidth [MBytes/s] STAT | 32756.9252 |         0 | 16669.1046 | 1364.8719 |
|  Memory read data volume [GBytes] STAT |   314.9945 |         0 |   160.2921 |   13.1248 |
| Memory write bandwidth [MBytes/s] STAT | 20014.0112 |         0 | 10085.3589 |  833.9171 |
| Memory write data volume [GBytes] STAT |   192.4571 |         0 |    96.9820 |    8.0190 |
|    Memory bandwidth [MBytes/s] STAT    | 52770.9364 |         0 | 26597.7569 | 2198.7890 |
|    Memory data volume [GBytes] STAT    |   507.4516 |         0 |   255.7672 |   21.1438 |
|          Temperature [C] STAT          |        905 |        32 |         43 |   37.7083 |
|             Energy [J] STAT            |  1590.0265 |         0 |   803.0801 |   66.2511 |
|             Power [W] STAT             |   165.3502 |         0 |    83.5140 |    6.8896 |
|           Energy PP0 [J] STAT          |          0 |         0 |          0 |         0 |
|           Power PP0 [W] STAT           |          0 |         0 |          0 |         0 |
|          Energy DRAM [J] STAT          |   277.4183 |         0 |   141.0019 |   11.5591 |
|           Power DRAM [W] STAT          |    28.8493 |         0 |    14.6631 |    1.2021 |
+----------------------------------------+------------+-----------+------------+-----------+
