--------------------------------------------------------------------------------
CPU name:	Intel(R) Xeon(R) CPU E5-2670 v3 @ 2.30GHz
CPU type:	Intel Xeon Haswell EN/EP/EX processor
CPU clock:	2.30 GHz
--------------------------------------------------------------------------------
Group 1: POWERPERF
+--------------------------------+---------+-------------+-------------+-------------+-------------+-------------+-------------+-------------+-------------+-------------+-------------+-------------+-------------+-------------+-------------+-------------+-------------+-------------+-------------+-------------+-------------+-------------+-------------+-------------+-------------+
|              Event             | Counter |    Core 0   |    Core 1   |    Core 2   |    Core 3   |    Core 4   |    Core 5   |    Core 6   |    Core 7   |    Core 8   |    Core 9   |   Core 10   |   Core 11   |   Core 12   |   Core 13   |   Core 14   |   Core 15   |   Core 16   |   Core 17   |   Core 18   |   Core 19   |   Core 20   |   Core 21   |   Core 22   |   Core 23   |
+--------------------------------+---------+-------------+-------------+-------------+-------------+-------------+-------------+-------------+-------------+-------------+-------------+-------------+-------------+-------------+-------------+-------------+-------------+-------------+-------------+-------------+-------------+-------------+-------------+-------------+-------------+
|        INSTR_RETIRED_ANY       |  FIXC0  | 20597943564 | 20546552303 | 19906871358 | 19844029341 | 19789689928 | 19766735614 | 13892325986 |  9146018266 |  9142551455 |  9135782014 |  9141242629 |  9143969346 | 17403376972 | 17359462221 | 17290677969 | 17236257298 | 17191410670 | 17136089902 |  9148515850 |  9147774269 |  9144886310 |  9141117431 |  9142266993 |  9144751317 |
|      CPU_CLK_UNHALTED_CORE     |  FIXC1  | 11836349411 | 11852391979 | 11853580976 | 11856953620 | 11857617797 | 11860167058 | 11752069904 |  9608988985 |  9611082205 |  9601068165 |  9606464183 |  9609371067 | 11850745961 | 11851350707 | 11851466592 | 11853059589 | 11854511413 | 11847809761 |  9611006493 |  9614383683 |  9617268879 |  9612024508 |  9611458116 |  9443833250 |
|      CPU_CLK_UNHALTED_REF      |  FIXC2  | 22686328967 | 22717080266 | 22719357841 | 22725821025 | 22727092511 | 22731978332 | 22524789525 | 18417223205 | 18421235302 | 18402042009 | 18412388881 | 18417957894 | 22713922872 | 22715076782 | 22715304091 | 22718357364 | 22721139605 | 22708297072 | 18421089896 | 18427563361 | 18433089111 | 18423042435 | 18421954397 | 18100674205 |
|           FIXC1/FIXC0          |   CPI   |           0 |           0 |           0 |           0 |           0 |           0 |           0 |           0 |           0 |           0 |           0 |           0 |           0 |           0 |           0 |           0 |           0 |           0 |           0 |           0 |           0 |           0 |           0 |           0 |
|  OFFCORE_RESPONSE_0_LOCAL_DRAM |   PMC0  |    16317300 |    14579307 |    14321351 |    14435357 |    14231743 |    14546205 |    58848089 |    55612846 |    55413222 |    55448968 |    55504225 |    54056543 |    12421235 |    12527322 |    12237321 |    12436792 |    12584309 |    13256753 |    53708735 |    54456269 |    54190415 |    54184474 |    54186110 |    54115041 |
| OFFCORE_RESPONSE_1_REMOTE_DRAM |   PMC1  |    13489375 |    11623230 |    11573646 |    11665640 |    12492675 |    14101392 |       18906 |         813 |         638 |        1481 |        6431 |     1334724 |    11727534 |    11651535 |    11503720 |    11505762 |    11699052 |    12351262 |     1846160 |     1131813 |     1122375 |     1129524 |     1122737 |     1136235 |
|  MEM_LOAD_UOPS_RETIRED_L3_ALL  |   PMC2  |    16148337 |    19578263 |    22696265 |    26488208 |    30660154 |    35707331 |      701335 |      555321 |      571539 |      582668 |      573160 |      565441 |    55785341 |    60267601 |    65096127 |    66300571 |    74546954 |    76131783 |      580477 |      579945 |      561321 |      568059 |      579281 |      626836 |
|  MEM_LOAD_UOPS_RETIRED_L3_MISS |   PMC3  |     6146505 |     7069485 |     6938153 |     6589496 |     7037182 |     7577518 |      392915 |      297946 |      298287 |      297544 |      300696 |      297243 |    16005094 |    15126689 |    17280829 |    16818223 |    23353260 |    26212547 |      301300 |      298058 |      297298 |      299672 |      297497 |      315702 |
|      L2_TRANS_ALL_REQUESTS     |   PMC4  |  1893691509 |  1894085850 |  1825335142 |  1827425487 |  1823247197 |  1813066762 |   421075880 |   398920237 |   419658835 |   407244652 |   411252732 |   407144774 |  1586677562 |  1586655132 |  1577029220 |  1577635350 |  1575088335 |  1569054947 |   399341401 |   411456126 |   399103735 |   409659637 |   398108199 |   409668378 |
|          L2_RQSTS_MISS         |   PMC5  |   459634098 |   458783723 |   450490925 |   451675931 |   448036506 |   447788072 |    95793609 |    91223191 |    91386653 |    91459224 |    91305742 |    91441790 |   386445975 |   385965111 |   383203256 |   383698745 |   381262564 |   381778733 |    91247532 |    91175063 |    91309276 |    91111396 |    91204800 |    90886766 |
|        UOPS_RETIRED_ALL        |   PMC6  | 25597832195 | 25500785148 | 24793314810 | 24671716599 | 24567068073 | 24525062842 | 16366242923 | 10605788087 | 10598504432 | 10587153159 | 10596088455 | 10600745858 | 21791217444 | 21707976313 | 21598623201 | 21494568289 | 21409272286 | 21302571805 | 10607450781 | 10605726424 | 10610717907 | 10602888159 | 10604903716 | 10620021329 |
|            TEMP_CORE           |   TMP0  |          31 |          30 |          32 |          30 |          31 |          31 |          32 |          31 |          31 |          31 |          34 |          33 |          29 |          33 |          32 |          34 |          35 |          32 |          30 |          32 |          31 |          31 |          32 |          28 |
|         PWR_PKG_ENERGY         |   PWR0  |    392.8745 |           0 |           0 |           0 |           0 |           0 |           0 |           0 |           0 |           0 |           0 |           0 |    417.1830 |           0 |           0 |           0 |           0 |           0 |           0 |           0 |           0 |           0 |           0 |           0 |
|         PWR_PP0_ENERGY         |   PWR1  |           0 |           0 |           0 |           0 |           0 |           0 |           0 |           0 |           0 |           0 |           0 |           0 |           0 |           0 |           0 |           0 |           0 |           0 |           0 |           0 |           0 |           0 |           0 |           0 |
|         PWR_DRAM_ENERGY        |   PWR3  |     86.9735 |           0 |           0 |           0 |           0 |           0 |           0 |           0 |           0 |           0 |           0 |           0 |     89.9298 |           0 |           0 |           0 |           0 |           0 |           0 |           0 |           0 |           0 |           0 |           0 |
|          CAS_COUNT_RD          | MBOX0C0 |   165079385 |           0 |           0 |           0 |           0 |           0 |           0 |           0 |           0 |           0 |           0 |           0 |   162342958 |           0 |           0 |           0 |           0 |           0 |           0 |           0 |           0 |           0 |           0 |           0 |
|          CAS_COUNT_WR          | MBOX0C1 |    74251112 |           0 |           0 |           0 |           0 |           0 |           0 |           0 |           0 |           0 |           0 |           0 |    79609424 |           0 |           0 |           0 |           0 |           0 |           0 |           0 |           0 |           0 |           0 |           0 |
|          CAS_COUNT_RD          | MBOX1C0 |   166049443 |           0 |           0 |           0 |           0 |           0 |           0 |           0 |           0 |           0 |           0 |           0 |   162657814 |           0 |           0 |           0 |           0 |           0 |           0 |           0 |           0 |           0 |           0 |           0 |
|          CAS_COUNT_WR          | MBOX1C1 |    74952191 |           0 |           0 |           0 |           0 |           0 |           0 |           0 |           0 |           0 |           0 |           0 |    80122822 |           0 |           0 |           0 |           0 |           0 |           0 |           0 |           0 |           0 |           0 |           0 |
|          CAS_COUNT_RD          | MBOX2C0 |           0 |           0 |           0 |           0 |           0 |           0 |           0 |           0 |           0 |           0 |           0 |           0 |           0 |           0 |           0 |           0 |           0 |           0 |           0 |           0 |           0 |           0 |           0 |           0 |
|          CAS_COUNT_WR          | MBOX2C1 |           0 |           0 |           0 |           0 |           0 |           0 |           0 |           0 |           0 |           0 |           0 |           0 |           0 |           0 |           0 |           0 |           0 |           0 |           0 |           0 |           0 |           0 |           0 |           0 |
|          CAS_COUNT_RD          | MBOX3C0 |           0 |           0 |           0 |           0 |           0 |           0 |           0 |           0 |           0 |           0 |           0 |           0 |           0 |           0 |           0 |           0 |           0 |           0 |           0 |           0 |           0 |           0 |           0 |           0 |
|          CAS_COUNT_WR          | MBOX3C1 |           0 |           0 |           0 |           0 |           0 |           0 |           0 |           0 |           0 |           0 |           0 |           0 |           0 |           0 |           0 |           0 |           0 |           0 |           0 |           0 |           0 |           0 |           0 |           0 |
|          CAS_COUNT_RD          | MBOX4C0 |   165132799 |           0 |           0 |           0 |           0 |           0 |           0 |           0 |           0 |           0 |           0 |           0 |   162355051 |           0 |           0 |           0 |           0 |           0 |           0 |           0 |           0 |           0 |           0 |           0 |
|          CAS_COUNT_WR          | MBOX4C1 |    74263676 |           0 |           0 |           0 |           0 |           0 |           0 |           0 |           0 |           0 |           0 |           0 |    79589501 |           0 |           0 |           0 |           0 |           0 |           0 |           0 |           0 |           0 |           0 |           0 |
|          CAS_COUNT_RD          | MBOX5C0 |   165646841 |           0 |           0 |           0 |           0 |           0 |           0 |           0 |           0 |           0 |           0 |           0 |   163341724 |           0 |           0 |           0 |           0 |           0 |           0 |           0 |           0 |           0 |           0 |           0 |
|          CAS_COUNT_WR          | MBOX5C1 |    74758068 |           0 |           0 |           0 |           0 |           0 |           0 |           0 |           0 |           0 |           0 |           0 |    80260025 |           0 |           0 |           0 |           0 |           0 |           0 |           0 |           0 |           0 |           0 |           0 |
|          CAS_COUNT_RD          | MBOX6C0 |           0 |           0 |           0 |           0 |           0 |           0 |           0 |           0 |           0 |           0 |           0 |           0 |           0 |           0 |           0 |           0 |           0 |           0 |           0 |           0 |           0 |           0 |           0 |           0 |
|          CAS_COUNT_WR          | MBOX6C1 |           0 |           0 |           0 |           0 |           0 |           0 |           0 |           0 |           0 |           0 |           0 |           0 |           0 |           0 |           0 |           0 |           0 |           0 |           0 |           0 |           0 |           0 |           0 |           0 |
|          CAS_COUNT_RD          | MBOX7C0 |           0 |           0 |           0 |           0 |           0 |           0 |           0 |           0 |           0 |           0 |           0 |           0 |           0 |           0 |           0 |           0 |           0 |           0 |           0 |           0 |           0 |           0 |           0 |           0 |
|          CAS_COUNT_WR          | MBOX7C1 |           0 |           0 |           0 |           0 |           0 |           0 |           0 |           0 |           0 |           0 |           0 |           0 |           0 |           0 |           0 |           0 |           0 |           0 |           0 |           0 |           0 |           0 |           0 |           0 |
+--------------------------------+---------+-------------+-------------+-------------+-------------+-------------+-------------+-------------+-------------+-------------+-------------+-------------+-------------+-------------+-------------+-------------+-------------+-------------+-------------+-------------+-------------+-------------+-------------+-------------+-------------+
+-------------------------------------+---------+--------------+-------------+-------------+--------------+
|                Event                | Counter |      Sum     |     Min     |     Max     |      Avg     |
+-------------------------------------+---------+--------------+-------------+-------------+--------------+
|        INSTR_RETIRED_ANY STAT       |  FIXC0  | 338540299006 |  9135782014 | 20597943564 | 1.410585e+10 |
|      CPU_CLK_UNHALTED_CORE STAT     |  FIXC1  | 259525024302 |  9443833250 | 11860167058 | 1.081354e+10 |
|      CPU_CLK_UNHALTED_REF STAT      |  FIXC2  | 497422806949 | 18100674205 | 22731978332 | 2.072595e+10 |
|           FIXC1/FIXC0 STAT          |   CPI   |            0 |           0 |           0 |            0 |
|  OFFCORE_RESPONSE_0_LOCAL_DRAM STAT |   PMC0  |    823619932 |    12237321 |    58848089 | 3.431750e+07 |
| OFFCORE_RESPONSE_1_REMOTE_DRAM STAT |   PMC1  |    154236660 |         638 |    14101392 | 6.426528e+06 |
|  MEM_LOAD_UOPS_RETIRED_L3_ALL STAT  |   PMC2  |    556452318 |      555321 |    76131783 | 2.318551e+07 |
|  MEM_LOAD_UOPS_RETIRED_L3_MISS STAT |   PMC3  |    159849139 |      297243 |    26212547 | 6.660381e+06 |
|      L2_TRANS_ALL_REQUESTS STAT     |   PMC4  |  25441627079 |   398108199 |  1894085850 | 1.060068e+09 |
|          L2_RQSTS_MISS STAT         |   PMC5  |   6118308681 |    90886766 |   459634098 | 2.549295e+08 |
|        UOPS_RETIRED_ALL STAT        |   PMC6  | 411966240235 | 10587153159 | 25597832195 | 1.716526e+10 |
|            TEMP_CORE STAT           |   TMP0  |          756 |          28 |          35 |      31.5000 |
|         PWR_PKG_ENERGY STAT         |   PWR0  |     810.0575 |           0 |    417.1830 |      33.7524 |
|         PWR_PP0_ENERGY STAT         |   PWR1  |            0 |           0 |           0 |            0 |
|         PWR_DRAM_ENERGY STAT        |   PWR3  |     176.9033 |           0 |     89.9298 |       7.3710 |
|          CAS_COUNT_RD STAT          | MBOX0C0 |    327422343 |           0 |   165079385 | 1.364260e+07 |
|          CAS_COUNT_WR STAT          | MBOX0C1 |    153860536 |           0 |    79609424 | 6.410856e+06 |
|          CAS_COUNT_RD STAT          | MBOX1C0 |    328707257 |           0 |   166049443 | 1.369614e+07 |
|          CAS_COUNT_WR STAT          | MBOX1C1 |    155075013 |           0 |    80122822 | 6.461459e+06 |
|          CAS_COUNT_RD STAT          | MBOX2C0 |            0 |           0 |           0 |            0 |
|          CAS_COUNT_WR STAT          | MBOX2C1 |            0 |           0 |           0 |            0 |
|          CAS_COUNT_RD STAT          | MBOX3C0 |            0 |           0 |           0 |            0 |
|          CAS_COUNT_WR STAT          | MBOX3C1 |            0 |           0 |           0 |            0 |
|          CAS_COUNT_RD STAT          | MBOX4C0 |    327487850 |           0 |   165132799 | 1.364533e+07 |
|          CAS_COUNT_WR STAT          | MBOX4C1 |    153853177 |           0 |    79589501 | 6.410549e+06 |
|          CAS_COUNT_RD STAT          | MBOX5C0 |    328988565 |           0 |   165646841 | 1.370786e+07 |
|          CAS_COUNT_WR STAT          | MBOX5C1 |    155018093 |           0 |    80260025 | 6.459087e+06 |
|          CAS_COUNT_RD STAT          | MBOX6C0 |            0 |           0 |           0 |            0 |
|          CAS_COUNT_WR STAT          | MBOX6C1 |            0 |           0 |           0 |            0 |
|          CAS_COUNT_RD STAT          | MBOX7C0 |            0 |           0 |           0 |            0 |
|          CAS_COUNT_WR STAT          | MBOX7C1 |            0 |           0 |           0 |            0 |
+-------------------------------------+---------+--------------+-------------+-------------+--------------+
+-----------------------------------+-----------+-----------+-----------+-----------+-----------+-----------+-----------+--------------+--------------+--------------+-----------+-----------+-----------+-----------+-----------+-----------+-----------+-----------+-----------+-----------+-----------+-----------+-----------+-----------+
|               Metric              |   Core 0  |   Core 1  |   Core 2  |   Core 3  |   Core 4  |   Core 5  |   Core 6  |    Core 7    |    Core 8    |    Core 9    |  Core 10  |  Core 11  |  Core 12  |  Core 13  |  Core 14  |  Core 15  |  Core 16  |  Core 17  |  Core 18  |  Core 19  |  Core 20  |  Core 21  |  Core 22  |  Core 23  |
+-----------------------------------+-----------+-----------+-----------+-----------+-----------+-----------+-----------+--------------+--------------+--------------+-----------+-----------+-----------+-----------+-----------+-----------+-----------+-----------+-----------+-----------+-----------+-----------+-----------+-----------+
|        Runtime (RDTSC) [s]        |   10.0007 |   10.0007 |   10.0007 |   10.0007 |   10.0007 |   10.0007 |   10.0007 |      10.0007 |      10.0007 |      10.0007 |   10.0007 |   10.0007 |   10.0007 |   10.0007 |   10.0007 |   10.0007 |   10.0007 |   10.0007 |   10.0007 |   10.0007 |   10.0007 |   10.0007 |   10.0007 |   10.0007 |
|        Runtime unhalted [s]       |    5.1463 |    5.1532 |    5.1537 |    5.1552 |    5.1555 |    5.1566 |    5.1096 |       4.1778 |       4.1787 |       4.1744 |    4.1767 |    4.1780 |    5.1525 |    5.1528 |    5.1528 |    5.1535 |    5.1541 |    5.1512 |    4.1787 |    4.1802 |    4.1814 |    4.1792 |    4.1789 |    4.1060 |
|            Clock [MHz]            | 1199.9976 | 1199.9975 | 1199.9976 | 1199.9976 | 1199.9977 | 1199.9977 | 1199.9978 |    1199.9976 |    1199.9976 |    1199.9976 | 1199.9973 | 1199.9975 | 1199.9976 | 1199.9979 | 1199.9976 | 1199.9976 | 1199.9976 | 1199.9975 | 1199.9976 | 1199.9976 | 1199.9979 | 1199.9976 | 1199.9977 | 1199.9977 |
|                CPI                |    0.5746 |    0.5769 |    0.5955 |    0.5975 |    0.5992 |    0.6000 |    0.8459 |       1.0506 |       1.0512 |       1.0509 |    1.0509 |    1.0509 |    0.6809 |    0.6827 |    0.6854 |    0.6877 |    0.6896 |    0.6914 |    1.0506 |    1.0510 |    1.0517 |    1.0515 |    1.0513 |    1.0327 |
|   Local DRAM data volume [GByte]  |    1.0443 |    0.9331 |    0.9166 |    0.9239 |    0.9108 |    0.9310 |    3.7663 |       3.5592 |       3.5464 |       3.5487 |    3.5523 |    3.4596 |    0.7950 |    0.8017 |    0.7832 |    0.7960 |    0.8054 |    0.8484 |    3.4374 |    3.4852 |    3.4682 |    3.4678 |    3.4679 |    3.4634 |
|   Local DRAM bandwidth [MByte/s]  |  104.4229 |   93.3006 |   91.6498 |   92.3794 |   91.0764 |   93.0888 |  376.5997 |     355.8957 |     354.6182 |     354.8469 |  355.2006 |  345.9361 |   79.4900 |   80.1689 |   78.3130 |   79.5895 |   80.5336 |   84.8369 |  343.7103 |  348.4941 |  346.7928 |  346.7548 |  346.7653 |  346.3104 |
|  Remote DRAM data volume [GByte]  |    0.8633 |    0.7439 |    0.7407 |    0.7466 |    0.7995 |    0.9025 |    0.0012 |       0.0001 | 4.083200e-05 |       0.0001 |    0.0004 |    0.0854 |    0.7506 |    0.7457 |    0.7362 |    0.7364 |    0.7487 |    0.7905 |    0.1182 |    0.0724 |    0.0718 |    0.0723 |    0.0719 |    0.0727 |
|  Remote DRAM bandwidth [MByte/s]  |   86.3256 |   74.3831 |   74.0658 |   74.6545 |   79.9472 |   90.2422 |    0.1210 |       0.0052 |       0.0041 |       0.0095 |    0.0412 |    8.5416 |   75.0506 |   74.5643 |   73.6183 |   73.6314 |   74.8684 |   79.0422 |   11.8145 |    7.2431 |    7.1827 |    7.2284 |    7.1850 |    7.2714 |
|     Memory data volume [GByte]    |    1.9076 |    1.6770 |    1.6573 |    1.6705 |    1.7104 |    1.8334 |    3.7675 |       3.5593 |       3.5465 |       3.5488 |    3.5527 |    3.5450 |    1.5455 |    1.5474 |    1.5194 |    1.5323 |    1.5541 |    1.6389 |    3.5555 |    3.5576 |    3.5400 |    3.5401 |    3.5398 |    3.5361 |
|     Memory bandwidth [MByte/s]    |  190.7485 |  167.6837 |  165.7156 |  167.0339 |  171.0235 |  183.3310 |  376.7207 |     355.9009 |     354.6223 |     354.8564 |  355.2417 |  354.4777 |  154.5406 |  154.7331 |  151.9313 |  153.2209 |  155.4019 |  163.8791 |  355.5248 |  355.7372 |  353.9755 |  353.9832 |  353.9502 |  353.5818 |
|          L3 request rate          |    2.6272 |    2.7694 |    3.2712 |    4.0198 |    4.3569 |    4.7123 |    1.7850 |       1.8638 |       1.9161 |       1.9583 |    1.9061 |    1.9023 |    3.4855 |    3.9842 |    3.7670 |    3.9422 |    3.1921 |    2.9044 |    1.9266 |    1.9457 |    1.8881 |    1.8956 |    1.9472 |    1.9855 |
|            L3 miss rate           |    0.8353 |    0.5937 |    0.5099 |    0.4404 |    0.4075 |    0.3949 |    0.0270 |       0.0015 |       0.0011 |       0.0025 |    0.0112 |    2.3605 |    0.2102 |    0.1933 |    0.1767 |    0.1735 |    0.1569 |    0.1622 |    3.1804 |    1.9516 |    1.9995 |    1.9884 |    1.9382 |    1.8127 |
|           L3 miss ratio           |    0.8267 |    0.7972 |    0.8081 |    0.8081 |    0.8778 |    0.9694 |    0.0003 | 1.461892e-05 | 1.151350e-05 | 2.670924e-05 |    0.0001 |    0.0247 |    0.9442 |    0.9301 |    0.9401 |    0.9251 |    0.9297 |    0.9317 |    0.0344 |    0.0208 |    0.0207 |    0.0208 |    0.0207 |    0.0210 |
|          L2 request rate          |    0.0919 |    0.0922 |    0.0917 |    0.0921 |    0.0921 |    0.0917 |    0.0303 |       0.0436 |       0.0459 |       0.0446 |    0.0450 |    0.0445 |    0.0912 |    0.0914 |    0.0912 |    0.0915 |    0.0916 |    0.0916 |    0.0437 |    0.0450 |    0.0436 |    0.0448 |    0.0435 |    0.0448 |
|            L2 miss rate           |    0.0223 |    0.0223 |    0.0226 |    0.0228 |    0.0226 |    0.0227 |    0.0069 |       0.0100 |       0.0100 |       0.0100 |    0.0100 |    0.0100 |    0.0222 |    0.0222 |    0.0222 |    0.0223 |    0.0222 |    0.0223 |    0.0100 |    0.0100 |    0.0100 |    0.0100 |    0.0100 |    0.0099 |
|           L2 miss ratio           |    0.2427 |    0.2422 |    0.2468 |    0.2472 |    0.2457 |    0.2470 |    0.2275 |       0.2287 |       0.2178 |       0.2246 |    0.2220 |    0.2246 |    0.2436 |    0.2433 |    0.2430 |    0.2432 |    0.2421 |    0.2433 |    0.2285 |    0.2216 |    0.2288 |    0.2224 |    0.2291 |    0.2219 |
|  Memory read bandwidth [MBytes/s] | 4235.8984 |         0 |         0 |         0 |         0 |         0 |         0 |            0 |            0 |            0 |         0 |         0 | 4164.1538 |         0 |         0 |         0 |         0 |         0 |         0 |         0 |         0 |         0 |         0 |         0 |
|  Memory read data volume [GBytes] |   42.3621 |         0 |         0 |         0 |         0 |         0 |         0 |            0 |            0 |            0 |         0 |         0 |   41.6446 |         0 |         0 |         0 |         0 |         0 |         0 |         0 |         0 |         0 |         0 |         0 |
| Memory write bandwidth [MBytes/s] | 1908.4980 |         0 |         0 |         0 |         0 |         0 |         0 |            0 |            0 |            0 |         0 |         0 | 2045.1709 |         0 |         0 |         0 |         0 |         0 |         0 |         0 |         0 |         0 |         0 |         0 |
| Memory write data volume [GBytes] |   19.0864 |         0 |         0 |         0 |         0 |         0 |         0 |            0 |            0 |            0 |         0 |         0 |   20.4532 |         0 |         0 |         0 |         0 |         0 |         0 |         0 |         0 |         0 |         0 |         0 |
|    Memory bandwidth [MBytes/s]    | 6144.3964 |         0 |         0 |         0 |         0 |         0 |         0 |            0 |            0 |            0 |         0 |         0 | 6209.3247 |         0 |         0 |         0 |         0 |         0 |         0 |         0 |         0 |         0 |         0 |         0 |
|    Memory data volume [GBytes]    |   61.4485 |         0 |         0 |         0 |         0 |         0 |         0 |            0 |            0 |            0 |         0 |         0 |   62.0979 |         0 |         0 |         0 |         0 |         0 |         0 |         0 |         0 |         0 |         0 |         0 |
|          Temperature [C]          |        31 |        30 |        32 |        30 |        31 |        31 |        32 |           31 |           31 |           31 |        34 |        33 |        29 |        33 |        32 |        34 |        35 |        32 |        30 |        32 |        31 |        31 |        32 |        28 |
|             Energy [J]            |  392.8745 |         0 |         0 |         0 |         0 |         0 |         0 |            0 |            0 |            0 |         0 |         0 |  417.1830 |         0 |         0 |         0 |         0 |         0 |         0 |         0 |         0 |         0 |         0 |         0 |
|             Power [W]             |   39.2845 |         0 |         0 |         0 |         0 |         0 |         0 |            0 |            0 |            0 |         0 |         0 |   41.7152 |         0 |         0 |         0 |         0 |         0 |         0 |         0 |         0 |         0 |         0 |         0 |
|           Energy PP0 [J]          |         0 |         0 |         0 |         0 |         0 |         0 |         0 |            0 |            0 |            0 |         0 |         0 |         0 |         0 |         0 |         0 |         0 |         0 |         0 |         0 |         0 |         0 |         0 |         0 |
|           Power PP0 [W]           |         0 |         0 |         0 |         0 |         0 |         0 |         0 |            0 |            0 |            0 |         0 |         0 |         0 |         0 |         0 |         0 |         0 |         0 |         0 |         0 |         0 |         0 |         0 |         0 |
|          Energy DRAM [J]          |   86.9735 |         0 |         0 |         0 |         0 |         0 |         0 |            0 |            0 |            0 |         0 |         0 |   89.9298 |         0 |         0 |         0 |         0 |         0 |         0 |         0 |         0 |         0 |         0 |         0 |
|           Power DRAM [W]          |    8.6967 |         0 |         0 |         0 |         0 |         0 |         0 |            0 |            0 |            0 |         0 |         0 |    8.9923 |         0 |         0 |         0 |         0 |         0 |         0 |         0 |         0 |         0 |         0 |         0 |
+-----------------------------------+-----------+-----------+-----------+-----------+-----------+-----------+-----------+--------------+--------------+--------------+-----------+-----------+-----------+-----------+-----------+-----------+-----------+-----------+-----------+-----------+-----------+-----------+-----------+-----------+
+----------------------------------------+------------+--------------+-----------+-----------+
|                 Metric                 |     Sum    |      Min     |    Max    |    Avg    |
+----------------------------------------+------------+--------------+-----------+-----------+
|        Runtime (RDTSC) [s] STAT        |   240.0168 |      10.0007 |   10.0007 |   10.0007 |
|        Runtime unhalted [s] STAT       |   112.8370 |       4.1060 |    5.1566 |    4.7015 |
|            Clock [MHz] STAT            | 28799.9430 |    1199.9973 | 1199.9979 | 1199.9976 |
|                CPI STAT                |    20.0506 |       0.5746 |    1.0517 |    0.8354 |
|   Local DRAM data volume [GByte] STAT  |    52.7118 |       0.7832 |    3.7663 |    2.1963 |
|   Local DRAM bandwidth [MByte/s] STAT  |  5270.7747 |      78.3130 |  376.5997 |  219.6156 |
|  Remote DRAM data volume [GByte] STAT  |     9.8711 | 4.083200e-05 |    0.9025 |    0.4113 |
|  Remote DRAM bandwidth [MByte/s] STAT  |   987.0413 |       0.0041 |   90.2422 |   41.1267 |
|     Memory data volume [GByte] STAT    |    62.5827 |       1.5194 |    3.7675 |    2.6076 |
|     Memory bandwidth [MByte/s] STAT    |  6257.8155 |     151.9313 |  376.7207 |  260.7423 |
|          L3 request rate STAT          |    65.9525 |       1.7850 |    4.7123 |    2.7480 |
|            L3 miss rate STAT           |    19.5291 |       0.0011 |    3.1804 |    0.8137 |
|           L3 miss ratio STAT           |    10.8518 | 1.151350e-05 |    0.9694 |    0.4522 |
|          L2 request rate STAT          |     1.6195 |       0.0303 |    0.0922 |    0.0675 |
|            L2 miss rate STAT           |     0.3855 |       0.0069 |    0.0228 |    0.0161 |
|           L2 miss ratio STAT           |     5.6276 |       0.2178 |    0.2472 |    0.2345 |
|  Memory read bandwidth [MBytes/s] STAT |  8400.0522 |            0 | 4235.8984 |  350.0022 |
|  Memory read data volume [GBytes] STAT |    84.0067 |            0 |   42.3621 |    3.5003 |
| Memory write bandwidth [MBytes/s] STAT |  3953.6689 |            0 | 2045.1709 |  164.7362 |
| Memory write data volume [GBytes] STAT |    39.5396 |            0 |   20.4532 |    1.6475 |
|    Memory bandwidth [MBytes/s] STAT    | 12353.7211 |            0 | 6209.3247 |  514.7384 |
|    Memory data volume [GBytes] STAT    |   123.5464 |            0 |   62.0979 |    5.1478 |
|          Temperature [C] STAT          |        756 |           28 |        35 |   31.5000 |
|             Energy [J] STAT            |   810.0575 |            0 |  417.1830 |   33.7524 |
|             Power [W] STAT             |    80.9997 |            0 |   41.7152 |    3.3750 |
|           Energy PP0 [J] STAT          |          0 |            0 |         0 |         0 |
|           Power PP0 [W] STAT           |          0 |            0 |         0 |         0 |
|          Energy DRAM [J] STAT          |   176.9033 |            0 |   89.9298 |    7.3710 |
|           Power DRAM [W] STAT          |    17.6890 |            0 |    8.9923 |    0.7370 |
+----------------------------------------+------------+--------------+-----------+-----------+
