--------------------------------------------------------------------------------
CPU name:	Intel(R) Xeon(R) CPU E5-2670 v3 @ 2.30GHz
CPU type:	Intel Xeon Haswell EN/EP/EX processor
CPU clock:	2.30 GHz
--------------------------------------------------------------------------------
Group 1: POWERPERF
+--------------------------------+---------+--------------+--------------+--------------+--------------+--------------+--------------+-------------+-------------+-------------+-------------+-------------+-------------+--------------+--------------+--------------+--------------+--------------+--------------+-------------+-------------+-------------+-------------+-------------+-------------+
|              Event             | Counter |    Core 0    |    Core 1    |    Core 2    |    Core 3    |    Core 4    |    Core 5    |    Core 6   |    Core 7   |    Core 8   |    Core 9   |   Core 10   |   Core 11   |    Core 12   |    Core 13   |    Core 14   |    Core 15   |    Core 16   |    Core 17   |   Core 18   |   Core 19   |   Core 20   |   Core 21   |   Core 22   |   Core 23   |
+--------------------------------+---------+--------------+--------------+--------------+--------------+--------------+--------------+-------------+-------------+-------------+-------------+-------------+-------------+--------------+--------------+--------------+--------------+--------------+--------------+-------------+-------------+-------------+-------------+-------------+-------------+
|        INSTR_RETIRED_ANY       |  FIXC0  | 118126898288 | 107395050327 | 107292608625 | 107151028621 | 107155827784 | 107629122979 | 78931422804 | 78687420093 | 78827154138 | 78425859067 | 78773764323 | 78468539304 | 106789400809 | 107062223130 | 106979826163 | 106770059449 | 107118860173 | 108294329861 | 78791934714 | 78859597610 | 78826186278 | 78599361234 | 78793120940 | 79110432227 |
|      CPU_CLK_UNHALTED_CORE     |  FIXC1  |  65141592775 |  60442367275 |  60444751169 |  60456441231 |  60446864587 |  60452655660 | 66337223728 | 66214231539 | 66299314933 | 66106262094 | 66243990709 | 66259997145 |  60460702478 |  60480746285 |  60466114643 |  60453973893 |  60450229813 |  60451707202 | 66308941182 | 66376350100 | 66329246023 | 66332580992 | 66283817015 | 66446156802 |
|      CPU_CLK_UNHALTED_REF      |  FIXC2  |  65272173846 |  60563837245 |  60563871216 |  60575598387 |  60565764714 |  60571681280 | 66374815420 | 66288309545 | 66366538341 | 66228607065 | 66333158165 | 66327320512 |  60579956312 |  60599897013 |  60585191779 |  60572770445 |  60569279206 |  60570433553 | 66376017929 | 66399815454 | 66359780527 | 66349757196 | 66307765843 | 66447265811 |
|           FIXC1/FIXC0          |   CPI   |            0 |            0 |            0 |            0 |            0 |            0 |           0 |           0 |           0 |           0 |           0 |           0 |            0 |            0 |            0 |            0 |            0 |            0 |           0 |           0 |           0 |           0 |           0 |           0 |
|  OFFCORE_RESPONSE_0_LOCAL_DRAM |   PMC0  |      6228388 |      5159019 |      5213600 |      5546157 |      5850809 |      7458967 |       98249 |       84299 |       92955 |      110042 |      101988 |       90553 |      6207081 |      5096028 |      5300559 |      4935327 |      4422570 |      5159886 |      442817 |      385603 |      388040 |      408921 |      392006 |      584737 |
| OFFCORE_RESPONSE_1_REMOTE_DRAM |   PMC1  |       901036 |       534594 |       456072 |       131506 |       219335 |      2538665 |        7039 |        8561 |        2709 |        4702 |        3570 |        9856 |      4790543 |      4180971 |      3504341 |      4045291 |      3758577 |      3960137 |        5531 |       33610 |       12426 |        8459 |        7771 |       23780 |
|  MEM_LOAD_UOPS_RETIRED_L3_ALL  |   PMC2  |    155938919 |    212070404 |    231800485 |    249812314 |    279508967 |    242572238 |     3378276 |     3428684 |     3398825 |     3345956 |     3423630 |     3331779 |    195991947 |    214474151 |    234839986 |    256092543 |    271642929 |    188333516 |     3234266 |     3118987 |     3341890 |     3377706 |     3178248 |     3327309 |
|  MEM_LOAD_UOPS_RETIRED_L3_MISS |   PMC3  |      1323770 |      2278874 |      1753584 |      1791440 |      3286542 |      7473961 |       17843 |       11082 |        9624 |       14208 |       10103 |       11959 |      9397024 |      5541496 |      3906390 |      4085118 |      4196975 |      2793850 |       18090 |       17846 |       20981 |       18686 |       15051 |       34336 |
|      L2_TRANS_ALL_REQUESTS     |   PMC4  |   1646921616 |   1799890911 |   1862781899 |   1918557910 |   2013184950 |   1925456257 |   846099410 |   846563752 |   835125839 |   835993617 |   834867191 |   836956622 |   1739141712 |   1869145627 |   1929111908 |   1988998076 |   2037185407 |   1789481022 |   848410336 |   845943802 |   838593753 |   839077921 |   838855556 |   839862958 |
|          L2_RQSTS_MISS         |   PMC5  |    408666268 |    446508172 |    462854773 |    483858026 |    518822812 |    468484567 |   209940879 |   210250507 |   209645878 |   209975290 |   209834586 |   209825748 |    426681058 |    449939237 |    467805267 |    492195363 |    509348354 |    425017150 |   210127994 |   209763451 |   210403735 |   210506672 |   210033667 |   210577217 |
|        UOPS_RETIRED_ALL        |   PMC6  | 144143810841 | 130595478987 | 130412897276 | 130166622881 | 130082276688 | 130700346145 | 93613307371 | 93262185547 | 93484446509 | 92912409140 | 93404171479 | 92955450973 | 129603067739 | 129918489862 | 129799990551 | 129378896529 | 129888117600 | 131654653318 | 93401982938 | 93499122019 | 93448631498 | 93112812560 | 93410782622 | 93851478775 |
|            TEMP_CORE           |   TMP0  |           38 |           35 |           36 |           37 |           39 |           37 |          40 |          40 |          41 |          41 |          39 |          37 |           36 |           36 |           38 |           38 |           40 |           37 |          41 |          39 |          41 |          43 |          42 |          39 |
|         PWR_PKG_ENERGY         |   PWR0  |    1970.6143 |            0 |            0 |            0 |            0 |            0 |           0 |           0 |           0 |           0 |           0 |           0 |    1956.7543 |            0 |            0 |            0 |            0 |            0 |           0 |           0 |           0 |           0 |           0 |           0 |
|         PWR_PP0_ENERGY         |   PWR1  |            0 |            0 |            0 |            0 |            0 |            0 |           0 |           0 |           0 |           0 |           0 |           0 |            0 |            0 |            0 |            0 |            0 |            0 |           0 |           0 |           0 |           0 |           0 |           0 |
|         PWR_DRAM_ENERGY        |   PWR3  |     160.1100 |            0 |            0 |            0 |            0 |            0 |           0 |           0 |           0 |           0 |           0 |           0 |     179.7933 |            0 |            0 |            0 |            0 |            0 |           0 |           0 |           0 |           0 |           0 |           0 |
|          CAS_COUNT_RD          | MBOX0C0 |     47411659 |            0 |            0 |            0 |            0 |            0 |           0 |           0 |           0 |           0 |           0 |           0 |     40183641 |            0 |            0 |            0 |            0 |            0 |           0 |           0 |           0 |           0 |           0 |           0 |
|          CAS_COUNT_WR          | MBOX0C1 |     12279078 |            0 |            0 |            0 |            0 |            0 |           0 |           0 |           0 |           0 |           0 |           0 |      7244336 |            0 |            0 |            0 |            0 |            0 |           0 |           0 |           0 |           0 |           0 |           0 |
|          CAS_COUNT_RD          | MBOX1C0 |     48533672 |            0 |            0 |            0 |            0 |            0 |           0 |           0 |           0 |           0 |           0 |           0 |     42263660 |            0 |            0 |            0 |            0 |            0 |           0 |           0 |           0 |           0 |           0 |           0 |
|          CAS_COUNT_WR          | MBOX1C1 |     13814062 |            0 |            0 |            0 |            0 |            0 |           0 |           0 |           0 |           0 |           0 |           0 |      8903842 |            0 |            0 |            0 |            0 |            0 |           0 |           0 |           0 |           0 |           0 |           0 |
|          CAS_COUNT_RD          | MBOX2C0 |            0 |            0 |            0 |            0 |            0 |            0 |           0 |           0 |           0 |           0 |           0 |           0 |            0 |            0 |            0 |            0 |            0 |            0 |           0 |           0 |           0 |           0 |           0 |           0 |
|          CAS_COUNT_WR          | MBOX2C1 |            0 |            0 |            0 |            0 |            0 |            0 |           0 |           0 |           0 |           0 |           0 |           0 |            0 |            0 |            0 |            0 |            0 |            0 |           0 |           0 |           0 |           0 |           0 |           0 |
|          CAS_COUNT_RD          | MBOX3C0 |            0 |            0 |            0 |            0 |            0 |            0 |           0 |           0 |           0 |           0 |           0 |           0 |            0 |            0 |            0 |            0 |            0 |            0 |           0 |           0 |           0 |           0 |           0 |           0 |
|          CAS_COUNT_WR          | MBOX3C1 |            0 |            0 |            0 |            0 |            0 |            0 |           0 |           0 |           0 |           0 |           0 |           0 |            0 |            0 |            0 |            0 |            0 |            0 |           0 |           0 |           0 |           0 |           0 |           0 |
|          CAS_COUNT_RD          | MBOX4C0 |     48766636 |            0 |            0 |            0 |            0 |            0 |           0 |           0 |           0 |           0 |           0 |           0 |     39640634 |            0 |            0 |            0 |            0 |            0 |           0 |           0 |           0 |           0 |           0 |           0 |
|          CAS_COUNT_WR          | MBOX4C1 |     12895946 |            0 |            0 |            0 |            0 |            0 |           0 |           0 |           0 |           0 |           0 |           0 |      7169283 |            0 |            0 |            0 |            0 |            0 |           0 |           0 |           0 |           0 |           0 |           0 |
|          CAS_COUNT_RD          | MBOX5C0 |     50491157 |            0 |            0 |            0 |            0 |            0 |           0 |           0 |           0 |           0 |           0 |           0 |     41942723 |            0 |            0 |            0 |            0 |            0 |           0 |           0 |           0 |           0 |           0 |           0 |
|          CAS_COUNT_WR          | MBOX5C1 |     14608726 |            0 |            0 |            0 |            0 |            0 |           0 |           0 |           0 |           0 |           0 |           0 |      8919977 |            0 |            0 |            0 |            0 |            0 |           0 |           0 |           0 |           0 |           0 |           0 |
|          CAS_COUNT_RD          | MBOX6C0 |            0 |            0 |            0 |            0 |            0 |            0 |           0 |           0 |           0 |           0 |           0 |           0 |            0 |            0 |            0 |            0 |            0 |            0 |           0 |           0 |           0 |           0 |           0 |           0 |
|          CAS_COUNT_WR          | MBOX6C1 |            0 |            0 |            0 |            0 |            0 |            0 |           0 |           0 |           0 |           0 |           0 |           0 |            0 |            0 |            0 |            0 |            0 |            0 |           0 |           0 |           0 |           0 |           0 |           0 |
|          CAS_COUNT_RD          | MBOX7C0 |            0 |            0 |            0 |            0 |            0 |            0 |           0 |           0 |           0 |           0 |           0 |           0 |            0 |            0 |            0 |            0 |            0 |            0 |           0 |           0 |           0 |           0 |           0 |           0 |
|          CAS_COUNT_WR          | MBOX7C1 |            0 |            0 |            0 |            0 |            0 |            0 |           0 |           0 |           0 |           0 |           0 |           0 |            0 |            0 |            0 |            0 |            0 |            0 |           0 |           0 |           0 |           0 |           0 |           0 |
+--------------------------------+---------+--------------+--------------+--------------+--------------+--------------+--------------+-------------+-------------+-------------+-------------+-------------+-------------+--------------+--------------+--------------+--------------+--------------+--------------+-------------+-------------+-------------+-------------+-------------+-------------+
+-------------------------------------+---------+---------------+-------------+--------------+--------------+
|                Event                | Counter |      Sum      |     Min     |      Max     |      Avg     |
+-------------------------------------+---------+---------------+-------------+--------------+--------------+
|        INSTR_RETIRED_ANY STAT       |  FIXC0  | 2242860028941 | 78425859067 | 118126898288 | 9.345250e+10 |
|      CPU_CLK_UNHALTED_CORE STAT     |  FIXC1  | 1525686259273 | 60442367275 |  66446156802 | 6.357026e+10 |
|      CPU_CLK_UNHALTED_REF STAT      |  FIXC2  | 1527749606804 | 60563837245 |  66447265811 | 6.365623e+10 |
|           FIXC1/FIXC0 STAT          |   CPI   |             0 |           0 |            0 |            0 |
|  OFFCORE_RESPONSE_0_LOCAL_DRAM STAT |   PMC0  |      69758601 |       84299 |      7458967 | 2.906608e+06 |
| OFFCORE_RESPONSE_1_REMOTE_DRAM STAT |   PMC1  |      29149082 |        2709 |      4790543 | 1.214545e+06 |
|  MEM_LOAD_UOPS_RETIRED_L3_ALL STAT  |   PMC2  |    2772963955 |     3118987 |    279508967 | 1.155402e+08 |
|  MEM_LOAD_UOPS_RETIRED_L3_MISS STAT |   PMC3  |      48028833 |        9624 |      9397024 | 2.001201e+06 |
|      L2_TRANS_ALL_REQUESTS STAT     |   PMC4  |   32606208052 |   834867191 |   2037185407 | 1.358592e+09 |
|          L2_RQSTS_MISS STAT         |   PMC5  |    8081066671 |   209645878 |    518822812 | 3.367111e+08 |
|        UOPS_RETIRED_ALL STAT        |   PMC6  | 2696701429848 | 92912409140 | 144143810841 | 112362559577 |
|            TEMP_CORE STAT           |   TMP0  |           930 |          35 |           43 |      38.7500 |
|         PWR_PKG_ENERGY STAT         |   PWR0  |     3927.3686 |           0 |    1970.6143 |     163.6404 |
|         PWR_PP0_ENERGY STAT         |   PWR1  |             0 |           0 |            0 |            0 |
|         PWR_DRAM_ENERGY STAT        |   PWR3  |      339.9033 |           0 |     179.7933 |      14.1626 |
|          CAS_COUNT_RD STAT          | MBOX0C0 |      87595300 |           0 |     47411659 | 3.649804e+06 |
|          CAS_COUNT_WR STAT          | MBOX0C1 |      19523414 |           0 |     12279078 |  813475.5833 |
|          CAS_COUNT_RD STAT          | MBOX1C0 |      90797332 |           0 |     48533672 | 3.783222e+06 |
|          CAS_COUNT_WR STAT          | MBOX1C1 |      22717904 |           0 |     13814062 |  946579.3333 |
|          CAS_COUNT_RD STAT          | MBOX2C0 |             0 |           0 |            0 |            0 |
|          CAS_COUNT_WR STAT          | MBOX2C1 |             0 |           0 |            0 |            0 |
|          CAS_COUNT_RD STAT          | MBOX3C0 |             0 |           0 |            0 |            0 |
|          CAS_COUNT_WR STAT          | MBOX3C1 |             0 |           0 |            0 |            0 |
|          CAS_COUNT_RD STAT          | MBOX4C0 |      88407270 |           0 |     48766636 | 3.683636e+06 |
|          CAS_COUNT_WR STAT          | MBOX4C1 |      20065229 |           0 |     12895946 |  836051.2083 |
|          CAS_COUNT_RD STAT          | MBOX5C0 |      92433880 |           0 |     50491157 | 3.851412e+06 |
|          CAS_COUNT_WR STAT          | MBOX5C1 |      23528703 |           0 |     14608726 |  980362.6250 |
|          CAS_COUNT_RD STAT          | MBOX6C0 |             0 |           0 |            0 |            0 |
|          CAS_COUNT_WR STAT          | MBOX6C1 |             0 |           0 |            0 |            0 |
|          CAS_COUNT_RD STAT          | MBOX7C0 |             0 |           0 |            0 |            0 |
|          CAS_COUNT_WR STAT          | MBOX7C1 |             0 |           0 |            0 |            0 |
+-------------------------------------+---------+---------------+-------------+--------------+--------------+
+-----------------------------------+-----------+-----------+-----------+-----------+-----------+-----------+-----------+-----------+-----------+-----------+-----------+-----------+-----------+-----------+-----------+-----------+-----------+-----------+-----------+-----------+-----------+-----------+-----------+-----------+
|               Metric              |   Core 0  |   Core 1  |   Core 2  |   Core 3  |   Core 4  |   Core 5  |   Core 6  |   Core 7  |   Core 8  |   Core 9  |  Core 10  |  Core 11  |  Core 12  |  Core 13  |  Core 14  |  Core 15  |  Core 16  |  Core 17  |  Core 18  |  Core 19  |  Core 20  |  Core 21  |  Core 22  |  Core 23  |
+-----------------------------------+-----------+-----------+-----------+-----------+-----------+-----------+-----------+-----------+-----------+-----------+-----------+-----------+-----------+-----------+-----------+-----------+-----------+-----------+-----------+-----------+-----------+-----------+-----------+-----------+
|        Runtime (RDTSC) [s]        |   29.3558 |   29.3558 |   29.3558 |   29.3558 |   29.3558 |   29.3558 |   29.3558 |   29.3558 |   29.3558 |   29.3558 |   29.3558 |   29.3558 |   29.3558 |   29.3558 |   29.3558 |   29.3558 |   29.3558 |   29.3558 |   29.3558 |   29.3558 |   29.3558 |   29.3558 |   29.3558 |   29.3558 |
|        Runtime unhalted [s]       |   28.3226 |   26.2795 |   26.2805 |   26.2856 |   26.2814 |   26.2839 |   28.8425 |   28.7890 |   28.8260 |   28.7421 |   28.8019 |   28.8089 |   26.2874 |   26.2962 |   26.2898 |   26.2845 |   26.2829 |   26.2835 |   28.8302 |   28.8595 |   28.8390 |   28.8405 |   28.8193 |   28.8898 |
|            Clock [MHz]            | 2295.3827 | 2295.3710 | 2295.4603 | 2295.4597 | 2295.4687 | 2295.4644 | 2298.6814 | 2297.4137 | 2297.6543 | 2295.7352 | 2296.8923 | 2297.6495 | 2295.4564 | 2295.4618 | 2295.4635 | 2295.4732 | 2295.4633 | 2295.4757 | 2297.6597 | 2299.1712 | 2298.9257 | 2299.3886 | 2299.1533 | 2299.9456 |
|                CPI                |    0.5515 |    0.5628 |    0.5634 |    0.5642 |    0.5641 |    0.5617 |    0.8404 |    0.8415 |    0.8411 |    0.8429 |    0.8409 |    0.8444 |    0.5662 |    0.5649 |    0.5652 |    0.5662 |    0.5643 |    0.5582 |    0.8416 |    0.8417 |    0.8415 |    0.8439 |    0.8412 |    0.8399 |
|   Local DRAM data volume [GByte]  |    0.3986 |    0.3302 |    0.3337 |    0.3550 |    0.3745 |    0.4774 |    0.0063 |    0.0054 |    0.0059 |    0.0070 |    0.0065 |    0.0058 |    0.3973 |    0.3261 |    0.3392 |    0.3159 |    0.2830 |    0.3302 |    0.0283 |    0.0247 |    0.0248 |    0.0262 |    0.0251 |    0.0374 |
|   Local DRAM bandwidth [MByte/s]  |   13.5788 |   11.2474 |   11.3664 |   12.0915 |   12.7556 |   16.2617 |    0.2142 |    0.1838 |    0.2027 |    0.2399 |    0.2223 |    0.1974 |   13.5324 |   11.1101 |   11.5560 |   10.7598 |    9.6419 |   11.2493 |    0.9654 |    0.8407 |    0.8460 |    0.8915 |    0.8546 |    1.2748 |
|  Remote DRAM data volume [GByte]  |    0.0577 |    0.0342 |    0.0292 |    0.0084 |    0.0140 |    0.1625 |    0.0005 |    0.0005 |    0.0002 |    0.0003 |    0.0002 |    0.0006 |    0.3066 |    0.2676 |    0.2243 |    0.2589 |    0.2405 |    0.2534 |    0.0004 |    0.0022 |    0.0008 |    0.0005 |    0.0005 |    0.0015 |
|  Remote DRAM bandwidth [MByte/s]  |    1.9644 |    1.1655 |    0.9943 |    0.2867 |    0.4782 |    5.5347 |    0.0153 |    0.0187 |    0.0059 |    0.0103 |    0.0078 |    0.0215 |   10.4441 |    9.1151 |    7.6400 |    8.8193 |    8.1943 |    8.6337 |    0.0121 |    0.0733 |    0.0271 |    0.0184 |    0.0169 |    0.0518 |
|     Memory data volume [GByte]    |    0.4563 |    0.3644 |    0.3629 |    0.3634 |    0.3885 |    0.6398 |    0.0067 |    0.0059 |    0.0061 |    0.0073 |    0.0068 |    0.0064 |    0.7038 |    0.5937 |    0.5635 |    0.5748 |    0.5236 |    0.5837 |    0.0287 |    0.0268 |    0.0256 |    0.0267 |    0.0256 |    0.0389 |
|     Memory bandwidth [MByte/s]    |   15.5432 |   12.4129 |   12.3607 |   12.3782 |   13.2338 |   21.7964 |    0.2295 |    0.2024 |    0.2086 |    0.2502 |    0.2301 |    0.2189 |   23.9765 |   20.2253 |   19.1960 |   19.5791 |   17.8361 |   19.8830 |    0.9775 |    0.9139 |    0.8731 |    0.9100 |    0.8716 |    1.3267 |
|          L3 request rate          |  117.7991 |   93.0593 |  132.1867 |  139.4478 |   85.0465 |   32.4556 |  189.3334 |  309.3922 |  353.1614 |  235.4980 |  338.8726 |  278.6001 |   20.8568 |   38.7033 |   60.1169 |   62.6891 |   64.7235 |   67.4100 |  178.7875 |  174.7723 |  159.2817 |  180.7613 |  211.1652 |   96.9044 |
|            L3 miss rate           |    0.0058 |    0.0025 |    0.0020 |    0.0005 |    0.0008 |    0.0105 |    0.0021 |    0.0025 |    0.0008 |    0.0014 |    0.0010 |    0.0030 |    0.0244 |    0.0195 |    0.0149 |    0.0158 |    0.0138 |    0.0210 |    0.0017 |    0.0108 |    0.0037 |    0.0025 |    0.0024 |    0.0071 |
|           L3 miss ratio           |    0.1447 |    0.1036 |    0.0875 |    0.0237 |    0.0375 |    0.3404 |    0.0716 |    0.1016 |    0.0291 |    0.0427 |    0.0350 |    0.1088 |    0.7718 |    0.8204 |    0.6611 |    0.8197 |    0.8499 |    0.7675 |    0.0125 |    0.0872 |    0.0320 |    0.0207 |    0.0198 |    0.0407 |
|          L2 request rate          |    0.0139 |    0.0168 |    0.0174 |    0.0179 |    0.0188 |    0.0179 |    0.0107 |    0.0108 |    0.0106 |    0.0107 |    0.0106 |    0.0107 |    0.0163 |    0.0175 |    0.0180 |    0.0186 |    0.0190 |    0.0165 |    0.0108 |    0.0107 |    0.0106 |    0.0107 |    0.0106 |    0.0106 |
|            L2 miss rate           |    0.0035 |    0.0042 |    0.0043 |    0.0045 |    0.0048 |    0.0044 |    0.0027 |    0.0027 |    0.0027 |    0.0027 |    0.0027 |    0.0027 |    0.0040 |    0.0042 |    0.0044 |    0.0046 |    0.0048 |    0.0039 |    0.0027 |    0.0027 |    0.0027 |    0.0027 |    0.0027 |    0.0027 |
|           L2 miss ratio           |    0.2481 |    0.2481 |    0.2485 |    0.2522 |    0.2577 |    0.2433 |    0.2481 |    0.2484 |    0.2510 |    0.2512 |    0.2513 |    0.2507 |    0.2453 |    0.2407 |    0.2425 |    0.2475 |    0.2500 |    0.2375 |    0.2477 |    0.2480 |    0.2509 |    0.2509 |    0.2504 |    0.2507 |
|  Memory read bandwidth [MBytes/s] |  425.5724 |         0 |         0 |         0 |         0 |         0 |         0 |         0 |         0 |         0 |         0 |         0 |  357.6117 |         0 |         0 |         0 |         0 |         0 |         0 |         0 |         0 |         0 |         0 |         0 |
|  Memory read data volume [GBytes] |   12.4930 |         0 |         0 |         0 |         0 |         0 |         0 |         0 |         0 |         0 |         0 |         0 |   10.4980 |         0 |         0 |         0 |         0 |         0 |         0 |         0 |         0 |         0 |         0 |         0 |
| Memory write bandwidth [MBytes/s] |  116.8513 |         0 |         0 |         0 |         0 |         0 |         0 |         0 |         0 |         0 |         0 |         0 |   70.2825 |         0 |         0 |         0 |         0 |         0 |         0 |         0 |         0 |         0 |         0 |         0 |
| Memory write data volume [GBytes] |    3.4303 |         0 |         0 |         0 |         0 |         0 |         0 |         0 |         0 |         0 |         0 |         0 |    2.0632 |         0 |         0 |         0 |         0 |         0 |         0 |         0 |         0 |         0 |         0 |         0 |
|    Memory bandwidth [MBytes/s]    |  542.4237 |         0 |         0 |         0 |         0 |         0 |         0 |         0 |         0 |         0 |         0 |         0 |  427.8942 |         0 |         0 |         0 |         0 |         0 |         0 |         0 |         0 |         0 |         0 |         0 |
|    Memory data volume [GBytes]    |   15.9233 |         0 |         0 |         0 |         0 |         0 |         0 |         0 |         0 |         0 |         0 |         0 |   12.5612 |         0 |         0 |         0 |         0 |         0 |         0 |         0 |         0 |         0 |         0 |         0 |
|          Temperature [C]          |        38 |        35 |        36 |        37 |        39 |        37 |        40 |        40 |        41 |        41 |        39 |        37 |        36 |        36 |        38 |        38 |        40 |        37 |        41 |        39 |        41 |        43 |        42 |        39 |
|             Energy [J]            | 1970.6143 |         0 |         0 |         0 |         0 |         0 |         0 |         0 |         0 |         0 |         0 |         0 | 1956.7543 |         0 |         0 |         0 |         0 |         0 |         0 |         0 |         0 |         0 |         0 |         0 |
|             Power [W]             |   67.1287 |         0 |         0 |         0 |         0 |         0 |         0 |         0 |         0 |         0 |         0 |         0 |   66.6566 |         0 |         0 |         0 |         0 |         0 |         0 |         0 |         0 |         0 |         0 |         0 |
|           Energy PP0 [J]          |         0 |         0 |         0 |         0 |         0 |         0 |         0 |         0 |         0 |         0 |         0 |         0 |         0 |         0 |         0 |         0 |         0 |         0 |         0 |         0 |         0 |         0 |         0 |         0 |
|           Power PP0 [W]           |         0 |         0 |         0 |         0 |         0 |         0 |         0 |         0 |         0 |         0 |         0 |         0 |         0 |         0 |         0 |         0 |         0 |         0 |         0 |         0 |         0 |         0 |         0 |         0 |
|          Energy DRAM [J]          |  160.1100 |         0 |         0 |         0 |         0 |         0 |         0 |         0 |         0 |         0 |         0 |         0 |  179.7933 |         0 |         0 |         0 |         0 |         0 |         0 |         0 |         0 |         0 |         0 |         0 |
|           Power DRAM [W]          |    5.4541 |         0 |         0 |         0 |         0 |         0 |         0 |         0 |         0 |         0 |         0 |         0 |    6.1246 |         0 |         0 |         0 |         0 |         0 |         0 |         0 |         0 |         0 |         0 |         0 |
+-----------------------------------+-----------+-----------+-----------+-----------+-----------+-----------+-----------+-----------+-----------+-----------+-----------+-----------+-----------+-----------+-----------+-----------+-----------+-----------+-----------+-----------+-----------+-----------+-----------+-----------+
+----------------------------------------+------------+-----------+-----------+-----------+
|                 Metric                 |     Sum    |    Min    |    Max    |    Avg    |
+----------------------------------------+------------+-----------+-----------+-----------+
|        Runtime (RDTSC) [s] STAT        |   704.5392 |   29.3558 |   29.3558 |   29.3558 |
|        Runtime unhalted [s] STAT       |   663.3465 |   26.2795 |   28.8898 |   27.6394 |
|            Clock [MHz] STAT            | 55123.6712 | 2295.3710 | 2299.9456 | 2296.8196 |
|                CPI STAT                |    16.8537 |    0.5515 |    0.8444 |    0.7022 |
|   Local DRAM data volume [GByte] STAT  |     4.4645 |    0.0054 |    0.4774 |    0.1860 |
|   Local DRAM bandwidth [MByte/s] STAT  |   152.0842 |    0.1838 |   16.2617 |    6.3368 |
|  Remote DRAM data volume [GByte] STAT  |     1.8655 |    0.0002 |    0.3066 |    0.0777 |
|  Remote DRAM bandwidth [MByte/s] STAT  |    63.5494 |    0.0059 |   10.4441 |    2.6479 |
|     Memory data volume [GByte] STAT    |     6.3299 |    0.0059 |    0.7038 |    0.2637 |
|     Memory bandwidth [MByte/s] STAT    |   215.6337 |    0.2024 |   23.9765 |    8.9847 |
|          L3 request rate STAT          |  3621.0247 |   20.8568 |  353.1614 |  150.8760 |
|            L3 miss rate STAT           |     0.1705 |    0.0005 |    0.0244 |    0.0071 |
|           L3 miss ratio STAT           |     6.0295 |    0.0125 |    0.8499 |    0.2512 |
|          L2 request rate STAT          |     0.3367 |    0.0106 |    0.0190 |    0.0140 |
|            L2 miss rate STAT           |     0.0840 |    0.0027 |    0.0048 |    0.0035 |
|           L2 miss ratio STAT           |     5.9607 |    0.2375 |    0.2577 |    0.2484 |
|  Memory read bandwidth [MBytes/s] STAT |   783.1841 |         0 |  425.5724 |   32.6327 |
|  Memory read data volume [GBytes] STAT |    22.9910 |         0 |   12.4930 |    0.9580 |
| Memory write bandwidth [MBytes/s] STAT |   187.1338 |         0 |  116.8513 |    7.7972 |
| Memory write data volume [GBytes] STAT |     5.4935 |         0 |    3.4303 |    0.2289 |
|    Memory bandwidth [MBytes/s] STAT    |   970.3179 |         0 |  542.4237 |   40.4299 |
|    Memory data volume [GBytes] STAT    |    28.4845 |         0 |   15.9233 |    1.1869 |
|          Temperature [C] STAT          |        930 |        35 |        43 |   38.7500 |
|             Energy [J] STAT            |  3927.3686 |         0 | 1970.6143 |  163.6404 |
|             Power [W] STAT             |   133.7853 |         0 |   67.1287 |    5.5744 |
|           Energy PP0 [J] STAT          |          0 |         0 |         0 |         0 |
|           Power PP0 [W] STAT           |          0 |         0 |         0 |         0 |
|          Energy DRAM [J] STAT          |   339.9033 |         0 |  179.7933 |   14.1626 |
|           Power DRAM [W] STAT          |    11.5787 |         0 |    6.1246 |    0.4824 |
+----------------------------------------+------------+-----------+-----------+-----------+
