--------------------------------------------------------------------------------
CPU name:	Intel(R) Xeon(R) CPU E5-2670 v3 @ 2.30GHz
CPU type:	Intel Xeon Haswell EN/EP/EX processor
CPU clock:	2.30 GHz
--------------------------------------------------------------------------------
Group 1: POWERPERF
+--------------------------------+---------+--------------+--------------+--------------+--------------+--------------+--------------+--------------+--------------+--------------+--------------+--------------+--------------+--------------+--------------+--------------+--------------+--------------+--------------+--------------+--------------+--------------+--------------+--------------+--------------+
|              Event             | Counter |    Core 0    |    Core 1    |    Core 2    |    Core 3    |    Core 4    |    Core 5    |    Core 6    |    Core 7    |    Core 8    |    Core 9    |    Core 10   |    Core 11   |    Core 12   |    Core 13   |    Core 14   |    Core 15   |    Core 16   |    Core 17   |    Core 18   |    Core 19   |    Core 20   |    Core 21   |    Core 22   |    Core 23   |
+--------------------------------+---------+--------------+--------------+--------------+--------------+--------------+--------------+--------------+--------------+--------------+--------------+--------------+--------------+--------------+--------------+--------------+--------------+--------------+--------------+--------------+--------------+--------------+--------------+--------------+--------------+
|        INSTR_RETIRED_ANY       |  FIXC0  | 117790419313 | 107062552018 | 106965300312 | 106765435440 | 106836164589 | 107372793477 | 159723759870 | 153419882295 | 153396850690 | 123337883927 | 123344103701 | 123342243326 | 106854227773 | 107137027333 | 106996547858 | 106825102563 | 107052679346 | 108256316759 | 123335568977 | 123333282285 | 123331490228 | 123332996457 | 123330968218 | 123329731192 |
|      CPU_CLK_UNHALTED_CORE     |  FIXC1  |  64489916023 |  59806184059 |  59803116255 |  59804217930 |  59776953548 |  59807918181 |  65573775429 |  63769363926 |  63756978744 |  52142153176 |  52141890605 |  52141668131 |  59821053782 |  59840062686 |  59823561413 |  59833184487 |  59824688985 |  59823876487 |  52140182923 |  52121141964 |  52126118931 |  52133906317 |  52122665687 |  52136634196 |
|      CPU_CLK_UNHALTED_REF      |  FIXC2  |  64619125163 |  59910738790 |  59904737837 |  59905303200 |  59878169893 |  59909525356 |  65573836740 |  63769387380 |  63762119817 |  52312592351 |  52318837840 |  52303700528 |  59922772597 |  59941784535 |  59925171290 |  59934507910 |  59926315080 |  59925536875 |  52316687892 |  52290426860 |  52298834211 |  52304592859 |  52296067817 |  52312943170 |
|           FIXC1/FIXC0          |   CPI   |            0 |            0 |            0 |            0 |            0 |            0 |            0 |            0 |            0 |            0 |            0 |            0 |            0 |            0 |            0 |            0 |            0 |            0 |            0 |            0 |            0 |            0 |            0 |            0 |
|  OFFCORE_RESPONSE_0_LOCAL_DRAM |   PMC0  |      3316405 |      2923972 |      3170703 |      5286331 |      5344829 |      7294055 |      6455432 |      6347974 |      6158286 |      4996463 |      5083521 |      4966534 |      5870686 |      5308293 |      5062566 |      4943035 |      5084215 |      5072623 |      3207291 |      3230880 |      3131275 |      3057273 |      3169739 |      3162257 |
| OFFCORE_RESPONSE_1_REMOTE_DRAM |   PMC1  |      3474666 |      2547280 |      2279463 |       259433 |       234078 |      2092488 |        35197 |         7580 |         4950 |         3594 |         2931 |        12212 |      1051739 |       318104 |       264283 |       307157 |       291737 |       271037 |       149964 |       109558 |       116373 |        80075 |        75779 |        93951 |
|  MEM_LOAD_UOPS_RETIRED_L3_ALL  |   PMC2  |    157918438 |    211589195 |    234521217 |    259251835 |    278366253 |    238889815 |      7728715 |       652204 |       652627 |       483087 |       520252 |       552164 |    196719919 |    212688090 |    232313597 |    261774646 |    279812801 |    193934926 |       580235 |       576275 |       545854 |       581643 |       554568 |       566354 |
|  MEM_LOAD_UOPS_RETIRED_L3_MISS |   PMC3  |      1156083 |      2109736 |      1463579 |      1597294 |      2838487 |      7033852 |       269808 |       133914 |       159311 |       127024 |       118401 |        97318 |      5922382 |      2617151 |      1256386 |      1077563 |      2060590 |       345856 |       140320 |       119041 |       126778 |       118875 |       118259 |       121126 |
|      L2_TRANS_ALL_REQUESTS     |   PMC4  |   1641647886 |   1809464116 |   1872760613 |   1941608953 |   2031597211 |   1921026715 |    342930038 |    166579247 |    156022489 |    141092448 |    127873942 |    130658004 |   1734718440 |   1854744402 |   1920151029 |   1986619924 |   2036537605 |   1787714673 |    135772515 |    131115584 |    132642244 |    136334282 |    122287732 |    132621785 |
|          L2_RQSTS_MISS         |   PMC5  |    408478162 |    446211511 |    466025966 |    493786721 |    518717444 |    464397342 |     36753317 |     23745016 |     23561102 |     18848753 |     19123137 |     19133311 |    427620409 |    447800869 |    464576889 |    497498404 |    518399771 |    428979023 |     18659442 |     18901999 |     18886518 |     19275214 |     18698206 |     18972062 |
|        UOPS_RETIRED_ALL        |   PMC6  | 143478318842 | 129929453938 | 129756621219 | 129395363474 | 129443152695 | 130188256566 | 179068864616 | 171544655859 | 171512273453 | 138373848656 | 138381844864 | 138379542300 | 129732247081 | 130066579699 | 129832906762 | 129486806280 | 129755465711 | 131578240527 | 138368737029 | 138366818627 | 138365036557 | 138366867640 | 138363866391 | 138362445032 |
|            TEMP_CORE           |   TMP0  |           39 |           37 |           36 |           37 |           38 |           37 |           40 |           40 |           39 |           40 |           40 |           37 |           36 |           37 |           37 |           39 |           38 |           36 |           39 |           40 |           40 |           42 |           40 |           39 |
|         PWR_PKG_ENERGY         |   PWR0  |    1847.4620 |            0 |            0 |            0 |            0 |            0 |            0 |            0 |            0 |            0 |            0 |            0 |    1796.5712 |            0 |            0 |            0 |            0 |            0 |            0 |            0 |            0 |            0 |            0 |            0 |
|         PWR_PP0_ENERGY         |   PWR1  |            0 |            0 |            0 |            0 |            0 |            0 |            0 |            0 |            0 |            0 |            0 |            0 |            0 |            0 |            0 |            0 |            0 |            0 |            0 |            0 |            0 |            0 |            0 |            0 |
|         PWR_DRAM_ENERGY        |   PWR3  |     160.0500 |            0 |            0 |            0 |            0 |            0 |            0 |            0 |            0 |            0 |            0 |            0 |     180.7976 |            0 |            0 |            0 |            0 |            0 |            0 |            0 |            0 |            0 |            0 |            0 |
|          CAS_COUNT_RD          | MBOX0C0 |     45408058 |            0 |            0 |            0 |            0 |            0 |            0 |            0 |            0 |            0 |            0 |            0 |     54282571 |            0 |            0 |            0 |            0 |            0 |            0 |            0 |            0 |            0 |            0 |            0 |
|          CAS_COUNT_WR          | MBOX0C1 |     21551558 |            0 |            0 |            0 |            0 |            0 |            0 |            0 |            0 |            0 |            0 |            0 |     16008752 |            0 |            0 |            0 |            0 |            0 |            0 |            0 |            0 |            0 |            0 |            0 |
|          CAS_COUNT_RD          | MBOX1C0 |     43986980 |            0 |            0 |            0 |            0 |            0 |            0 |            0 |            0 |            0 |            0 |            0 |     55930177 |            0 |            0 |            0 |            0 |            0 |            0 |            0 |            0 |            0 |            0 |            0 |
|          CAS_COUNT_WR          | MBOX1C1 |     19961923 |            0 |            0 |            0 |            0 |            0 |            0 |            0 |            0 |            0 |            0 |            0 |     17453571 |            0 |            0 |            0 |            0 |            0 |            0 |            0 |            0 |            0 |            0 |            0 |
|          CAS_COUNT_RD          | MBOX2C0 |            0 |            0 |            0 |            0 |            0 |            0 |            0 |            0 |            0 |            0 |            0 |            0 |            0 |            0 |            0 |            0 |            0 |            0 |            0 |            0 |            0 |            0 |            0 |            0 |
|          CAS_COUNT_WR          | MBOX2C1 |            0 |            0 |            0 |            0 |            0 |            0 |            0 |            0 |            0 |            0 |            0 |            0 |            0 |            0 |            0 |            0 |            0 |            0 |            0 |            0 |            0 |            0 |            0 |            0 |
|          CAS_COUNT_RD          | MBOX3C0 |            0 |            0 |            0 |            0 |            0 |            0 |            0 |            0 |            0 |            0 |            0 |            0 |            0 |            0 |            0 |            0 |            0 |            0 |            0 |            0 |            0 |            0 |            0 |            0 |
|          CAS_COUNT_WR          | MBOX3C1 |            0 |            0 |            0 |            0 |            0 |            0 |            0 |            0 |            0 |            0 |            0 |            0 |            0 |            0 |            0 |            0 |            0 |            0 |            0 |            0 |            0 |            0 |            0 |            0 |
|          CAS_COUNT_RD          | MBOX4C0 |     46939466 |            0 |            0 |            0 |            0 |            0 |            0 |            0 |            0 |            0 |            0 |            0 |     54280060 |            0 |            0 |            0 |            0 |            0 |            0 |            0 |            0 |            0 |            0 |            0 |
|          CAS_COUNT_WR          | MBOX4C1 |     22210543 |            0 |            0 |            0 |            0 |            0 |            0 |            0 |            0 |            0 |            0 |            0 |     16042840 |            0 |            0 |            0 |            0 |            0 |            0 |            0 |            0 |            0 |            0 |            0 |
|          CAS_COUNT_RD          | MBOX5C0 |     45607716 |            0 |            0 |            0 |            0 |            0 |            0 |            0 |            0 |            0 |            0 |            0 |     56023206 |            0 |            0 |            0 |            0 |            0 |            0 |            0 |            0 |            0 |            0 |            0 |
|          CAS_COUNT_WR          | MBOX5C1 |     20669518 |            0 |            0 |            0 |            0 |            0 |            0 |            0 |            0 |            0 |            0 |            0 |     17618111 |            0 |            0 |            0 |            0 |            0 |            0 |            0 |            0 |            0 |            0 |            0 |
|          CAS_COUNT_RD          | MBOX6C0 |            0 |            0 |            0 |            0 |            0 |            0 |            0 |            0 |            0 |            0 |            0 |            0 |            0 |            0 |            0 |            0 |            0 |            0 |            0 |            0 |            0 |            0 |            0 |            0 |
|          CAS_COUNT_WR          | MBOX6C1 |            0 |            0 |            0 |            0 |            0 |            0 |            0 |            0 |            0 |            0 |            0 |            0 |            0 |            0 |            0 |            0 |            0 |            0 |            0 |            0 |            0 |            0 |            0 |            0 |
|          CAS_COUNT_RD          | MBOX7C0 |            0 |            0 |            0 |            0 |            0 |            0 |            0 |            0 |            0 |            0 |            0 |            0 |            0 |            0 |            0 |            0 |            0 |            0 |            0 |            0 |            0 |            0 |            0 |            0 |
|          CAS_COUNT_WR          | MBOX7C1 |            0 |            0 |            0 |            0 |            0 |            0 |            0 |            0 |            0 |            0 |            0 |            0 |            0 |            0 |            0 |            0 |            0 |            0 |            0 |            0 |            0 |            0 |            0 |            0 |
+--------------------------------+---------+--------------+--------------+--------------+--------------+--------------+--------------+--------------+--------------+--------------+--------------+--------------+--------------+--------------+--------------+--------------+--------------+--------------+--------------+--------------+--------------+--------------+--------------+--------------+--------------+
+-------------------------------------+---------+---------------+--------------+--------------+--------------+
|                Event                | Counter |      Sum      |      Min     |      Max     |      Avg     |
+-------------------------------------+---------+---------------+--------------+--------------+--------------+
|        INSTR_RETIRED_ANY STAT       |  FIXC0  | 2872473327947 | 106765435440 | 159723759870 | 1.196864e+11 |
|      CPU_CLK_UNHALTED_CORE STAT     |  FIXC1  | 1384761213865 |  52121141964 |  65573775429 | 5.769838e+10 |
|      CPU_CLK_UNHALTED_REF STAT      |  FIXC2  | 1387563715991 |  52290426860 |  65573836740 | 5.781515e+10 |
|           FIXC1/FIXC0 STAT          |   CPI   |             0 |            0 |            0 |            0 |
|  OFFCORE_RESPONSE_0_LOCAL_DRAM STAT |   PMC0  |     111644638 |      2923972 |      7294055 | 4.651860e+06 |
| OFFCORE_RESPONSE_1_REMOTE_DRAM STAT |   PMC1  |      14083629 |         2931 |      3474666 |  586817.8750 |
|  MEM_LOAD_UOPS_RETIRED_L3_ALL STAT  |   PMC2  |    2771774710 |       483087 |    279812801 | 1.154906e+08 |
|  MEM_LOAD_UOPS_RETIRED_L3_MISS STAT |   PMC3  |      31129134 |        97318 |      7033852 | 1.297047e+06 |
|      L2_TRANS_ALL_REQUESTS STAT     |   PMC4  |   24394521877 |    122287732 |   2036537605 | 1.016438e+09 |
|          L2_RQSTS_MISS STAT         |   PMC5  |    5837050588 |     18659442 |    518717444 | 2.432104e+08 |
|        UOPS_RETIRED_ALL STAT        |   PMC6  | 3340098213818 | 129395363474 | 179068864616 | 1.391708e+11 |
|            TEMP_CORE STAT           |   TMP0  |           923 |           36 |           42 |      38.4583 |
|         PWR_PKG_ENERGY STAT         |   PWR0  |     3644.0332 |            0 |    1847.4620 |     151.8347 |
|         PWR_PP0_ENERGY STAT         |   PWR1  |             0 |            0 |            0 |            0 |
|         PWR_DRAM_ENERGY STAT        |   PWR3  |      340.8476 |            0 |     180.7976 |      14.2020 |
|          CAS_COUNT_RD STAT          | MBOX0C0 |      99690629 |            0 |     54282571 | 4.153776e+06 |
|          CAS_COUNT_WR STAT          | MBOX0C1 |      37560310 |            0 |     21551558 | 1.565013e+06 |
|          CAS_COUNT_RD STAT          | MBOX1C0 |      99917157 |            0 |     55930177 | 4.163215e+06 |
|          CAS_COUNT_WR STAT          | MBOX1C1 |      37415494 |            0 |     19961923 | 1.558979e+06 |
|          CAS_COUNT_RD STAT          | MBOX2C0 |             0 |            0 |            0 |            0 |
|          CAS_COUNT_WR STAT          | MBOX2C1 |             0 |            0 |            0 |            0 |
|          CAS_COUNT_RD STAT          | MBOX3C0 |             0 |            0 |            0 |            0 |
|          CAS_COUNT_WR STAT          | MBOX3C1 |             0 |            0 |            0 |            0 |
|          CAS_COUNT_RD STAT          | MBOX4C0 |     101219526 |            0 |     54280060 | 4.217480e+06 |
|          CAS_COUNT_WR STAT          | MBOX4C1 |      38253383 |            0 |     22210543 | 1.593891e+06 |
|          CAS_COUNT_RD STAT          | MBOX5C0 |     101630922 |            0 |     56023206 | 4.234622e+06 |
|          CAS_COUNT_WR STAT          | MBOX5C1 |      38287629 |            0 |     20669518 | 1.595318e+06 |
|          CAS_COUNT_RD STAT          | MBOX6C0 |             0 |            0 |            0 |            0 |
|          CAS_COUNT_WR STAT          | MBOX6C1 |             0 |            0 |            0 |            0 |
|          CAS_COUNT_RD STAT          | MBOX7C0 |             0 |            0 |            0 |            0 |
|          CAS_COUNT_WR STAT          | MBOX7C1 |             0 |            0 |            0 |            0 |
+-------------------------------------+---------+---------------+--------------+--------------+--------------+
+-----------------------------------+-----------+-----------+-----------+-----------+-----------+-----------+-----------+-----------+-----------+-----------+-----------+-----------+-----------+-----------+-----------+-----------+-----------+-----------+-----------+-----------+-----------+-----------+-----------+-----------+
|               Metric              |   Core 0  |   Core 1  |   Core 2  |   Core 3  |   Core 4  |   Core 5  |   Core 6  |   Core 7  |   Core 8  |   Core 9  |  Core 10  |  Core 11  |  Core 12  |  Core 13  |  Core 14  |  Core 15  |  Core 16  |  Core 17  |  Core 18  |  Core 19  |  Core 20  |  Core 21  |  Core 22  |  Core 23  |
+-----------------------------------+-----------+-----------+-----------+-----------+-----------+-----------+-----------+-----------+-----------+-----------+-----------+-----------+-----------+-----------+-----------+-----------+-----------+-----------+-----------+-----------+-----------+-----------+-----------+-----------+
|        Runtime (RDTSC) [s]        |   29.1709 |   29.1709 |   29.1709 |   29.1709 |   29.1709 |   29.1709 |   29.1709 |   29.1709 |   29.1709 |   29.1709 |   29.1709 |   29.1709 |   29.1709 |   29.1709 |   29.1709 |   29.1709 |   29.1709 |   29.1709 |   29.1709 |   29.1709 |   29.1709 |   29.1709 |   29.1709 |   29.1709 |
|        Runtime unhalted [s]       |   28.0393 |   26.0029 |   26.0016 |   26.0020 |   25.9902 |   26.0037 |   28.5106 |   27.7260 |   27.7207 |   22.6707 |   22.6706 |   22.6705 |   26.0094 |   26.0176 |   26.0105 |   26.0146 |   26.0109 |   26.0106 |   22.6698 |   22.6616 |   22.6637 |   22.6671 |   22.6622 |   22.6683 |
|            Clock [MHz]            | 2295.3821 | 2295.9671 | 2296.0793 | 2296.1000 | 2296.0932 | 2296.0802 | 2299.9788 | 2299.9801 | 2299.7955 | 2292.4874 | 2292.2022 | 2292.8558 | 2296.0768 | 2296.0779 | 2296.0811 | 2296.0927 | 2296.0806 | 2296.0792 | 2292.2214 | 2292.5350 | 2292.3854 | 2292.4754 | 2292.3548 | 2292.2294 |
|                CPI                |    0.5475 |    0.5586 |    0.5591 |    0.5601 |    0.5595 |    0.5570 |    0.4105 |    0.4157 |    0.4156 |    0.4228 |    0.4227 |    0.4227 |    0.5598 |    0.5585 |    0.5591 |    0.5601 |    0.5588 |    0.5526 |    0.4228 |    0.4226 |    0.4227 |    0.4227 |    0.4226 |    0.4227 |
|   Local DRAM data volume [GByte]  |    0.2122 |    0.1871 |    0.2029 |    0.3383 |    0.3421 |    0.4668 |    0.4131 |    0.4063 |    0.3941 |    0.3198 |    0.3253 |    0.3179 |    0.3757 |    0.3397 |    0.3240 |    0.3164 |    0.3254 |    0.3246 |    0.2053 |    0.2068 |    0.2004 |    0.1957 |    0.2029 |    0.2024 |
|   Local DRAM bandwidth [MByte/s]  |    7.2761 |    6.4151 |    6.9564 |   11.5980 |   11.7264 |   16.0029 |   14.1630 |   13.9272 |   13.5111 |   10.9621 |   11.1531 |   10.8964 |   12.8801 |   11.6462 |   11.1071 |   10.8449 |   11.1546 |   11.1292 |    7.0367 |    7.0884 |    6.8699 |    6.7076 |    6.9543 |    6.9379 |
|  Remote DRAM data volume [GByte]  |    0.2224 |    0.1630 |    0.1459 |    0.0166 |    0.0150 |    0.1339 |    0.0023 |    0.0005 |    0.0003 |    0.0002 |    0.0002 |    0.0008 |    0.0673 |    0.0204 |    0.0169 |    0.0197 |    0.0187 |    0.0173 |    0.0096 |    0.0070 |    0.0074 |    0.0051 |    0.0048 |    0.0060 |
|  Remote DRAM bandwidth [MByte/s]  |    7.6233 |    5.5886 |    5.0011 |    0.5692 |    0.5136 |    4.5908 |    0.0772 |    0.0166 |    0.0109 |    0.0079 |    0.0064 |    0.0268 |    2.3075 |    0.6979 |    0.5798 |    0.6739 |    0.6401 |    0.5946 |    0.3290 |    0.2404 |    0.2553 |    0.1757 |    0.1663 |    0.2061 |
|     Memory data volume [GByte]    |    0.4346 |    0.3502 |    0.3488 |    0.3549 |    0.3571 |    0.6007 |    0.4154 |    0.4068 |    0.3944 |    0.3200 |    0.3255 |    0.3186 |    0.4430 |    0.3601 |    0.3409 |    0.3360 |    0.3441 |    0.3420 |    0.2149 |    0.2138 |    0.2078 |    0.2008 |    0.2077 |    0.2084 |
|     Memory bandwidth [MByte/s]    |   14.8994 |   12.0037 |   11.9575 |   12.1672 |   12.2399 |   20.5938 |   14.2402 |   13.9439 |   13.5219 |   10.9700 |   11.1595 |   10.9232 |   15.1876 |   12.3441 |   11.6869 |   11.5187 |   11.7947 |   11.7238 |    7.3657 |    7.3288 |    7.1252 |    6.8832 |    7.1206 |    7.1440 |
|          L3 request rate          |  136.5978 |  100.2918 |  160.2382 |  162.3069 |   98.0685 |   33.9629 |   28.6452 |    4.8703 |    4.0966 |    3.8031 |    4.3940 |    5.6738 |   33.2164 |   81.2670 |  184.9062 |  242.9321 |  135.7926 |  560.7389 |    4.1351 |    4.8410 |    4.3056 |    4.8929 |    4.6894 |    4.6757 |
|            L3 miss rate           |    0.0220 |    0.0120 |    0.0097 |    0.0010 |    0.0008 |    0.0088 |    0.0046 |    0.0116 |    0.0076 |    0.0074 |    0.0056 |    0.0221 |    0.0053 |    0.0015 |    0.0011 |    0.0012 |    0.0010 |    0.0014 |    0.2585 |    0.1901 |    0.2132 |    0.1377 |    0.1366 |    0.1659 |
|           L3 miss ratio           |    1.0477 |    0.8712 |    0.7189 |    0.0491 |    0.0438 |    0.2869 |    0.0055 |    0.0012 |    0.0008 |    0.0007 |    0.0006 |    0.0025 |    0.1792 |    0.0599 |    0.0522 |    0.0621 |    0.0574 |    0.0534 |    0.0468 |    0.0339 |    0.0372 |    0.0262 |    0.0239 |    0.0297 |
|          L2 request rate          |    0.0139 |    0.0169 |    0.0175 |    0.0182 |    0.0190 |    0.0179 |    0.0021 |    0.0011 |    0.0010 |    0.0011 |    0.0010 |    0.0011 |    0.0162 |    0.0173 |    0.0179 |    0.0186 |    0.0190 |    0.0165 |    0.0011 |    0.0011 |    0.0011 |    0.0011 |    0.0010 |    0.0011 |
|            L2 miss rate           |    0.0035 |    0.0042 |    0.0044 |    0.0046 |    0.0049 |    0.0043 |    0.0002 |    0.0002 |    0.0002 |    0.0002 |    0.0002 |    0.0002 |    0.0040 |    0.0042 |    0.0043 |    0.0047 |    0.0048 |    0.0040 |    0.0002 |    0.0002 |    0.0002 |    0.0002 |    0.0002 |    0.0002 |
|           L2 miss ratio           |    0.2488 |    0.2466 |    0.2488 |    0.2543 |    0.2553 |    0.2417 |    0.1072 |    0.1425 |    0.1510 |    0.1336 |    0.1495 |    0.1464 |    0.2465 |    0.2414 |    0.2419 |    0.2504 |    0.2545 |    0.2400 |    0.1374 |    0.1442 |    0.1424 |    0.1414 |    0.1529 |    0.1431 |
|  Memory read bandwidth [MBytes/s] |  399.1752 |         0 |         0 |         0 |         0 |         0 |         0 |         0 |         0 |         0 |         0 |         0 |  483.8049 |         0 |         0 |         0 |         0 |         0 |         0 |         0 |         0 |         0 |         0 |         0 |
|  Memory read data volume [GBytes] |   11.6443 |         0 |         0 |         0 |         0 |         0 |         0 |         0 |         0 |         0 |         0 |         0 |   14.1130 |         0 |         0 |         0 |         0 |         0 |         0 |         0 |         0 |         0 |         0 |         0 |
| Memory write bandwidth [MBytes/s] |  185.1566 |         0 |         0 |         0 |         0 |         0 |         0 |         0 |         0 |         0 |         0 |         0 |  147.2662 |         0 |         0 |         0 |         0 |         0 |         0 |         0 |         0 |         0 |         0 |         0 |
| Memory write data volume [GBytes] |    5.4012 |         0 |         0 |         0 |         0 |         0 |         0 |         0 |         0 |         0 |         0 |         0 |    4.2959 |         0 |         0 |         0 |         0 |         0 |         0 |         0 |         0 |         0 |         0 |         0 |
|    Memory bandwidth [MBytes/s]    |  584.3319 |         0 |         0 |         0 |         0 |         0 |         0 |         0 |         0 |         0 |         0 |         0 |  631.0711 |         0 |         0 |         0 |         0 |         0 |         0 |         0 |         0 |         0 |         0 |         0 |
|    Memory data volume [GBytes]    |   17.0455 |         0 |         0 |         0 |         0 |         0 |         0 |         0 |         0 |         0 |         0 |         0 |   18.4089 |         0 |         0 |         0 |         0 |         0 |         0 |         0 |         0 |         0 |         0 |         0 |
|          Temperature [C]          |        39 |        37 |        36 |        37 |        38 |        37 |        40 |        40 |        39 |        40 |        40 |        37 |        36 |        37 |        37 |        39 |        38 |        36 |        39 |        40 |        40 |        42 |        40 |        39 |
|             Energy [J]            | 1847.4620 |         0 |         0 |         0 |         0 |         0 |         0 |         0 |         0 |         0 |         0 |         0 | 1796.5712 |         0 |         0 |         0 |         0 |         0 |         0 |         0 |         0 |         0 |         0 |         0 |
|             Power [W]             |   63.3324 |         0 |         0 |         0 |         0 |         0 |         0 |         0 |         0 |         0 |         0 |         0 |   61.5878 |         0 |         0 |         0 |         0 |         0 |         0 |         0 |         0 |         0 |         0 |         0 |
|           Energy PP0 [J]          |         0 |         0 |         0 |         0 |         0 |         0 |         0 |         0 |         0 |         0 |         0 |         0 |         0 |         0 |         0 |         0 |         0 |         0 |         0 |         0 |         0 |         0 |         0 |         0 |
|           Power PP0 [W]           |         0 |         0 |         0 |         0 |         0 |         0 |         0 |         0 |         0 |         0 |         0 |         0 |         0 |         0 |         0 |         0 |         0 |         0 |         0 |         0 |         0 |         0 |         0 |         0 |
|          Energy DRAM [J]          |  160.0500 |         0 |         0 |         0 |         0 |         0 |         0 |         0 |         0 |         0 |         0 |         0 |  180.7976 |         0 |         0 |         0 |         0 |         0 |         0 |         0 |         0 |         0 |         0 |         0 |
|           Power DRAM [W]          |    5.4866 |         0 |         0 |         0 |         0 |         0 |         0 |         0 |         0 |         0 |         0 |         0 |    6.1979 |         0 |         0 |         0 |         0 |         0 |         0 |         0 |         0 |         0 |         0 |         0 |
+-----------------------------------+-----------+-----------+-----------+-----------+-----------+-----------+-----------+-----------+-----------+-----------+-----------+-----------+-----------+-----------+-----------+-----------+-----------+-----------+-----------+-----------+-----------+-----------+-----------+-----------+
+----------------------------------------+------------+-----------+-----------+-----------+
|                 Metric                 |     Sum    |    Min    |    Max    |    Avg    |
+----------------------------------------+------------+-----------+-----------+-----------+
|        Runtime (RDTSC) [s] STAT        |   700.1016 |   29.1709 |   29.1709 |   29.1709 |
|        Runtime unhalted [s] STAT       |   602.0751 |   22.6616 |   28.5106 |   25.0865 |
|            Clock [MHz] STAT            | 55083.6914 | 2292.2022 | 2299.9801 | 2295.1538 |
|                CPI STAT                |    11.7368 |    0.4105 |    0.5601 |    0.4890 |
|   Local DRAM data volume [GByte] STAT  |     7.1452 |    0.1871 |    0.4668 |    0.2977 |
|   Local DRAM bandwidth [MByte/s] STAT  |   244.9447 |    6.4151 |   16.0029 |   10.2060 |
|  Remote DRAM data volume [GByte] STAT  |     0.9013 |    0.0002 |    0.2224 |    0.0376 |
|  Remote DRAM bandwidth [MByte/s] STAT  |    30.8990 |    0.0064 |    7.6233 |    1.2875 |
|     Memory data volume [GByte] STAT    |     8.0465 |    0.2008 |    0.6007 |    0.3353 |
|     Memory bandwidth [MByte/s] STAT    |   275.8435 |    6.8832 |   20.5938 |   11.4935 |
|          L3 request rate STAT          |  2009.3420 |    3.8031 |  560.7389 |   83.7226 |
|            L3 miss rate STAT           |     1.2267 |    0.0008 |    0.2585 |    0.0511 |
|           L3 miss ratio STAT           |     3.6908 |    0.0006 |    1.0477 |    0.1538 |
|          L2 request rate STAT          |     0.2228 |    0.0010 |    0.0190 |    0.0093 |
|            L2 miss rate STAT           |     0.0543 |    0.0002 |    0.0049 |    0.0023 |
|           L2 miss ratio STAT           |     4.6618 |    0.1072 |    0.2553 |    0.1942 |
|  Memory read bandwidth [MBytes/s] STAT |   882.9801 |         0 |  483.8049 |   36.7908 |
|  Memory read data volume [GBytes] STAT |    25.7573 |         0 |   14.1130 |    1.0732 |
| Memory write bandwidth [MBytes/s] STAT |   332.4228 |         0 |  185.1566 |   13.8509 |
| Memory write data volume [GBytes] STAT |     9.6971 |         0 |    5.4012 |    0.4040 |
|    Memory bandwidth [MBytes/s] STAT    |  1215.4030 |         0 |  631.0711 |   50.6418 |
|    Memory data volume [GBytes] STAT    |    35.4544 |         0 |   18.4089 |    1.4773 |
|          Temperature [C] STAT          |        923 |        36 |        42 |   38.4583 |
|             Energy [J] STAT            |  3644.0332 |         0 | 1847.4620 |  151.8347 |
|             Power [W] STAT             |   124.9202 |         0 |   63.3324 |    5.2050 |
|           Energy PP0 [J] STAT          |          0 |         0 |         0 |         0 |
|           Power PP0 [W] STAT           |          0 |         0 |         0 |         0 |
|          Energy DRAM [J] STAT          |   340.8476 |         0 |  180.7976 |   14.2020 |
|           Power DRAM [W] STAT          |    11.6845 |         0 |    6.1979 |    0.4869 |
+----------------------------------------+------------+-----------+-----------+-----------+
