--------------------------------------------------------------------------------
CPU name:	Intel(R) Xeon(R) CPU E5-2670 v3 @ 2.30GHz
CPU type:	Intel Xeon Haswell EN/EP/EX processor
CPU clock:	2.30 GHz
--------------------------------------------------------------------------------
Group 1: POWERPERF
+--------------------------------+---------+--------------+--------------+--------------+--------------+--------------+--------------+--------------+--------------+--------------+--------------+-------------+-------------+--------------+--------------+--------------+--------------+--------------+--------------+--------------+-------------+-------------+-------------+--------------+-------------+
|              Event             | Counter |    Core 0    |    Core 1    |    Core 2    |    Core 3    |    Core 4    |    Core 5    |    Core 6    |    Core 7    |    Core 8    |    Core 9    |   Core 10   |   Core 11   |    Core 12   |    Core 13   |    Core 14   |    Core 15   |    Core 16   |    Core 17   |    Core 18   |   Core 19   |   Core 20   |   Core 21   |    Core 22   |   Core 23   |
+--------------------------------+---------+--------------+--------------+--------------+--------------+--------------+--------------+--------------+--------------+--------------+--------------+-------------+-------------+--------------+--------------+--------------+--------------+--------------+--------------+--------------+-------------+-------------+-------------+--------------+-------------+
|        INSTR_RETIRED_ANY       |  FIXC0  | 117828280261 | 107112568977 | 107002542997 | 106855259594 | 106926006387 | 107400704807 |  80053592089 |  80227298179 |  79696403590 |  80141595751 | 50466648501 | 42899727233 | 106929443359 | 107117645745 | 106964659083 | 106789739009 | 107065193652 | 108327326254 |  80045225835 | 71641501270 | 58223437865 | 41956386192 |  78437925481 | 48538074001 |
|      CPU_CLK_UNHALTED_CORE     |  FIXC1  |  64625616530 |  59945477335 |  59947220983 |  59957880909 |  59960079451 |  59962586421 |  66381904002 |  66392023935 |  66404088660 |  66401029348 | 41656028249 | 35994365136 |  59964481858 |  59992563992 |  59980713105 |  59978722080 |  59982879652 |  59993076428 |  66420570137 | 58317377973 | 48597447900 | 35160534998 |  66416077469 | 40928337038 |
|      CPU_CLK_UNHALTED_REF      |  FIXC2  |  64761107843 |  60050845337 |  60052956093 |  60063424267 |  60065909394 |  60068202632 |  66381932218 |  66392036555 |  66404013575 |  66400973274 | 41656074203 | 35995598966 |  60070333789 |  60100318038 |  60086337902 |  60084386398 |  60088645952 |  60098651711 |  66420603981 | 58317399898 | 48597419233 | 35163157183 |  66416064724 | 40928332790 |
|           FIXC1/FIXC0          |   CPI   |            0 |            0 |            0 |            0 |            0 |            0 |            0 |            0 |            0 |            0 |           0 |           0 |            0 |            0 |            0 |            0 |            0 |            0 |            0 |           0 |           0 |           0 |            0 |           0 |
|  OFFCORE_RESPONSE_0_LOCAL_DRAM |   PMC0  |      5573092 |      4411022 |      4471287 |      4506225 |      4580976 |      7485922 |        15036 |         6853 |         5473 |         9886 |        5032 |        7895 |      3885187 |      3456123 |      3266770 |      3324970 |      3262485 |      3329881 |        10904 |        4979 |        5912 |        6049 |         5323 |        3592 |
| OFFCORE_RESPONSE_1_REMOTE_DRAM |   PMC1  |      1073185 |       811979 |       781826 |       811717 |       814468 |      1805090 |       399127 |         3091 |         3749 |         2489 |        1831 |        1962 |      2879078 |      1982841 |      1855676 |      1802844 |      1819411 |      1798057 |         3424 |        3883 |        3453 |      119181 |         2861 |        2000 |
|  MEM_LOAD_UOPS_RETIRED_L3_ALL  |   PMC2  |    159714256 |    218670307 |    238295807 |    256486379 |    286283845 |    245086679 |    351793812 |    352597599 |    345763868 |    344324177 |   210802651 |   187671008 |    194291688 |    214434010 |    239946793 |    263379760 |    285331096 |    190280852 |    357334357 |   297775719 |   251180801 |   184889349 |    355111272 |   215657847 |
|  MEM_LOAD_UOPS_RETIRED_L3_MISS |   PMC3  |      1048547 |      2112820 |      1424720 |      1583780 |      2874181 |      6539469 |        97236 |        25161 |        28173 |        27438 |       17015 |       13348 |      5782050 |      2313033 |      1081151 |      1084763 |      1918998 |       313423 |        52593 |       51368 |       44476 |       34823 |        51268 |       34436 |
|      L2_TRANS_ALL_REQUESTS     |   PMC4  |   1641720625 |   1805035773 |   1870990202 |   1929522023 |   2022054675 |   1930098662 |   3132397113 |   3161075494 |   3103148675 |   3096025035 |  1917693127 |  1673350635 |   1725566438 |   1880620199 |   1941516488 |   1998013246 |   2056554763 |   1781341200 |   3197842535 |  2747904754 |  2248207277 |  1634074911 |   3105419434 |  1916613041 |
|          L2_RQSTS_MISS         |   PMC5  |    408910843 |    453364718 |    470166421 |    490964635 |    525990822 |    472098985 |   1051912515 |   1064146246 |   1046035235 |   1040150655 |   636500231 |   564872326 |    426027532 |    449692469 |    472503072 |    499118438 |    522652374 |    424436317 |   1076843573 |   903355601 |   753963682 |   553192842 |   1055729923 |   649770013 |
|        UOPS_RETIRED_ALL        |   PMC6  | 143555860851 | 130033415054 | 129831424866 | 129574555347 | 129622136012 | 130244103222 | 108025928458 | 108275745395 | 107565385834 | 108167840941 | 68093780940 | 57882392936 | 129884487044 | 130025701827 | 129768411146 | 129416679269 | 129780081227 | 131719764940 | 108011715221 | 96670543497 | 78560671400 | 56614008388 | 105853894394 | 65502182632 |
|            TEMP_CORE           |   TMP0  |           38 |           34 |           35 |           36 |           37 |           34 |           38 |           37 |           38 |           38 |          34 |          31 |           34 |           36 |           37 |           39 |           35 |           35 |           37 |          36 |          34 |          36 |           36 |          35 |
|         PWR_PKG_ENERGY         |   PWR0  |    1905.9979 |            0 |            0 |            0 |            0 |            0 |            0 |            0 |            0 |            0 |           0 |           0 |    1854.0732 |            0 |            0 |            0 |            0 |            0 |            0 |           0 |           0 |           0 |            0 |           0 |
|         PWR_PP0_ENERGY         |   PWR1  |            0 |            0 |            0 |            0 |            0 |            0 |            0 |            0 |            0 |            0 |           0 |           0 |            0 |            0 |            0 |            0 |            0 |            0 |            0 |           0 |           0 |           0 |            0 |           0 |
|         PWR_DRAM_ENERGY        |   PWR3  |     154.4934 |            0 |            0 |            0 |            0 |            0 |            0 |            0 |            0 |            0 |           0 |           0 |     173.1158 |            0 |            0 |            0 |            0 |            0 |            0 |           0 |           0 |           0 |            0 |           0 |
|          CAS_COUNT_RD          | MBOX0C0 |     49190943 |            0 |            0 |            0 |            0 |            0 |            0 |            0 |            0 |            0 |           0 |           0 |     32253990 |            0 |            0 |            0 |            0 |            0 |            0 |           0 |           0 |           0 |            0 |           0 |
|          CAS_COUNT_WR          | MBOX0C1 |     12351002 |            0 |            0 |            0 |            0 |            0 |            0 |            0 |            0 |            0 |           0 |           0 |      6808078 |            0 |            0 |            0 |            0 |            0 |            0 |           0 |           0 |           0 |            0 |           0 |
|          CAS_COUNT_RD          | MBOX1C0 |     47287578 |            0 |            0 |            0 |            0 |            0 |            0 |            0 |            0 |            0 |           0 |           0 |     33787442 |            0 |            0 |            0 |            0 |            0 |            0 |           0 |           0 |           0 |            0 |           0 |
|          CAS_COUNT_WR          | MBOX1C1 |     10805154 |            0 |            0 |            0 |            0 |            0 |            0 |            0 |            0 |            0 |           0 |           0 |      8261216 |            0 |            0 |            0 |            0 |            0 |            0 |           0 |           0 |           0 |            0 |           0 |
|          CAS_COUNT_RD          | MBOX2C0 |            0 |            0 |            0 |            0 |            0 |            0 |            0 |            0 |            0 |            0 |           0 |           0 |            0 |            0 |            0 |            0 |            0 |            0 |            0 |           0 |           0 |           0 |            0 |           0 |
|          CAS_COUNT_WR          | MBOX2C1 |            0 |            0 |            0 |            0 |            0 |            0 |            0 |            0 |            0 |            0 |           0 |           0 |            0 |            0 |            0 |            0 |            0 |            0 |            0 |           0 |           0 |           0 |            0 |           0 |
|          CAS_COUNT_RD          | MBOX3C0 |            0 |            0 |            0 |            0 |            0 |            0 |            0 |            0 |            0 |            0 |           0 |           0 |            0 |            0 |            0 |            0 |            0 |            0 |            0 |           0 |           0 |           0 |            0 |           0 |
|          CAS_COUNT_WR          | MBOX3C1 |            0 |            0 |            0 |            0 |            0 |            0 |            0 |            0 |            0 |            0 |           0 |           0 |            0 |            0 |            0 |            0 |            0 |            0 |            0 |           0 |           0 |           0 |            0 |           0 |
|          CAS_COUNT_RD          | MBOX4C0 |     50056663 |            0 |            0 |            0 |            0 |            0 |            0 |            0 |            0 |            0 |           0 |           0 |     33280219 |            0 |            0 |            0 |            0 |            0 |            0 |           0 |           0 |           0 |            0 |           0 |
|          CAS_COUNT_WR          | MBOX4C1 |     13010560 |            0 |            0 |            0 |            0 |            0 |            0 |            0 |            0 |            0 |           0 |           0 |      7118947 |            0 |            0 |            0 |            0 |            0 |            0 |           0 |           0 |           0 |            0 |           0 |
|          CAS_COUNT_RD          | MBOX5C0 |     48320265 |            0 |            0 |            0 |            0 |            0 |            0 |            0 |            0 |            0 |           0 |           0 |     33890335 |            0 |            0 |            0 |            0 |            0 |            0 |           0 |           0 |           0 |            0 |           0 |
|          CAS_COUNT_WR          | MBOX5C1 |     11417216 |            0 |            0 |            0 |            0 |            0 |            0 |            0 |            0 |            0 |           0 |           0 |      8298442 |            0 |            0 |            0 |            0 |            0 |            0 |           0 |           0 |           0 |            0 |           0 |
|          CAS_COUNT_RD          | MBOX6C0 |            0 |            0 |            0 |            0 |            0 |            0 |            0 |            0 |            0 |            0 |           0 |           0 |            0 |            0 |            0 |            0 |            0 |            0 |            0 |           0 |           0 |           0 |            0 |           0 |
|          CAS_COUNT_WR          | MBOX6C1 |            0 |            0 |            0 |            0 |            0 |            0 |            0 |            0 |            0 |            0 |           0 |           0 |            0 |            0 |            0 |            0 |            0 |            0 |            0 |           0 |           0 |           0 |            0 |           0 |
|          CAS_COUNT_RD          | MBOX7C0 |            0 |            0 |            0 |            0 |            0 |            0 |            0 |            0 |            0 |            0 |           0 |           0 |            0 |            0 |            0 |            0 |            0 |            0 |            0 |           0 |           0 |           0 |            0 |           0 |
|          CAS_COUNT_WR          | MBOX7C1 |            0 |            0 |            0 |            0 |            0 |            0 |            0 |            0 |            0 |            0 |           0 |           0 |            0 |            0 |            0 |            0 |            0 |            0 |            0 |           0 |           0 |           0 |            0 |           0 |
+--------------------------------+---------+--------------+--------------+--------------+--------------+--------------+--------------+--------------+--------------+--------------+--------------+-------------+-------------+--------------+--------------+--------------+--------------+--------------+--------------+--------------+-------------+-------------+-------------+--------------+-------------+
+-------------------------------------+---------+---------------+-------------+--------------+--------------+
|                Event                | Counter |      Sum      |     Min     |      Max     |      Avg     |
+-------------------------------------+---------+---------------+-------------+--------------+--------------+
|        INSTR_RETIRED_ANY STAT       |  FIXC0  | 2088647186112 | 41956386192 | 117828280261 |  87026966088 |
|      CPU_CLK_UNHALTED_CORE STAT     |  FIXC1  | 1383361083589 | 35160534998 |  66420570137 | 5.764005e+10 |
|      CPU_CLK_UNHALTED_REF STAT      |  FIXC2  | 1384664725956 | 35163157183 |  66420603981 | 5.769436e+10 |
|           FIXC1/FIXC0 STAT          |   CPI   |             0 |           0 |            0 |            0 |
|  OFFCORE_RESPONSE_0_LOCAL_DRAM STAT |   PMC0  |      51640874 |        3592 |      7485922 | 2.151703e+06 |
| OFFCORE_RESPONSE_1_REMOTE_DRAM STAT |   PMC1  |      18783223 |        1831 |      2879078 |  782634.2917 |
|  MEM_LOAD_UOPS_RETIRED_L3_ALL STAT  |   PMC2  |    6247103932 |   159714256 |    357334357 | 2.602960e+08 |
|  MEM_LOAD_UOPS_RETIRED_L3_MISS STAT |   PMC3  |      28554270 |       13348 |      6539469 | 1.189761e+06 |
|      L2_TRANS_ALL_REQUESTS STAT     |   PMC4  |   53516786325 |  1634074911 |   3197842535 | 2.229866e+09 |
|          L2_RQSTS_MISS STAT         |   PMC5  |   16012399468 |   408910843 |   1076843573 | 6.671833e+08 |
|        UOPS_RETIRED_ALL STAT        |   PMC6  | 2642680710841 | 56614008388 | 143555860851 | 1.101117e+11 |
|            TEMP_CORE STAT           |   TMP0  |           860 |          31 |           39 |      35.8333 |
|         PWR_PKG_ENERGY STAT         |   PWR0  |     3760.0711 |           0 |    1905.9979 |     156.6696 |
|         PWR_PP0_ENERGY STAT         |   PWR1  |             0 |           0 |            0 |            0 |
|         PWR_DRAM_ENERGY STAT        |   PWR3  |      327.6092 |           0 |     173.1158 |      13.6504 |
|          CAS_COUNT_RD STAT          | MBOX0C0 |      81444933 |           0 |     49190943 | 3.393539e+06 |
|          CAS_COUNT_WR STAT          | MBOX0C1 |      19159080 |           0 |     12351002 |       798295 |
|          CAS_COUNT_RD STAT          | MBOX1C0 |      81075020 |           0 |     47287578 | 3.378126e+06 |
|          CAS_COUNT_WR STAT          | MBOX1C1 |      19066370 |           0 |     10805154 |  794432.0833 |
|          CAS_COUNT_RD STAT          | MBOX2C0 |             0 |           0 |            0 |            0 |
|          CAS_COUNT_WR STAT          | MBOX2C1 |             0 |           0 |            0 |            0 |
|          CAS_COUNT_RD STAT          | MBOX3C0 |             0 |           0 |            0 |            0 |
|          CAS_COUNT_WR STAT          | MBOX3C1 |             0 |           0 |            0 |            0 |
|          CAS_COUNT_RD STAT          | MBOX4C0 |      83336882 |           0 |     50056663 | 3.472370e+06 |
|          CAS_COUNT_WR STAT          | MBOX4C1 |      20129507 |           0 |     13010560 |  838729.4583 |
|          CAS_COUNT_RD STAT          | MBOX5C0 |      82210600 |           0 |     48320265 | 3.425442e+06 |
|          CAS_COUNT_WR STAT          | MBOX5C1 |      19715658 |           0 |     11417216 |  821485.7500 |
|          CAS_COUNT_RD STAT          | MBOX6C0 |             0 |           0 |            0 |            0 |
|          CAS_COUNT_WR STAT          | MBOX6C1 |             0 |           0 |            0 |            0 |
|          CAS_COUNT_RD STAT          | MBOX7C0 |             0 |           0 |            0 |            0 |
|          CAS_COUNT_WR STAT          | MBOX7C1 |             0 |           0 |            0 |            0 |
+-------------------------------------+---------+---------------+-------------+--------------+--------------+
+-----------------------------------+-----------+-----------+-----------+-----------+-----------+-----------+-----------+--------------+--------------+--------------+--------------+--------------+-----------+-----------+-----------+-----------+-----------+-----------+--------------+--------------+--------------+-----------+--------------+--------------+
|               Metric              |   Core 0  |   Core 1  |   Core 2  |   Core 3  |   Core 4  |   Core 5  |   Core 6  |    Core 7    |    Core 8    |    Core 9    |    Core 10   |    Core 11   |  Core 12  |  Core 13  |  Core 14  |  Core 15  |  Core 16  |  Core 17  |    Core 18   |    Core 19   |    Core 20   |  Core 21  |    Core 22   |    Core 23   |
+-----------------------------------+-----------+-----------+-----------+-----------+-----------+-----------+-----------+--------------+--------------+--------------+--------------+--------------+-----------+-----------+-----------+-----------+-----------+-----------+--------------+--------------+--------------+-----------+--------------+--------------+
|        Runtime (RDTSC) [s]        |   29.0920 |   29.0920 |   29.0920 |   29.0920 |   29.0920 |   29.0920 |   29.0920 |      29.0920 |      29.0920 |      29.0920 |      29.0920 |      29.0920 |   29.0920 |   29.0920 |   29.0920 |   29.0920 |   29.0920 |   29.0920 |      29.0920 |      29.0920 |      29.0920 |   29.0920 |      29.0920 |      29.0920 |
|        Runtime unhalted [s]       |   28.0983 |   26.0634 |   26.0642 |   26.0688 |   26.0698 |   26.0709 |   28.8619 |      28.8663 |      28.8715 |      28.8702 |      18.1114 |      15.6498 |   26.0717 |   26.0839 |   26.0788 |   26.0779 |   26.0797 |   26.0841 |      28.8787 |      25.3556 |      21.1295 |   15.2873 |      28.8768 |      17.7951 |
|            Clock [MHz]            | 2295.1717 | 2295.9480 | 2295.9341 | 2295.9421 | 2295.9313 | 2295.9397 | 2299.9827 |    2299.9832 |    2299.9863 |    2299.9856 |    2299.9811 |    2299.9048 | 2295.9308 | 2295.8600 | 2295.9406 | 2295.9389 | 2295.9353 | 2295.9433 |    2299.9825 |    2299.9828 |    2299.9850 | 2299.8122 |    2299.9841 |    2299.9839 |
|                CPI                |    0.5485 |    0.5596 |    0.5602 |    0.5611 |    0.5608 |    0.5583 |    0.8292 |       0.8275 |       0.8332 |       0.8285 |       0.8254 |       0.8390 |    0.5608 |    0.5601 |    0.5608 |    0.5617 |    0.5602 |    0.5538 |       0.8298 |       0.8140 |       0.8347 |    0.8380 |       0.8467 |       0.8432 |
|   Local DRAM data volume [GByte]  |    0.3567 |    0.2823 |    0.2862 |    0.2884 |    0.2932 |    0.4791 |    0.0010 |       0.0004 |       0.0004 |       0.0006 |       0.0003 |       0.0005 |    0.2487 |    0.2212 |    0.2091 |    0.2128 |    0.2088 |    0.2131 |       0.0007 |       0.0003 |       0.0004 |    0.0004 |       0.0003 |       0.0002 |
|   Local DRAM bandwidth [MByte/s]  |   12.2603 |    9.7039 |    9.8365 |    9.9133 |   10.0778 |   16.4684 |    0.0331 |       0.0151 |       0.0120 |       0.0217 |       0.0111 |       0.0174 |    8.5471 |    7.6032 |    7.1866 |    7.3147 |    7.1772 |    7.3255 |       0.0240 |       0.0110 |       0.0130 |    0.0133 |       0.0117 |       0.0079 |
|  Remote DRAM data volume [GByte]  |    0.0687 |    0.0520 |    0.0500 |    0.0519 |    0.0521 |    0.1155 |    0.0255 |       0.0002 |       0.0002 |       0.0002 |       0.0001 |       0.0001 |    0.1843 |    0.1269 |    0.1188 |    0.1154 |    0.1164 |    0.1151 |       0.0002 |       0.0002 |       0.0002 |    0.0076 |       0.0002 |       0.0001 |
|  Remote DRAM bandwidth [MByte/s]  |    2.3609 |    1.7863 |    1.7200 |    1.7857 |    1.7918 |    3.9711 |    0.8780 |       0.0068 |       0.0082 |       0.0055 |       0.0040 |       0.0043 |    6.3337 |    4.3621 |    4.0823 |    3.9661 |    4.0026 |    3.9556 |       0.0075 |       0.0085 |       0.0076 |    0.2622 |       0.0063 |       0.0044 |
|     Memory data volume [GByte]    |    0.4254 |    0.3343 |    0.3362 |    0.3403 |    0.3453 |    0.5946 |    0.0265 |       0.0006 |       0.0006 |       0.0008 |       0.0004 |       0.0006 |    0.4329 |    0.3481 |    0.3278 |    0.3282 |    0.3252 |    0.3282 |       0.0009 |       0.0006 |       0.0006 |    0.0080 |       0.0005 |       0.0004 |
|     Memory bandwidth [MByte/s]    |   14.6213 |   11.4902 |   11.5564 |   11.6990 |   11.8695 |   20.4395 |    0.9111 |       0.0219 |       0.0203 |       0.0272 |       0.0151 |       0.0217 |   14.8808 |   11.9653 |   11.2690 |   11.2808 |   11.1798 |   11.2810 |       0.0315 |       0.0195 |       0.0206 |    0.2755 |       0.0180 |       0.0123 |
|          L3 request rate          |  152.3196 |  103.4969 |  167.2580 |  161.9457 |   99.6054 |   37.4781 | 3617.9379 |   14013.6560 |   12272.8807 |   12549.1718 |   12389.2243 |   14059.8598 |   33.6026 |   92.7069 |  221.9364 |  242.7994 |  148.6875 |  607.1056 |    6794.3330 |    5796.9109 |    5647.5583 | 5309.4032 |    6926.5677 |    6262.5696 |
|            L3 miss rate           |    0.0067 |    0.0037 |    0.0033 |    0.0032 |    0.0028 |    0.0074 |    0.0011 | 8.766367e-06 | 1.084266e-05 | 7.228653e-06 | 8.685849e-06 | 1.045447e-05 |    0.0148 |    0.0092 |    0.0077 |    0.0068 |    0.0064 |    0.0094 | 9.582062e-06 | 1.304002e-05 | 1.374707e-05 |    0.0006 | 8.056630e-06 | 9.273950e-06 |
|           L3 miss ratio           |    0.1926 |    0.1841 |    0.1749 |    0.1801 |    0.1778 |    0.2411 |   26.5448 |       0.4510 |       0.6850 |       0.2518 |       0.3639 |       0.2485 |    0.7410 |    0.5737 |    0.5680 |    0.5422 |    0.5577 |    0.5400 |       0.3140 |       0.7799 |       0.5841 |   19.7026 |       0.5375 |       0.5568 |
|          L2 request rate          |    0.0139 |    0.0169 |    0.0175 |    0.0181 |    0.0189 |    0.0180 |    0.0391 |       0.0394 |       0.0389 |       0.0386 |       0.0380 |       0.0390 |    0.0161 |    0.0176 |    0.0182 |    0.0187 |    0.0192 |    0.0164 |       0.0400 |       0.0384 |       0.0386 |    0.0389 |       0.0396 |       0.0395 |
|            L2 miss rate           |    0.0035 |    0.0042 |    0.0044 |    0.0046 |    0.0049 |    0.0044 |    0.0131 |       0.0133 |       0.0131 |       0.0130 |       0.0126 |       0.0132 |    0.0040 |    0.0042 |    0.0044 |    0.0047 |    0.0049 |    0.0039 |       0.0135 |       0.0126 |       0.0129 |    0.0132 |       0.0135 |       0.0134 |
|           L2 miss ratio           |    0.2491 |    0.2512 |    0.2513 |    0.2544 |    0.2601 |    0.2446 |    0.3358 |       0.3366 |       0.3371 |       0.3360 |       0.3319 |       0.3376 |    0.2469 |    0.2391 |    0.2434 |    0.2498 |    0.2541 |    0.2383 |       0.3367 |       0.3287 |       0.3354 |    0.3385 |       0.3400 |       0.3390 |
|  Memory read bandwidth [MBytes/s] |  428.6661 |         0 |         0 |         0 |         0 |         0 |         0 |            0 |            0 |            0 |            0 |            0 |  293.0555 |         0 |         0 |         0 |         0 |         0 |            0 |            0 |            0 |         0 |            0 |            0 |
|  Memory read data volume [GBytes] |   12.4707 |         0 |         0 |         0 |         0 |         0 |         0 |            0 |            0 |            0 |            0 |            0 |    8.5256 |         0 |         0 |         0 |         0 |         0 |            0 |            0 |            0 |         0 |            0 |            0 |
| Memory write bandwidth [MBytes/s] |  104.6808 |         0 |         0 |         0 |         0 |         0 |         0 |            0 |            0 |            0 |            0 |            0 |   67.0682 |         0 |         0 |         0 |         0 |         0 |            0 |            0 |            0 |         0 |            0 |            0 |
| Memory write data volume [GBytes] |    3.0454 |         0 |         0 |         0 |         0 |         0 |         0 |            0 |            0 |            0 |            0 |            0 |    1.9511 |         0 |         0 |         0 |         0 |         0 |            0 |            0 |            0 |         0 |            0 |            0 |
|    Memory bandwidth [MBytes/s]    |  533.3468 |         0 |         0 |         0 |         0 |         0 |         0 |            0 |            0 |            0 |            0 |            0 |  360.1237 |         0 |         0 |         0 |         0 |         0 |            0 |            0 |            0 |         0 |            0 |            0 |
|    Memory data volume [GBytes]    |   15.5161 |         0 |         0 |         0 |         0 |         0 |         0 |            0 |            0 |            0 |            0 |            0 |   10.4767 |         0 |         0 |         0 |         0 |         0 |            0 |            0 |            0 |         0 |            0 |            0 |
|          Temperature [C]          |        38 |        34 |        35 |        36 |        37 |        34 |        38 |           37 |           38 |           38 |           34 |           31 |        34 |        36 |        37 |        39 |        35 |        35 |           37 |           36 |           34 |        36 |           36 |           35 |
|             Energy [J]            | 1905.9979 |         0 |         0 |         0 |         0 |         0 |         0 |            0 |            0 |            0 |            0 |            0 | 1854.0732 |         0 |         0 |         0 |         0 |         0 |            0 |            0 |            0 |         0 |            0 |            0 |
|             Power [W]             |   65.5162 |         0 |         0 |         0 |         0 |         0 |         0 |            0 |            0 |            0 |            0 |            0 |   63.7314 |         0 |         0 |         0 |         0 |         0 |            0 |            0 |            0 |         0 |            0 |            0 |
|           Energy PP0 [J]          |         0 |         0 |         0 |         0 |         0 |         0 |         0 |            0 |            0 |            0 |            0 |            0 |         0 |         0 |         0 |         0 |         0 |         0 |            0 |            0 |            0 |         0 |            0 |            0 |
|           Power PP0 [W]           |         0 |         0 |         0 |         0 |         0 |         0 |         0 |            0 |            0 |            0 |            0 |            0 |         0 |         0 |         0 |         0 |         0 |         0 |            0 |            0 |            0 |         0 |            0 |            0 |
|          Energy DRAM [J]          |  154.4934 |         0 |         0 |         0 |         0 |         0 |         0 |            0 |            0 |            0 |            0 |            0 |  173.1158 |         0 |         0 |         0 |         0 |         0 |            0 |            0 |            0 |         0 |            0 |            0 |
|           Power DRAM [W]          |    5.3105 |         0 |         0 |         0 |         0 |         0 |         0 |            0 |            0 |            0 |            0 |            0 |    5.9506 |         0 |         0 |         0 |         0 |         0 |            0 |            0 |            0 |         0 |            0 |            0 |
+-----------------------------------+-----------+-----------+-----------+-----------+-----------+-----------+-----------+--------------+--------------+--------------+--------------+--------------+-----------+-----------+-----------+-----------+-----------+-----------+--------------+--------------+--------------+-----------+--------------+--------------+
+----------------------------------------+-------------+--------------+------------+-----------+
|                 Metric                 |     Sum     |      Min     |     Max    |    Avg    |
+----------------------------------------+-------------+--------------+------------+-----------+
|        Runtime (RDTSC) [s] STAT        |    698.2080 |      29.0920 |    29.0920 |   29.0920 |
|        Runtime unhalted [s] STAT       |    601.4656 |      15.2873 |    28.8787 |   25.0611 |
|            Clock [MHz] STAT            |  55149.9700 |    2295.1717 |  2299.9863 | 2297.9154 |
|                CPI STAT                |     16.6951 |       0.5485 |     0.8467 |    0.6956 |
|   Local DRAM data volume [GByte] STAT  |      3.3051 |       0.0002 |     0.4791 |    0.1377 |
|   Local DRAM bandwidth [MByte/s] STAT  |    113.6058 |       0.0079 |    16.4684 |    4.7336 |
|  Remote DRAM data volume [GByte] STAT  |      1.2019 |       0.0001 |     0.1843 |    0.0501 |
|  Remote DRAM bandwidth [MByte/s] STAT  |     41.3215 |       0.0040 |     6.3337 |    1.7217 |
|     Memory data volume [GByte] STAT    |      4.5070 |       0.0004 |     0.5946 |    0.1878 |
|     Memory bandwidth [MByte/s] STAT    |    154.9273 |       0.0123 |    20.4395 |    6.4553 |
|          L3 request rate STAT          | 107709.0153 |      33.6026 | 14059.8598 | 4487.8756 |
|            L3 miss rate STAT           |      0.0832 | 7.228653e-06 |     0.0148 |    0.0035 |
|           L3 miss ratio STAT           |     55.6931 |       0.1749 |    26.5448 |    2.3205 |
|          L2 request rate STAT          |      0.6775 |       0.0139 |     0.0400 |    0.0282 |
|            L2 miss rate STAT           |      0.2095 |       0.0035 |     0.0135 |    0.0087 |
|           L2 miss ratio STAT           |      7.0156 |       0.2383 |     0.3400 |    0.2923 |
|  Memory read bandwidth [MBytes/s] STAT |    721.7216 |            0 |   428.6661 |   30.0717 |
|  Memory read data volume [GBytes] STAT |     20.9963 |            0 |    12.4707 |    0.8748 |
| Memory write bandwidth [MBytes/s] STAT |    171.7490 |            0 |   104.6808 |    7.1562 |
| Memory write data volume [GBytes] STAT |      4.9965 |            0 |     3.0454 |    0.2082 |
|    Memory bandwidth [MBytes/s] STAT    |    893.4705 |            0 |   533.3468 |   37.2279 |
|    Memory data volume [GBytes] STAT    |     25.9928 |            0 |    15.5161 |    1.0830 |
|          Temperature [C] STAT          |         860 |           31 |         39 |   35.8333 |
|             Energy [J] STAT            |   3760.0711 |            0 |  1905.9979 |  156.6696 |
|             Power [W] STAT             |    129.2476 |            0 |    65.5162 |    5.3853 |
|           Energy PP0 [J] STAT          |           0 |            0 |          0 |         0 |
|           Power PP0 [W] STAT           |           0 |            0 |          0 |         0 |
|          Energy DRAM [J] STAT          |    327.6092 |            0 |   173.1158 |   13.6504 |
|           Power DRAM [W] STAT          |     11.2611 |            0 |     5.9506 |    0.4692 |
+----------------------------------------+-------------+--------------+------------+-----------+
