--------------------------------------------------------------------------------
CPU name:	Intel(R) Xeon(R) CPU E5-2670 v3 @ 2.30GHz
CPU type:	Intel Xeon Haswell EN/EP/EX processor
CPU clock:	2.30 GHz
--------------------------------------------------------------------------------
Group 1: POWERPERF
+--------------------------------+---------+--------------+--------------+--------------+--------------+--------------+--------------+--------------+--------------+--------------+--------------+--------------+--------------+--------------+--------------+--------------+--------------+--------------+--------------+--------------+--------------+--------------+--------------+--------------+--------------+
|              Event             | Counter |    Core 0    |    Core 1    |    Core 2    |    Core 3    |    Core 4    |    Core 5    |    Core 6    |    Core 7    |    Core 8    |    Core 9    |    Core 10   |    Core 11   |    Core 12   |    Core 13   |    Core 14   |    Core 15   |    Core 16   |    Core 17   |    Core 18   |    Core 19   |    Core 20   |    Core 21   |    Core 22   |    Core 23   |
+--------------------------------+---------+--------------+--------------+--------------+--------------+--------------+--------------+--------------+--------------+--------------+--------------+--------------+--------------+--------------+--------------+--------------+--------------+--------------+--------------+--------------+--------------+--------------+--------------+--------------+--------------+
|        INSTR_RETIRED_ANY       |  FIXC0  | 119189599001 | 108101122748 | 108143485826 | 107980860243 | 107884508114 | 108409105954 | 119796933791 | 108064976134 | 107595905820 | 107559437408 | 107270137533 | 107716569025 | 106914149228 | 107191052539 | 106898443200 | 107072843518 | 107266132548 | 108735854745 | 107089850932 | 107421993116 | 107057676182 | 107024729663 | 106899195288 | 108443519976 |
|      CPU_CLK_UNHALTED_CORE     |  FIXC1  |  70330972179 |  65592561373 |  65575789787 |  65581553400 |  65583670328 |  65597449533 |  70445943138 |  65368348580 |  65369336642 |  65377093500 |  65373505093 |  65369327115 |  65570546075 |  65591419360 |  65565925544 |  65556772117 |  65572051228 |  65567622068 |  65318184789 |  65345145254 |  65346769090 |  65361976725 |  65327959375 |  65417266846 |
|      CPU_CLK_UNHALTED_REF      |  FIXC2  |  70451824699 |  65682968957 |  65682671682 |  65688578749 |  65690253747 |  65703999421 |  70456637380 |  65492824668 |  65490729391 |  65498636883 |  65494981309 |  65490845495 |  65677378945 |  65698376312 |  65674129160 |  65662383198 |  65677675139 |  65673215830 |  65439798720 |  65466819603 |  65467919877 |  65483135366 |  65449397425 |  65468127682 |
|           FIXC1/FIXC0          |   CPI   |            0 |            0 |            0 |            0 |            0 |            0 |            0 |            0 |            0 |            0 |            0 |            0 |            0 |            0 |            0 |            0 |            0 |            0 |            0 |            0 |            0 |            0 |            0 |            0 |
|  OFFCORE_RESPONSE_0_LOCAL_DRAM |   PMC0  |     31593105 |     36217744 |     32012364 |     31278057 |     38919185 |     38611409 |     35192375 |     31325838 |     33271321 |     38181310 |     38904007 |     38614541 |     36782805 |     36721875 |     36290672 |     35941862 |     36780580 |     37137984 |     43328440 |     39282826 |     39031026 |     40153815 |     41218019 |     40942649 |
| OFFCORE_RESPONSE_1_REMOTE_DRAM |   PMC1  |      9622269 |      9050449 |      9095521 |      8878292 |      7996474 |     11099983 |     12383270 |     11097261 |     12180950 |      8909787 |      9281710 |     12840275 |     24146830 |     23571254 |     25710183 |     20067579 |     20381172 |     21618521 |     20729761 |     19991701 |     19953671 |     19323923 |     18834769 |     19280798 |
|  MEM_LOAD_UOPS_RETIRED_L3_ALL  |   PMC2  |    161905678 |    215525203 |    238950943 |    255044025 |    283092003 |    245470210 |    161580982 |    217747006 |    237717937 |    255102214 |    294647218 |    245151497 |    197463544 |    215469484 |    234515573 |    268296042 |    281539895 |    186506126 |    195044786 |    214530387 |    237896272 |    253579428 |    282749654 |    190725503 |
|  MEM_LOAD_UOPS_RETIRED_L3_MISS |   PMC3  |     24094575 |     32704195 |     27856510 |     27625126 |     34419035 |     38617148 |     28076653 |     29493886 |     33073060 |     34428807 |     36582610 |     40357421 |     43446726 |     41506179 |     43085213 |     37870812 |     40308410 |     33435287 |     47033593 |     41215893 |     39780813 |     39606455 |     41184104 |     37497095 |
|      L2_TRANS_ALL_REQUESTS     |   PMC4  |   1674112179 |   1865279536 |   1920020880 |   1978558928 |   2097759552 |   1980608759 |   1695652485 |   1857036901 |   1916241131 |   1967166164 |   2074385961 |   1980442118 |   1792007437 |   1921675607 |   1981269335 |   2042025651 |   2093986378 |   1853639559 |   1790798573 |   1946954885 |   2004021906 |   2050904573 |   2126354239 |   1859135790 |
|          L2_RQSTS_MISS         |   PMC5  |    415560838 |    454301834 |    474603460 |    493243810 |    526073564 |    475075383 |    414406859 |    454901896 |    473419085 |    493450720 |    540180711 |    477518290 |    435607977 |    458469535 |    473480556 |    510639127 |    524958991 |    432874255 |    433128434 |    457046569 |    479709143 |    498051136 |    532222693 |    438996967 |
|        UOPS_RETIRED_ALL        |   PMC6  | 146281778686 | 132012776943 | 132120511769 | 131832541252 | 131545763516 | 132265640995 | 146763387057 | 131934003924 | 131024390785 | 130988561198 | 130317255937 | 130881195422 | 129867153397 | 130191191654 | 129651193662 | 129998299586 | 130198199941 | 132551417055 | 130220054830 | 130652774515 | 129972552043 | 129902460961 | 129464409564 | 131968705357 |
|            TEMP_CORE           |   TMP0  |           38 |           35 |           36 |           38 |           38 |           36 |           39 |           36 |           36 |           35 |           35 |           33 |           36 |           38 |           40 |           40 |           37 |           36 |           36 |           37 |           35 |           38 |           37 |           37 |
|         PWR_PKG_ENERGY         |   PWR0  |    2017.0893 |            0 |            0 |            0 |            0 |            0 |            0 |            0 |            0 |            0 |            0 |            0 |    2005.8699 |            0 |            0 |            0 |            0 |            0 |            0 |            0 |            0 |            0 |            0 |            0 |
|         PWR_PP0_ENERGY         |   PWR1  |            0 |            0 |            0 |            0 |            0 |            0 |            0 |            0 |            0 |            0 |            0 |            0 |            0 |            0 |            0 |            0 |            0 |            0 |            0 |            0 |            0 |            0 |            0 |            0 |
|         PWR_DRAM_ENERGY        |   PWR3  |     211.9153 |            0 |            0 |            0 |            0 |            0 |            0 |            0 |            0 |            0 |            0 |            0 |     231.7612 |            0 |            0 |            0 |            0 |            0 |            0 |            0 |            0 |            0 |            0 |            0 |
|          CAS_COUNT_RD          | MBOX0C0 |    225343213 |            0 |            0 |            0 |            0 |            0 |            0 |            0 |            0 |            0 |            0 |            0 |    219587598 |            0 |            0 |            0 |            0 |            0 |            0 |            0 |            0 |            0 |            0 |            0 |
|          CAS_COUNT_WR          | MBOX0C1 |     28745243 |            0 |            0 |            0 |            0 |            0 |            0 |            0 |            0 |            0 |            0 |            0 |     45968771 |            0 |            0 |            0 |            0 |            0 |            0 |            0 |            0 |            0 |            0 |            0 |
|          CAS_COUNT_RD          | MBOX1C0 |    225835757 |            0 |            0 |            0 |            0 |            0 |            0 |            0 |            0 |            0 |            0 |            0 |    219736993 |            0 |            0 |            0 |            0 |            0 |            0 |            0 |            0 |            0 |            0 |            0 |
|          CAS_COUNT_WR          | MBOX1C1 |     30305945 |            0 |            0 |            0 |            0 |            0 |            0 |            0 |            0 |            0 |            0 |            0 |     44762856 |            0 |            0 |            0 |            0 |            0 |            0 |            0 |            0 |            0 |            0 |            0 |
|          CAS_COUNT_RD          | MBOX2C0 |            0 |            0 |            0 |            0 |            0 |            0 |            0 |            0 |            0 |            0 |            0 |            0 |            0 |            0 |            0 |            0 |            0 |            0 |            0 |            0 |            0 |            0 |            0 |            0 |
|          CAS_COUNT_WR          | MBOX2C1 |            0 |            0 |            0 |            0 |            0 |            0 |            0 |            0 |            0 |            0 |            0 |            0 |            0 |            0 |            0 |            0 |            0 |            0 |            0 |            0 |            0 |            0 |            0 |            0 |
|          CAS_COUNT_RD          | MBOX3C0 |            0 |            0 |            0 |            0 |            0 |            0 |            0 |            0 |            0 |            0 |            0 |            0 |            0 |            0 |            0 |            0 |            0 |            0 |            0 |            0 |            0 |            0 |            0 |            0 |
|          CAS_COUNT_WR          | MBOX3C1 |            0 |            0 |            0 |            0 |            0 |            0 |            0 |            0 |            0 |            0 |            0 |            0 |            0 |            0 |            0 |            0 |            0 |            0 |            0 |            0 |            0 |            0 |            0 |            0 |
|          CAS_COUNT_RD          | MBOX4C0 |    226144116 |            0 |            0 |            0 |            0 |            0 |            0 |            0 |            0 |            0 |            0 |            0 |    219746114 |            0 |            0 |            0 |            0 |            0 |            0 |            0 |            0 |            0 |            0 |            0 |
|          CAS_COUNT_WR          | MBOX4C1 |     29233455 |            0 |            0 |            0 |            0 |            0 |            0 |            0 |            0 |            0 |            0 |            0 |     46016981 |            0 |            0 |            0 |            0 |            0 |            0 |            0 |            0 |            0 |            0 |            0 |
|          CAS_COUNT_RD          | MBOX5C0 |    227268209 |            0 |            0 |            0 |            0 |            0 |            0 |            0 |            0 |            0 |            0 |            0 |    219203704 |            0 |            0 |            0 |            0 |            0 |            0 |            0 |            0 |            0 |            0 |            0 |
|          CAS_COUNT_WR          | MBOX5C1 |     31115215 |            0 |            0 |            0 |            0 |            0 |            0 |            0 |            0 |            0 |            0 |            0 |     44778515 |            0 |            0 |            0 |            0 |            0 |            0 |            0 |            0 |            0 |            0 |            0 |
|          CAS_COUNT_RD          | MBOX6C0 |            0 |            0 |            0 |            0 |            0 |            0 |            0 |            0 |            0 |            0 |            0 |            0 |            0 |            0 |            0 |            0 |            0 |            0 |            0 |            0 |            0 |            0 |            0 |            0 |
|          CAS_COUNT_WR          | MBOX6C1 |            0 |            0 |            0 |            0 |            0 |            0 |            0 |            0 |            0 |            0 |            0 |            0 |            0 |            0 |            0 |            0 |            0 |            0 |            0 |            0 |            0 |            0 |            0 |            0 |
|          CAS_COUNT_RD          | MBOX7C0 |            0 |            0 |            0 |            0 |            0 |            0 |            0 |            0 |            0 |            0 |            0 |            0 |            0 |            0 |            0 |            0 |            0 |            0 |            0 |            0 |            0 |            0 |            0 |            0 |
|          CAS_COUNT_WR          | MBOX7C1 |            0 |            0 |            0 |            0 |            0 |            0 |            0 |            0 |            0 |            0 |            0 |            0 |            0 |            0 |            0 |            0 |            0 |            0 |            0 |            0 |            0 |            0 |            0 |            0 |
+--------------------------------+---------+--------------+--------------+--------------+--------------+--------------+--------------+--------------+--------------+--------------+--------------+--------------+--------------+--------------+--------------+--------------+--------------+--------------+--------------+--------------+--------------+--------------+--------------+--------------+--------------+
+-------------------------------------+---------+---------------+--------------+--------------+--------------+
|                Event                | Counter |      Sum      |      Min     |      Max     |      Avg     |
+-------------------------------------+---------+---------------+--------------+--------------+--------------+
|        INSTR_RETIRED_ANY STAT       |  FIXC0  | 2605728082532 | 106898443200 | 119796933791 | 1.085720e+11 |
|      CPU_CLK_UNHALTED_CORE STAT     |  FIXC1  | 1581107189139 |  65318184789 |  70445943138 | 6.587947e+10 |
|      CPU_CLK_UNHALTED_REF STAT      |  FIXC2  | 1583663309638 |  65439798720 |  70456637380 | 6.598597e+10 |
|           FIXC1/FIXC0 STAT          |   CPI   |             0 |            0 |            0 |            0 |
|  OFFCORE_RESPONSE_0_LOCAL_DRAM STAT |   PMC0  |     887733809 |     31278057 |     43328440 | 3.698891e+07 |
| OFFCORE_RESPONSE_1_REMOTE_DRAM STAT |   PMC1  |     376046403 |      7996474 |     25710183 | 1.566860e+07 |
|  MEM_LOAD_UOPS_RETIRED_L3_ALL STAT  |   PMC2  |    5570251610 |    161580982 |    294647218 | 2.320938e+08 |
|  MEM_LOAD_UOPS_RETIRED_L3_MISS STAT |   PMC3  |     873299606 |     24094575 |     47033593 | 3.638748e+07 |
|      L2_TRANS_ALL_REQUESTS STAT     |   PMC4  |   46470038527 |   1674112179 |   2126354239 | 1.936252e+09 |
|          L2_RQSTS_MISS STAT         |   PMC5  |   11367921833 |    414406859 |    540180711 | 4.736634e+08 |
|        UOPS_RETIRED_ALL STAT        |   PMC6  | 3172606220049 | 129464409564 | 146763387057 | 1.321919e+11 |
|            TEMP_CORE STAT           |   TMP0  |           882 |           33 |           40 |      36.7500 |
|         PWR_PKG_ENERGY STAT         |   PWR0  |     4022.9592 |            0 |    2017.0893 |     167.6233 |
|         PWR_PP0_ENERGY STAT         |   PWR1  |             0 |            0 |            0 |            0 |
|         PWR_DRAM_ENERGY STAT        |   PWR3  |      443.6765 |            0 |     231.7612 |      18.4865 |
|          CAS_COUNT_RD STAT          | MBOX0C0 |     444930811 |            0 |    225343213 | 1.853878e+07 |
|          CAS_COUNT_WR STAT          | MBOX0C1 |      74714014 |            0 |     45968771 | 3.113084e+06 |
|          CAS_COUNT_RD STAT          | MBOX1C0 |     445572750 |            0 |    225835757 | 1.856553e+07 |
|          CAS_COUNT_WR STAT          | MBOX1C1 |      75068801 |            0 |     44762856 | 3.127867e+06 |
|          CAS_COUNT_RD STAT          | MBOX2C0 |             0 |            0 |            0 |            0 |
|          CAS_COUNT_WR STAT          | MBOX2C1 |             0 |            0 |            0 |            0 |
|          CAS_COUNT_RD STAT          | MBOX3C0 |             0 |            0 |            0 |            0 |
|          CAS_COUNT_WR STAT          | MBOX3C1 |             0 |            0 |            0 |            0 |
|          CAS_COUNT_RD STAT          | MBOX4C0 |     445890230 |            0 |    226144116 | 1.857876e+07 |
|          CAS_COUNT_WR STAT          | MBOX4C1 |      75250436 |            0 |     46016981 | 3.135435e+06 |
|          CAS_COUNT_RD STAT          | MBOX5C0 |     446471913 |            0 |    227268209 | 1.860300e+07 |
|          CAS_COUNT_WR STAT          | MBOX5C1 |      75893730 |            0 |     44778515 | 3.162239e+06 |
|          CAS_COUNT_RD STAT          | MBOX6C0 |             0 |            0 |            0 |            0 |
|          CAS_COUNT_WR STAT          | MBOX6C1 |             0 |            0 |            0 |            0 |
|          CAS_COUNT_RD STAT          | MBOX7C0 |             0 |            0 |            0 |            0 |
|          CAS_COUNT_WR STAT          | MBOX7C1 |             0 |            0 |            0 |            0 |
+-------------------------------------+---------+---------------+--------------+--------------+--------------+
+-----------------------------------+-----------+-----------+-----------+-----------+-----------+-----------+-----------+-----------+-----------+-----------+-----------+-----------+-----------+-----------+-----------+-----------+-----------+-----------+-----------+-----------+-----------+-----------+-----------+-----------+
|               Metric              |   Core 0  |   Core 1  |   Core 2  |   Core 3  |   Core 4  |   Core 5  |   Core 6  |   Core 7  |   Core 8  |   Core 9  |  Core 10  |  Core 11  |  Core 12  |  Core 13  |  Core 14  |  Core 15  |  Core 16  |  Core 17  |  Core 18  |  Core 19  |  Core 20  |  Core 21  |  Core 22  |  Core 23  |
+-----------------------------------+-----------+-----------+-----------+-----------+-----------+-----------+-----------+-----------+-----------+-----------+-----------+-----------+-----------+-----------+-----------+-----------+-----------+-----------+-----------+-----------+-----------+-----------+-----------+-----------+
|        Runtime (RDTSC) [s]        |   31.5913 |   31.5913 |   31.5913 |   31.5913 |   31.5913 |   31.5913 |   31.5913 |   31.5913 |   31.5913 |   31.5913 |   31.5913 |   31.5913 |   31.5913 |   31.5913 |   31.5913 |   31.5913 |   31.5913 |   31.5913 |   31.5913 |   31.5913 |   31.5913 |   31.5913 |   31.5913 |   31.5913 |
|        Runtime unhalted [s]       |   30.5789 |   28.5187 |   28.5114 |   28.5139 |   28.5148 |   28.5208 |   30.6288 |   28.4212 |   28.4216 |   28.4250 |   28.4234 |   28.4216 |   28.5091 |   28.5182 |   28.5071 |   28.5031 |   28.5098 |   28.5078 |   28.3994 |   28.4111 |   28.4118 |   28.4184 |   28.4036 |   28.4425 |
|            Clock [MHz]            | 2296.0413 | 2296.8209 | 2296.2441 | 2296.2394 | 2296.2549 | 2296.2569 | 2299.6376 | 2295.6153 | 2295.7235 | 2295.7187 | 2295.7208 | 2295.7191 | 2296.2455 | 2296.2423 | 2296.1973 | 2296.2874 | 2296.2878 | 2296.2886 | 2295.7124 | 2295.7120 | 2295.7305 | 2295.7312 | 2295.7192 | 2298.1999 |
|                CPI                |    0.5901 |    0.6068 |    0.6064 |    0.6073 |    0.6079 |    0.6051 |    0.5880 |    0.6049 |    0.6075 |    0.6078 |    0.6094 |    0.6069 |    0.6133 |    0.6119 |    0.6133 |    0.6123 |    0.6113 |    0.6030 |    0.6099 |    0.6083 |    0.6104 |    0.6107 |    0.6111 |    0.6032 |
|   Local DRAM data volume [GByte]  |    2.0220 |    2.3179 |    2.0488 |    2.0018 |    2.4908 |    2.4711 |    2.2523 |    2.0049 |    2.1294 |    2.4436 |    2.4899 |    2.4713 |    2.3541 |    2.3502 |    2.3226 |    2.3003 |    2.3540 |    2.3768 |    2.7730 |    2.5141 |    2.4980 |    2.5698 |    2.6380 |    2.6203 |
|   Local DRAM bandwidth [MByte/s]  |   64.0036 |   73.3725 |   64.8529 |   63.3653 |   78.8453 |   78.2218 |   71.2952 |   63.4621 |   67.4034 |   77.3504 |   78.8145 |   78.2281 |   74.5172 |   74.3938 |   73.5202 |   72.8136 |   74.5127 |   75.2368 |   87.7779 |   79.5820 |   79.0718 |   81.3465 |   83.5024 |   82.9445 |
|  Remote DRAM data volume [GByte]  |    0.6158 |    0.5792 |    0.5821 |    0.5682 |    0.5118 |    0.7104 |    0.7925 |    0.7102 |    0.7796 |    0.5702 |    0.5940 |    0.8218 |    1.5454 |    1.5086 |    1.6455 |    1.2843 |    1.3044 |    1.3836 |    1.3267 |    1.2795 |    1.2770 |    1.2367 |    1.2054 |    1.2340 |
|  Remote DRAM bandwidth [MByte/s]  |   19.4935 |   18.3350 |   18.4264 |   17.9863 |   16.1998 |   22.4871 |   25.0869 |   22.4816 |   24.6770 |   18.0501 |   18.8036 |   26.0127 |   48.9184 |   47.7523 |   52.0855 |   40.6543 |   41.2896 |   43.7963 |   41.9958 |   40.5006 |   40.4236 |   39.1478 |   38.1568 |   39.0604 |
|     Memory data volume [GByte]    |    2.6378 |    2.8972 |    2.6309 |    2.5700 |    3.0026 |    3.1815 |    3.0448 |    2.7151 |    2.9089 |    3.0138 |    3.0839 |    3.2931 |    3.8995 |    3.8588 |    3.9681 |    3.5846 |    3.6584 |    3.7604 |    4.0997 |    3.7936 |    3.7750 |    3.8066 |    3.8434 |    3.8543 |
|     Memory bandwidth [MByte/s]    |   83.4971 |   91.7075 |   83.2793 |   81.3516 |   95.0451 |  100.7089 |   96.3821 |   85.9438 |   92.0805 |   95.4005 |   97.6181 |  104.2408 |  123.4356 |  122.1461 |  125.6058 |  113.4679 |  115.8024 |  119.0331 |  129.7737 |  120.0826 |  119.4954 |  120.4943 |  121.6592 |  122.0050 |
|          L3 request rate          |    6.7196 |    6.5901 |    8.5779 |    9.2323 |    8.2249 |    6.3565 |    5.7550 |    7.3828 |    7.1877 |    7.4096 |    8.0543 |    6.0745 |    4.5450 |    5.1913 |    5.4431 |    7.0845 |    6.9846 |    5.5781 |    4.1469 |    5.2050 |    5.9802 |    6.4025 |    6.8655 |    5.0864 |
|            L3 miss rate           |    0.0594 |    0.0420 |    0.0381 |    0.0348 |    0.0282 |    0.0452 |    0.0766 |    0.0510 |    0.0512 |    0.0349 |    0.0315 |    0.0524 |    0.1223 |    0.1094 |    0.1096 |    0.0748 |    0.0724 |    0.1159 |    0.1063 |    0.0932 |    0.0839 |    0.0762 |    0.0666 |    0.1011 |
|           L3 miss ratio           |    0.3046 |    0.2499 |    0.2841 |    0.2839 |    0.2055 |    0.2875 |    0.3519 |    0.3543 |    0.3661 |    0.2334 |    0.2386 |    0.3325 |    0.6565 |    0.6419 |    0.7085 |    0.5583 |    0.5541 |    0.5821 |    0.4784 |    0.5089 |    0.5112 |    0.4812 |    0.4570 |    0.4709 |
|          L2 request rate          |    0.0140 |    0.0173 |    0.0178 |    0.0183 |    0.0194 |    0.0183 |    0.0142 |    0.0172 |    0.0178 |    0.0183 |    0.0193 |    0.0184 |    0.0168 |    0.0179 |    0.0185 |    0.0191 |    0.0195 |    0.0170 |    0.0167 |    0.0181 |    0.0187 |    0.0192 |    0.0199 |    0.0171 |
|            L2 miss rate           |    0.0035 |    0.0042 |    0.0044 |    0.0046 |    0.0049 |    0.0044 |    0.0035 |    0.0042 |    0.0044 |    0.0046 |    0.0050 |    0.0044 |    0.0041 |    0.0043 |    0.0044 |    0.0048 |    0.0049 |    0.0040 |    0.0040 |    0.0043 |    0.0045 |    0.0047 |    0.0050 |    0.0040 |
|           L2 miss ratio           |    0.2482 |    0.2436 |    0.2472 |    0.2493 |    0.2508 |    0.2399 |    0.2444 |    0.2450 |    0.2471 |    0.2508 |    0.2604 |    0.2411 |    0.2431 |    0.2386 |    0.2390 |    0.2501 |    0.2507 |    0.2335 |    0.2419 |    0.2347 |    0.2394 |    0.2428 |    0.2503 |    0.2361 |
|  Memory read bandwidth [MBytes/s] | 1832.5858 |         0 |         0 |         0 |         0 |         0 |         0 |         0 |         0 |         0 |         0 |         0 | 1779.2712 |         0 |         0 |         0 |         0 |         0 |         0 |         0 |         0 |         0 |         0 |         0 |
|  Memory read data volume [GBytes] |   57.8938 |         0 |         0 |         0 |         0 |         0 |         0 |         0 |         0 |         0 |         0 |         0 |   56.2096 |         0 |         0 |         0 |         0 |         0 |         0 |         0 |         0 |         0 |         0 |         0 |
| Memory write bandwidth [MBytes/s] |  241.8888 |         0 |         0 |         0 |         0 |         0 |         0 |         0 |         0 |         0 |         0 |         0 |  367.7506 |         0 |         0 |         0 |         0 |         0 |         0 |         0 |         0 |         0 |         0 |         0 |
| Memory write data volume [GBytes] |    7.6416 |         0 |         0 |         0 |         0 |         0 |         0 |         0 |         0 |         0 |         0 |         0 |   11.6177 |         0 |         0 |         0 |         0 |         0 |         0 |         0 |         0 |         0 |         0 |         0 |
|    Memory bandwidth [MBytes/s]    | 2074.4746 |         0 |         0 |         0 |         0 |         0 |         0 |         0 |         0 |         0 |         0 |         0 | 2147.0218 |         0 |         0 |         0 |         0 |         0 |         0 |         0 |         0 |         0 |         0 |         0 |
|    Memory data volume [GBytes]    |   65.5354 |         0 |         0 |         0 |         0 |         0 |         0 |         0 |         0 |         0 |         0 |         0 |   67.8273 |         0 |         0 |         0 |         0 |         0 |         0 |         0 |         0 |         0 |         0 |         0 |
|          Temperature [C]          |        38 |        35 |        36 |        38 |        38 |        36 |        39 |        36 |        36 |        35 |        35 |        33 |        36 |        38 |        40 |        40 |        37 |        36 |        36 |        37 |        35 |        38 |        37 |        37 |
|             Energy [J]            | 2017.0893 |         0 |         0 |         0 |         0 |         0 |         0 |         0 |         0 |         0 |         0 |         0 | 2005.8699 |         0 |         0 |         0 |         0 |         0 |         0 |         0 |         0 |         0 |         0 |         0 |
|             Power [W]             |   63.8494 |         0 |         0 |         0 |         0 |         0 |         0 |         0 |         0 |         0 |         0 |         0 |   63.4943 |         0 |         0 |         0 |         0 |         0 |         0 |         0 |         0 |         0 |         0 |         0 |
|           Energy PP0 [J]          |         0 |         0 |         0 |         0 |         0 |         0 |         0 |         0 |         0 |         0 |         0 |         0 |         0 |         0 |         0 |         0 |         0 |         0 |         0 |         0 |         0 |         0 |         0 |         0 |
|           Power PP0 [W]           |         0 |         0 |         0 |         0 |         0 |         0 |         0 |         0 |         0 |         0 |         0 |         0 |         0 |         0 |         0 |         0 |         0 |         0 |         0 |         0 |         0 |         0 |         0 |         0 |
|          Energy DRAM [J]          |  211.9153 |         0 |         0 |         0 |         0 |         0 |         0 |         0 |         0 |         0 |         0 |         0 |  231.7612 |         0 |         0 |         0 |         0 |         0 |         0 |         0 |         0 |         0 |         0 |         0 |
|           Power DRAM [W]          |    6.7080 |         0 |         0 |         0 |         0 |         0 |         0 |         0 |         0 |         0 |         0 |         0 |    7.3362 |         0 |         0 |         0 |         0 |         0 |         0 |         0 |         0 |         0 |         0 |         0 |
+-----------------------------------+-----------+-----------+-----------+-----------+-----------+-----------+-----------+-----------+-----------+-----------+-----------+-----------+-----------+-----------+-----------+-----------+-----------+-----------+-----------+-----------+-----------+-----------+-----------+-----------+
+----------------------------------------+------------+-----------+-----------+-----------+
|                 Metric                 |     Sum    |    Min    |    Max    |    Avg    |
+----------------------------------------+------------+-----------+-----------+-----------+
|        Runtime (RDTSC) [s] STAT        |   758.1912 |   31.5913 |   31.5913 |   31.5913 |
|        Runtime unhalted [s] STAT       |   687.4420 |   28.3994 |   30.6288 |   28.6434 |
|            Clock [MHz] STAT            | 55110.3466 | 2295.6153 | 2299.6376 | 2296.2644 |
|                CPI STAT                |    14.5668 |    0.5880 |    0.6133 |    0.6069 |
|   Local DRAM data volume [GByte] STAT  |    56.8150 |    2.0018 |    2.7730 |    2.3673 |
|   Local DRAM bandwidth [MByte/s] STAT  |  1798.4345 |   63.3653 |   87.7779 |   74.9348 |
|  Remote DRAM data volume [GByte] STAT  |    24.0669 |    0.5118 |    1.6455 |    1.0028 |
|  Remote DRAM bandwidth [MByte/s] STAT  |   761.8214 |   16.1998 |   52.0855 |   31.7426 |
|     Memory data volume [GByte] STAT    |    80.8820 |    2.5700 |    4.0997 |    3.3701 |
|     Memory bandwidth [MByte/s] STAT    |  2560.2564 |   81.3516 |  129.7737 |  106.6774 |
|          L3 request rate STAT          |   156.0783 |    4.1469 |    9.2323 |    6.5033 |
|            L3 miss rate STAT           |     1.6770 |    0.0282 |    0.1223 |    0.0699 |
|           L3 miss ratio STAT           |    10.1013 |    0.2055 |    0.7085 |    0.4209 |
|          L2 request rate STAT          |     0.4288 |    0.0140 |    0.0199 |    0.0179 |
|            L2 miss rate STAT           |     0.1051 |    0.0035 |    0.0050 |    0.0044 |
|           L2 miss ratio STAT           |     5.8680 |    0.2335 |    0.2604 |    0.2445 |
|  Memory read bandwidth [MBytes/s] STAT |  3611.8570 |         0 | 1832.5858 |  150.4940 |
|  Memory read data volume [GBytes] STAT |   114.1034 |         0 |   57.8938 |    4.7543 |
| Memory write bandwidth [MBytes/s] STAT |   609.6394 |         0 |  367.7506 |   25.4016 |
| Memory write data volume [GBytes] STAT |    19.2593 |         0 |   11.6177 |    0.8025 |
|    Memory bandwidth [MBytes/s] STAT    |  4221.4964 |         0 | 2147.0218 |  175.8957 |
|    Memory data volume [GBytes] STAT    |   133.3627 |         0 |   67.8273 |    5.5568 |
|          Temperature [C] STAT          |        882 |        33 |        40 |   36.7500 |
|             Energy [J] STAT            |  4022.9592 |         0 | 2017.0893 |  167.6233 |
|             Power [W] STAT             |   127.3437 |         0 |   63.8494 |    5.3060 |
|           Energy PP0 [J] STAT          |          0 |         0 |         0 |         0 |
|           Power PP0 [W] STAT           |          0 |         0 |         0 |         0 |
|          Energy DRAM [J] STAT          |   443.6765 |         0 |  231.7612 |   18.4865 |
|           Power DRAM [W] STAT          |    14.0442 |         0 |    7.3362 |    0.5852 |
+----------------------------------------+------------+-----------+-----------+-----------+
