--------------------------------------------------------------------------------
CPU name:	Intel(R) Xeon(R) CPU E5-2670 v3 @ 2.30GHz
CPU type:	Intel Xeon Haswell EN/EP/EX processor
CPU clock:	2.30 GHz
--------------------------------------------------------------------------------
Group 1: POWERPERF
+--------------------------------+---------+--------------+--------------+--------------+--------------+--------------+--------------+--------------+--------------+--------------+--------------+--------------+--------------+--------------+--------------+--------------+--------------+--------------+--------------+--------------+--------------+--------------+--------------+--------------+--------------+
|              Event             | Counter |    Core 0    |    Core 1    |    Core 2    |    Core 3    |    Core 4    |    Core 5    |    Core 6    |    Core 7    |    Core 8    |    Core 9    |    Core 10   |    Core 11   |    Core 12   |    Core 13   |    Core 14   |    Core 15   |    Core 16   |    Core 17   |    Core 18   |    Core 19   |    Core 20   |    Core 21   |    Core 22   |    Core 23   |
+--------------------------------+---------+--------------+--------------+--------------+--------------+--------------+--------------+--------------+--------------+--------------+--------------+--------------+--------------+--------------+--------------+--------------+--------------+--------------+--------------+--------------+--------------+--------------+--------------+--------------+--------------+
|        INSTR_RETIRED_ANY       |  FIXC0  | 119410836383 | 108292770823 | 107997097101 | 107838895235 | 107907199625 | 108296317366 | 147211798256 | 145591389317 | 145760657893 | 145701538685 | 145632894435 | 145364339138 | 108324685702 | 108491484336 | 108627354551 | 108506779515 | 108718787189 | 110278891508 | 120183442519 | 118965884415 | 119093061209 | 118861937132 | 118793988230 | 118803729024 |
|      CPU_CLK_UNHALTED_CORE     |  FIXC1  |  77228334428 |  72570885976 |  72573795275 |  72578591514 |  72576384475 |  72573535047 |  76868178919 |  75971770276 |  76019189882 |  75954368318 |  76041281995 |  76063533569 |  72605112825 |  72631765638 |  72619461977 |  72622786188 |  72620321209 |  72610648499 |  69523802506 |  69012893266 |  69301849452 |  68923131428 |  69005934032 |  69324787350 |
|      CPU_CLK_UNHALTED_REF      |  FIXC2  |  77351652613 |  72681250418 |  72683594095 |  72688443967 |  72686427925 |  72683768435 |  76868197535 |  76079173887 |  76095552095 |  76050914546 |  76137875775 |  76139644452 |  72716824794 |  72745243318 |  72731198874 |  72734406776 |  72731951526 |  72722045035 |  69639914303 |  69072334172 |  69386383601 |  68972314348 |  69064814851 |  69372349668 |
|           FIXC1/FIXC0          |   CPI   |            0 |            0 |            0 |            0 |            0 |            0 |            0 |            0 |            0 |            0 |            0 |            0 |            0 |            0 |            0 |            0 |            0 |            0 |            0 |            0 |            0 |            0 |            0 |            0 |
|  OFFCORE_RESPONSE_0_LOCAL_DRAM |   PMC0  |    124679551 |    123985265 |    125643303 |    126709929 |    125948682 |    127065185 |    631024132 |    627232921 |    629635255 |    630145793 |    630036776 |    617750735 |     72298933 |     72550631 |     78535845 |     78848366 |     80108586 |     76016547 |    407015852 |    415852630 |    424725749 |    428091512 |    428189100 |    395251796 |
| OFFCORE_RESPONSE_1_REMOTE_DRAM |   PMC1  |     38723321 |     37756270 |     38067821 |     36739325 |     36925105 |     42287335 |     45879640 |     24750284 |     20422390 |     20000394 |     22900748 |     34520748 |     57474601 |     56817536 |     50965134 |     49621562 |     49606887 |     52187669 |     85867930 |     71707558 |     60793833 |     58413335 |     60177999 |     91805529 |
|  MEM_LOAD_UOPS_RETIRED_L3_ALL  |   PMC2  |    157356293 |    215427041 |    236789016 |    254347516 |    285132933 |    240528373 |    134083872 |    131926622 |    131243885 |    130950414 |    127536387 |    128709091 |    194384619 |    211246777 |    228038781 |    248413325 |    270328034 |    188423158 |    101554807 |    100448964 |    103083897 |    102613633 |    102496635 |    103879289 |
|  MEM_LOAD_UOPS_RETIRED_L3_MISS |   PMC3  |     97085824 |    115748848 |    115217926 |    114581656 |    115307531 |    120151069 |     66719009 |     63360842 |     61385876 |     61295108 |     58121799 |     58201963 |     90823025 |     88457110 |     88737620 |     86622837 |     89373103 |     78532894 |     45769429 |     45213315 |     44685307 |     45002477 |     46640893 |     46898597 |
|      L2_TRANS_ALL_REQUESTS     |   PMC4  |   1830781028 |   1982368071 |   2044354103 |   2105780112 |   2273206468 |   2158901851 |   5908388563 |   5474851622 |   5476482470 |   5478171373 |   5458963115 |   5452028257 |   1860209125 |   1996375223 |   2052427354 |   2105863084 |   2208086308 |   1965800034 |   4217170112 |   4164680569 |   4206132074 |   4162028782 |   4206941106 |   4176565251 |
|          L2_RQSTS_MISS         |   PMC5  |    445052759 |    479667693 |    497009108 |    516938555 |    553512575 |    493334417 |   1290245846 |   1201020446 |   1206807895 |   1203416494 |   1197553960 |   1199269867 |    446708480 |    467163008 |    480314062 |    502995836 |    526775005 |    447585153 |    924036245 |    914363879 |    917658754 |    915305371 |    920193029 |    920620301 |
|        UOPS_RETIRED_ALL        |   PMC6  | 146763810743 | 132427829823 | 131856737254 | 131577930153 | 131621696702 | 132074056956 | 188929039679 | 186985619005 | 187240542473 | 187161310236 | 187036509285 | 186641462344 | 132708900696 | 132805350677 | 133126296495 | 132881561646 | 133119770135 | 135655113280 | 156953537009 | 155429773760 | 155629759511 | 155280145151 | 155170630248 | 155187882126 |
|            TEMP_CORE           |   TMP0  |           40 |           36 |           38 |           37 |           40 |           39 |           44 |           43 |           43 |           43 |           42 |           40 |           37 |           39 |           39 |           40 |           40 |           39 |           42 |           43 |           42 |           46 |           44 |           42 |
|         PWR_PKG_ENERGY         |   PWR0  |    2687.7797 |            0 |            0 |            0 |            0 |            0 |            0 |            0 |            0 |            0 |            0 |            0 |    2500.1591 |            0 |            0 |            0 |            0 |            0 |            0 |            0 |            0 |            0 |            0 |            0 |
|         PWR_PP0_ENERGY         |   PWR1  |            0 |            0 |            0 |            0 |            0 |            0 |            0 |            0 |            0 |            0 |            0 |            0 |            0 |            0 |            0 |            0 |            0 |            0 |            0 |            0 |            0 |            0 |            0 |            0 |
|         PWR_DRAM_ENERGY        |   PWR3  |     385.0025 |            0 |            0 |            0 |            0 |            0 |            0 |            0 |            0 |            0 |            0 |            0 |     350.9781 |            0 |            0 |            0 |            0 |            0 |            0 |            0 |            0 |            0 |            0 |            0 |
|          CAS_COUNT_RD          | MBOX0C0 |   1526017264 |            0 |            0 |            0 |            0 |            0 |            0 |            0 |            0 |            0 |            0 |            0 |    992529015 |            0 |            0 |            0 |            0 |            0 |            0 |            0 |            0 |            0 |            0 |            0 |
|          CAS_COUNT_WR          | MBOX0C1 |    305507949 |            0 |            0 |            0 |            0 |            0 |            0 |            0 |            0 |            0 |            0 |            0 |    216886774 |            0 |            0 |            0 |            0 |            0 |            0 |            0 |            0 |            0 |            0 |            0 |
|          CAS_COUNT_RD          | MBOX1C0 |   1518143754 |            0 |            0 |            0 |            0 |            0 |            0 |            0 |            0 |            0 |            0 |            0 |    994375781 |            0 |            0 |            0 |            0 |            0 |            0 |            0 |            0 |            0 |            0 |            0 |
|          CAS_COUNT_WR          | MBOX1C1 |    302068139 |            0 |            0 |            0 |            0 |            0 |            0 |            0 |            0 |            0 |            0 |            0 |    218921230 |            0 |            0 |            0 |            0 |            0 |            0 |            0 |            0 |            0 |            0 |            0 |
|          CAS_COUNT_RD          | MBOX2C0 |            0 |            0 |            0 |            0 |            0 |            0 |            0 |            0 |            0 |            0 |            0 |            0 |            0 |            0 |            0 |            0 |            0 |            0 |            0 |            0 |            0 |            0 |            0 |            0 |
|          CAS_COUNT_WR          | MBOX2C1 |            0 |            0 |            0 |            0 |            0 |            0 |            0 |            0 |            0 |            0 |            0 |            0 |            0 |            0 |            0 |            0 |            0 |            0 |            0 |            0 |            0 |            0 |            0 |            0 |
|          CAS_COUNT_RD          | MBOX3C0 |            0 |            0 |            0 |            0 |            0 |            0 |            0 |            0 |            0 |            0 |            0 |            0 |            0 |            0 |            0 |            0 |            0 |            0 |            0 |            0 |            0 |            0 |            0 |            0 |
|          CAS_COUNT_WR          | MBOX3C1 |            0 |            0 |            0 |            0 |            0 |            0 |            0 |            0 |            0 |            0 |            0 |            0 |            0 |            0 |            0 |            0 |            0 |            0 |            0 |            0 |            0 |            0 |            0 |            0 |
|          CAS_COUNT_RD          | MBOX4C0 |   1524200133 |            0 |            0 |            0 |            0 |            0 |            0 |            0 |            0 |            0 |            0 |            0 |    992965375 |            0 |            0 |            0 |            0 |            0 |            0 |            0 |            0 |            0 |            0 |            0 |
|          CAS_COUNT_WR          | MBOX4C1 |    305419525 |            0 |            0 |            0 |            0 |            0 |            0 |            0 |            0 |            0 |            0 |            0 |    217177371 |            0 |            0 |            0 |            0 |            0 |            0 |            0 |            0 |            0 |            0 |            0 |
|          CAS_COUNT_RD          | MBOX5C0 |   1522084352 |            0 |            0 |            0 |            0 |            0 |            0 |            0 |            0 |            0 |            0 |            0 |    994518489 |            0 |            0 |            0 |            0 |            0 |            0 |            0 |            0 |            0 |            0 |            0 |
|          CAS_COUNT_WR          | MBOX5C1 |    303396963 |            0 |            0 |            0 |            0 |            0 |            0 |            0 |            0 |            0 |            0 |            0 |    218921916 |            0 |            0 |            0 |            0 |            0 |            0 |            0 |            0 |            0 |            0 |            0 |
|          CAS_COUNT_RD          | MBOX6C0 |            0 |            0 |            0 |            0 |            0 |            0 |            0 |            0 |            0 |            0 |            0 |            0 |            0 |            0 |            0 |            0 |            0 |            0 |            0 |            0 |            0 |            0 |            0 |            0 |
|          CAS_COUNT_WR          | MBOX6C1 |            0 |            0 |            0 |            0 |            0 |            0 |            0 |            0 |            0 |            0 |            0 |            0 |            0 |            0 |            0 |            0 |            0 |            0 |            0 |            0 |            0 |            0 |            0 |            0 |
|          CAS_COUNT_RD          | MBOX7C0 |            0 |            0 |            0 |            0 |            0 |            0 |            0 |            0 |            0 |            0 |            0 |            0 |            0 |            0 |            0 |            0 |            0 |            0 |            0 |            0 |            0 |            0 |            0 |            0 |
|          CAS_COUNT_WR          | MBOX7C1 |            0 |            0 |            0 |            0 |            0 |            0 |            0 |            0 |            0 |            0 |            0 |            0 |            0 |            0 |            0 |            0 |            0 |            0 |            0 |            0 |            0 |            0 |            0 |            0 |
+--------------------------------+---------+--------------+--------------+--------------+--------------+--------------+--------------+--------------+--------------+--------------+--------------+--------------+--------------+--------------+--------------+--------------+--------------+--------------+--------------+--------------+--------------+--------------+--------------+--------------+--------------+
+-------------------------------------+---------+---------------+--------------+--------------+--------------+
|                Event                | Counter |      Sum      |      Min     |      Max     |      Avg     |
+-------------------------------------+---------+---------------+--------------+--------------+--------------+
|        INSTR_RETIRED_ANY STAT       |  FIXC0  | 2902655759587 | 107838895235 | 147211798256 | 1.209440e+11 |
|      CPU_CLK_UNHALTED_CORE STAT     |  FIXC1  | 1747822344044 |  68923131428 |  77228334428 | 7.282593e+10 |
|      CPU_CLK_UNHALTED_REF STAT      |  FIXC2  | 1750036277009 |  68972314348 |  77351652613 | 7.291818e+10 |
|           FIXC1/FIXC0 STAT          |   CPI   |             0 |            0 |            0 |            0 |
|  OFFCORE_RESPONSE_0_LOCAL_DRAM STAT |   PMC0  |    7477343074 |     72298933 |    631024132 | 3.115560e+08 |
| OFFCORE_RESPONSE_1_REMOTE_DRAM STAT |   PMC1  |    1144412954 |     20000394 |     91805529 | 4.768387e+07 |
|  MEM_LOAD_UOPS_RETIRED_L3_ALL STAT  |   PMC2  |    4128943362 |    100448964 |    285132933 | 1.720393e+08 |
|  MEM_LOAD_UOPS_RETIRED_L3_MISS STAT |   PMC3  |    1843934058 |     44685307 |    120151069 | 7.683059e+07 |
|      L2_TRANS_ALL_REQUESTS STAT     |   PMC4  |   82966556055 |   1830781028 |   5908388563 | 3.456940e+09 |
|          L2_RQSTS_MISS STAT         |   PMC5  |   18667548738 |    445052759 |   1290245846 | 7.778145e+08 |
|        UOPS_RETIRED_ALL STAT        |   PMC6  | 3664265265387 | 131577930153 | 188929039679 | 1.526777e+11 |
|            TEMP_CORE STAT           |   TMP0  |           978 |           36 |           46 |      40.7500 |
|         PWR_PKG_ENERGY STAT         |   PWR0  |     5187.9388 |            0 |    2687.7797 |     216.1641 |
|         PWR_PP0_ENERGY STAT         |   PWR1  |             0 |            0 |            0 |            0 |
|         PWR_DRAM_ENERGY STAT        |   PWR3  |      735.9806 |            0 |     385.0025 |      30.6659 |
|          CAS_COUNT_RD STAT          | MBOX0C0 |    2518546279 |            0 |   1526017264 | 1.049394e+08 |
|          CAS_COUNT_WR STAT          | MBOX0C1 |     522394723 |            0 |    305507949 | 2.176645e+07 |
|          CAS_COUNT_RD STAT          | MBOX1C0 |    2512519535 |            0 |   1518143754 | 1.046883e+08 |
|          CAS_COUNT_WR STAT          | MBOX1C1 |     520989369 |            0 |    302068139 | 2.170789e+07 |
|          CAS_COUNT_RD STAT          | MBOX2C0 |             0 |            0 |            0 |            0 |
|          CAS_COUNT_WR STAT          | MBOX2C1 |             0 |            0 |            0 |            0 |
|          CAS_COUNT_RD STAT          | MBOX3C0 |             0 |            0 |            0 |            0 |
|          CAS_COUNT_WR STAT          | MBOX3C1 |             0 |            0 |            0 |            0 |
|          CAS_COUNT_RD STAT          | MBOX4C0 |    2517165508 |            0 |   1524200133 | 1.048819e+08 |
|          CAS_COUNT_WR STAT          | MBOX4C1 |     522596896 |            0 |    305419525 | 2.177487e+07 |
|          CAS_COUNT_RD STAT          | MBOX5C0 |    2516602841 |            0 |   1522084352 | 1.048585e+08 |
|          CAS_COUNT_WR STAT          | MBOX5C1 |     522318879 |            0 |    303396963 | 2.176329e+07 |
|          CAS_COUNT_RD STAT          | MBOX6C0 |             0 |            0 |            0 |            0 |
|          CAS_COUNT_WR STAT          | MBOX6C1 |             0 |            0 |            0 |            0 |
|          CAS_COUNT_RD STAT          | MBOX7C0 |             0 |            0 |            0 |            0 |
|          CAS_COUNT_WR STAT          | MBOX7C1 |             0 |            0 |            0 |            0 |
+-------------------------------------+---------+---------------+--------------+--------------+--------------+
+-----------------------------------+------------+-----------+-----------+-----------+-----------+-----------+-----------+-----------+-----------+-----------+-----------+-----------+-----------+-----------+-----------+-----------+-----------+-----------+-----------+-----------+-----------+-----------+-----------+-----------+
|               Metric              |   Core 0   |   Core 1  |   Core 2  |   Core 3  |   Core 4  |   Core 5  |   Core 6  |   Core 7  |   Core 8  |   Core 9  |  Core 10  |  Core 11  |  Core 12  |  Core 13  |  Core 14  |  Core 15  |  Core 16  |  Core 17  |  Core 18  |  Core 19  |  Core 20  |  Core 21  |  Core 22  |  Core 23  |
+-----------------------------------+------------+-----------+-----------+-----------+-----------+-----------+-----------+-----------+-----------+-----------+-----------+-----------+-----------+-----------+-----------+-----------+-----------+-----------+-----------+-----------+-----------+-----------+-----------+-----------+
|        Runtime (RDTSC) [s]        |    34.6271 |   34.6271 |   34.6271 |   34.6271 |   34.6271 |   34.6271 |   34.6271 |   34.6271 |   34.6271 |   34.6271 |   34.6271 |   34.6271 |   34.6271 |   34.6271 |   34.6271 |   34.6271 |   34.6271 |   34.6271 |   34.6271 |   34.6271 |   34.6271 |   34.6271 |   34.6271 |   34.6271 |
|        Runtime unhalted [s]       |    33.5778 |   31.5528 |   31.5541 |   31.5562 |   31.5552 |   31.5540 |   33.4212 |   33.0315 |   33.0521 |   33.0239 |   33.0617 |   33.0714 |   31.5677 |   31.5793 |   31.5739 |   31.5754 |   31.5743 |   31.5701 |   30.2280 |   30.0059 |   30.1315 |   29.9668 |   30.0028 |   30.1415 |
|            Clock [MHz]            |  2296.3138 | 2296.4881 | 2296.5062 | 2296.5047 | 2296.4985 | 2296.4924 | 2299.9800 | 2296.7336 | 2297.6726 | 2297.0608 | 2297.0627 | 2297.6815 | 2296.4472 | 2296.3928 | 2296.4471 | 2296.4510 | 2296.4505 | 2296.4575 | 2296.1458 | 2298.0013 | 2297.1785 | 2298.3405 | 2298.0198 | 2298.4037 |
|                CPI                |     0.6467 |    0.6701 |    0.6720 |    0.6730 |    0.6726 |    0.6701 |    0.5222 |    0.5218 |    0.5215 |    0.5213 |    0.5221 |    0.5233 |    0.6703 |    0.6695 |    0.6685 |    0.6693 |    0.6680 |    0.6584 |    0.5785 |    0.5801 |    0.5819 |    0.5799 |    0.5809 |    0.5835 |
|   Local DRAM data volume [GByte]  |     7.9795 |    7.9351 |    8.0412 |    8.1094 |    8.0607 |    8.1322 |   40.3855 |   40.1429 |   40.2967 |   40.3293 |   40.3224 |   39.5360 |    4.6271 |    4.6432 |    5.0263 |    5.0463 |    5.1269 |    4.8651 |   26.0490 |   26.6146 |   27.1824 |   27.3979 |   27.4041 |   25.2961 |
|   Local DRAM bandwidth [MByte/s]  |   230.4409 |  229.1577 |  232.2221 |  234.1936 |  232.7866 |  234.8502 | 1166.2999 | 1159.2928 | 1163.7329 | 1164.6765 | 1164.4750 | 1141.7672 |  133.6276 |  134.0928 |  145.1551 |  145.7327 |  148.0619 |  140.4987 |  752.2732 |  768.6059 |  785.0058 |  791.2266 |  791.4070 |  730.5301 |
|  Remote DRAM data volume [GByte]  |     2.4783 |    2.4164 |    2.4363 |    2.3513 |    2.3632 |    2.7064 |    2.9363 |    1.5840 |    1.3070 |    1.2800 |    1.4656 |    2.2093 |    3.6784 |    3.6363 |    3.2618 |    3.1758 |    3.1748 |    3.3400 |    5.4955 |    4.5893 |    3.8908 |    3.7385 |    3.8514 |    5.8756 |
|  Remote DRAM bandwidth [MByte/s]  |    71.5710 |   69.7836 |   70.3594 |   67.9040 |   68.2474 |   78.1582 |   84.7977 |   45.7451 |   37.7460 |   36.9660 |   42.3267 |   63.8035 |  106.2283 |  105.0139 |   94.1971 |   91.7138 |   91.6867 |   96.4567 |  158.7067 |  132.5346 |  112.3631 |  107.9633 |  111.2249 |  169.6810 |
|     Memory data volume [GByte]    |    10.4578 |   10.3515 |   10.4775 |   10.4608 |   10.4239 |   10.8386 |   43.3218 |   41.7269 |   41.6037 |   41.6094 |   41.7880 |   41.7454 |    8.3055 |    8.2796 |    8.2881 |    8.2221 |    8.3018 |    8.2051 |   31.5446 |   31.2039 |   31.0733 |   31.1363 |   31.2555 |   31.1717 |
|     Memory bandwidth [MByte/s]    |   302.0118 |  298.9413 |  302.5816 |  302.0976 |  301.0340 |  313.0084 | 1251.0977 | 1205.0379 | 1201.4789 | 1201.6426 | 1206.8017 | 1205.5707 |  239.8559 |  239.1067 |  239.3522 |  237.4465 |  239.7486 |  236.9554 |  910.9799 |  901.1405 |  897.3689 |  899.1900 |  902.6319 |  900.2111 |
|          L3 request rate          |     1.6208 |    1.8612 |    2.0551 |    2.2198 |    2.4728 |    2.0019 |    2.0097 |    2.0821 |    2.1380 |    2.1364 |    2.1943 |    2.2114 |    2.1403 |    2.3881 |    2.5698 |    2.8678 |    3.0247 |    2.3993 |    2.2188 |    2.2217 |    2.3069 |    2.2802 |    2.1976 |    2.2150 |
|            L3 miss rate           |     0.2461 |    0.1753 |    0.1608 |    0.1444 |    0.1295 |    0.1758 |    0.3422 |    0.1876 |    0.1556 |    0.1527 |    0.1796 |    0.2682 |    0.2957 |    0.2690 |    0.2235 |    0.1998 |    0.1835 |    0.2770 |    0.8455 |    0.7139 |    0.5898 |    0.5693 |    0.5871 |    0.8838 |
|           L3 miss ratio           |     0.3106 |    0.3045 |    0.3030 |    0.2899 |    0.2932 |    0.3328 |    0.0727 |    0.0395 |    0.0324 |    0.0317 |    0.0363 |    0.0559 |    0.7950 |    0.7831 |    0.6489 |    0.6293 |    0.6192 |    0.6865 |    0.2110 |    0.1724 |    0.1431 |    0.1365 |    0.1405 |    0.2323 |
|          L2 request rate          |     0.0153 |    0.0183 |    0.0189 |    0.0195 |    0.0211 |    0.0199 |    0.0401 |    0.0376 |    0.0376 |    0.0376 |    0.0375 |    0.0375 |    0.0172 |    0.0184 |    0.0189 |    0.0194 |    0.0203 |    0.0178 |    0.0351 |    0.0350 |    0.0353 |    0.0350 |    0.0354 |    0.0352 |
|            L2 miss rate           |     0.0037 |    0.0044 |    0.0046 |    0.0048 |    0.0051 |    0.0046 |    0.0088 |    0.0082 |    0.0083 |    0.0083 |    0.0082 |    0.0083 |    0.0041 |    0.0043 |    0.0044 |    0.0046 |    0.0048 |    0.0041 |    0.0077 |    0.0077 |    0.0077 |    0.0077 |    0.0077 |    0.0077 |
|           L2 miss ratio           |     0.2431 |    0.2420 |    0.2431 |    0.2455 |    0.2435 |    0.2285 |    0.2184 |    0.2194 |    0.2204 |    0.2197 |    0.2194 |    0.2200 |    0.2401 |    0.2340 |    0.2340 |    0.2389 |    0.2386 |    0.2277 |    0.2191 |    0.2196 |    0.2182 |    0.2199 |    0.2187 |    0.2204 |
|  Memory read bandwidth [MBytes/s] | 11256.7585 |         0 |         0 |         0 |         0 |         0 |         0 |         0 |         0 |         0 |         0 |         0 | 7345.7242 |         0 |         0 |         0 |         0 |         0 |         0 |         0 |         0 |         0 |         0 |         0 |
|  Memory read data volume [GBytes] |   389.7885 |         0 |         0 |         0 |         0 |         0 |         0 |         0 |         0 |         0 |         0 |         0 |  254.3609 |         0 |         0 |         0 |         0 |         0 |         0 |         0 |         0 |         0 |         0 |         0 |
| Memory write bandwidth [MBytes/s] |  2248.2161 |         0 |         0 |         0 |         0 |         0 |         0 |         0 |         0 |         0 |         0 |         0 | 1611.5159 |         0 |         0 |         0 |         0 |         0 |         0 |         0 |         0 |         0 |         0 |         0 |
| Memory write data volume [GBytes] |    77.8491 |         0 |         0 |         0 |         0 |         0 |         0 |         0 |         0 |         0 |         0 |         0 |   55.8021 |         0 |         0 |         0 |         0 |         0 |         0 |         0 |         0 |         0 |         0 |         0 |
|    Memory bandwidth [MBytes/s]    | 13504.9745 |         0 |         0 |         0 |         0 |         0 |         0 |         0 |         0 |         0 |         0 |         0 | 8957.2401 |         0 |         0 |         0 |         0 |         0 |         0 |         0 |         0 |         0 |         0 |         0 |
|    Memory data volume [GBytes]    |   467.6376 |         0 |         0 |         0 |         0 |         0 |         0 |         0 |         0 |         0 |         0 |         0 |  310.1629 |         0 |         0 |         0 |         0 |         0 |         0 |         0 |         0 |         0 |         0 |         0 |
|          Temperature [C]          |         40 |        36 |        38 |        37 |        40 |        39 |        44 |        43 |        43 |        43 |        42 |        40 |        37 |        39 |        39 |        40 |        40 |        39 |        42 |        43 |        42 |        46 |        44 |        42 |
|             Energy [J]            |  2687.7797 |         0 |         0 |         0 |         0 |         0 |         0 |         0 |         0 |         0 |         0 |         0 | 2500.1591 |         0 |         0 |         0 |         0 |         0 |         0 |         0 |         0 |         0 |         0 |         0 |
|             Power [W]             |    77.6208 |         0 |         0 |         0 |         0 |         0 |         0 |         0 |         0 |         0 |         0 |         0 |   72.2025 |         0 |         0 |         0 |         0 |         0 |         0 |         0 |         0 |         0 |         0 |         0 |
|           Energy PP0 [J]          |          0 |         0 |         0 |         0 |         0 |         0 |         0 |         0 |         0 |         0 |         0 |         0 |         0 |         0 |         0 |         0 |         0 |         0 |         0 |         0 |         0 |         0 |         0 |         0 |
|           Power PP0 [W]           |          0 |         0 |         0 |         0 |         0 |         0 |         0 |         0 |         0 |         0 |         0 |         0 |         0 |         0 |         0 |         0 |         0 |         0 |         0 |         0 |         0 |         0 |         0 |         0 |
|          Energy DRAM [J]          |   385.0025 |         0 |         0 |         0 |         0 |         0 |         0 |         0 |         0 |         0 |         0 |         0 |  350.9781 |         0 |         0 |         0 |         0 |         0 |         0 |         0 |         0 |         0 |         0 |         0 |
|           Power DRAM [W]          |    11.1185 |         0 |         0 |         0 |         0 |         0 |         0 |         0 |         0 |         0 |         0 |         0 |   10.1359 |         0 |         0 |         0 |         0 |         0 |         0 |         0 |         0 |         0 |         0 |         0 |
+-----------------------------------+------------+-----------+-----------+-----------+-----------+-----------+-----------+-----------+-----------+-----------+-----------+-----------+-----------+-----------+-----------+-----------+-----------+-----------+-----------+-----------+-----------+-----------+-----------+-----------+
+----------------------------------------+------------+-----------+------------+-----------+
|                 Metric                 |     Sum    |    Min    |     Max    |    Avg    |
+----------------------------------------+------------+-----------+------------+-----------+
|        Runtime (RDTSC) [s] STAT        |   831.0504 |   34.6271 |    34.6271 |   34.6271 |
|        Runtime unhalted [s] STAT       |   759.9291 |   29.9668 |    33.5778 |   31.6637 |
|            Clock [MHz] STAT            | 55129.7306 | 2296.1458 |  2299.9800 | 2297.0721 |
|                CPI STAT                |    14.6255 |    0.5213 |     0.6730 |    0.6094 |
|   Local DRAM data volume [GByte] STAT  |   478.5499 |    4.6271 |    40.3855 |   19.9396 |
|   Local DRAM bandwidth [MByte/s] STAT  | 13820.1128 |  133.6276 |  1166.2999 |  575.8380 |
|  Remote DRAM data volume [GByte] STAT  |    73.2423 |    1.2800 |     5.8756 |    3.0518 |
|  Remote DRAM bandwidth [MByte/s] STAT  |  2115.1787 |   36.9660 |   169.6810 |   88.1324 |
|     Memory data volume [GByte] STAT    |   551.7928 |    8.2051 |    43.3218 |   22.9914 |
|     Memory bandwidth [MByte/s] STAT    | 15935.2918 |  236.9554 |  1251.0977 |  663.9705 |
|          L3 request rate STAT          |    53.8337 |    1.6208 |     3.0247 |    2.2431 |
|            L3 miss rate STAT           |     7.9557 |    0.1295 |     0.8838 |    0.3315 |
|           L3 miss ratio STAT           |     7.3003 |    0.0317 |     0.7950 |    0.3042 |
|          L2 request rate STAT          |     0.6639 |    0.0153 |     0.0401 |    0.0277 |
|            L2 miss rate STAT           |     0.1498 |    0.0037 |     0.0088 |    0.0062 |
|           L2 miss ratio STAT           |     5.4922 |    0.2182 |     0.2455 |    0.2288 |
|  Memory read bandwidth [MBytes/s] STAT | 18602.4827 |         0 | 11256.7585 |  775.1034 |
|  Memory read data volume [GBytes] STAT |   644.1494 |         0 |   389.7885 |   26.8396 |
| Memory write bandwidth [MBytes/s] STAT |  3859.7320 |         0 |  2248.2161 |  160.8222 |
| Memory write data volume [GBytes] STAT |   133.6512 |         0 |    77.8491 |    5.5688 |
|    Memory bandwidth [MBytes/s] STAT    | 22462.2146 |         0 | 13504.9745 |  935.9256 |
|    Memory data volume [GBytes] STAT    |   777.8005 |         0 |   467.6376 |   32.4084 |
|          Temperature [C] STAT          |        978 |        36 |         46 |   40.7500 |
|             Energy [J] STAT            |  5187.9388 |         0 |  2687.7797 |  216.1641 |
|             Power [W] STAT             |   149.8233 |         0 |    77.6208 |    6.2426 |
|           Energy PP0 [J] STAT          |          0 |         0 |          0 |         0 |
|           Power PP0 [W] STAT           |          0 |         0 |          0 |         0 |
|          Energy DRAM [J] STAT          |   735.9806 |         0 |   385.0025 |   30.6659 |
|           Power DRAM [W] STAT          |    21.2544 |         0 |    11.1185 |    0.8856 |
+----------------------------------------+------------+-----------+------------+-----------+
