--------------------------------------------------------------------------------
CPU name:	Intel(R) Xeon(R) CPU E5-2670 v3 @ 2.30GHz
CPU type:	Intel Xeon Haswell EN/EP/EX processor
CPU clock:	2.30 GHz
--------------------------------------------------------------------------------
Group 1: POWERPERF
+--------------------------------+---------+------------+------------+------------+-------------+------------+------------+--------+--------+--------+--------+---------+---------+------------+-------------+------------+------------+------------+------------+---------+---------+---------+---------+---------+----------+
|              Event             | Counter |   Core 0   |   Core 1   |   Core 2   |    Core 3   |   Core 4   |   Core 5   | Core 6 | Core 7 | Core 8 | Core 9 | Core 10 | Core 11 |   Core 12  |   Core 13   |   Core 14  |   Core 15  |   Core 16  |   Core 17  | Core 18 | Core 19 | Core 20 | Core 21 | Core 22 |  Core 23 |
+--------------------------------+---------+------------+------------+------------+-------------+------------+------------+--------+--------+--------+--------+---------+---------+------------+-------------+------------+------------+------------+------------+---------+---------+---------+---------+---------+----------+
|        INSTR_RETIRED_ANY       |  FIXC0  | 5964525890 | 6013693917 | 6007457397 |  6976316301 | 6749972218 | 6032457764 |    218 |      0 |      0 |  31574 |       0 |       0 | 6019729432 |  6931545908 | 6018279417 | 6011355396 | 6851516760 | 6028432149 | 1143780 |     342 |       0 |       0 |       0 | 38685899 |
|      CPU_CLK_UNHALTED_CORE     |  FIXC1  | 3970768779 | 3977543208 | 3977426241 |  4039480866 | 4039269601 | 3978806566 |   7518 |      0 |      0 |  57934 |       0 |       0 | 3969952215 |  4031205755 | 3969537224 | 3966591944 | 4030501400 | 3964259191 | 1823825 |    7352 |       0 |       0 |       0 | 27049186 |
|      CPU_CLK_UNHALTED_REF      |  FIXC2  | 7610638728 | 7623622504 | 7623396184 |  7742328402 | 7741923395 | 7626041184 |  14398 |      0 |      0 | 111044 |       0 |       0 | 7609073624 |  7726469902 | 7608281412 | 7602629415 | 7725115685 | 7598161251 | 3495586 |   14076 |       0 |       0 |       0 | 51848486 |
|           FIXC1/FIXC0          |   CPI   |          0 |          0 |          0 |           0 |          0 |          0 |      0 |      0 |      0 |      0 |       0 |       0 |          0 |           0 |          0 |          0 |          0 |          0 |       0 |       0 |       0 |       0 |       0 |        0 |
|  OFFCORE_RESPONSE_0_LOCAL_DRAM |   PMC0  |   47185916 |   46282612 |   46191997 |      108919 |      61656 |   46899454 |     56 |      0 |      0 |    488 |       0 |       0 |   46004418 |       54807 |   45986539 |   45962371 |      57602 |   46750616 |   12451 |     115 |       0 |       0 |       0 |    10464 |
| OFFCORE_RESPONSE_1_REMOTE_DRAM |   PMC1  |      41149 |     218607 |     269335 |        3055 |       7674 |     199756 |     78 |      0 |      0 |    197 |       0 |       0 |      78954 |        2588 |      22482 |      80391 |       2157 |      26994 |    2572 |      26 |       0 |       0 |       0 |     7186 |
|  MEM_LOAD_UOPS_RETIRED_L3_ALL  |   PMC2  |   32969843 |   31454248 |   31552802 |       54768 |      67738 |   31155138 |     10 |      0 |      0 |     60 |       0 |       0 |   30959832 |       61696 |   30917007 |   30943301 |      65483 |   30620903 |    6070 |      15 |       0 |       0 |       0 |    21460 |
|  MEM_LOAD_UOPS_RETIRED_L3_MISS |   PMC3  |   12511290 |   11989005 |   11930756 |       38851 |      44156 |   12042318 |     10 |      0 |      0 |     58 |       0 |       0 |   11924610 |       39112 |   11811512 |   11775542 |      41476 |   11942391 |    2336 |      15 |       0 |       0 |       0 |     5289 |
|      L2_TRANS_ALL_REQUESTS     |   PMC4  |  537666802 |  532676784 |  533223929 |      971451 |     822470 |  532168682 |    277 |      0 |      0 |   1550 |       0 |       0 |  528922842 |      899726 |  528503141 |  528608940 |     860831 |  528536897 |  137159 |     287 |       0 |       0 |       0 |   397908 |
|          L2_RQSTS_MISS         |   PMC5  |  159504027 |  157530238 |  157719954 |      216289 |     173778 |  156988417 |    132 |      0 |      0 |    699 |       0 |       0 |  156529407 |      154630 |  156443318 |  156530530 |     163398 |  155866343 |   46252 |     139 |       0 |       0 |       0 |    84915 |
|        UOPS_RETIRED_ALL        |   PMC6  | 6901225097 | 6966148664 | 6958233921 | 10091796432 | 9763893439 | 6990469425 |    499 |      0 |      0 |  33803 |       0 |       0 | 6974775135 | 10026359145 | 6972965165 | 6964339841 | 9910684491 | 6986547068 | 1409424 |     413 |       0 |       0 |       0 | 49173598 |
|            TEMP_CORE           |   TMP0  |         28 |         30 |         32 |          28 |         28 |         28 |     24 |     26 |     28 |     27 |      27 |      30 |         29 |          31 |         28 |         28 |         32 |         26 |      28 |      32 |      31 |      34 |      30 |       29 |
|         PWR_PKG_ENERGY         |   PWR0  |   272.4119 |          0 |          0 |           0 |          0 |          0 |      0 |      0 |      0 |      0 |       0 |       0 |   306.2766 |           0 |          0 |          0 |          0 |          0 |       0 |       0 |       0 |       0 |       0 |        0 |
|         PWR_PP0_ENERGY         |   PWR1  |          0 |          0 |          0 |           0 |          0 |          0 |      0 |      0 |      0 |      0 |       0 |       0 |          0 |           0 |          0 |          0 |          0 |          0 |       0 |       0 |       0 |       0 |       0 |        0 |
|         PWR_DRAM_ENERGY        |   PWR3  |    55.2880 |          0 |          0 |           0 |          0 |          0 |      0 |      0 |      0 |      0 |       0 |       0 |    62.8226 |           0 |          0 |          0 |          0 |          0 |       0 |       0 |       0 |       0 |       0 |        0 |
|          CAS_COUNT_RD          | MBOX0C0 |   74916641 |          0 |          0 |           0 |          0 |          0 |      0 |      0 |      0 |      0 |       0 |       0 |   77459631 |           0 |          0 |          0 |          0 |          0 |       0 |       0 |       0 |       0 |       0 |        0 |
|          CAS_COUNT_WR          | MBOX0C1 |   35768671 |          0 |          0 |           0 |          0 |          0 |      0 |      0 |      0 |      0 |       0 |       0 |   36363773 |           0 |          0 |          0 |          0 |          0 |       0 |       0 |       0 |       0 |       0 |        0 |
|          CAS_COUNT_RD          | MBOX1C0 |   75093209 |          0 |          0 |           0 |          0 |          0 |      0 |      0 |      0 |      0 |       0 |       0 |   77151549 |           0 |          0 |          0 |          0 |          0 |       0 |       0 |       0 |       0 |       0 |        0 |
|          CAS_COUNT_WR          | MBOX1C1 |   35945406 |          0 |          0 |           0 |          0 |          0 |      0 |      0 |      0 |      0 |       0 |       0 |   35828426 |           0 |          0 |          0 |          0 |          0 |       0 |       0 |       0 |       0 |       0 |        0 |
|          CAS_COUNT_RD          | MBOX2C0 |          0 |          0 |          0 |           0 |          0 |          0 |      0 |      0 |      0 |      0 |       0 |       0 |          0 |           0 |          0 |          0 |          0 |          0 |       0 |       0 |       0 |       0 |       0 |        0 |
|          CAS_COUNT_WR          | MBOX2C1 |          0 |          0 |          0 |           0 |          0 |          0 |      0 |      0 |      0 |      0 |       0 |       0 |          0 |           0 |          0 |          0 |          0 |          0 |       0 |       0 |       0 |       0 |       0 |        0 |
|          CAS_COUNT_RD          | MBOX3C0 |          0 |          0 |          0 |           0 |          0 |          0 |      0 |      0 |      0 |      0 |       0 |       0 |          0 |           0 |          0 |          0 |          0 |          0 |       0 |       0 |       0 |       0 |       0 |        0 |
|          CAS_COUNT_WR          | MBOX3C1 |          0 |          0 |          0 |           0 |          0 |          0 |      0 |      0 |      0 |      0 |       0 |       0 |          0 |           0 |          0 |          0 |          0 |          0 |       0 |       0 |       0 |       0 |       0 |        0 |
|          CAS_COUNT_RD          | MBOX4C0 |   74909379 |          0 |          0 |           0 |          0 |          0 |      0 |      0 |      0 |      0 |       0 |       0 |   77731147 |           0 |          0 |          0 |          0 |          0 |       0 |       0 |       0 |       0 |       0 |        0 |
|          CAS_COUNT_WR          | MBOX4C1 |   35748167 |          0 |          0 |           0 |          0 |          0 |      0 |      0 |      0 |      0 |       0 |       0 |   36441560 |           0 |          0 |          0 |          0 |          0 |       0 |       0 |       0 |       0 |       0 |        0 |
|          CAS_COUNT_RD          | MBOX5C0 |   75073956 |          0 |          0 |           0 |          0 |          0 |      0 |      0 |      0 |      0 |       0 |       0 |   76799827 |           0 |          0 |          0 |          0 |          0 |       0 |       0 |       0 |       0 |       0 |        0 |
|          CAS_COUNT_WR          | MBOX5C1 |   35932883 |          0 |          0 |           0 |          0 |          0 |      0 |      0 |      0 |      0 |       0 |       0 |   35743291 |           0 |          0 |          0 |          0 |          0 |       0 |       0 |       0 |       0 |       0 |        0 |
|          CAS_COUNT_RD          | MBOX6C0 |          0 |          0 |          0 |           0 |          0 |          0 |      0 |      0 |      0 |      0 |       0 |       0 |          0 |           0 |          0 |          0 |          0 |          0 |       0 |       0 |       0 |       0 |       0 |        0 |
|          CAS_COUNT_WR          | MBOX6C1 |          0 |          0 |          0 |           0 |          0 |          0 |      0 |      0 |      0 |      0 |       0 |       0 |          0 |           0 |          0 |          0 |          0 |          0 |       0 |       0 |       0 |       0 |       0 |        0 |
|          CAS_COUNT_RD          | MBOX7C0 |          0 |          0 |          0 |           0 |          0 |          0 |      0 |      0 |      0 |      0 |       0 |       0 |          0 |           0 |          0 |          0 |          0 |          0 |       0 |       0 |       0 |       0 |       0 |        0 |
|          CAS_COUNT_WR          | MBOX7C1 |          0 |          0 |          0 |           0 |          0 |          0 |      0 |      0 |      0 |      0 |       0 |       0 |          0 |           0 |          0 |          0 |          0 |          0 |       0 |       0 |       0 |       0 |       0 |        0 |
+--------------------------------+---------+------------+------------+------------+-------------+------------+------------+--------+--------+--------+--------+---------+---------+------------+-------------+------------+------------+------------+------------+---------+---------+---------+---------+---------+----------+
+-------------------------------------+---------+-------------+-----+-------------+--------------+
|                Event                | Counter |     Sum     | Min |     Max     |      Avg     |
+-------------------------------------+---------+-------------+-----+-------------+--------------+
|        INSTR_RETIRED_ANY STAT       |  FIXC0  | 75645144362 |   0 |  6976316301 | 3.151881e+09 |
|      CPU_CLK_UNHALTED_CORE STAT     |  FIXC1  | 47944288805 |   0 |  4039480866 | 1.997679e+09 |
|      CPU_CLK_UNHALTED_REF STAT      |  FIXC2  | 91893165276 |   0 |  7742328402 | 3.828882e+09 |
|           FIXC1/FIXC0 STAT          |   CPI   |           0 |   0 |           0 |            0 |
|  OFFCORE_RESPONSE_0_LOCAL_DRAM STAT |   PMC0  |   371570481 |   0 |    47185916 | 1.548210e+07 |
| OFFCORE_RESPONSE_1_REMOTE_DRAM STAT |   PMC1  |      963201 |   0 |      269335 |   40133.3750 |
|  MEM_LOAD_UOPS_RETIRED_L3_ALL STAT  |   PMC2  |   250850374 |   0 |    32969843 | 1.045210e+07 |
|  MEM_LOAD_UOPS_RETIRED_L3_MISS STAT |   PMC3  |    96098727 |   0 |    12511290 | 4.004114e+06 |
|      L2_TRANS_ALL_REQUESTS STAT     |   PMC4  |  4254399676 |   0 |   537666802 | 1.772667e+08 |
|          L2_RQSTS_MISS STAT         |   PMC5  |  1257952466 |   0 |   159504027 | 5.241469e+07 |
|        UOPS_RETIRED_ALL STAT        |   PMC6  | 95558055560 |   0 | 10091796432 | 3.981586e+09 |
|            TEMP_CORE STAT           |   TMP0  |         694 |  24 |          34 |      28.9167 |
|         PWR_PKG_ENERGY STAT         |   PWR0  |    578.6885 |   0 |    306.2766 |      24.1120 |
|         PWR_PP0_ENERGY STAT         |   PWR1  |           0 |   0 |           0 |            0 |
|         PWR_DRAM_ENERGY STAT        |   PWR3  |    118.1106 |   0 |     62.8226 |       4.9213 |
|          CAS_COUNT_RD STAT          | MBOX0C0 |   152376272 |   0 |    77459631 | 6.349011e+06 |
|          CAS_COUNT_WR STAT          | MBOX0C1 |    72132444 |   0 |    36363773 | 3.005518e+06 |
|          CAS_COUNT_RD STAT          | MBOX1C0 |   152244758 |   0 |    77151549 | 6.343532e+06 |
|          CAS_COUNT_WR STAT          | MBOX1C1 |    71773832 |   0 |    35945406 | 2.990576e+06 |
|          CAS_COUNT_RD STAT          | MBOX2C0 |           0 |   0 |           0 |            0 |
|          CAS_COUNT_WR STAT          | MBOX2C1 |           0 |   0 |           0 |            0 |
|          CAS_COUNT_RD STAT          | MBOX3C0 |           0 |   0 |           0 |            0 |
|          CAS_COUNT_WR STAT          | MBOX3C1 |           0 |   0 |           0 |            0 |
|          CAS_COUNT_RD STAT          | MBOX4C0 |   152640526 |   0 |    77731147 | 6.360022e+06 |
|          CAS_COUNT_WR STAT          | MBOX4C1 |    72189727 |   0 |    36441560 | 3.007905e+06 |
|          CAS_COUNT_RD STAT          | MBOX5C0 |   151873783 |   0 |    76799827 | 6.328074e+06 |
|          CAS_COUNT_WR STAT          | MBOX5C1 |    71676174 |   0 |    35932883 | 2.986507e+06 |
|          CAS_COUNT_RD STAT          | MBOX6C0 |           0 |   0 |           0 |            0 |
|          CAS_COUNT_WR STAT          | MBOX6C1 |           0 |   0 |           0 |            0 |
|          CAS_COUNT_RD STAT          | MBOX7C0 |           0 |   0 |           0 |            0 |
|          CAS_COUNT_WR STAT          | MBOX7C1 |           0 |   0 |           0 |            0 |
+-------------------------------------+---------+-------------+-----+-------------+--------------+
+-----------------------------------+-----------+-----------+-----------+--------------+--------------+-----------+--------------+---------+---------+--------------+---------+---------+-----------+--------------+-----------+-----------+--------------+-----------+-----------+--------------+---------+---------+---------+-----------+
|               Metric              |   Core 0  |   Core 1  |   Core 2  |    Core 3    |    Core 4    |   Core 5  |    Core 6    |  Core 7 |  Core 8 |    Core 9    | Core 10 | Core 11 |  Core 12  |    Core 13   |  Core 14  |  Core 15  |    Core 16   |  Core 17  |  Core 18  |    Core 19   | Core 20 | Core 21 | Core 22 |  Core 23  |
+-----------------------------------+-----------+-----------+-----------+--------------+--------------+-----------+--------------+---------+---------+--------------+---------+---------+-----------+--------------+-----------+-----------+--------------+-----------+-----------+--------------+---------+---------+---------+-----------+
|        Runtime (RDTSC) [s]        |   10.0009 |   10.0009 |   10.0009 |      10.0009 |      10.0009 |   10.0009 |      10.0009 | 10.0009 | 10.0009 |      10.0009 | 10.0009 | 10.0009 |   10.0009 |      10.0009 |   10.0009 |   10.0009 |      10.0009 |   10.0009 |   10.0009 |      10.0009 | 10.0009 | 10.0009 | 10.0009 |   10.0009 |
|        Runtime unhalted [s]       |    1.7265 |    1.7294 |    1.7293 |       1.7563 |       1.7562 |    1.7299 | 3.268753e-06 |       0 |       0 | 2.518914e-05 |       0 |       0 |    1.7261 |       1.7527 |    1.7259 |    1.7246 |       1.7524 |    1.7236 |    0.0008 | 3.196578e-06 |       0 |       0 |       0 |    0.0118 |
|            Clock [MHz]            | 1199.9791 | 1199.9791 | 1199.9795 |    1199.9804 |    1199.9804 | 1199.9796 |    1200.9373 |   nan   |   nan   |    1199.9374 |   nan   |   nan   | 1199.9791 |    1199.9800 | 1199.9786 | 1199.9796 |    1199.9807 | 1199.9792 | 1200.0058 |    1201.2860 |   nan   |   nan   |   nan   | 1199.8813 |
|                CPI                |    0.6657 |    0.6614 |    0.6621 |       0.5790 |       0.5984 |    0.6596 |      34.4862 |   nan   |   nan   |       1.8349 |   nan   |   nan   |    0.6595 |       0.5816 |    0.6596 |    0.6598 |       0.5883 |    0.6576 |    1.5946 |      21.4971 |   nan   |   nan   |   nan   |    0.6992 |
|   Local DRAM data volume [GByte]  |    3.0199 |    2.9621 |    2.9563 |       0.0070 |       0.0039 |    3.0016 | 3.584000e-06 |       0 |       0 | 3.123200e-05 |       0 |       0 |    2.9443 |       0.0035 |    2.9431 |    2.9416 |       0.0037 |    2.9920 |    0.0008 | 7.360000e-06 |       0 |       0 |       0 |    0.0007 |
|   Local DRAM bandwidth [MByte/s]  |  301.9628 |  296.1821 |  295.6023 |       0.6970 |       0.3946 |  300.1296 |       0.0004 |       0 |       0 |       0.0031 |       0 |       0 |  294.4019 |       0.3507 |  294.2875 |  294.1328 |       0.3686 |  299.1771 |    0.0797 |       0.0007 |       0 |       0 |       0 |    0.0670 |
|  Remote DRAM data volume [GByte]  |    0.0026 |    0.0140 |    0.0172 |       0.0002 |       0.0005 |    0.0128 | 4.992000e-06 |       0 |       0 | 1.260800e-05 |       0 |       0 |    0.0051 |       0.0002 |    0.0014 |    0.0051 |       0.0001 |    0.0017 |    0.0002 | 1.664000e-06 |       0 |       0 |       0 |    0.0005 |
|  Remote DRAM bandwidth [MByte/s]  |    0.2633 |    1.3990 |    1.7236 |       0.0196 |       0.0491 |    1.2783 |       0.0005 |       0 |       0 |       0.0013 |       0 |       0 |    0.5053 |       0.0166 |    0.1439 |    0.5145 |       0.0138 |    0.1727 |    0.0165 |       0.0002 |       0 |       0 |       0 |    0.0460 |
|     Memory data volume [GByte]    |    3.0225 |    2.9761 |    2.9735 |       0.0072 |       0.0044 |    3.0143 | 8.576000e-06 |       0 |       0 | 4.384000e-05 |       0 |       0 |    2.9493 |       0.0037 |    2.9446 |    2.9467 |       0.0038 |    2.9938 |    0.0010 | 9.024000e-06 |       0 |       0 |       0 |    0.0011 |
|     Memory bandwidth [MByte/s]    |  302.2261 |  297.5811 |  297.3259 |       0.7166 |       0.4437 |  301.4079 |       0.0009 |       0 |       0 |       0.0044 |       0 |       0 |  294.9071 |       0.3673 |  294.4313 |  294.6472 |       0.3824 |  299.3499 |    0.0961 |       0.0009 |       0 |       0 |       0 |    0.1129 |
|          L3 request rate          |    2.6352 |    2.6236 |    2.6447 |       1.4097 |       1.5341 |    2.5871 |            1 |   nan   |   nan   |       1.0345 |   nan   |   nan   |    2.5963 |       1.5774 |    2.6175 |    2.6278 |       1.5788 |    2.5641 |    2.5985 |            1 |   nan   |   nan   |   nan   |    4.0575 |
|            L3 miss rate           |    0.0012 |    0.0069 |    0.0085 |       0.0558 |       0.1133 |    0.0064 |       7.8000 |   nan   |   nan   |       3.2833 |   nan   |   nan   |    0.0026 |       0.0419 |    0.0007 |    0.0026 |       0.0329 |    0.0009 |    0.4237 |       1.7333 |   nan   |   nan   |   nan   |    0.3349 |
|           L3 miss ratio           |    0.0009 |    0.0047 |    0.0058 |       0.0280 |       0.1245 |    0.0043 |       1.3929 |   nan   |   nan   |       0.4037 |   nan   |   nan   |    0.0017 |       0.0472 |    0.0005 |    0.0017 |       0.0374 |    0.0006 |    0.2066 |       0.2261 |   nan   |   nan   |   nan   |    0.6867 |
|          L2 request rate          |    0.0901 |    0.0886 |    0.0888 |       0.0001 |       0.0001 |    0.0882 |       1.2706 |   nan   |   nan   |       0.0491 |   nan   |   nan   |    0.0879 |       0.0001 |    0.0878 |    0.0879 |       0.0001 |    0.0877 |    0.1199 |       0.8392 |   nan   |   nan   |   nan   |    0.0103 |
|            L2 miss rate           |    0.0267 |    0.0262 |    0.0263 | 3.100332e-05 | 2.574499e-05 |    0.0260 |       0.6055 |   nan   |   nan   |       0.0221 |   nan   |   nan   |    0.0260 | 2.230815e-05 |    0.0260 |    0.0260 | 2.384844e-05 |    0.0259 |    0.0404 |       0.4064 |   nan   |   nan   |   nan   |    0.0022 |
|           L2 miss ratio           |    0.2967 |    0.2957 |    0.2958 |       0.2226 |       0.2113 |    0.2950 |       0.4765 |   nan   |   nan   |       0.4510 |   nan   |   nan   |    0.2959 |       0.1719 |    0.2960 |    0.2961 |       0.1898 |    0.2949 |    0.3372 |       0.4843 |   nan   |   nan   |   nan   |    0.2134 |
|  Memory read bandwidth [MBytes/s] | 1919.7842 |         0 |         0 |            0 |            0 |         0 |            0 |       0 |       0 |            0 |       0 |       0 | 1978.3323 |            0 |         0 |         0 |            0 |         0 |         0 |            0 |       0 |       0 |       0 |         0 |
|  Memory read data volume [GBytes] |   19.1996 |         0 |         0 |            0 |            0 |         0 |            0 |       0 |       0 |            0 |       0 |       0 |   19.7851 |            0 |         0 |         0 |            0 |         0 |         0 |            0 |       0 |       0 |       0 |         0 |
| Memory write bandwidth [MBytes/s] |  917.6465 |         0 |         0 |            0 |            0 |         0 |            0 |       0 |       0 |            0 |       0 |       0 |  923.9302 |            0 |         0 |         0 |            0 |         0 |         0 |            0 |       0 |       0 |       0 |         0 |
| Memory write data volume [GBytes] |    9.1773 |         0 |         0 |            0 |            0 |         0 |            0 |       0 |       0 |            0 |       0 |       0 |    9.2401 |            0 |         0 |         0 |            0 |         0 |         0 |            0 |       0 |       0 |       0 |         0 |
|    Memory bandwidth [MBytes/s]    | 2837.4307 |         0 |         0 |            0 |            0 |         0 |            0 |       0 |       0 |            0 |       0 |       0 | 2902.2626 |            0 |         0 |         0 |            0 |         0 |         0 |            0 |       0 |       0 |       0 |         0 |
|    Memory data volume [GBytes]    |   28.3769 |         0 |         0 |            0 |            0 |         0 |            0 |       0 |       0 |            0 |       0 |       0 |   29.0252 |            0 |         0 |         0 |            0 |         0 |         0 |            0 |       0 |       0 |       0 |         0 |
|          Temperature [C]          |        28 |        30 |        32 |           28 |           28 |        28 |           24 |      26 |      28 |           27 |      27 |      30 |        29 |           31 |        28 |        28 |           32 |        26 |        28 |           32 |      31 |      34 |      30 |        29 |
|             Energy [J]            |  272.4119 |         0 |         0 |            0 |            0 |         0 |            0 |       0 |       0 |            0 |       0 |       0 |  306.2766 |            0 |         0 |         0 |            0 |         0 |         0 |            0 |       0 |       0 |       0 |         0 |
|             Power [W]             |   27.2387 |         0 |         0 |            0 |            0 |         0 |            0 |       0 |       0 |            0 |       0 |       0 |   30.6249 |            0 |         0 |         0 |            0 |         0 |         0 |            0 |       0 |       0 |       0 |         0 |
|           Energy PP0 [J]          |         0 |         0 |         0 |            0 |            0 |         0 |            0 |       0 |       0 |            0 |       0 |       0 |         0 |            0 |         0 |         0 |            0 |         0 |         0 |            0 |       0 |       0 |       0 |         0 |
|           Power PP0 [W]           |         0 |         0 |         0 |            0 |            0 |         0 |            0 |       0 |       0 |            0 |       0 |       0 |         0 |            0 |         0 |         0 |            0 |         0 |         0 |            0 |       0 |       0 |       0 |         0 |
|          Energy DRAM [J]          |   55.2880 |         0 |         0 |            0 |            0 |         0 |            0 |       0 |       0 |            0 |       0 |       0 |   62.8226 |            0 |         0 |         0 |            0 |         0 |         0 |            0 |       0 |       0 |       0 |         0 |
|           Power DRAM [W]          |    5.5283 |         0 |         0 |            0 |            0 |         0 |            0 |       0 |       0 |            0 |       0 |       0 |    6.2817 |            0 |         0 |         0 |            0 |         0 |         0 |            0 |       0 |       0 |       0 |         0 |
+-----------------------------------+-----------+-----------+-----------+--------------+--------------+-----------+--------------+---------+---------+--------------+---------+---------+-----------+--------------+-----------+-----------+--------------+-----------+-----------+--------------+---------+---------+---------+-----------+
+----------------------------------------+-----------+---------+-----------+----------+
|                 Metric                 |    Sum    |   Min   |    Max    |    Avg   |
+----------------------------------------+-----------+---------+-----------+----------+
|        Runtime (RDTSC) [s] STAT        |  240.0216 | 10.0009 |   10.0009 |  10.0009 |
|        Runtime unhalted [s] STAT       |   20.8455 |       0 |    1.7563 |   0.8686 |
|            Clock [MHz] STAT            | 1199.8813 |       0 | 1199.8813 |  49.9951 |
|                CPI STAT                |    0.6992 |       0 |    0.6992 |   0.0291 |
|   Local DRAM data volume [GByte] STAT  |   23.7805 |       0 |    3.0199 |   0.9909 |
|   Local DRAM bandwidth [MByte/s] STAT  | 2377.8379 |       0 |  301.9628 |  99.0766 |
|  Remote DRAM data volume [GByte] STAT  |    0.0616 |       0 |    0.0172 |   0.0026 |
|  Remote DRAM bandwidth [MByte/s] STAT  |    6.1642 |       0 |    1.7236 |   0.2568 |
|     Memory data volume [GByte] STAT    |   23.8421 |       0 |    3.0225 |   0.9934 |
|     Memory bandwidth [MByte/s] STAT    | 2384.0017 |       0 |  302.2261 |  99.3334 |
|          L3 request rate STAT          |    4.0575 |       0 |    4.0575 |   0.1691 |
|            L3 miss rate STAT           |    0.3349 |       0 |    0.3349 |   0.0140 |
|           L3 miss ratio STAT           |    0.6867 |       0 |    0.6867 |   0.0286 |
|          L2 request rate STAT          |    0.0103 |       0 |    0.0103 |   0.0004 |
|            L2 miss rate STAT           |    0.0022 |       0 |    0.0022 |   0.0001 |
|           L2 miss ratio STAT           |    0.2134 |       0 |    0.2134 |   0.0089 |
|  Memory read bandwidth [MBytes/s] STAT | 3898.1165 |       0 | 1978.3323 | 162.4215 |
|  Memory read data volume [GBytes] STAT |   38.9847 |       0 |   19.7851 |   1.6244 |
| Memory write bandwidth [MBytes/s] STAT | 1841.5767 |       0 |  923.9302 |  76.7324 |
| Memory write data volume [GBytes] STAT |   18.4174 |       0 |    9.2401 |   0.7674 |
|    Memory bandwidth [MBytes/s] STAT    | 5739.6933 |       0 | 2902.2626 | 239.1539 |
|    Memory data volume [GBytes] STAT    |   57.4021 |       0 |   29.0252 |   2.3918 |
|          Temperature [C] STAT          |       694 |      24 |        34 |  28.9167 |
|             Energy [J] STAT            |  578.6885 |       0 |  306.2766 |  24.1120 |
|             Power [W] STAT             |   57.8636 |       0 |   30.6249 |   2.4110 |
|           Energy PP0 [J] STAT          |         0 |       0 |         0 |        0 |
|           Power PP0 [W] STAT           |         0 |       0 |         0 |        0 |
|          Energy DRAM [J] STAT          |  118.1106 |       0 |   62.8226 |   4.9213 |
|           Power DRAM [W] STAT          |   11.8100 |       0 |    6.2817 |   0.4921 |
+----------------------------------------+-----------+---------+-----------+----------+
