--------------------------------------------------------------------------------
CPU name:	Intel(R) Xeon(R) CPU E5-2670 v3 @ 2.30GHz
CPU type:	Intel Xeon Haswell EN/EP/EX processor
CPU clock:	2.30 GHz
--------------------------------------------------------------------------------
Group 1: POWERPERF
+--------------------------------+---------+---------------+---------------+---------------+---------------+---------------+---------------+---------------+---------------+---------------+---------------+---------------+---------------+---------------+---------------+---------------+---------------+---------------+---------------+---------------+---------------+---------------+---------------+---------------+---------------+
|              Event             | Counter |     Core 0    |     Core 1    |     Core 2    |     Core 3    |     Core 4    |     Core 5    |     Core 6    |     Core 7    |     Core 8    |     Core 9    |    Core 10    |    Core 11    |    Core 12    |    Core 13    |    Core 14    |    Core 15    |    Core 16    |    Core 17    |    Core 18    |    Core 19    |    Core 20    |    Core 21    |    Core 22    |    Core 23    |
+--------------------------------+---------+---------------+---------------+---------------+---------------+---------------+---------------+---------------+---------------+---------------+---------------+---------------+---------------+---------------+---------------+---------------+---------------+---------------+---------------+---------------+---------------+---------------+---------------+---------------+---------------+
|        INSTR_RETIRED_ANY       |  FIXC0  | 1697088091453 | 1689850260891 | 1678676555608 | 1662763317084 | 1656866868705 | 1640075929730 | 1254900662594 | 1252394266663 | 1234058754949 | 1288441724597 | 1261814815753 | 1261931965168 | 1382872499194 | 1379645870892 | 1376233902907 | 1372852929270 | 1371232870972 | 1367350851898 | 1312896934506 | 1302556436089 | 1309432748780 | 1281894847341 | 1308876481922 | 1316117017832 |
|      CPU_CLK_UNHALTED_CORE     |  FIXC1  |  885305976785 |  882345626000 |  880233662241 |  877198177434 |  878318720632 |  873151238722 |  825052175240 |  825956893121 |  824019687972 |  828571051738 |  826272712282 |  826550093912 |  805676775117 |  801294456086 |  800779783280 |  797532803358 |  798481077428 |  794582940431 |  827248124078 |  829114915123 |  828270161299 |  825917797423 |  826864134114 |  832823706162 |
|      CPU_CLK_UNHALTED_REF      |  FIXC2  |  885344979287 |  882475673213 |  880340717096 |  877353320581 |  878448633757 |  873425997349 |  827948410103 |  828447473671 |  827234288347 |  831040066377 |  828844095124 |  829007190539 |  806158212840 |  801906377824 |  801349331946 |  798053518564 |  798880320816 |  794924852139 |  830230919270 |  831247385157 |  830941553237 |  828749581730 |  829944438768 |  833188617426 |
|           FIXC1/FIXC0          |   CPI   |             0 |             0 |             0 |             0 |             0 |             0 |             0 |             0 |             0 |             0 |             0 |             0 |             0 |             0 |             0 |             0 |             0 |             0 |             0 |             0 |             0 |             0 |             0 |             0 |
|  OFFCORE_RESPONSE_0_LOCAL_DRAM |   PMC0  |    6954135766 |    7083776327 |    7060562245 |    6979524059 |    7004158307 |    6666250248 |    4378804091 |    4396098818 |    4429260245 |    3885841342 |    4210847025 |    4203966615 |    4992987941 |    5266881718 |    5352712689 |    5350934754 |    5338310481 |    5067567590 |    3794518328 |    3934168101 |    3690827684 |    4118696858 |    3698464540 |    3724446989 |
| OFFCORE_RESPONSE_1_REMOTE_DRAM |   PMC1  |     572859332 |     360597451 |     315898341 |     301751107 |     277642491 |     518828147 |      54133062 |     127495607 |      52478066 |      48474066 |      86250261 |      45222053 |     559174572 |     280921012 |     176295434 |     177551242 |     237048899 |     503602528 |      33154879 |      55183422 |      17779177 |      17968653 |      45364737 |      19186833 |
|  MEM_LOAD_UOPS_RETIRED_L3_ALL  |   PMC2  |    1577072528 |    1569153048 |    1524240279 |    1523887140 |    1454847032 |    1447686623 |    3652914067 |    3738197964 |    3782070504 |    3303405956 |    3640214039 |    3572633117 |    1176676726 |    1171754777 |    1185553345 |    1182486324 |    1137597181 |    1170824659 |    3258444015 |    3424688429 |    3256465041 |    3611356428 |    3274845331 |    3281698212 |
|  MEM_LOAD_UOPS_RETIRED_L3_MISS |   PMC3  |     723749697 |     713040940 |     685354254 |     682538040 |     653689025 |     648202033 |    1232437562 |    1261424966 |    1259707201 |    1109968932 |    1216210682 |    1196976427 |     511742264 |     507480288 |     511050766 |     507853564 |     519032348 |     534564482 |    1093923443 |    1147103943 |    1075411463 |    1201372092 |    1087047605 |    1086367140 |
|      L2_TRANS_ALL_REQUESTS     |   PMC4  |   66199021724 |   65533758232 |   64663625768 |   64440885571 |   63517822591 |   62342075051 |   60525047449 |   61897045227 |   61221763284 |   53539496723 |   58752060384 |   57920133533 |   49090331568 |   48774692537 |   49177131650 |   48510461727 |   48808992102 |   48374927978 |   53121426097 |   55578887521 |   51785384627 |   57457088712 |   52073834561 |   52278354079 |
|          L2_RQSTS_MISS         |   PMC5  |   14309041426 |   14114279919 |   13977883464 |   13814962550 |   13568295978 |   13402375136 |   17832558073 |   18245178555 |   18384058171 |   16048503059 |   17637965238 |   17381185644 |   10585417855 |   10563401055 |   10524861627 |   10520490516 |   10532086242 |   10487489762 |   15804622992 |   16548985539 |   15661540779 |   17374997499 |   15751989512 |   15786167653 |
|        UOPS_RETIRED_ALL        |   PMC6  | 2168793432973 | 2160447126730 | 2147473488028 | 2128128448112 | 2123131746276 | 2101612032199 | 1572351199294 | 1563860636501 | 1538024214411 | 1639041371995 | 1584655944657 | 1587747759088 | 1802708786746 | 1798525436162 | 1794427170509 | 1789615704090 | 1787208680406 | 1781999537546 | 1675178920081 | 1652556110227 | 1672384571077 | 1614823003762 | 1669681442929 | 1679471199602 |
|            TEMP_CORE           |   TMP0  |            41 |            42 |            42 |            42 |            41 |            41 |            43 |            43 |            44 |            43 |            43 |            44 |            40 |            40 |            41 |            42 |            46 |            43 |            44 |            45 |            42 |            43 |            43 |            44 |
|         PWR_PKG_ENERGY         |   PWR0  |    34618.9268 |             0 |             0 |             0 |             0 |             0 |             0 |             0 |             0 |             0 |             0 |             0 |    33588.7879 |             0 |             0 |             0 |             0 |             0 |             0 |             0 |             0 |             0 |             0 |             0 |
|         PWR_PP0_ENERGY         |   PWR1  |             0 |             0 |             0 |             0 |             0 |             0 |             0 |             0 |             0 |             0 |             0 |             0 |             0 |             0 |             0 |             0 |             0 |             0 |             0 |             0 |             0 |             0 |             0 |             0 |
|         PWR_DRAM_ENERGY        |   PWR3  |     4839.1820 |             0 |             0 |             0 |             0 |             0 |             0 |             0 |             0 |             0 |             0 |             0 |     4604.3688 |             0 |             0 |             0 |             0 |             0 |             0 |             0 |             0 |             0 |             0 |             0 |
|          CAS_COUNT_RD          | MBOX0C0 |   23561359834 |             0 |             0 |             0 |             0 |             0 |             0 |             0 |             0 |             0 |             0 |             0 |   20394881263 |             0 |             0 |             0 |             0 |             0 |             0 |             0 |             0 |             0 |             0 |             0 |
|          CAS_COUNT_WR          | MBOX0C1 |    8523479623 |             0 |             0 |             0 |             0 |             0 |             0 |             0 |             0 |             0 |             0 |             0 |    7432782422 |             0 |             0 |             0 |             0 |             0 |             0 |             0 |             0 |             0 |             0 |             0 |
|          CAS_COUNT_RD          | MBOX1C0 |   23468136845 |             0 |             0 |             0 |             0 |             0 |             0 |             0 |             0 |             0 |             0 |             0 |   20421047957 |             0 |             0 |             0 |             0 |             0 |             0 |             0 |             0 |             0 |             0 |             0 |
|          CAS_COUNT_WR          | MBOX1C1 |    8481121615 |             0 |             0 |             0 |             0 |             0 |             0 |             0 |             0 |             0 |             0 |             0 |    7446427066 |             0 |             0 |             0 |             0 |             0 |             0 |             0 |             0 |             0 |             0 |             0 |
|          CAS_COUNT_RD          | MBOX2C0 |             0 |             0 |             0 |             0 |             0 |             0 |             0 |             0 |             0 |             0 |             0 |             0 |             0 |             0 |             0 |             0 |             0 |             0 |             0 |             0 |             0 |             0 |             0 |             0 |
|          CAS_COUNT_WR          | MBOX2C1 |             0 |             0 |             0 |             0 |             0 |             0 |             0 |             0 |             0 |             0 |             0 |             0 |             0 |             0 |             0 |             0 |             0 |             0 |             0 |             0 |             0 |             0 |             0 |             0 |
|          CAS_COUNT_RD          | MBOX3C0 |             0 |             0 |             0 |             0 |             0 |             0 |             0 |             0 |             0 |             0 |             0 |             0 |             0 |             0 |             0 |             0 |             0 |             0 |             0 |             0 |             0 |             0 |             0 |             0 |
|          CAS_COUNT_WR          | MBOX3C1 |             0 |             0 |             0 |             0 |             0 |             0 |             0 |             0 |             0 |             0 |             0 |             0 |             0 |             0 |             0 |             0 |             0 |             0 |             0 |             0 |             0 |             0 |             0 |             0 |
|          CAS_COUNT_RD          | MBOX4C0 |   23530231913 |             0 |             0 |             0 |             0 |             0 |             0 |             0 |             0 |             0 |             0 |             0 |   20369553326 |             0 |             0 |             0 |             0 |             0 |             0 |             0 |             0 |             0 |             0 |             0 |
|          CAS_COUNT_WR          | MBOX4C1 |    8517581942 |             0 |             0 |             0 |             0 |             0 |             0 |             0 |             0 |             0 |             0 |             0 |    7420753906 |             0 |             0 |             0 |             0 |             0 |             0 |             0 |             0 |             0 |             0 |             0 |
|          CAS_COUNT_RD          | MBOX5C0 |   23495777652 |             0 |             0 |             0 |             0 |             0 |             0 |             0 |             0 |             0 |             0 |             0 |   20399813103 |             0 |             0 |             0 |             0 |             0 |             0 |             0 |             0 |             0 |             0 |             0 |
|          CAS_COUNT_WR          | MBOX5C1 |    8493041758 |             0 |             0 |             0 |             0 |             0 |             0 |             0 |             0 |             0 |             0 |             0 |    7443810901 |             0 |             0 |             0 |             0 |             0 |             0 |             0 |             0 |             0 |             0 |             0 |
|          CAS_COUNT_RD          | MBOX6C0 |             0 |             0 |             0 |             0 |             0 |             0 |             0 |             0 |             0 |             0 |             0 |             0 |             0 |             0 |             0 |             0 |             0 |             0 |             0 |             0 |             0 |             0 |             0 |             0 |
|          CAS_COUNT_WR          | MBOX6C1 |             0 |             0 |             0 |             0 |             0 |             0 |             0 |             0 |             0 |             0 |             0 |             0 |             0 |             0 |             0 |             0 |             0 |             0 |             0 |             0 |             0 |             0 |             0 |             0 |
|          CAS_COUNT_RD          | MBOX7C0 |             0 |             0 |             0 |             0 |             0 |             0 |             0 |             0 |             0 |             0 |             0 |             0 |             0 |             0 |             0 |             0 |             0 |             0 |             0 |             0 |             0 |             0 |             0 |             0 |
|          CAS_COUNT_WR          | MBOX7C1 |             0 |             0 |             0 |             0 |             0 |             0 |             0 |             0 |             0 |             0 |             0 |             0 |             0 |             0 |             0 |             0 |             0 |             0 |             0 |             0 |             0 |             0 |             0 |             0 |
+--------------------------------+---------+---------------+---------------+---------------+---------------+---------------+---------------+---------------+---------------+---------------+---------------+---------------+---------------+---------------+---------------+---------------+---------------+---------------+---------------+---------------+---------------+---------------+---------------+---------------+---------------+
+-------------------------------------+---------+----------------+---------------+---------------+--------------+
|                Event                | Counter |       Sum      |      Min      |      Max      |      Avg     |
+-------------------------------------+---------+----------------+---------------+---------------+--------------+
|        INSTR_RETIRED_ANY STAT       |  FIXC0  | 33660826604798 | 1234058754949 | 1697088091453 | 1.402534e+12 |
|      CPU_CLK_UNHALTED_CORE STAT     |  FIXC1  | 20001562689978 |  794582940431 |  885305976785 | 8.333984e+11 |
|      CPU_CLK_UNHALTED_REF STAT      |  FIXC2  | 20035485955161 |  794924852139 |  885344979287 | 8.348119e+11 |
|           FIXC1/FIXC0 STAT          |   CPI   |              0 |             0 |             0 |            0 |
|  OFFCORE_RESPONSE_0_LOCAL_DRAM STAT |   PMC0  |   121583742761 |    3690827684 |    7083776327 | 5.065989e+09 |
| OFFCORE_RESPONSE_1_REMOTE_DRAM STAT |   PMC1  |     4884861372 |      17779177 |     572859332 | 2.035359e+08 |
|  MEM_LOAD_UOPS_RETIRED_L3_ALL STAT  |   PMC2  |    57918712765 |    1137597181 |    3782070504 | 2.413280e+09 |
|  MEM_LOAD_UOPS_RETIRED_L3_MISS STAT |   PMC3  |    21166249157 |     507480288 |    1261424966 | 8.819270e+08 |
|      L2_TRANS_ALL_REQUESTS STAT     |   PMC4  |  1355584248696 |   48374927978 |   66199021724 |  56482677029 |
|          L2_RQSTS_MISS STAT         |   PMC5  |   348858338244 |   10487489762 |   18384058171 | 1.453576e+10 |
|        UOPS_RETIRED_ALL STAT        |   PMC6  | 43033847963401 | 1538024214411 | 2168793432973 |      nil     |
|            TEMP_CORE STAT           |   TMP0  |           1022 |            40 |            46 |      42.5833 |
|         PWR_PKG_ENERGY STAT         |   PWR0  |     68207.7147 |             0 |    34618.9268 |    2841.9881 |
|         PWR_PP0_ENERGY STAT         |   PWR1  |              0 |             0 |             0 |            0 |
|         PWR_DRAM_ENERGY STAT        |   PWR3  |      9443.5508 |             0 |     4839.1820 |     393.4813 |
|          CAS_COUNT_RD STAT          | MBOX0C0 |    43956241097 |             0 |   23561359834 | 1.831510e+09 |
|          CAS_COUNT_WR STAT          | MBOX0C1 |    15956262045 |             0 |    8523479623 | 6.648443e+08 |
|          CAS_COUNT_RD STAT          | MBOX1C0 |    43889184802 |             0 |   23468136845 | 1.828716e+09 |
|          CAS_COUNT_WR STAT          | MBOX1C1 |    15927548681 |             0 |    8481121615 | 6.636479e+08 |
|          CAS_COUNT_RD STAT          | MBOX2C0 |              0 |             0 |             0 |            0 |
|          CAS_COUNT_WR STAT          | MBOX2C1 |              0 |             0 |             0 |            0 |
|          CAS_COUNT_RD STAT          | MBOX3C0 |              0 |             0 |             0 |            0 |
|          CAS_COUNT_WR STAT          | MBOX3C1 |              0 |             0 |             0 |            0 |
|          CAS_COUNT_RD STAT          | MBOX4C0 |    43899785239 |             0 |   23530231913 | 1.829158e+09 |
|          CAS_COUNT_WR STAT          | MBOX4C1 |    15938335848 |             0 |    8517581942 |    664097327 |
|          CAS_COUNT_RD STAT          | MBOX5C0 |    43895590755 |             0 |   23495777652 | 1.828983e+09 |
|          CAS_COUNT_WR STAT          | MBOX5C1 |    15936852659 |             0 |    8493041758 | 6.640355e+08 |
|          CAS_COUNT_RD STAT          | MBOX6C0 |              0 |             0 |             0 |            0 |
|          CAS_COUNT_WR STAT          | MBOX6C1 |              0 |             0 |             0 |            0 |
|          CAS_COUNT_RD STAT          | MBOX7C0 |              0 |             0 |             0 |            0 |
|          CAS_COUNT_WR STAT          | MBOX7C1 |              0 |             0 |             0 |            0 |
+-------------------------------------+---------+----------------+---------------+---------------+--------------+
+-----------------------------------+------------+-----------+-----------+-----------+-----------+-----------+-----------+-----------+-----------+-----------+-----------+-----------+------------+-----------+-----------+-----------+-----------+-----------+-----------+-----------+-----------+-----------+-----------+-----------+
|               Metric              |   Core 0   |   Core 1  |   Core 2  |   Core 3  |   Core 4  |   Core 5  |   Core 6  |   Core 7  |   Core 8  |   Core 9  |  Core 10  |  Core 11  |   Core 12  |  Core 13  |  Core 14  |  Core 15  |  Core 16  |  Core 17  |  Core 18  |  Core 19  |  Core 20  |  Core 21  |  Core 22  |  Core 23  |
+-----------------------------------+------------+-----------+-----------+-----------+-----------+-----------+-----------+-----------+-----------+-----------+-----------+-----------+------------+-----------+-----------+-----------+-----------+-----------+-----------+-----------+-----------+-----------+-----------+-----------+
|        Runtime (RDTSC) [s]        |   390.0272 |  390.0272 |  390.0272 |  390.0272 |  390.0272 |  390.0272 |  390.0272 |  390.0272 |  390.0272 |  390.0272 |  390.0272 |  390.0272 |   390.0272 |  390.0272 |  390.0272 |  390.0272 |  390.0272 |  390.0272 |  390.0272 |  390.0272 |  390.0272 |  390.0272 |  390.0272 |  390.0272 |
|        Runtime unhalted [s]       |   384.9242 |  383.6371 |  382.7188 |  381.3990 |  381.8862 |  379.6395 |  358.7263 |  359.1197 |  358.2774 |  360.2563 |  359.2570 |  359.3776 |   350.3021 |  348.3967 |  348.1729 |  346.7611 |  347.1734 |  345.4786 |  359.6811 |  360.4928 |  360.1255 |  359.1027 |  359.5142 |  362.1053 |
|            Clock [MHz]            |  2299.8473 | 2299.6097 | 2299.6690 | 2299.5419 | 2299.6085 | 2299.2251 | 2291.9032 | 2293.0343 | 2291.0111 | 2293.1155 | 2292.8133 | 2293.1318 |  2298.5751 | 2298.1936 | 2298.3140 | 2298.4480 | 2298.7992 | 2298.9594 | 2291.6855 | 2294.0484 | 2292.5545 | 2292.0899 | 2291.4125 | 2298.9413 |
|                CPI                |     0.5217 |    0.5221 |    0.5244 |    0.5276 |    0.5301 |    0.5324 |    0.6575 |    0.6595 |    0.6677 |    0.6431 |    0.6548 |    0.6550 |     0.5826 |    0.5808 |    0.5819 |    0.5809 |    0.5823 |    0.5811 |    0.6301 |    0.6365 |    0.6325 |    0.6443 |    0.6317 |    0.6328 |
|   Local DRAM data volume [GByte]  |   445.0647 |  453.3617 |  451.8760 |  446.6895 |  448.2661 |  426.6400 |  280.2435 |  281.3503 |  283.4727 |  248.6938 |  269.4942 |  269.0539 |   319.5512 |  337.0804 |  342.5736 |  342.4598 |  341.6519 |  324.3243 |  242.8492 |  251.7868 |  236.2130 |  263.5966 |  236.7017 |  238.3646 |
|   Local DRAM bandwidth [MByte/s]  |  1141.1120 | 1162.3849 | 1158.5756 | 1145.2780 | 1149.3203 | 1093.8725 |  718.5229 |  721.3608 |  726.8023 |  637.6321 |  690.9627 |  689.8336 |   819.3050 |  864.2486 |  878.3327 |  878.0409 |  875.9694 |  831.5429 |  622.6468 |  645.5621 |  605.6321 |  675.8416 |  606.8852 |  611.1487 |
|  Remote DRAM data volume [GByte]  |    36.6630 |   23.0782 |   20.2175 |   19.3121 |   17.7691 |   33.2050 |    3.4645 |    8.1597 |    3.3586 |    3.1023 |    5.5200 |    2.8942 |    35.7872 |   17.9789 |   11.2829 |   11.3633 |   15.1711 |   32.2306 |    2.1219 |    3.5317 |    1.1379 |    1.1500 |    2.9033 |    1.2280 |
|  Remote DRAM bandwidth [MByte/s]  |    94.0011 |   59.1708 |   51.8361 |   49.5147 |   45.5587 |   85.1351 |    8.8828 |   20.9209 |    8.6112 |    7.9542 |   14.1529 |    7.4205 |    91.7556 |   46.0966 |   28.9285 |   29.1346 |   38.8976 |   82.6367 |    5.4404 |    9.0551 |    2.9174 |    2.9485 |    7.4440 |    3.1484 |
|     Memory data volume [GByte]    |   481.7277 |  476.4399 |  472.0935 |  466.0016 |  466.0353 |  459.8450 |  283.7080 |  289.5100 |  286.8313 |  251.7962 |  275.0142 |  271.9481 |   355.3384 |  355.0594 |  353.8565 |  353.8231 |  356.8230 |  356.5549 |  244.9711 |  255.3185 |  237.3508 |  264.7466 |  239.6051 |  239.5926 |
|     Memory bandwidth [MByte/s]    |  1235.1131 | 1221.5557 | 1210.4118 | 1194.7927 | 1194.8789 | 1179.0076 |  727.4057 |  742.2817 |  735.4135 |  645.5863 |  705.1156 |  697.2542 |   911.0606 |  910.3452 |  907.2612 |  907.1755 |  914.8670 |  914.1796 |  628.0872 |  654.6172 |  608.5495 |  678.7901 |  614.3292 |  614.2971 |
|          L3 request rate          |     2.1790 |    2.2006 |    2.2240 |    2.2327 |    2.2256 |    2.2334 |    2.9640 |    2.9635 |    3.0023 |    2.9761 |    2.9931 |    2.9847 |     2.2994 |    2.3090 |    2.3198 |    2.3284 |    2.1918 |    2.1902 |    2.9787 |    2.9855 |    3.0281 |    3.0060 |    3.0126 |    3.0208 |
|            L3 miss rate           |     0.3632 |    0.2298 |    0.2072 |    0.1980 |    0.1908 |    0.3584 |    0.0148 |    0.0341 |    0.0139 |    0.0147 |    0.0237 |    0.0127 |     0.4752 |    0.2397 |    0.1487 |    0.1502 |    0.2084 |    0.4301 |    0.0102 |    0.0161 |    0.0055 |    0.0050 |    0.0139 |    0.0058 |
|           L3 miss ratio           |     0.0824 |    0.0509 |    0.0447 |    0.0432 |    0.0396 |    0.0778 |    0.0124 |    0.0290 |    0.0118 |    0.0125 |    0.0205 |    0.0108 |     0.1120 |    0.0533 |    0.0329 |    0.0332 |    0.0444 |    0.0994 |    0.0087 |    0.0140 |    0.0048 |    0.0044 |    0.0123 |    0.0052 |
|          L2 request rate          |     0.0390 |    0.0388 |    0.0385 |    0.0388 |    0.0383 |    0.0380 |    0.0482 |    0.0494 |    0.0496 |    0.0416 |    0.0466 |    0.0459 |     0.0355 |    0.0354 |    0.0357 |    0.0353 |    0.0356 |    0.0354 |    0.0405 |    0.0427 |    0.0395 |    0.0448 |    0.0398 |    0.0397 |
|            L2 miss rate           |     0.0084 |    0.0084 |    0.0083 |    0.0083 |    0.0082 |    0.0082 |    0.0142 |    0.0146 |    0.0149 |    0.0125 |    0.0140 |    0.0138 |     0.0077 |    0.0077 |    0.0076 |    0.0077 |    0.0077 |    0.0077 |    0.0120 |    0.0127 |    0.0120 |    0.0136 |    0.0120 |    0.0120 |
|           L2 miss ratio           |     0.2162 |    0.2154 |    0.2162 |    0.2144 |    0.2136 |    0.2150 |    0.2946 |    0.2948 |    0.3003 |    0.2998 |    0.3002 |    0.3001 |     0.2156 |    0.2166 |    0.2140 |    0.2169 |    0.2158 |    0.2168 |    0.2975 |    0.2978 |    0.3024 |    0.3024 |    0.3025 |    0.3020 |
|  Memory read bandwidth [MBytes/s] | 15433.6744 |         0 |         0 |         0 |         0 |         0 |         0 |         0 |         0 |         0 |         0 |         0 | 13387.4235 |         0 |         0 |         0 |         0 |         0 |         0 |         0 |         0 |         0 |         0 |         0 |
|  Memory read data volume [GBytes] |  6019.5524 |         0 |         0 |         0 |         0 |         0 |         0 |         0 |         0 |         0 |         0 |         0 |  5221.4589 |         0 |         0 |         0 |         0 |         0 |         0 |         0 |         0 |         0 |         0 |         0 |
| Memory write bandwidth [MBytes/s] |  5581.5967 |         0 |         0 |         0 |         0 |         0 |         0 |         0 |         0 |         0 |         0 |         0 |  4880.6896 |         0 |         0 |         0 |         0 |         0 |         0 |         0 |         0 |         0 |         0 |         0 |
| Memory write data volume [GBytes] |  2176.9744 |         0 |         0 |         0 |         0 |         0 |         0 |         0 |         0 |         0 |         0 |         0 |  1903.6016 |         0 |         0 |         0 |         0 |         0 |         0 |         0 |         0 |         0 |         0 |         0 |
|    Memory bandwidth [MBytes/s]    | 21015.2712 |         0 |         0 |         0 |         0 |         0 |         0 |         0 |         0 |         0 |         0 |         0 | 18268.1131 |         0 |         0 |         0 |         0 |         0 |         0 |         0 |         0 |         0 |         0 |         0 |
|    Memory data volume [GBytes]    |  8196.5268 |         0 |         0 |         0 |         0 |         0 |         0 |         0 |         0 |         0 |         0 |         0 |  7125.0605 |         0 |         0 |         0 |         0 |         0 |         0 |         0 |         0 |         0 |         0 |         0 |
|          Temperature [C]          |         41 |        42 |        42 |        42 |        41 |        41 |        43 |        43 |        44 |        43 |        43 |        44 |         40 |        40 |        41 |        42 |        46 |        43 |        44 |        45 |        42 |        43 |        43 |        44 |
|             Energy [J]            | 34618.9268 |         0 |         0 |         0 |         0 |         0 |         0 |         0 |         0 |         0 |         0 |         0 | 33588.7879 |         0 |         0 |         0 |         0 |         0 |         0 |         0 |         0 |         0 |         0 |         0 |
|             Power [W]             |    88.7603 |         0 |         0 |         0 |         0 |         0 |         0 |         0 |         0 |         0 |         0 |         0 |    86.1191 |         0 |         0 |         0 |         0 |         0 |         0 |         0 |         0 |         0 |         0 |         0 |
|           Energy PP0 [J]          |          0 |         0 |         0 |         0 |         0 |         0 |         0 |         0 |         0 |         0 |         0 |         0 |          0 |         0 |         0 |         0 |         0 |         0 |         0 |         0 |         0 |         0 |         0 |         0 |
|           Power PP0 [W]           |          0 |         0 |         0 |         0 |         0 |         0 |         0 |         0 |         0 |         0 |         0 |         0 |          0 |         0 |         0 |         0 |         0 |         0 |         0 |         0 |         0 |         0 |         0 |         0 |
|          Energy DRAM [J]          |  4839.1820 |         0 |         0 |         0 |         0 |         0 |         0 |         0 |         0 |         0 |         0 |         0 |  4604.3688 |         0 |         0 |         0 |         0 |         0 |         0 |         0 |         0 |         0 |         0 |         0 |
|           Power DRAM [W]          |    12.4073 |         0 |         0 |         0 |         0 |         0 |         0 |         0 |         0 |         0 |         0 |         0 |    11.8053 |         0 |         0 |         0 |         0 |         0 |         0 |         0 |         0 |         0 |         0 |         0 |
+-----------------------------------+------------+-----------+-----------+-----------+-----------+-----------+-----------+-----------+-----------+-----------+-----------+-----------+------------+-----------+-----------+-----------+-----------+-----------+-----------+-----------+-----------+-----------+-----------+-----------+
+----------------------------------------+------------+-----------+------------+-----------+
|                 Metric                 |     Sum    |    Min    |     Max    |    Avg    |
+----------------------------------------+------------+-----------+------------+-----------+
|        Runtime (RDTSC) [s] STAT        |  9360.6528 |  390.0272 |   390.0272 |  390.0272 |
|        Runtime unhalted [s] STAT       |  8696.5255 |  345.4786 |   384.9242 |  362.3552 |
|            Clock [MHz] STAT            | 55104.5321 | 2291.0111 |  2299.8473 | 2296.0222 |
|                CPI STAT                |    14.3934 |    0.5217 |     0.6677 |    0.5997 |
|   Local DRAM data volume [GByte] STAT  |  7781.3595 |  236.2130 |   453.3617 |  324.2233 |
|   Local DRAM bandwidth [MByte/s] STAT  | 19950.8137 |  605.6321 |  1162.3849 |  831.2839 |
|  Remote DRAM data volume [GByte] STAT  |   312.6310 |    1.1379 |    36.6630 |   13.0263 |
|  Remote DRAM bandwidth [MByte/s] STAT  |   801.5624 |    2.9174 |    94.0011 |   33.3984 |
|     Memory data volume [GByte] STAT    |  8093.9908 |  237.3508 |   481.7277 |  337.2496 |
|     Memory bandwidth [MByte/s] STAT    | 20752.3762 |  608.5495 |  1235.1131 |  864.6823 |
|          L3 request rate STAT          |    62.8493 |    2.1790 |     3.0281 |    2.6187 |
|            L3 miss rate STAT           |     3.3701 |    0.0050 |     0.4752 |    0.1404 |
|           L3 miss ratio STAT           |     0.8602 |    0.0044 |     0.1120 |    0.0358 |
|          L2 request rate STAT          |     0.9726 |    0.0353 |     0.0496 |    0.0405 |
|            L2 miss rate STAT           |     0.2542 |    0.0076 |     0.0149 |    0.0106 |
|           L2 miss ratio STAT           |     6.1809 |    0.2136 |     0.3025 |    0.2575 |
|  Memory read bandwidth [MBytes/s] STAT | 28821.0979 |         0 | 15433.6744 | 1200.8791 |
|  Memory read data volume [GBytes] STAT | 11241.0113 |         0 |  6019.5524 |  468.3755 |
| Memory write bandwidth [MBytes/s] STAT | 10462.2863 |         0 |  5581.5967 |  435.9286 |
| Memory write data volume [GBytes] STAT |  4080.5760 |         0 |  2176.9744 |  170.0240 |
|    Memory bandwidth [MBytes/s] STAT    | 39283.3843 |         0 | 21015.2712 | 1636.8077 |
|    Memory data volume [GBytes] STAT    | 15321.5873 |         0 |  8196.5268 |  638.3995 |
|          Temperature [C] STAT          |       1022 |        40 |         46 |   42.5833 |
|             Energy [J] STAT            | 68207.7147 |         0 | 34618.9268 | 2841.9881 |
|             Power [W] STAT             |   174.8794 |         0 |    88.7603 |    7.2866 |
|           Energy PP0 [J] STAT          |          0 |         0 |          0 |         0 |
|           Power PP0 [W] STAT           |          0 |         0 |          0 |         0 |
|          Energy DRAM [J] STAT          |  9443.5508 |         0 |  4839.1820 |  393.4813 |
|           Power DRAM [W] STAT          |    24.2126 |         0 |    12.4073 |    1.0089 |
+----------------------------------------+------------+-----------+------------+-----------+
