--------------------------------------------------------------------------------
CPU name:	Intel(R) Xeon(R) CPU E5-2670 v3 @ 2.30GHz
CPU type:	Intel Xeon Haswell EN/EP/EX processor
CPU clock:	2.30 GHz
--------------------------------------------------------------------------------
Group 1: POWERPERF
+--------------------------------+---------+---------------+---------------+---------------+---------------+---------------+---------------+---------------+---------------+---------------+---------------+---------------+---------------+---------------+---------------+---------------+---------------+---------------+---------------+---------------+---------------+---------------+---------------+---------------+---------------+
|              Event             | Counter |     Core 0    |     Core 1    |     Core 2    |     Core 3    |     Core 4    |     Core 5    |     Core 6    |     Core 7    |     Core 8    |     Core 9    |    Core 10    |    Core 11    |    Core 12    |    Core 13    |    Core 14    |    Core 15    |    Core 16    |    Core 17    |    Core 18    |    Core 19    |    Core 20    |    Core 21    |    Core 22    |    Core 23    |
+--------------------------------+---------+---------------+---------------+---------------+---------------+---------------+---------------+---------------+---------------+---------------+---------------+---------------+---------------+---------------+---------------+---------------+---------------+---------------+---------------+---------------+---------------+---------------+---------------+---------------+---------------+
|        INSTR_RETIRED_ANY       |  FIXC0  | 1696631357718 | 1690307516898 | 1678331035572 | 1663591503476 | 1654803719626 | 1637713898544 | 1703965935974 | 1704024766616 | 1702633476557 | 1703432030233 | 1703408154685 | 1703243205859 | 1382405745034 | 1379370681529 | 1377466050579 | 1372348015887 | 1370727492890 | 1366753888730 | 1704210711632 | 1704109338214 | 1664574225020 | 1664562335679 | 1664528196422 | 1664519236142 |
|      CPU_CLK_UNHALTED_CORE     |  FIXC1  |  881335465224 |  878688800966 |  876671959179 |  873549632201 |  875354205856 |  870578216324 |  851529182707 |  853968938179 |  873960442934 |  870354731432 |  869173346654 |  872532483197 |  807361811503 |  802675418276 |  797065558791 |  794784370822 |  793023484282 |  792966851414 |  845149516886 |  843299349815 |  847161335123 |  843063243706 |  843364589863 |  848541088302 |
|      CPU_CLK_UNHALTED_REF      |  FIXC2  |  881377387448 |  878805602382 |  876819244734 |  873675699333 |  875469415053 |  870711706169 |  851598997349 |  854068989038 |  873986816078 |  870378835104 |  869207838772 |  872551625899 |  807518737337 |  802855194777 |  797387649037 |  794938556528 |  793171294718 |  793109085813 |  845295545313 |  843443050172 |  847273900019 |  843214481232 |  843529615525 |  848661639841 |
|           FIXC1/FIXC0          |   CPI   |             0 |             0 |             0 |             0 |             0 |             0 |             0 |             0 |             0 |             0 |             0 |             0 |             0 |             0 |             0 |             0 |             0 |             0 |             0 |             0 |             0 |             0 |             0 |             0 |
|  OFFCORE_RESPONSE_0_LOCAL_DRAM |   PMC0  |    7034988900 |    7108746591 |    7082526482 |    7071010963 |    7125781494 |    6752712650 |    3126412896 |    3212701149 |    3174924654 |    3184680536 |    3170553589 |    3156701792 |    4808487879 |    5266801659 |    5351731639 |    5329823351 |    5281402813 |    5009407316 |    3148126717 |    3197818298 |    3069199081 |    3089627135 |    3059118526 |    3009459791 |
| OFFCORE_RESPONSE_1_REMOTE_DRAM |   PMC1  |     520290774 |     345609551 |     296977694 |     202757486 |     158598523 |     448420666 |     492259435 |     412936872 |     376158386 |     389680954 |     393565970 |     370965017 |     740440591 |     289478091 |     179604791 |     210299626 |     281729121 |     558136708 |     468809671 |     429952879 |     412236536 |     400460558 |     418751570 |     443623700 |
|  MEM_LOAD_UOPS_RETIRED_L3_ALL  |   PMC2  |    1557548580 |    1554204334 |    1530106477 |    1512277889 |    1457216950 |    1455633101 |    3802911795 |    3711404767 |    3829610774 |    3754843589 |    3752614161 |    3783954072 |    1168132506 |    1176156890 |    1175111969 |    1182828258 |    1165703359 |    1172494652 |    3753311747 |    3726876320 |    3737927835 |    3721000480 |    3688048793 |    3735805170 |
|  MEM_LOAD_UOPS_RETIRED_L3_MISS |   PMC3  |     713977443 |     715643865 |     692859499 |     684740935 |     657406219 |     655275254 |     717291575 |     704450953 |     703357659 |     676218066 |     683960917 |     678249287 |     512133291 |     511342917 |     508903346 |     514522751 |     536434392 |     536082443 |     716972523 |     710554104 |     689002203 |     690961632 |     686626522 |     678575429 |
|      L2_TRANS_ALL_REQUESTS     |   PMC4  |   66734521547 |   65163871838 |   64847088554 |   63642899052 |   63655178449 |   62958502190 |  289340864962 |  289773628780 |  291292227365 |  288531752642 |  288653871271 |  289345937813 |   48717935120 |   49988118109 |   48551509047 |   49758264150 |   48499719080 |   48904990648 |  290475240843 |  289288438437 |  282952244876 |  283588525752 |  283097664016 |  283471902384 |
|          L2_RQSTS_MISS         |   PMC5  |   14246767083 |   14071236867 |   13941692942 |   13752597381 |   13561055840 |   13410428811 |   73510417071 |   74015877608 |   75665546906 |   75042952695 |   74619606651 |   75425125758 |   10574689158 |   10599844136 |   10516555285 |   10532891850 |   10510932687 |   10496905593 |   74144935241 |   74075278914 |   73401292527 |   73632161705 |   73268795698 |   73836554164 |
|        UOPS_RETIRED_ALL        |   PMC6  | 2168111748171 | 2161153834277 | 2146911694002 | 2129452616457 | 2119852803314 | 2097867174046 | 1904675849171 | 1904807136624 | 1902084737912 | 1903659445876 | 1903610708517 | 1903142429601 | 1802065088153 | 1798167236481 | 1796463366518 | 1788908615593 | 1786496747027 | 1781174479520 | 1905000450188 | 1904923481838 | 1860825979661 | 1860808866010 | 1860782071903 | 1860739726872 |
|            TEMP_CORE           |   TMP0  |            44 |            45 |            44 |            45 |            43 |            44 |            47 |            47 |            47 |            47 |            45 |            47 |            43 |            45 |            45 |            46 |            49 |            48 |            49 |            50 |            46 |            49 |            46 |            48 |
|         PWR_PKG_ENERGY         |   PWR0  |    38093.2178 |             0 |             0 |             0 |             0 |             0 |             0 |             0 |             0 |             0 |             0 |             0 |    36894.3482 |             0 |             0 |             0 |             0 |             0 |             0 |             0 |             0 |             0 |             0 |             0 |
|         PWR_PP0_ENERGY         |   PWR1  |             0 |             0 |             0 |             0 |             0 |             0 |             0 |             0 |             0 |             0 |             0 |             0 |             0 |             0 |             0 |             0 |             0 |             0 |             0 |             0 |             0 |             0 |             0 |             0 |
|         PWR_DRAM_ENERGY        |   PWR3  |     4818.1933 |             0 |             0 |             0 |             0 |             0 |             0 |             0 |             0 |             0 |             0 |             0 |     4587.6060 |             0 |             0 |             0 |             0 |             0 |             0 |             0 |             0 |             0 |             0 |             0 |
|          CAS_COUNT_RD          | MBOX0C0 |   20794494949 |             0 |             0 |             0 |             0 |             0 |             0 |             0 |             0 |             0 |             0 |             0 |   17252551225 |             0 |             0 |             0 |             0 |             0 |             0 |             0 |             0 |             0 |             0 |             0 |
|          CAS_COUNT_WR          | MBOX0C1 |    9720190185 |             0 |             0 |             0 |             0 |             0 |             0 |             0 |             0 |             0 |             0 |             0 |    8687265991 |             0 |             0 |             0 |             0 |             0 |             0 |             0 |             0 |             0 |             0 |             0 |
|          CAS_COUNT_RD          | MBOX1C0 |   20892243143 |             0 |             0 |             0 |             0 |             0 |             0 |             0 |             0 |             0 |             0 |             0 |   17247534927 |             0 |             0 |             0 |             0 |             0 |             0 |             0 |             0 |             0 |             0 |             0 |
|          CAS_COUNT_WR          | MBOX1C1 |    9761254381 |             0 |             0 |             0 |             0 |             0 |             0 |             0 |             0 |             0 |             0 |             0 |    8695484249 |             0 |             0 |             0 |             0 |             0 |             0 |             0 |             0 |             0 |             0 |             0 |
|          CAS_COUNT_RD          | MBOX2C0 |             0 |             0 |             0 |             0 |             0 |             0 |             0 |             0 |             0 |             0 |             0 |             0 |             0 |             0 |             0 |             0 |             0 |             0 |             0 |             0 |             0 |             0 |             0 |             0 |
|          CAS_COUNT_WR          | MBOX2C1 |             0 |             0 |             0 |             0 |             0 |             0 |             0 |             0 |             0 |             0 |             0 |             0 |             0 |             0 |             0 |             0 |             0 |             0 |             0 |             0 |             0 |             0 |             0 |             0 |
|          CAS_COUNT_RD          | MBOX3C0 |             0 |             0 |             0 |             0 |             0 |             0 |             0 |             0 |             0 |             0 |             0 |             0 |             0 |             0 |             0 |             0 |             0 |             0 |             0 |             0 |             0 |             0 |             0 |             0 |
|          CAS_COUNT_WR          | MBOX3C1 |             0 |             0 |             0 |             0 |             0 |             0 |             0 |             0 |             0 |             0 |             0 |             0 |             0 |             0 |             0 |             0 |             0 |             0 |             0 |             0 |             0 |             0 |             0 |             0 |
|          CAS_COUNT_RD          | MBOX4C0 |   20827580992 |             0 |             0 |             0 |             0 |             0 |             0 |             0 |             0 |             0 |             0 |             0 |   17224678061 |             0 |             0 |             0 |             0 |             0 |             0 |             0 |             0 |             0 |             0 |             0 |
|          CAS_COUNT_WR          | MBOX4C1 |    9730847906 |             0 |             0 |             0 |             0 |             0 |             0 |             0 |             0 |             0 |             0 |             0 |    8674955064 |             0 |             0 |             0 |             0 |             0 |             0 |             0 |             0 |             0 |             0 |             0 |
|          CAS_COUNT_RD          | MBOX5C0 |   20858131852 |             0 |             0 |             0 |             0 |             0 |             0 |             0 |             0 |             0 |             0 |             0 |   17245752907 |             0 |             0 |             0 |             0 |             0 |             0 |             0 |             0 |             0 |             0 |             0 |
|          CAS_COUNT_WR          | MBOX5C1 |    9753630727 |             0 |             0 |             0 |             0 |             0 |             0 |             0 |             0 |             0 |             0 |             0 |    8696182707 |             0 |             0 |             0 |             0 |             0 |             0 |             0 |             0 |             0 |             0 |             0 |
|          CAS_COUNT_RD          | MBOX6C0 |             0 |             0 |             0 |             0 |             0 |             0 |             0 |             0 |             0 |             0 |             0 |             0 |             0 |             0 |             0 |             0 |             0 |             0 |             0 |             0 |             0 |             0 |             0 |             0 |
|          CAS_COUNT_WR          | MBOX6C1 |             0 |             0 |             0 |             0 |             0 |             0 |             0 |             0 |             0 |             0 |             0 |             0 |             0 |             0 |             0 |             0 |             0 |             0 |             0 |             0 |             0 |             0 |             0 |             0 |
|          CAS_COUNT_RD          | MBOX7C0 |             0 |             0 |             0 |             0 |             0 |             0 |             0 |             0 |             0 |             0 |             0 |             0 |             0 |             0 |             0 |             0 |             0 |             0 |             0 |             0 |             0 |             0 |             0 |             0 |
|          CAS_COUNT_WR          | MBOX7C1 |             0 |             0 |             0 |             0 |             0 |             0 |             0 |             0 |             0 |             0 |             0 |             0 |             0 |             0 |             0 |             0 |             0 |             0 |             0 |             0 |             0 |             0 |             0 |             0 |
+--------------------------------+---------+---------------+---------------+---------------+---------------+---------------+---------------+---------------+---------------+---------------+---------------+---------------+---------------+---------------+---------------+---------------+---------------+---------------+---------------+---------------+---------------+---------------+---------------+---------------+---------------+
+-------------------------------------+---------+----------------+---------------+---------------+--------------+
|                Event                | Counter |       Sum      |      Min      |      Max      |      Avg     |
+-------------------------------------+---------+----------------+---------------+---------------+--------------+
|        INSTR_RETIRED_ANY STAT       |  FIXC0  | 38557662519516 | 1366753888730 | 1704210711632 | 1.606569e+12 |
|      CPU_CLK_UNHALTED_CORE STAT     |  FIXC1  | 20306154023636 |  792966851414 |  881335465224 | 8.460898e+11 |
|      CPU_CLK_UNHALTED_REF STAT      |  FIXC2  | 20309050907671 |  793109085813 |  881377387448 | 8.462105e+11 |
|           FIXC1/FIXC0 STAT          |   CPI   |              0 |             0 |             0 |            0 |
|  OFFCORE_RESPONSE_0_LOCAL_DRAM STAT |   PMC0  |   110822745901 |    3009459791 |    7125781494 | 4.617614e+09 |
| OFFCORE_RESPONSE_1_REMOTE_DRAM STAT |   PMC1  |     9241745170 |     158598523 |     740440591 | 3.850727e+08 |
|  MEM_LOAD_UOPS_RETIRED_L3_ALL STAT  |   PMC2  |    61105724468 |    1165703359 |    3829610774 | 2.546072e+09 |
|  MEM_LOAD_UOPS_RETIRED_L3_MISS STAT |   PMC3  |    15575543225 |     508903346 |     717291575 | 6.489810e+08 |
|      L2_TRANS_ALL_REQUESTS STAT     |   PMC4  |  4131234896925 |   48499719080 |  291292227365 | 1.721348e+11 |
|          L2_RQSTS_MISS STAT         |   PMC5  |  1036854142571 |   10496905593 |   75665546906 | 4.320226e+10 |
|        UOPS_RETIRED_ALL STAT        |   PMC6  | 46251686287732 | 1781174479520 | 2168111748171 | 1.927154e+12 |
|            TEMP_CORE STAT           |   TMP0  |           1109 |            43 |            50 |      46.2083 |
|         PWR_PKG_ENERGY STAT         |   PWR0  |     74987.5660 |             0 |    38093.2178 |    3124.4819 |
|         PWR_PP0_ENERGY STAT         |   PWR1  |              0 |             0 |             0 |            0 |
|         PWR_DRAM_ENERGY STAT        |   PWR3  |      9405.7993 |             0 |     4818.1933 |     391.9083 |
|          CAS_COUNT_RD STAT          | MBOX0C0 |    38047046174 |             0 |   20794494949 | 1.585294e+09 |
|          CAS_COUNT_WR STAT          | MBOX0C1 |    18407456176 |             0 |    9720190185 | 7.669773e+08 |
|          CAS_COUNT_RD STAT          | MBOX1C0 |    38139778070 |             0 |   20892243143 | 1.589157e+09 |
|          CAS_COUNT_WR STAT          | MBOX1C1 |    18456738630 |             0 |    9761254381 | 7.690308e+08 |
|          CAS_COUNT_RD STAT          | MBOX2C0 |              0 |             0 |             0 |            0 |
|          CAS_COUNT_WR STAT          | MBOX2C1 |              0 |             0 |             0 |            0 |
|          CAS_COUNT_RD STAT          | MBOX3C0 |              0 |             0 |             0 |            0 |
|          CAS_COUNT_WR STAT          | MBOX3C1 |              0 |             0 |             0 |            0 |
|          CAS_COUNT_RD STAT          | MBOX4C0 |    38052259053 |             0 |   20827580992 | 1.585511e+09 |
|          CAS_COUNT_WR STAT          | MBOX4C1 |    18405802970 |             0 |    9730847906 | 7.669085e+08 |
|          CAS_COUNT_RD STAT          | MBOX5C0 |    38103884759 |             0 |   20858131852 | 1.587662e+09 |
|          CAS_COUNT_WR STAT          | MBOX5C1 |    18449813434 |             0 |    9753630727 | 7.687422e+08 |
|          CAS_COUNT_RD STAT          | MBOX6C0 |              0 |             0 |             0 |            0 |
|          CAS_COUNT_WR STAT          | MBOX6C1 |              0 |             0 |             0 |            0 |
|          CAS_COUNT_RD STAT          | MBOX7C0 |              0 |             0 |             0 |            0 |
|          CAS_COUNT_WR STAT          | MBOX7C1 |              0 |             0 |             0 |            0 |
+-------------------------------------+---------+----------------+---------------+---------------+--------------+
+-----------------------------------+------------+-----------+-----------+-----------+-----------+-----------+-----------+-----------+-----------+-----------+-----------+-----------+------------+-----------+-----------+-----------+-----------+-----------+-----------+-----------+-----------+-----------+-----------+-----------+
|               Metric              |   Core 0   |   Core 1  |   Core 2  |   Core 3  |   Core 4  |   Core 5  |   Core 6  |   Core 7  |   Core 8  |   Core 9  |  Core 10  |  Core 11  |   Core 12  |  Core 13  |  Core 14  |  Core 15  |  Core 16  |  Core 17  |  Core 18  |  Core 19  |  Core 20  |  Core 21  |  Core 22  |  Core 23  |
+-----------------------------------+------------+-----------+-----------+-----------+-----------+-----------+-----------+-----------+-----------+-----------+-----------+-----------+------------+-----------+-----------+-----------+-----------+-----------+-----------+-----------+-----------+-----------+-----------+-----------+
|        Runtime (RDTSC) [s]        |   388.3931 |  388.3931 |  388.3931 |  388.3931 |  388.3931 |  388.3931 |  388.3931 |  388.3931 |  388.3931 |  388.3931 |  388.3931 |  388.3931 |   388.3931 |  388.3931 |  388.3931 |  388.3931 |  388.3931 |  388.3931 |  388.3931 |  388.3931 |  388.3931 |  388.3931 |  388.3931 |  388.3931 |
|        Runtime unhalted [s]       |   383.1895 |  382.0387 |  381.1619 |  379.8043 |  380.5889 |  378.5124 |  370.2302 |  371.2910 |  379.9829 |  378.4152 |  377.9016 |  379.3621 |   351.0270 |  348.9894 |  346.5504 |  345.5585 |  344.7929 |  344.7683 |  367.4564 |  366.6520 |  368.3311 |  366.5494 |  366.6804 |  368.9310 |
|            Clock [MHz]            |  2299.8898 | 2299.6935 | 2299.6129 | 2299.6673 | 2299.6965 | 2299.6466 | 2299.8107 | 2299.7298 | 2299.9298 | 2299.9355 | 2299.9079 | 2299.9488 |  2299.5523 | 2299.4842 | 2299.0702 | 2299.5531 | 2299.5706 | 2299.5867 | 2299.6019 | 2299.6074 | 2299.6937 | 2299.5867 | 2299.5493 | 2299.6725 |
|                CPI                |     0.5195 |    0.5198 |    0.5223 |    0.5251 |    0.5290 |    0.5316 |    0.4997 |    0.5011 |    0.5133 |    0.5109 |    0.5103 |    0.5123 |     0.5840 |    0.5819 |    0.5786 |    0.5791 |    0.5785 |    0.5802 |    0.4959 |    0.4949 |    0.5089 |    0.5065 |    0.5067 |    0.5098 |
|   Local DRAM data volume [GByte]  |   450.2393 |  454.9598 |  453.2817 |  452.5447 |  456.0500 |  432.1736 |  200.0904 |  205.6129 |  203.1952 |  203.8196 |  202.9154 |  202.0289 |   307.7432 |  337.0753 |  342.5108 |  341.1087 |  338.0098 |  320.6021 |  201.4801 |  204.6604 |  196.4287 |  197.7361 |  195.7836 |  192.6054 |
|   Local DRAM bandwidth [MByte/s]  |  1159.2360 | 1171.3899 | 1167.0693 | 1165.1718 | 1174.1969 | 1112.7221 |  515.1750 |  529.3937 |  523.1688 |  524.7764 |  522.4486 |  520.1660 |   792.3498 |  867.8715 |  881.8663 |  878.2563 |  870.2775 |  825.4576 |  518.7530 |  526.9413 |  505.7472 |  509.1134 |  504.0861 |  495.9033 |
|  Remote DRAM data volume [GByte]  |    33.2986 |   22.1190 |   19.0066 |   12.9765 |   10.1503 |   28.6989 |   31.5046 |   26.4280 |   24.0741 |   24.9396 |   25.1882 |   23.7418 |    47.3882 |   18.5266 |   11.4947 |   13.4592 |   18.0307 |   35.7207 |   30.0038 |   27.5170 |   26.3831 |   25.6295 |   26.8001 |   28.3919 |
|  Remote DRAM bandwidth [MByte/s]  |    85.7343 |   56.9501 |   48.9364 |   33.4107 |   26.1341 |   73.8914 |   81.1152 |   68.0444 |   61.9839 |   64.2122 |   64.8524 |   61.1282 |   122.0109 |   47.7006 |   29.5955 |   34.6535 |   46.4237 |   91.9706 |   77.2512 |   70.8483 |   67.9290 |   65.9885 |   69.0025 |   73.1010 |
|     Memory data volume [GByte]    |   483.5379 |  477.0788 |  472.2883 |  465.5212 |  466.2003 |  460.8725 |  231.5950 |  232.0408 |  227.2693 |  228.7591 |  228.1037 |  225.7707 |   355.1314 |  355.6019 |  354.0055 |  354.5679 |  356.0404 |  356.3228 |  231.4839 |  232.1774 |  222.8119 |  223.3656 |  222.5837 |  220.9973 |
|     Memory bandwidth [MByte/s]    |  1244.9703 | 1228.3400 | 1216.0057 | 1198.5825 | 1200.3310 | 1186.6135 |  596.2902 |  597.4381 |  585.1528 |  588.9886 |  587.3010 |  581.2942 |   914.3607 |  915.5721 |  911.4619 |  912.9098 |  916.7012 |  917.4282 |  596.0042 |  597.7896 |  573.6762 |  575.1019 |  573.0886 |  569.0043 |
|          L3 request rate          |     2.1815 |    2.1718 |    2.2084 |    2.2085 |    2.2166 |    2.2214 |    5.3018 |    5.2685 |    5.4448 |    5.5527 |    5.4866 |    5.5790 |     2.2809 |    2.3001 |    2.3091 |    2.2989 |    2.1731 |    2.1872 |    5.2349 |    5.2450 |    5.4251 |    5.3852 |    5.3713 |    5.5054 |
|            L3 miss rate           |     0.3340 |    0.2224 |    0.1941 |    0.1341 |    0.1088 |    0.3081 |    0.1294 |    0.1113 |    0.0982 |    0.1038 |    0.1049 |    0.0980 |     0.6339 |    0.2461 |    0.1528 |    0.1778 |    0.2417 |    0.4760 |    0.1249 |    0.1154 |    0.1103 |    0.1076 |    0.1135 |    0.1187 |
|           L3 miss ratio           |     0.0740 |    0.0486 |    0.0419 |    0.0287 |    0.0223 |    0.0664 |    0.1575 |    0.1285 |    0.1185 |    0.1224 |    0.1241 |    0.1175 |     0.1540 |    0.0550 |    0.0336 |    0.0395 |    0.0533 |    0.1114 |    0.1489 |    0.1345 |    0.1343 |    0.1296 |    0.1369 |    0.1474 |
|          L2 request rate          |     0.0393 |    0.0386 |    0.0386 |    0.0383 |    0.0385 |    0.0384 |    0.1698 |    0.1701 |    0.1711 |    0.1694 |    0.1695 |    0.1699 |     0.0352 |    0.0362 |    0.0352 |    0.0363 |    0.0354 |    0.0358 |    0.1704 |    0.1698 |    0.1700 |    0.1704 |    0.1701 |    0.1703 |
|            L2 miss rate           |     0.0084 |    0.0083 |    0.0083 |    0.0083 |    0.0082 |    0.0082 |    0.0431 |    0.0434 |    0.0444 |    0.0441 |    0.0438 |    0.0443 |     0.0076 |    0.0077 |    0.0076 |    0.0077 |    0.0077 |    0.0077 |    0.0435 |    0.0435 |    0.0441 |    0.0442 |    0.0440 |    0.0444 |
|           L2 miss ratio           |     0.2135 |    0.2159 |    0.2150 |    0.2161 |    0.2130 |    0.2130 |    0.2541 |    0.2554 |    0.2598 |    0.2601 |    0.2585 |    0.2607 |     0.2171 |    0.2120 |    0.2166 |    0.2117 |    0.2167 |    0.2146 |    0.2553 |    0.2561 |    0.2594 |    0.2596 |    0.2588 |    0.2605 |
|  Memory read bandwidth [MBytes/s] | 13738.2372 |         0 |         0 |         0 |         0 |         0 |         0 |         0 |         0 |         0 |         0 |         0 | 11365.0650 |         0 |         0 |         0 |         0 |         0 |         0 |         0 |         0 |         0 |         0 |         0 |
|  Memory read data volume [GBytes] |  5335.8369 |         0 |         0 |         0 |         0 |         0 |         0 |         0 |         0 |         0 |         0 |         0 |  4414.1131 |         0 |         0 |         0 |         0 |         0 |         0 |         0 |         0 |         0 |         0 |         0 |
| Memory write bandwidth [MBytes/s] |  6420.8631 |         0 |         0 |         0 |         0 |         0 |         0 |         0 |         0 |         0 |         0 |         0 |  5726.7977 |         0 |         0 |         0 |         0 |         0 |         0 |         0 |         0 |         0 |         0 |         0 |
| Memory write data volume [GBytes] |  2493.8191 |         0 |         0 |         0 |         0 |         0 |         0 |         0 |         0 |         0 |         0 |         0 |  2224.2488 |         0 |         0 |         0 |         0 |         0 |         0 |         0 |         0 |         0 |         0 |         0 |
|    Memory bandwidth [MBytes/s]    | 20159.1004 |         0 |         0 |         0 |         0 |         0 |         0 |         0 |         0 |         0 |         0 |         0 | 17091.8627 |         0 |         0 |         0 |         0 |         0 |         0 |         0 |         0 |         0 |         0 |         0 |
|    Memory data volume [GBytes]    |  7829.6559 |         0 |         0 |         0 |         0 |         0 |         0 |         0 |         0 |         0 |         0 |         0 |  6638.3619 |         0 |         0 |         0 |         0 |         0 |         0 |         0 |         0 |         0 |         0 |         0 |
|          Temperature [C]          |         44 |        45 |        44 |        45 |        43 |        44 |        47 |        47 |        47 |        47 |        45 |        47 |         43 |        45 |        45 |        46 |        49 |        48 |        49 |        50 |        46 |        49 |        46 |        48 |
|             Energy [J]            | 38093.2178 |         0 |         0 |         0 |         0 |         0 |         0 |         0 |         0 |         0 |         0 |         0 | 36894.3482 |         0 |         0 |         0 |         0 |         0 |         0 |         0 |         0 |         0 |         0 |         0 |
|             Power [W]             |    98.0790 |         0 |         0 |         0 |         0 |         0 |         0 |         0 |         0 |         0 |         0 |         0 |    94.9923 |         0 |         0 |         0 |         0 |         0 |         0 |         0 |         0 |         0 |         0 |         0 |
|           Energy PP0 [J]          |          0 |         0 |         0 |         0 |         0 |         0 |         0 |         0 |         0 |         0 |         0 |         0 |          0 |         0 |         0 |         0 |         0 |         0 |         0 |         0 |         0 |         0 |         0 |         0 |
|           Power PP0 [W]           |          0 |         0 |         0 |         0 |         0 |         0 |         0 |         0 |         0 |         0 |         0 |         0 |          0 |         0 |         0 |         0 |         0 |         0 |         0 |         0 |         0 |         0 |         0 |         0 |
|          Energy DRAM [J]          |  4818.1933 |         0 |         0 |         0 |         0 |         0 |         0 |         0 |         0 |         0 |         0 |         0 |  4587.6060 |         0 |         0 |         0 |         0 |         0 |         0 |         0 |         0 |         0 |         0 |         0 |
|           Power DRAM [W]          |    12.4055 |         0 |         0 |         0 |         0 |         0 |         0 |         0 |         0 |         0 |         0 |         0 |    11.8118 |         0 |         0 |         0 |         0 |         0 |         0 |         0 |         0 |         0 |         0 |         0 |
+-----------------------------------+------------+-----------+-----------+-----------+-----------+-----------+-----------+-----------+-----------+-----------+-----------+-----------+------------+-----------+-----------+-----------+-----------+-----------+-----------+-----------+-----------+-----------+-----------+-----------+
+----------------------------------------+------------+-----------+------------+-----------+
|                 Metric                 |     Sum    |    Min    |     Max    |    Avg    |
+----------------------------------------+------------+-----------+------------+-----------+
|        Runtime (RDTSC) [s] STAT        |  9321.4344 |  388.3931 |   388.3931 |  388.3931 |
|        Runtime unhalted [s] STAT       |  8828.7655 |  344.7683 |   383.1895 |  367.8652 |
|            Clock [MHz] STAT            | 55191.9977 | 2299.0702 |  2299.9488 | 2299.6666 |
|                CPI STAT                |    12.6999 |    0.4949 |     0.5840 |    0.5292 |
|   Local DRAM data volume [GByte] STAT  |  7092.6557 |  192.6054 |   456.0500 |  295.5273 |
|   Local DRAM bandwidth [MByte/s] STAT  | 18261.5378 |  495.9033 |  1174.1969 |  760.8974 |
|  Remote DRAM data volume [GByte] STAT  |   591.4717 |   10.1503 |    47.3882 |   24.6447 |
|  Remote DRAM bandwidth [MByte/s] STAT  |  1522.8686 |   26.1341 |   122.0109 |   63.4529 |
|     Memory data volume [GByte] STAT    |  7684.1273 |  220.9973 |   483.5379 |  320.1720 |
|     Memory bandwidth [MByte/s] STAT    | 19784.4066 |  569.0043 |  1244.9703 |  824.3503 |
|          L3 request rate STAT          |    91.5578 |    2.1718 |     5.5790 |    3.8149 |
|            L3 miss rate STAT           |     4.5658 |    0.0980 |     0.6339 |    0.1902 |
|           L3 miss ratio STAT           |     2.3288 |    0.0223 |     0.1575 |    0.0970 |
|          L2 request rate STAT          |     2.4866 |    0.0352 |     0.1711 |    0.1036 |
|            L2 miss rate STAT           |     0.6225 |    0.0076 |     0.0444 |    0.0259 |
|           L2 miss ratio STAT           |     5.6735 |    0.2117 |     0.2607 |    0.2364 |
|  Memory read bandwidth [MBytes/s] STAT | 25103.3022 |         0 | 13738.2372 | 1045.9709 |
|  Memory read data volume [GBytes] STAT |  9749.9500 |         0 |  5335.8369 |  406.2479 |
| Memory write bandwidth [MBytes/s] STAT | 12147.6608 |         0 |  6420.8631 |  506.1525 |
| Memory write data volume [GBytes] STAT |  4718.0679 |         0 |  2493.8191 |  196.5862 |
|    Memory bandwidth [MBytes/s] STAT    | 37250.9631 |         0 | 20159.1004 | 1552.1235 |
|    Memory data volume [GBytes] STAT    | 14468.0178 |         0 |  7829.6559 |  602.8341 |
|          Temperature [C] STAT          |       1109 |        43 |         50 |   46.2083 |
|             Energy [J] STAT            | 74987.5660 |         0 | 38093.2178 | 3124.4819 |
|             Power [W] STAT             |   193.0713 |         0 |    98.0790 |    8.0446 |
|           Energy PP0 [J] STAT          |          0 |         0 |          0 |         0 |
|           Power PP0 [W] STAT           |          0 |         0 |          0 |         0 |
|          Energy DRAM [J] STAT          |  9405.7993 |         0 |  4818.1933 |  391.9083 |
|           Power DRAM [W] STAT          |    24.2173 |         0 |    12.4055 |    1.0091 |
+----------------------------------------+------------+-----------+------------+-----------+
