--------------------------------------------------------------------------------
CPU name:	Intel(R) Xeon(R) CPU E5-2670 v3 @ 2.30GHz
CPU type:	Intel Xeon Haswell EN/EP/EX processor
CPU clock:	2.30 GHz
--------------------------------------------------------------------------------
Group 1: POWERPERF
+--------------------------------+---------+--------------+--------------+--------------+--------------+--------------+--------------+--------------+--------------+--------------+--------------+--------------+--------------+--------------+--------------+--------------+--------------+--------------+--------------+--------------+--------------+--------------+--------------+--------------+--------------+
|              Event             | Counter |    Core 0    |    Core 1    |    Core 2    |    Core 3    |    Core 4    |    Core 5    |    Core 6    |    Core 7    |    Core 8    |    Core 9    |    Core 10   |    Core 11   |    Core 12   |    Core 13   |    Core 14   |    Core 15   |    Core 16   |    Core 17   |    Core 18   |    Core 19   |    Core 20   |    Core 21   |    Core 22   |    Core 23   |
+--------------------------------+---------+--------------+--------------+--------------+--------------+--------------+--------------+--------------+--------------+--------------+--------------+--------------+--------------+--------------+--------------+--------------+--------------+--------------+--------------+--------------+--------------+--------------+--------------+--------------+--------------+
|        INSTR_RETIRED_ANY       |  FIXC0  | 304928046114 | 304321852811 | 295528783709 | 294559324050 | 293844835193 | 293561459485 | 215610897825 | 224397412163 | 226924274109 | 227376587922 | 226989255296 | 226019232507 | 254241858656 | 253815879224 | 252947624326 | 252305499564 | 251808811025 | 251023538482 | 228056414334 | 229673961158 | 229127933528 | 228973166998 | 228388366310 | 221987686139 |
|      CPU_CLK_UNHALTED_CORE     |  FIXC1  | 198305955218 | 198379787690 | 198319022201 | 198370124647 | 198332197309 | 198413585149 | 181366596326 | 190696431310 | 193115412486 | 193103166027 | 193547164974 | 194004476047 | 198344651612 | 198348506359 | 198339583137 | 198375582598 | 198425489364 | 198345666121 | 193614558718 | 193210857013 | 192757864841 | 192631784678 | 192088136210 | 183637340755 |
|      CPU_CLK_UNHALTED_REF      |  FIXC2  | 198419197329 | 198482893966 | 198432085747 | 198480359182 | 198442314100 | 198504592580 | 181469673906 | 190728083763 | 193141087639 | 193113927215 | 193567073445 | 194019001319 | 198436057019 | 198458629242 | 198447515136 | 198466287690 | 198517251044 | 198438279785 | 193625836099 | 193236948672 | 192773155420 | 192643436570 | 192111957492 | 183673230398 |
|           FIXC1/FIXC0          |   CPI   |            0 |            0 |            0 |            0 |            0 |            0 |            0 |            0 |            0 |            0 |            0 |            0 |            0 |            0 |            0 |            0 |            0 |            0 |            0 |            0 |            0 |            0 |            0 |            0 |
|  OFFCORE_RESPONSE_0_LOCAL_DRAM |   PMC0  |    447245600 |    421652788 |    402723927 |    404777040 |    396462276 |    403932385 |   1461888850 |   1502275397 |   1514472360 |   1505074921 |   1488983111 |   1167592976 |    104583205 |    105759616 |    103976248 |    103559780 |    104511694 |    106852905 |   1399883358 |   1501041061 |   1482841559 |   1491308971 |   1496276807 |   1480367084 |
| OFFCORE_RESPONSE_1_REMOTE_DRAM |   PMC1  |    112087798 |     86193653 |     82358003 |     83435926 |     99348843 |    111237634 |    105875378 |     40913705 |      6319453 |     18183896 |     40976098 |    349196115 |    331376868 |    328871886 |    322227577 |    320656408 |    322451608 |    329712210 |    124792440 |     25671891 |     21092758 |     21324413 |     25722431 |     56357163 |
|  MEM_LOAD_UOPS_RETIRED_L3_ALL  |   PMC2  |    249848329 |    308565408 |    350505216 |    402619272 |    474482125 |    540379503 |    216307320 |    214496523 |    214069670 |    214613557 |    213809523 |    218529185 |    759191703 |    834430150 |    896247465 |    932183946 |   1069637662 |   1094445169 |    221315004 |    216957386 |    218267068 |    217978211 |    217456014 |    221521187 |
|  MEM_LOAD_UOPS_RETIRED_L3_MISS |   PMC3  |    111383814 |    136477345 |    120218791 |    114583984 |    134481843 |    128018797 |     64749187 |     61062208 |     60046332 |     59989025 |     59747891 |     60430766 |    226454451 |    234889933 |    254843567 |    250800488 |    355966887 |    443890255 |     61498812 |     60805553 |     60519412 |     60958244 |     61360005 |     62073975 |
|      L2_TRANS_ALL_REQUESTS     |   PMC4  |  27898898199 |  27894532365 |  26925729917 |  26949923903 |  26878210062 |  26775831190 |  15252739194 |  15050082584 |  14898821562 |  14951549736 |  14987128296 |  15216432038 |  24150407572 |  24138513582 |  23989883771 |  24005575935 |  23954872504 |  23876605089 |  15128003768 |  14854672888 |  14879875176 |  14890732617 |  14963139775 |  15219854342 |
|          L2_RQSTS_MISS         |   PMC5  |   6928450919 |   6897305616 |   6784779243 |   6798342109 |   6739832168 |   6745338842 |   4578896514 |   4560153332 |   4587012778 |   4586581791 |   4579177607 |   4593317070 |   5873634942 |   5856380550 |   5810273794 |   5816583896 |   5779440841 |   5781761476 |   4578589545 |   4587485206 |   4621098157 |   4617727309 |   4622205603 |   4669799479 |
|        UOPS_RETIRED_ALL        |   PMC6  | 381616239185 | 380503003882 | 371357542271 | 369497049336 | 368137699562 | 367631354705 | 310961781891 | 322315158561 | 325543521728 | 326186199706 | 325090864358 | 322785313471 | 317943384443 | 317188001537 | 315893249100 | 314656697990 | 313736906591 | 312223548303 | 326872440112 | 330197018882 | 329563046924 | 329310304040 | 328515608360 | 320833323461 |
|            TEMP_CORE           |   TMP0  |           44 |           40 |           41 |           42 |           42 |           41 |           43 |           44 |           44 |           43 |           43 |           40 |           42 |           43 |           46 |           45 |           44 |           41 |           46 |           46 |           44 |           46 |           44 |           43 |
|         PWR_PKG_ENERGY         |   PWR0  |    6747.0458 |            0 |            0 |            0 |            0 |            0 |            0 |            0 |            0 |            0 |            0 |            0 |    6501.3533 |            0 |            0 |            0 |            0 |            0 |            0 |            0 |            0 |            0 |            0 |            0 |
|         PWR_PP0_ENERGY         |   PWR1  |            0 |            0 |            0 |            0 |            0 |            0 |            0 |            0 |            0 |            0 |            0 |            0 |            0 |            0 |            0 |            0 |            0 |            0 |            0 |            0 |            0 |            0 |            0 |            0 |
|         PWR_DRAM_ENERGY        |   PWR3  |    1169.4073 |            0 |            0 |            0 |            0 |            0 |            0 |            0 |            0 |            0 |            0 |            0 |    1108.8596 |            0 |            0 |            0 |            0 |            0 |            0 |            0 |            0 |            0 |            0 |            0 |
|          CAS_COUNT_RD          | MBOX0C0 |   6159278458 |            0 |            0 |            0 |            0 |            0 |            0 |            0 |            0 |            0 |            0 |            0 |   5109308218 |            0 |            0 |            0 |            0 |            0 |            0 |            0 |            0 |            0 |            0 |            0 |
|          CAS_COUNT_WR          | MBOX0C1 |   2204489260 |            0 |            0 |            0 |            0 |            0 |            0 |            0 |            0 |            0 |            0 |            0 |   1704042204 |            0 |            0 |            0 |            0 |            0 |            0 |            0 |            0 |            0 |            0 |            0 |
|          CAS_COUNT_RD          | MBOX1C0 |   6151996312 |            0 |            0 |            0 |            0 |            0 |            0 |            0 |            0 |            0 |            0 |            0 |   5106582169 |            0 |            0 |            0 |            0 |            0 |            0 |            0 |            0 |            0 |            0 |            0 |
|          CAS_COUNT_WR          | MBOX1C1 |   2199235926 |            0 |            0 |            0 |            0 |            0 |            0 |            0 |            0 |            0 |            0 |            0 |   1699535792 |            0 |            0 |            0 |            0 |            0 |            0 |            0 |            0 |            0 |            0 |            0 |
|          CAS_COUNT_RD          | MBOX2C0 |            0 |            0 |            0 |            0 |            0 |            0 |            0 |            0 |            0 |            0 |            0 |            0 |            0 |            0 |            0 |            0 |            0 |            0 |            0 |            0 |            0 |            0 |            0 |            0 |
|          CAS_COUNT_WR          | MBOX2C1 |            0 |            0 |            0 |            0 |            0 |            0 |            0 |            0 |            0 |            0 |            0 |            0 |            0 |            0 |            0 |            0 |            0 |            0 |            0 |            0 |            0 |            0 |            0 |            0 |
|          CAS_COUNT_RD          | MBOX3C0 |            0 |            0 |            0 |            0 |            0 |            0 |            0 |            0 |            0 |            0 |            0 |            0 |            0 |            0 |            0 |            0 |            0 |            0 |            0 |            0 |            0 |            0 |            0 |            0 |
|          CAS_COUNT_WR          | MBOX3C1 |            0 |            0 |            0 |            0 |            0 |            0 |            0 |            0 |            0 |            0 |            0 |            0 |            0 |            0 |            0 |            0 |            0 |            0 |            0 |            0 |            0 |            0 |            0 |            0 |
|          CAS_COUNT_RD          | MBOX4C0 |   6160811467 |            0 |            0 |            0 |            0 |            0 |            0 |            0 |            0 |            0 |            0 |            0 |   5112842894 |            0 |            0 |            0 |            0 |            0 |            0 |            0 |            0 |            0 |            0 |            0 |
|          CAS_COUNT_WR          | MBOX4C1 |   2206529844 |            0 |            0 |            0 |            0 |            0 |            0 |            0 |            0 |            0 |            0 |            0 |   1705486069 |            0 |            0 |            0 |            0 |            0 |            0 |            0 |            0 |            0 |            0 |            0 |
|          CAS_COUNT_RD          | MBOX5C0 |   6156063083 |            0 |            0 |            0 |            0 |            0 |            0 |            0 |            0 |            0 |            0 |            0 |   5106001019 |            0 |            0 |            0 |            0 |            0 |            0 |            0 |            0 |            0 |            0 |            0 |
|          CAS_COUNT_WR          | MBOX5C1 |   2200588876 |            0 |            0 |            0 |            0 |            0 |            0 |            0 |            0 |            0 |            0 |            0 |   1700320170 |            0 |            0 |            0 |            0 |            0 |            0 |            0 |            0 |            0 |            0 |            0 |
|          CAS_COUNT_RD          | MBOX6C0 |            0 |            0 |            0 |            0 |            0 |            0 |            0 |            0 |            0 |            0 |            0 |            0 |            0 |            0 |            0 |            0 |            0 |            0 |            0 |            0 |            0 |            0 |            0 |            0 |
|          CAS_COUNT_WR          | MBOX6C1 |            0 |            0 |            0 |            0 |            0 |            0 |            0 |            0 |            0 |            0 |            0 |            0 |            0 |            0 |            0 |            0 |            0 |            0 |            0 |            0 |            0 |            0 |            0 |            0 |
|          CAS_COUNT_RD          | MBOX7C0 |            0 |            0 |            0 |            0 |            0 |            0 |            0 |            0 |            0 |            0 |            0 |            0 |            0 |            0 |            0 |            0 |            0 |            0 |            0 |            0 |            0 |            0 |            0 |            0 |
|          CAS_COUNT_WR          | MBOX7C1 |            0 |            0 |            0 |            0 |            0 |            0 |            0 |            0 |            0 |            0 |            0 |            0 |            0 |            0 |            0 |            0 |            0 |            0 |            0 |            0 |            0 |            0 |            0 |            0 |
+--------------------------------+---------+--------------+--------------+--------------+--------------+--------------+--------------+--------------+--------------+--------------+--------------+--------------+--------------+--------------+--------------+--------------+--------------+--------------+--------------+--------------+--------------+--------------+--------------+--------------+--------------+
+-------------------------------------+---------+---------------+--------------+--------------+--------------+
|                Event                | Counter |      Sum      |      Min     |      Max     |      Avg     |
+-------------------------------------+---------+---------------+--------------+--------------+--------------+
|        INSTR_RETIRED_ANY STAT       |  FIXC0  | 6016412700928 | 215610897825 | 304928046114 | 2.506839e+11 |
|      CPU_CLK_UNHALTED_CORE STAT     |  FIXC1  | 4674073940790 | 181366596326 | 198425489364 | 1.947531e+11 |
|      CPU_CLK_UNHALTED_REF STAT      |  FIXC2  | 4675628874758 | 181469673906 | 198517251044 | 1.948179e+11 |
|           FIXC1/FIXC0 STAT          |   CPI   |             0 |            0 |            0 |            0 |
|  OFFCORE_RESPONSE_0_LOCAL_DRAM STAT |   PMC0  |   20598043919 |    103559780 |   1514472360 | 8.582518e+08 |
| OFFCORE_RESPONSE_1_REMOTE_DRAM STAT |   PMC1  |    3366384155 |      6319453 |    349196115 | 1.402660e+08 |
|  MEM_LOAD_UOPS_RETIRED_L3_ALL STAT  |   PMC2  |   10517856596 |    213809523 |   1094445169 | 4.382440e+08 |
|  MEM_LOAD_UOPS_RETIRED_L3_MISS STAT |   PMC3  |    3245251565 |     59747891 |    443890255 | 1.352188e+08 |
|      L2_TRANS_ALL_REQUESTS STAT     |   PMC4  |  487732016065 |  14854672888 |  27898898199 | 2.032217e+10 |
|          L2_RQSTS_MISS STAT         |   PMC5  |  130994168787 |   4560153332 |   6928450919 | 5.458090e+09 |
|        UOPS_RETIRED_ALL STAT        |   PMC6  | 8028559258399 | 310961781891 | 381616239185 | 3.345233e+11 |
|            TEMP_CORE STAT           |   TMP0  |          1037 |           40 |           46 |      43.2083 |
|         PWR_PKG_ENERGY STAT         |   PWR0  |    13248.3991 |            0 |    6747.0458 |     552.0166 |
|         PWR_PP0_ENERGY STAT         |   PWR1  |             0 |            0 |            0 |            0 |
|         PWR_DRAM_ENERGY STAT        |   PWR3  |     2278.2669 |            0 |    1169.4073 |      94.9278 |
|          CAS_COUNT_RD STAT          | MBOX0C0 |   11268586676 |            0 |   6159278458 | 4.695244e+08 |
|          CAS_COUNT_WR STAT          | MBOX0C1 |    3908531464 |            0 |   2204489260 | 1.628555e+08 |
|          CAS_COUNT_RD STAT          | MBOX1C0 |   11258578481 |            0 |   6151996312 | 4.691074e+08 |
|          CAS_COUNT_WR STAT          | MBOX1C1 |    3898771718 |            0 |   2199235926 | 1.624488e+08 |
|          CAS_COUNT_RD STAT          | MBOX2C0 |             0 |            0 |            0 |            0 |
|          CAS_COUNT_WR STAT          | MBOX2C1 |             0 |            0 |            0 |            0 |
|          CAS_COUNT_RD STAT          | MBOX3C0 |             0 |            0 |            0 |            0 |
|          CAS_COUNT_WR STAT          | MBOX3C1 |             0 |            0 |            0 |            0 |
|          CAS_COUNT_RD STAT          | MBOX4C0 |   11273654361 |            0 |   6160811467 | 4.697356e+08 |
|          CAS_COUNT_WR STAT          | MBOX4C1 |    3912015913 |            0 |   2206529844 | 1.630007e+08 |
|          CAS_COUNT_RD STAT          | MBOX5C0 |   11262064102 |            0 |   6156063083 | 4.692527e+08 |
|          CAS_COUNT_WR STAT          | MBOX5C1 |    3900909046 |            0 |   2200588876 | 1.625379e+08 |
|          CAS_COUNT_RD STAT          | MBOX6C0 |             0 |            0 |            0 |            0 |
|          CAS_COUNT_WR STAT          | MBOX6C1 |             0 |            0 |            0 |            0 |
|          CAS_COUNT_RD STAT          | MBOX7C0 |             0 |            0 |            0 |            0 |
|          CAS_COUNT_WR STAT          | MBOX7C1 |             0 |            0 |            0 |            0 |
+-------------------------------------+---------+---------------+--------------+--------------+--------------+
+-----------------------------------+------------+-----------+-----------+-----------+-----------+-----------+-----------+-----------+-----------+-----------+-----------+-----------+------------+-----------+-----------+-----------+-----------+-----------+-----------+-----------+-----------+-----------+-----------+-----------+
|               Metric              |   Core 0   |   Core 1  |   Core 2  |   Core 3  |   Core 4  |   Core 5  |   Core 6  |   Core 7  |   Core 8  |   Core 9  |  Core 10  |  Core 11  |   Core 12  |  Core 13  |  Core 14  |  Core 15  |  Core 16  |  Core 17  |  Core 18  |  Core 19  |  Core 20  |  Core 21  |  Core 22  |  Core 23  |
+-----------------------------------+------------+-----------+-----------+-----------+-----------+-----------+-----------+-----------+-----------+-----------+-----------+-----------+------------+-----------+-----------+-----------+-----------+-----------+-----------+-----------+-----------+-----------+-----------+-----------+
|        Runtime (RDTSC) [s]        |    87.5399 |   87.5399 |   87.5399 |   87.5399 |   87.5399 |   87.5399 |   87.5399 |   87.5399 |   87.5399 |   87.5399 |   87.5399 |   87.5399 |    87.5399 |   87.5399 |   87.5399 |   87.5399 |   87.5399 |   87.5399 |   87.5399 |   87.5399 |   87.5399 |   87.5399 |   87.5399 |   87.5399 |
|        Runtime unhalted [s]       |    86.2206 |   86.2527 |   86.2263 |   86.2485 |   86.2320 |   86.2674 |   78.8556 |   82.9121 |   83.9638 |   83.9585 |   84.1515 |   84.3504 |    86.2374 |   86.2391 |   86.2352 |   86.2509 |   86.2726 |   86.2379 |   84.1809 |   84.0053 |   83.8084 |   83.7536 |   83.5172 |   79.8429 |
|            Clock [MHz]            |  2298.6707 | 2298.7886 | 2298.6729 | 2298.7060 | 2298.7071 | 2298.9289 | 2298.6769 | 2299.6017 | 2299.6776 | 2299.8552 | 2299.7468 | 2299.8112 |  2298.9239 | 2298.7071 | 2298.7325 | 2298.9322 | 2298.9202 | 2298.9099 | 2299.8494 | 2299.6728 | 2299.8009 | 2299.8443 | 2299.6982 | 2299.5340 |
|                CPI                |     0.6503 |    0.6519 |    0.6711 |    0.6734 |    0.6750 |    0.6759 |    0.8412 |    0.8498 |    0.8510 |    0.8493 |    0.8527 |    0.8584 |     0.7801 |    0.7815 |    0.7841 |    0.7863 |    0.7880 |    0.7901 |    0.8490 |    0.8412 |    0.8413 |    0.8413 |    0.8411 |    0.8272 |
|   Local DRAM data volume [GByte]  |    28.6237 |   26.9858 |   25.7743 |   25.9057 |   25.3736 |   25.8517 |   93.5609 |   96.1456 |   96.9262 |   96.3248 |   95.2949 |   74.7260 |     6.6933 |    6.7686 |    6.6545 |    6.6278 |    6.6887 |    6.8386 |   89.5925 |   96.0666 |   94.9019 |   95.4438 |   95.7617 |   94.7435 |
|   Local DRAM bandwidth [MByte/s]  |   326.9790 |  308.2682 |  294.4294 |  295.9304 |  289.8516 |  295.3129 | 1068.7795 | 1098.3059 | 1107.2231 | 1100.3527 | 1088.5880 |  853.6213 |    76.4603 |   77.3203 |   76.0165 |   75.7120 |   76.4080 |   78.1196 | 1023.4476 | 1097.4035 | 1084.0980 | 1090.2884 | 1093.9204 | 1082.2889 |
|  Remote DRAM data volume [GByte]  |     7.1736 |    5.5164 |    5.2709 |    5.3399 |    6.3583 |    7.1192 |    6.7760 |    2.6185 |    0.4044 |    1.1638 |    2.6225 |   22.3486 |    21.2081 |   21.0478 |   20.6226 |   20.5220 |   20.6369 |   21.1016 |    7.9867 |    1.6430 |    1.3499 |    1.3648 |    1.6462 |    3.6069 |
|  Remote DRAM bandwidth [MByte/s]  |    81.9468 |   63.0157 |   60.2115 |   60.9996 |   72.6334 |   81.3253 |   77.4050 |   29.9118 |    4.6201 |   13.2942 |   29.9574 |  255.2955 |   242.2680 |  240.4366 |  235.5790 |  234.4303 |  235.7427 |  241.0509 |   91.2351 |   18.7686 |   15.4208 |   15.5902 |   18.8055 |   41.2024 |
|     Memory data volume [GByte]    |    35.7973 |   32.5022 |   31.0452 |   31.2456 |   31.7319 |   32.9709 |  100.3369 |   98.7641 |   97.3307 |   97.4886 |   97.9174 |   97.0745 |    27.9014 |   27.8164 |   27.2770 |   27.1498 |   27.3257 |   27.9402 |   97.5793 |   97.7096 |   96.2518 |   96.8085 |   97.4080 |   98.3504 |
|     Memory bandwidth [MByte/s]    |   408.9258 |  371.2840 |  354.6409 |  356.9300 |  362.4850 |  376.6382 | 1146.1845 | 1128.2177 | 1111.8432 | 1113.6468 | 1118.5454 | 1108.9168 |   318.7282 |  317.7569 |  311.5955 |  310.1423 |  312.1507 |  319.1705 | 1114.6828 | 1116.1721 | 1099.5188 | 1105.8786 | 1112.7259 | 1123.4913 |
|          L3 request rate          |     2.2431 |    2.2609 |    2.9156 |    3.5137 |    3.5282 |    4.2211 |    3.3407 |    3.5128 |    3.5651 |    3.5775 |    3.5785 |    3.6162 |     3.3525 |    3.5524 |    3.5169 |    3.7168 |    3.0049 |    2.4656 |    3.5987 |    3.5681 |    3.6066 |    3.5759 |    3.5439 |    3.5687 |
|            L3 miss rate           |     0.4486 |    0.2793 |    0.2350 |    0.2072 |    0.2094 |    0.2059 |    0.4895 |    0.1907 |    0.0295 |    0.0847 |    0.1916 |    1.5979 |     0.4365 |    0.3941 |    0.3595 |    0.3440 |    0.3015 |    0.3013 |    0.5639 |    0.1183 |    0.0966 |    0.0978 |    0.1183 |    0.2544 |
|           L3 miss ratio           |     0.2506 |    0.2044 |    0.2045 |    0.2061 |    0.2506 |    0.2754 |    0.0724 |    0.0272 |    0.0042 |    0.0121 |    0.0275 |    0.2991 |     3.1685 |    3.1096 |    3.0990 |    3.0963 |    3.0853 |    3.0857 |    0.0891 |    0.0171 |    0.0142 |    0.0143 |    0.0172 |    0.0381 |
|          L2 request rate          |     0.0915 |    0.0917 |    0.0911 |    0.0915 |    0.0915 |    0.0912 |    0.0707 |    0.0671 |    0.0657 |    0.0658 |    0.0660 |    0.0673 |     0.0950 |    0.0951 |    0.0948 |    0.0951 |    0.0951 |    0.0951 |    0.0663 |    0.0647 |    0.0649 |    0.0650 |    0.0655 |    0.0686 |
|            L2 miss rate           |     0.0227 |    0.0227 |    0.0230 |    0.0231 |    0.0229 |    0.0230 |    0.0212 |    0.0203 |    0.0202 |    0.0202 |    0.0202 |    0.0203 |     0.0231 |    0.0231 |    0.0230 |    0.0231 |    0.0230 |    0.0230 |    0.0201 |    0.0200 |    0.0202 |    0.0202 |    0.0202 |    0.0210 |
|           L2 miss ratio           |     0.2483 |    0.2473 |    0.2520 |    0.2523 |    0.2508 |    0.2519 |    0.3002 |    0.3030 |    0.3079 |    0.3068 |    0.3055 |    0.3019 |     0.2432 |    0.2426 |    0.2422 |    0.2423 |    0.2413 |    0.2422 |    0.3027 |    0.3088 |    0.3106 |    0.3101 |    0.3089 |    0.3068 |
|  Memory read bandwidth [MBytes/s] | 18005.5153 |         0 |         0 |         0 |         0 |         0 |         0 |         0 |         0 |         0 |         0 |         0 | 14939.7308 |         0 |         0 |         0 |         0 |         0 |         0 |         0 |         0 |         0 |         0 |         0 |
|  Memory read data volume [GBytes] |  1576.2016 |         0 |         0 |         0 |         0 |         0 |         0 |         0 |         0 |         0 |         0 |         0 |  1307.8230 |         0 |         0 |         0 |         0 |         0 |         0 |         0 |         0 |         0 |         0 |         0 |
| Memory write bandwidth [MBytes/s] |  6441.5634 |         0 |         0 |         0 |         0 |         0 |         0 |         0 |         0 |         0 |         0 |         0 |  4978.3063 |         0 |         0 |         0 |         0 |         0 |         0 |         0 |         0 |         0 |         0 |         0 |
| Memory write data volume [GBytes] |   563.8940 |         0 |         0 |         0 |         0 |         0 |         0 |         0 |         0 |         0 |         0 |         0 |   435.8006 |         0 |         0 |         0 |         0 |         0 |         0 |         0 |         0 |         0 |         0 |         0 |
|    Memory bandwidth [MBytes/s]    | 24447.0786 |         0 |         0 |         0 |         0 |         0 |         0 |         0 |         0 |         0 |         0 |         0 | 19918.0371 |         0 |         0 |         0 |         0 |         0 |         0 |         0 |         0 |         0 |         0 |         0 |
|    Memory data volume [GBytes]    |  2140.0956 |         0 |         0 |         0 |         0 |         0 |         0 |         0 |         0 |         0 |         0 |         0 |  1743.6236 |         0 |         0 |         0 |         0 |         0 |         0 |         0 |         0 |         0 |         0 |         0 |
|          Temperature [C]          |         44 |        40 |        41 |        42 |        42 |        41 |        43 |        44 |        44 |        43 |        43 |        40 |         42 |        43 |        46 |        45 |        44 |        41 |        46 |        46 |        44 |        46 |        44 |        43 |
|             Energy [J]            |  6747.0458 |         0 |         0 |         0 |         0 |         0 |         0 |         0 |         0 |         0 |         0 |         0 |  6501.3533 |         0 |         0 |         0 |         0 |         0 |         0 |         0 |         0 |         0 |         0 |         0 |
|             Power [W]             |    77.0739 |         0 |         0 |         0 |         0 |         0 |         0 |         0 |         0 |         0 |         0 |         0 |    74.2673 |         0 |         0 |         0 |         0 |         0 |         0 |         0 |         0 |         0 |         0 |         0 |
|           Energy PP0 [J]          |          0 |         0 |         0 |         0 |         0 |         0 |         0 |         0 |         0 |         0 |         0 |         0 |          0 |         0 |         0 |         0 |         0 |         0 |         0 |         0 |         0 |         0 |         0 |         0 |
|           Power PP0 [W]           |          0 |         0 |         0 |         0 |         0 |         0 |         0 |         0 |         0 |         0 |         0 |         0 |          0 |         0 |         0 |         0 |         0 |         0 |         0 |         0 |         0 |         0 |         0 |         0 |
|          Energy DRAM [J]          |  1169.4073 |         0 |         0 |         0 |         0 |         0 |         0 |         0 |         0 |         0 |         0 |         0 |  1108.8596 |         0 |         0 |         0 |         0 |         0 |         0 |         0 |         0 |         0 |         0 |         0 |
|           Power DRAM [W]          |    13.3586 |         0 |         0 |         0 |         0 |         0 |         0 |         0 |         0 |         0 |         0 |         0 |    12.6669 |         0 |         0 |         0 |         0 |         0 |         0 |         0 |         0 |         0 |         0 |         0 |
+-----------------------------------+------------+-----------+-----------+-----------+-----------+-----------+-----------+-----------+-----------+-----------+-----------+-----------+------------+-----------+-----------+-----------+-----------+-----------+-----------+-----------+-----------+-----------+-----------+-----------+
+----------------------------------------+------------+-----------+------------+-----------+
|                 Metric                 |     Sum    |    Min    |     Max    |    Avg    |
+----------------------------------------+------------+-----------+------------+-----------+
|        Runtime (RDTSC) [s] STAT        |  2100.9576 |   87.5399 |    87.5399 |   87.5399 |
|        Runtime unhalted [s] STAT       |  2032.2208 |   78.8556 |    86.2726 |   84.6759 |
|            Clock [MHz] STAT            | 55181.3690 | 2298.6707 |  2299.8552 | 2299.2237 |
|                CPI STAT                |    18.8512 |    0.6503 |     0.8584 |    0.7855 |
|   Local DRAM data volume [GByte] STAT  |  1318.2747 |    6.6278 |    96.9262 |   54.9281 |
|   Local DRAM bandwidth [MByte/s] STAT  | 15059.1255 |   75.7120 |  1107.2231 |  627.4636 |
|  Remote DRAM data volume [GByte] STAT  |   215.4486 |    0.4044 |    22.3486 |    8.9770 |
|  Remote DRAM bandwidth [MByte/s] STAT  |  2461.1464 |    4.6201 |   255.2955 |  102.5478 |
|     Memory data volume [GByte] STAT    |  1533.7234 |   27.1498 |   100.3369 |   63.9051 |
|     Memory bandwidth [MByte/s] STAT    | 17520.2719 |  310.1423 |  1146.1845 |  730.0113 |
|          L3 request rate STAT          |    80.9444 |    2.2431 |     4.2211 |    3.3727 |
|            L3 miss rate STAT           |     7.5555 |    0.0295 |     1.5979 |    0.3148 |
|           L3 miss ratio STAT           |    20.6685 |    0.0042 |     3.1685 |    0.8612 |
|          L2 request rate STAT          |     1.9163 |    0.0647 |     0.0951 |    0.0798 |
|            L2 miss rate STAT           |     0.5198 |    0.0200 |     0.0231 |    0.0217 |
|           L2 miss ratio STAT           |     6.6296 |    0.2413 |     0.3106 |    0.2762 |
|  Memory read bandwidth [MBytes/s] STAT | 32945.2461 |         0 | 18005.5153 | 1372.7186 |
|  Memory read data volume [GBytes] STAT |  2884.0246 |         0 |  1576.2016 |  120.1677 |
| Memory write bandwidth [MBytes/s] STAT | 11419.8697 |         0 |  6441.5634 |  475.8279 |
| Memory write data volume [GBytes] STAT |   999.6946 |         0 |   563.8940 |   41.6539 |
|    Memory bandwidth [MBytes/s] STAT    | 44365.1157 |         0 | 24447.0786 | 1848.5465 |
|    Memory data volume [GBytes] STAT    |  3883.7192 |         0 |  2140.0956 |  161.8216 |
|          Temperature [C] STAT          |       1037 |        40 |         46 |   43.2083 |
|             Energy [J] STAT            | 13248.3991 |         0 |  6747.0458 |  552.0166 |
|             Power [W] STAT             |   151.3412 |         0 |    77.0739 |    6.3059 |
|           Energy PP0 [J] STAT          |          0 |         0 |          0 |         0 |
|           Power PP0 [W] STAT           |          0 |         0 |          0 |         0 |
|          Energy DRAM [J] STAT          |  2278.2669 |         0 |  1169.4073 |   94.9278 |
|           Power DRAM [W] STAT          |    26.0255 |         0 |    13.3586 |    1.0844 |
+----------------------------------------+------------+-----------+------------+-----------+
