--------------------------------------------------------------------------------
CPU name:	Intel(R) Xeon(R) CPU E5-2670 v3 @ 2.30GHz
CPU type:	Intel Xeon Haswell EN/EP/EX processor
CPU clock:	2.30 GHz
--------------------------------------------------------------------------------
Group 1: POWERPERF
+--------------------------------+---------+--------------+--------------+--------------+--------------+--------------+--------------+--------------+--------------+--------------+--------------+--------------+--------------+--------------+--------------+--------------+--------------+--------------+--------------+--------------+--------------+--------------+--------------+--------------+--------------+
|              Event             | Counter |    Core 0    |    Core 1    |    Core 2    |    Core 3    |    Core 4    |    Core 5    |    Core 6    |    Core 7    |    Core 8    |    Core 9    |    Core 10   |    Core 11   |    Core 12   |    Core 13   |    Core 14   |    Core 15   |    Core 16   |    Core 17   |    Core 18   |    Core 19   |    Core 20   |    Core 21   |    Core 22   |    Core 23   |
+--------------------------------+---------+--------------+--------------+--------------+--------------+--------------+--------------+--------------+--------------+--------------+--------------+--------------+--------------+--------------+--------------+--------------+--------------+--------------+--------------+--------------+--------------+--------------+--------------+--------------+--------------+
|        INSTR_RETIRED_ANY       |  FIXC0  | 304277199419 | 303559445832 | 295219399721 | 294274440035 | 293601411124 | 292984677667 | 208710561428 | 201552053014 | 200936386289 | 199219431838 | 197864914318 | 201174972575 | 255589114170 | 255332460283 | 254490500298 | 253847002138 | 253348322054 | 252607494530 | 230480435269 | 226809540621 | 223533865101 | 222131059744 | 223101040025 | 220195959718 |
|      CPU_CLK_UNHALTED_CORE     |  FIXC1  | 200736652166 | 200710927389 | 200784135425 | 200780572079 | 200823543418 | 200878178796 | 200985428557 | 200943417915 | 201009177644 | 200755707436 | 201004169773 | 201062386548 | 200361161058 | 200515315924 | 200418259889 | 200442506288 | 200467394980 | 200416244414 | 200863553955 | 200929939878 | 200904163915 | 200942781005 | 200939031673 | 200906990223 |
|      CPU_CLK_UNHALTED_REF      |  FIXC2  | 200835627745 | 200828284144 | 200882001081 | 200880383192 | 200920845413 | 200976010775 | 200985436980 | 200943456230 | 201009238898 | 200755719374 | 201004187339 | 201062407446 | 200458424755 | 200605481442 | 200515042176 | 200539363342 | 200564785104 | 200513904090 | 200863587488 | 200929952861 | 200904243024 | 200942813725 | 200939087150 | 200907018848 |
|           FIXC1/FIXC0          |   CPI   |            0 |            0 |            0 |            0 |            0 |            0 |            0 |            0 |            0 |            0 |            0 |            0 |            0 |            0 |            0 |            0 |            0 |            0 |            0 |            0 |            0 |            0 |            0 |            0 |
|  OFFCORE_RESPONSE_0_LOCAL_DRAM |   PMC0  |    605390331 |    588757758 |    534959401 |    540297154 |    524307442 |    531093972 |   5944231344 |   6052037693 |   5887843952 |   5885225136 |   6038271471 |   5884058688 |    226585642 |    227691267 |    221106485 |    208608597 |    206510585 |    207818113 |   5931404658 |   6037181247 |   5959024382 |   5927817938 |   5895125351 |   5895131679 |
| OFFCORE_RESPONSE_1_REMOTE_DRAM |   PMC1  |    239604186 |    207231668 |    196631891 |    201067574 |    221599225 |    238732653 |      2027536 |      2177265 |       160880 |      1633242 |       244299 |       189212 |    440408884 |    433161567 |    422854446 |    429341335 |    428012017 |    432922284 |      2971697 |       584151 |       571238 |      1317223 |       427908 |       358518 |
|  MEM_LOAD_UOPS_RETIRED_L3_ALL  |   PMC2  |    255010368 |    315715118 |    357027508 |    407644191 |    469758432 |    528503833 |   2286488590 |   1848111602 |   1601579045 |   1594773747 |   2297660746 |   1572723342 |    761398156 |    846486895 |    871472093 |    939199371 |   1042558466 |   1068716910 |   1663479994 |   2302540572 |   1899326631 |   1660645301 |   1611819746 |   1607873575 |
|  MEM_LOAD_UOPS_RETIRED_L3_MISS |   PMC3  |    151479497 |    182399418 |    165198254 |    152724195 |    169803783 |    166493585 |   1251817674 |   1100750743 |    949190758 |    950662377 |   1330893182 |    932672632 |    231877430 |    247546406 |    235789415 |    260655183 |    413085473 |    441286118 |    983074692 |   1323679297 |   1116381152 |    989708465 |    962074144 |    960946694 |
|      L2_TRANS_ALL_REQUESTS     |   PMC4  |  28023987749 |  28052522091 |  27069563895 |  27107529703 |  27053608870 |  27064601857 |  42831334553 |  41576951453 |  41501352076 |  41410663196 |  42668724453 |  41355814077 |  24158977891 |  24172513291 |  24023483132 |  24045035183 |  24001270419 |  23913006856 |  41508786491 |  42479448255 |  41548362116 |  41369893506 |  41258096713 |  41278551640 |
|          L2_RQSTS_MISS         |   PMC5  |   6877494347 |   6865101359 |   6742424709 |   6750518456 |   6716564179 |   6731227132 |  12563489293 |  12350577409 |  12518504192 |  12488265197 |  12444858131 |  12459742388 |   5828815987 |   5821763038 |   5774196783 |   5783379382 |   5757635601 |   5753956935 |  12491116430 |  12449495857 |  12435183828 |  12434778969 |  12453619145 |  12446625079 |
|        UOPS_RETIRED_ALL        |   PMC6  | 380646064868 | 379329126250 | 371047262746 | 369237584326 | 367956789930 | 366787617293 | 241650354958 | 231899545195 | 231132652621 | 229394776255 | 227441044584 | 231759490083 | 320945580604 | 320473799290 | 319270414326 | 318029394995 | 317097853774 | 315680118260 | 268387816809 | 264430884170 | 259543055843 | 259071443220 | 260280733234 | 256216738380 |
|            TEMP_CORE           |   TMP0  |           44 |           44 |           44 |           44 |           48 |           43 |           48 |           46 |           46 |           45 |           45 |           43 |           45 |           46 |           47 |           47 |           47 |           46 |           50 |           50 |           45 |           49 |           45 |           45 |
|         PWR_PKG_ENERGY         |   PWR0  |    8626.1932 |            0 |            0 |            0 |            0 |            0 |            0 |            0 |            0 |            0 |            0 |            0 |    8291.8337 |            0 |            0 |            0 |            0 |            0 |            0 |            0 |            0 |            0 |            0 |            0 |
|         PWR_PP0_ENERGY         |   PWR1  |            0 |            0 |            0 |            0 |            0 |            0 |            0 |            0 |            0 |            0 |            0 |            0 |            0 |            0 |            0 |            0 |            0 |            0 |            0 |            0 |            0 |            0 |            0 |            0 |
|         PWR_DRAM_ENERGY        |   PWR3  |    1479.7338 |            0 |            0 |            0 |            0 |            0 |            0 |            0 |            0 |            0 |            0 |            0 |    1412.7448 |            0 |            0 |            0 |            0 |            0 |            0 |            0 |            0 |            0 |            0 |            0 |
|          CAS_COUNT_RD          | MBOX0C0 |  15496496604 |            0 |            0 |            0 |            0 |            0 |            0 |            0 |            0 |            0 |            0 |            0 |  14396930736 |            0 |            0 |            0 |            0 |            0 |            0 |            0 |            0 |            0 |            0 |            0 |
|          CAS_COUNT_WR          | MBOX0C1 |   1262659266 |            0 |            0 |            0 |            0 |            0 |            0 |            0 |            0 |            0 |            0 |            0 |    894224305 |            0 |            0 |            0 |            0 |            0 |            0 |            0 |            0 |            0 |            0 |            0 |
|          CAS_COUNT_RD          | MBOX1C0 |  15495964816 |            0 |            0 |            0 |            0 |            0 |            0 |            0 |            0 |            0 |            0 |            0 |  14391668643 |            0 |            0 |            0 |            0 |            0 |            0 |            0 |            0 |            0 |            0 |            0 |
|          CAS_COUNT_WR          | MBOX1C1 |   1259548791 |            0 |            0 |            0 |            0 |            0 |            0 |            0 |            0 |            0 |            0 |            0 |    889606602 |            0 |            0 |            0 |            0 |            0 |            0 |            0 |            0 |            0 |            0 |            0 |
|          CAS_COUNT_RD          | MBOX2C0 |            0 |            0 |            0 |            0 |            0 |            0 |            0 |            0 |            0 |            0 |            0 |            0 |            0 |            0 |            0 |            0 |            0 |            0 |            0 |            0 |            0 |            0 |            0 |            0 |
|          CAS_COUNT_WR          | MBOX2C1 |            0 |            0 |            0 |            0 |            0 |            0 |            0 |            0 |            0 |            0 |            0 |            0 |            0 |            0 |            0 |            0 |            0 |            0 |            0 |            0 |            0 |            0 |            0 |            0 |
|          CAS_COUNT_RD          | MBOX3C0 |            0 |            0 |            0 |            0 |            0 |            0 |            0 |            0 |            0 |            0 |            0 |            0 |            0 |            0 |            0 |            0 |            0 |            0 |            0 |            0 |            0 |            0 |            0 |            0 |
|          CAS_COUNT_WR          | MBOX3C1 |            0 |            0 |            0 |            0 |            0 |            0 |            0 |            0 |            0 |            0 |            0 |            0 |            0 |            0 |            0 |            0 |            0 |            0 |            0 |            0 |            0 |            0 |            0 |            0 |
|          CAS_COUNT_RD          | MBOX4C0 |  15498416441 |            0 |            0 |            0 |            0 |            0 |            0 |            0 |            0 |            0 |            0 |            0 |  14397150814 |            0 |            0 |            0 |            0 |            0 |            0 |            0 |            0 |            0 |            0 |            0 |
|          CAS_COUNT_WR          | MBOX4C1 |   1266342518 |            0 |            0 |            0 |            0 |            0 |            0 |            0 |            0 |            0 |            0 |            0 |    896102869 |            0 |            0 |            0 |            0 |            0 |            0 |            0 |            0 |            0 |            0 |            0 |
|          CAS_COUNT_RD          | MBOX5C0 |  15494790219 |            0 |            0 |            0 |            0 |            0 |            0 |            0 |            0 |            0 |            0 |            0 |  14396902948 |            0 |            0 |            0 |            0 |            0 |            0 |            0 |            0 |            0 |            0 |            0 |
|          CAS_COUNT_WR          | MBOX5C1 |   1261036837 |            0 |            0 |            0 |            0 |            0 |            0 |            0 |            0 |            0 |            0 |            0 |    893623547 |            0 |            0 |            0 |            0 |            0 |            0 |            0 |            0 |            0 |            0 |            0 |
|          CAS_COUNT_RD          | MBOX6C0 |            0 |            0 |            0 |            0 |            0 |            0 |            0 |            0 |            0 |            0 |            0 |            0 |            0 |            0 |            0 |            0 |            0 |            0 |            0 |            0 |            0 |            0 |            0 |            0 |
|          CAS_COUNT_WR          | MBOX6C1 |            0 |            0 |            0 |            0 |            0 |            0 |            0 |            0 |            0 |            0 |            0 |            0 |            0 |            0 |            0 |            0 |            0 |            0 |            0 |            0 |            0 |            0 |            0 |            0 |
|          CAS_COUNT_RD          | MBOX7C0 |            0 |            0 |            0 |            0 |            0 |            0 |            0 |            0 |            0 |            0 |            0 |            0 |            0 |            0 |            0 |            0 |            0 |            0 |            0 |            0 |            0 |            0 |            0 |            0 |
|          CAS_COUNT_WR          | MBOX7C1 |            0 |            0 |            0 |            0 |            0 |            0 |            0 |            0 |            0 |            0 |            0 |            0 |            0 |            0 |            0 |            0 |            0 |            0 |            0 |            0 |            0 |            0 |            0 |            0 |
+--------------------------------+---------+--------------+--------------+--------------+--------------+--------------+--------------+--------------+--------------+--------------+--------------+--------------+--------------+--------------+--------------+--------------+--------------+--------------+--------------+--------------+--------------+--------------+--------------+--------------+--------------+
+-------------------------------------+---------+---------------+--------------+--------------+--------------+
|                Event                | Counter |      Sum      |      Min     |      Max     |      Avg     |
+-------------------------------------+---------+---------------+--------------+--------------+--------------+
|        INSTR_RETIRED_ANY STAT       |  FIXC0  | 5864841687211 | 197864914318 | 304277199419 | 2.443684e+11 |
|      CPU_CLK_UNHALTED_CORE STAT     |  FIXC1  | 4818581640348 | 200361161058 | 201062386548 | 2.007742e+11 |
|      CPU_CLK_UNHALTED_REF STAT      |  FIXC2  | 4819767302622 | 200458424755 | 201062407446 | 2.008236e+11 |
|           FIXC1/FIXC0 STAT          |   CPI   |             0 |            0 |            0 |            0 |
|  OFFCORE_RESPONSE_0_LOCAL_DRAM STAT |   PMC0  |   75960480286 |    206510585 |   6052037693 | 3.165020e+09 |
| OFFCORE_RESPONSE_1_REMOTE_DRAM STAT |   PMC1  |    3904230899 |       160880 |    440408884 | 1.626763e+08 |
|  MEM_LOAD_UOPS_RETIRED_L3_ALL STAT  |   PMC2  |   29810514232 |    255010368 |   2302540572 | 1.242105e+09 |
|  MEM_LOAD_UOPS_RETIRED_L3_MISS STAT |   PMC3  |   15670190567 |    151479497 |   1330893182 | 6.529246e+08 |
|      L2_TRANS_ALL_REQUESTS STAT     |   PMC4  |  809474079466 |  23913006856 |  42831334553 | 3.372809e+10 |
|          L2_RQSTS_MISS STAT         |   PMC5  |  224939333826 |   5753956935 |  12563489293 | 9.372472e+09 |
|        UOPS_RETIRED_ALL STAT        |   PMC6  | 7107710142014 | 227441044584 | 380646064868 | 2.961546e+11 |
|            TEMP_CORE STAT           |   TMP0  |          1102 |           43 |           50 |      45.9167 |
|         PWR_PKG_ENERGY STAT         |   PWR0  |    16918.0269 |            0 |    8626.1932 |     704.9178 |
|         PWR_PP0_ENERGY STAT         |   PWR1  |             0 |            0 |            0 |            0 |
|         PWR_DRAM_ENERGY STAT        |   PWR3  |     2892.4786 |            0 |    1479.7338 |     120.5199 |
|          CAS_COUNT_RD STAT          | MBOX0C0 |   29893427340 |            0 |  15496496604 | 1.245559e+09 |
|          CAS_COUNT_WR STAT          | MBOX0C1 |    2156883571 |            0 |   1262659266 | 8.987015e+07 |
|          CAS_COUNT_RD STAT          | MBOX1C0 |   29887633459 |            0 |  15495964816 | 1.245318e+09 |
|          CAS_COUNT_WR STAT          | MBOX1C1 |    2149155393 |            0 |   1259548791 | 8.954814e+07 |
|          CAS_COUNT_RD STAT          | MBOX2C0 |             0 |            0 |            0 |            0 |
|          CAS_COUNT_WR STAT          | MBOX2C1 |             0 |            0 |            0 |            0 |
|          CAS_COUNT_RD STAT          | MBOX3C0 |             0 |            0 |            0 |            0 |
|          CAS_COUNT_WR STAT          | MBOX3C1 |             0 |            0 |            0 |            0 |
|          CAS_COUNT_RD STAT          | MBOX4C0 |   29895567255 |            0 |  15498416441 | 1.245649e+09 |
|          CAS_COUNT_WR STAT          | MBOX4C1 |    2162445387 |            0 |   1266342518 | 9.010189e+07 |
|          CAS_COUNT_RD STAT          | MBOX5C0 |   29891693167 |            0 |  15494790219 | 1.245487e+09 |
|          CAS_COUNT_WR STAT          | MBOX5C1 |    2154660384 |            0 |   1261036837 |     89777516 |
|          CAS_COUNT_RD STAT          | MBOX6C0 |             0 |            0 |            0 |            0 |
|          CAS_COUNT_WR STAT          | MBOX6C1 |             0 |            0 |            0 |            0 |
|          CAS_COUNT_RD STAT          | MBOX7C0 |             0 |            0 |            0 |            0 |
|          CAS_COUNT_WR STAT          | MBOX7C1 |             0 |            0 |            0 |            0 |
+-------------------------------------+---------+---------------+--------------+--------------+--------------+
+-----------------------------------+------------+-----------+-----------+-----------+-----------+-----------+-----------+-----------+--------------+-----------+--------------+--------------+------------+-----------+-----------+-----------+-----------+-----------+-----------+-----------+-----------+-----------+-----------+-----------+
|               Metric              |   Core 0   |   Core 1  |   Core 2  |   Core 3  |   Core 4  |   Core 5  |   Core 6  |   Core 7  |    Core 8    |   Core 9  |    Core 10   |    Core 11   |   Core 12  |  Core 13  |  Core 14  |  Core 15  |  Core 16  |  Core 17  |  Core 18  |  Core 19  |  Core 20  |  Core 21  |  Core 22  |  Core 23  |
+-----------------------------------+------------+-----------+-----------+-----------+-----------+-----------+-----------+-----------+--------------+-----------+--------------+--------------+------------+-----------+-----------+-----------+-----------+-----------+-----------+-----------+-----------+-----------+-----------+-----------+
|        Runtime (RDTSC) [s]        |    88.3817 |   88.3817 |   88.3817 |   88.3817 |   88.3817 |   88.3817 |   88.3817 |   88.3817 |      88.3817 |   88.3817 |      88.3817 |      88.3817 |    88.3817 |   88.3817 |   88.3817 |   88.3817 |   88.3817 |   88.3817 |   88.3817 |   88.3817 |   88.3817 |   88.3817 |   88.3817 |   88.3817 |
|        Runtime unhalted [s]       |    87.2792 |   87.2680 |   87.2998 |   87.2983 |   87.3170 |   87.3407 |   87.3873 |   87.3691 |      87.3977 |   87.2875 |      87.3955 |      87.4208 |    87.1159 |   87.1829 |   87.1407 |   87.1513 |   87.1621 |   87.1399 |   87.3343 |   87.3632 |   87.3520 |   87.3688 |   87.3672 |   87.3532 |
|            Clock [MHz]            |  2298.8042 | 2298.5936 | 2298.8172 | 2298.7949 | 2298.8238 | 2298.8181 | 2299.9375 | 2299.9372 |    2299.9369 | 2299.9375 |    2299.9374 |    2299.9374 |  2298.8217 | 2298.9039 | 2298.8275 | 2298.8268 | 2298.8208 | 2298.8175 | 2299.9373 | 2299.9375 | 2299.9367 | 2299.9373 | 2299.9370 | 2299.9373 |
|                CPI                |     0.6597 |    0.6612 |    0.6801 |    0.6823 |    0.6840 |    0.6856 |    0.9630 |    0.9970 |       1.0004 |    1.0077 |       1.0159 |       0.9994 |     0.7839 |    0.7853 |    0.7875 |    0.7896 |    0.7913 |    0.7934 |    0.8715 |    0.8859 |    0.8988 |    0.9046 |    0.9007 |    0.9124 |
|   Local DRAM data volume [GByte]  |    38.7450 |   37.6805 |   34.2374 |   34.5790 |   33.5557 |   33.9900 |  380.4308 |  387.3304 |     376.8220 |  376.6544 |     386.4494 |     376.5798 |    14.5015 |   14.5722 |   14.1508 |   13.3510 |   13.2167 |   13.3004 |  379.6099 |  386.3796 |  381.3776 |  379.3803 |  377.2880 |  377.2884 |
|   Local DRAM bandwidth [MByte/s]  |   438.3822 |  426.3380 |  387.3809 |  391.2462 |  379.6675 |  384.5819 | 4304.4051 | 4382.4711 |    4263.5732 | 4261.6768 |    4372.5025 |    4260.8322 |   164.0778 |  164.8784 |  160.1102 |  151.0601 |  149.5408 |  150.4876 | 4295.1169 | 4371.7130 | 4315.1172 | 4292.5196 | 4268.8459 | 4268.8505 |
|  Remote DRAM data volume [GByte]  |    15.3347 |   13.2628 |   12.5844 |   12.8683 |   14.1824 |   15.2789 |    0.1298 |    0.1393 |       0.0103 |    0.1045 |       0.0156 |       0.0121 |    28.1862 |   27.7223 |   27.0627 |   27.4778 |   27.3928 |   27.7070 |    0.1902 |    0.0374 |    0.0366 |    0.0843 |    0.0274 |    0.0229 |
|  Remote DRAM bandwidth [MByte/s]  |   173.5049 |  150.0630 |  142.3873 |  145.5994 |  160.4670 |  172.8738 |    1.4682 |    1.5766 |       0.1165 |    1.1827 |       0.1769 |       0.1370 |   318.9139 |  313.6659 |  306.2022 |  310.8996 |  309.9370 |  313.4927 |    2.1519 |    0.4230 |    0.4137 |    0.9538 |    0.3099 |    0.2596 |
|     Memory data volume [GByte]    |    54.0796 |   50.9433 |   46.8218 |   47.4473 |   47.7380 |   49.2689 |  380.5606 |  387.4698 |     376.8323 |  376.7589 |     386.4650 |     376.5919 |    42.6876 |   42.2946 |   41.2135 |   40.8288 |   40.6094 |   41.0074 |  379.8001 |  386.4170 |  381.4141 |  379.4647 |  377.3154 |  377.3114 |
|     Memory bandwidth [MByte/s]    |   611.8871 |  576.4010 |  529.7683 |  536.8455 |  540.1345 |  557.4557 | 4305.8733 | 4384.0477 |    4263.6897 | 4262.8595 |    4372.6794 |    4260.9692 |   482.9917 |  478.5443 |  466.3124 |  461.9596 |  459.4778 |  463.9803 | 4297.2688 | 4372.1360 | 4315.5308 | 4293.4735 | 4269.1558 | 4269.1101 |
|          L3 request rate          |     1.6835 |    1.7309 |    2.1612 |    2.6692 |    2.7665 |    3.1743 |    1.8265 |    1.6790 |       1.6873 |    1.6775 |       1.7264 |       1.6863 |     3.2836 |    3.4195 |    3.6960 |    3.6032 |    2.5238 |    2.4218 |    1.6921 |    1.7395 |    1.7013 |    1.6779 |    1.6754 |    1.6732 |
|            L3 miss rate           |     0.9396 |    0.6564 |    0.5507 |    0.4932 |    0.4717 |    0.4517 |    0.0009 |    0.0012 |       0.0001 |    0.0010 |       0.0001 |       0.0001 |     0.5784 |    0.5117 |    0.4852 |    0.4571 |    0.4105 |    0.4051 |    0.0018 |    0.0003 |    0.0003 |    0.0008 |    0.0003 |    0.0002 |
|           L3 miss ratio           |     0.3958 |    0.3520 |    0.3676 |    0.3721 |    0.4227 |    0.4495 |    0.0003 |    0.0004 | 2.732409e-05 |    0.0003 | 4.045843e-05 | 3.215672e-05 |     1.9437 |    1.9024 |    1.9124 |    2.0581 |    2.0726 |    2.0832 |    0.0005 |    0.0001 |    0.0001 |    0.0002 |    0.0001 |    0.0001 |
|          L2 request rate          |     0.0921 |    0.0924 |    0.0917 |    0.0921 |    0.0921 |    0.0924 |    0.2052 |    0.2063 |       0.2065 |    0.2079 |       0.2156 |       0.2056 |     0.0945 |    0.0947 |    0.0944 |    0.0947 |    0.0947 |    0.0947 |    0.1801 |    0.1873 |    0.1859 |    0.1862 |    0.1849 |    0.1875 |
|            L2 miss rate           |     0.0226 |    0.0226 |    0.0228 |    0.0229 |    0.0229 |    0.0230 |    0.0602 |    0.0613 |       0.0623 |    0.0627 |       0.0629 |       0.0619 |     0.0228 |    0.0228 |    0.0227 |    0.0228 |    0.0227 |    0.0228 |    0.0542 |    0.0549 |    0.0556 |    0.0560 |    0.0558 |    0.0565 |
|           L2 miss ratio           |     0.2454 |    0.2447 |    0.2491 |    0.2490 |    0.2483 |    0.2487 |    0.2933 |    0.2971 |       0.3016 |    0.3016 |       0.2917 |       0.3013 |     0.2413 |    0.2408 |    0.2404 |    0.2405 |    0.2399 |    0.2406 |    0.3009 |    0.2931 |    0.2993 |    0.3006 |    0.3018 |    0.3015 |
|  Memory read bandwidth [MBytes/s] | 44885.7741 |         0 |         0 |         0 |         0 |         0 |         0 |         0 |            0 |         0 |            0 |            0 | 41697.4123 |         0 |         0 |         0 |         0 |         0 |         0 |         0 |         0 |         0 |         0 |         0 |
|  Memory read data volume [GBytes] |  3967.0828 |         0 |         0 |         0 |         0 |         0 |         0 |         0 |            0 |         0 |            0 |            0 |  3685.2898 |         0 |         0 |         0 |         0 |         0 |         0 |         0 |         0 |         0 |         0 |         0 |
| Memory write bandwidth [MBytes/s] |  3656.5652 |         0 |         0 |         0 |         0 |         0 |         0 |         0 |            0 |         0 |            0 |            0 |  2587.7254 |         0 |         0 |         0 |         0 |         0 |         0 |         0 |         0 |         0 |         0 |         0 |
| Memory write data volume [GBytes] |   323.1736 |         0 |         0 |         0 |         0 |         0 |         0 |         0 |            0 |         0 |            0 |            0 |   228.7077 |         0 |         0 |         0 |         0 |         0 |         0 |         0 |         0 |         0 |         0 |         0 |
|    Memory bandwidth [MBytes/s]    | 48542.3393 |         0 |         0 |         0 |         0 |         0 |         0 |         0 |            0 |         0 |            0 |            0 | 44285.1377 |         0 |         0 |         0 |         0 |         0 |         0 |         0 |         0 |         0 |         0 |         0 |
|    Memory data volume [GBytes]    |  4290.2564 |         0 |         0 |         0 |         0 |         0 |         0 |         0 |            0 |         0 |            0 |            0 |  3913.9975 |         0 |         0 |         0 |         0 |         0 |         0 |         0 |         0 |         0 |         0 |         0 |
|          Temperature [C]          |         44 |        44 |        44 |        44 |        48 |        43 |        48 |        46 |           46 |        45 |           45 |           43 |         45 |        46 |        47 |        47 |        47 |        46 |        50 |        50 |        45 |        49 |        45 |        45 |
|             Energy [J]            |  8626.1932 |         0 |         0 |         0 |         0 |         0 |         0 |         0 |            0 |         0 |            0 |            0 |  8291.8337 |         0 |         0 |         0 |         0 |         0 |         0 |         0 |         0 |         0 |         0 |         0 |
|             Power [W]             |    97.6015 |         0 |         0 |         0 |         0 |         0 |         0 |         0 |            0 |         0 |            0 |            0 |    93.8184 |         0 |         0 |         0 |         0 |         0 |         0 |         0 |         0 |         0 |         0 |         0 |
|           Energy PP0 [J]          |          0 |         0 |         0 |         0 |         0 |         0 |         0 |         0 |            0 |         0 |            0 |            0 |          0 |         0 |         0 |         0 |         0 |         0 |         0 |         0 |         0 |         0 |         0 |         0 |
|           Power PP0 [W]           |          0 |         0 |         0 |         0 |         0 |         0 |         0 |         0 |            0 |         0 |            0 |            0 |          0 |         0 |         0 |         0 |         0 |         0 |         0 |         0 |         0 |         0 |         0 |         0 |
|          Energy DRAM [J]          |  1479.7338 |         0 |         0 |         0 |         0 |         0 |         0 |         0 |            0 |         0 |            0 |            0 |  1412.7448 |         0 |         0 |         0 |         0 |         0 |         0 |         0 |         0 |         0 |         0 |         0 |
|           Power DRAM [W]          |    16.7425 |         0 |         0 |         0 |         0 |         0 |         0 |         0 |            0 |         0 |            0 |            0 |    15.9846 |         0 |         0 |         0 |         0 |         0 |         0 |         0 |         0 |         0 |         0 |         0 |
+-----------------------------------+------------+-----------+-----------+-----------+-----------+-----------+-----------+-----------+--------------+-----------+--------------+--------------+------------+-----------+-----------+-----------+-----------+-----------+-----------+-----------+-----------+-----------+-----------+-----------+
+----------------------------------------+------------+--------------+------------+-----------+
|                 Metric                 |     Sum    |      Min     |     Max    |    Avg    |
+----------------------------------------+------------+--------------+------------+-----------+
|        Runtime (RDTSC) [s] STAT        |  2121.1608 |      88.3817 |    88.3817 |   88.3817 |
|        Runtime unhalted [s] STAT       |  2095.0924 |      87.1159 |    87.4208 |   87.2955 |
|            Clock [MHz] STAT            | 55184.9170 |    2298.5936 |  2299.9375 | 2299.3715 |
|                CPI STAT                |    20.1412 |       0.6597 |     1.0159 |    0.8392 |
|   Local DRAM data volume [GByte] STAT  |  4861.4708 |      13.2167 |   387.3304 |  202.5613 |
|   Local DRAM bandwidth [MByte/s] STAT  | 55005.3756 |     149.5408 |  4382.4711 | 2291.8906 |
|  Remote DRAM data volume [GByte] STAT  |   249.8707 |       0.0103 |    28.1862 |   10.4113 |
|  Remote DRAM bandwidth [MByte/s] STAT  |  2827.1765 |       0.1165 |   318.9139 |  117.7990 |
|     Memory data volume [GByte] STAT    |  5111.3414 |      40.6094 |   387.4698 |  212.9726 |
|     Memory bandwidth [MByte/s] STAT    | 57832.5520 |     459.4778 |  4384.0477 | 2409.6897 |
|          L3 request rate STAT          |    53.5759 |       1.6732 |     3.6960 |    2.2323 |
|            L3 miss rate STAT           |     6.4184 |       0.0001 |     0.9396 |    0.2674 |
|           L3 miss ratio STAT           |    14.3343 | 2.732409e-05 |     2.0832 |    0.5973 |
|          L2 request rate STAT          |     3.4795 |       0.0917 |     0.2156 |    0.1450 |
|            L2 miss rate STAT           |     0.9777 |       0.0226 |     0.0629 |    0.0407 |
|           L2 miss ratio STAT           |     6.5125 |       0.2399 |     0.3018 |    0.2714 |
|  Memory read bandwidth [MBytes/s] STAT | 86583.1864 |            0 | 44885.7741 | 3607.6328 |
|  Memory read data volume [GBytes] STAT |  7652.3726 |            0 |  3967.0828 |  318.8489 |
| Memory write bandwidth [MBytes/s] STAT |  6244.2906 |            0 |  3656.5652 |  260.1788 |
| Memory write data volume [GBytes] STAT |   551.8813 |            0 |   323.1736 |   22.9951 |
|    Memory bandwidth [MBytes/s] STAT    | 92827.4770 |            0 | 48542.3393 | 3867.8115 |
|    Memory data volume [GBytes] STAT    |  8204.2539 |            0 |  4290.2564 |  341.8439 |
|          Temperature [C] STAT          |       1102 |           43 |         50 |   45.9167 |
|             Energy [J] STAT            | 16918.0269 |            0 |  8626.1932 |  704.9178 |
|             Power [W] STAT             |   191.4199 |            0 |    97.6015 |    7.9758 |
|           Energy PP0 [J] STAT          |          0 |            0 |          0 |         0 |
|           Power PP0 [W] STAT           |          0 |            0 |          0 |         0 |
|          Energy DRAM [J] STAT          |  2892.4786 |            0 |  1479.7338 |  120.5199 |
|           Power DRAM [W] STAT          |    32.7271 |            0 |    16.7425 |    1.3636 |
+----------------------------------------+------------+--------------+------------+-----------+
