--------------------------------------------------------------------------------
CPU name:	Intel(R) Xeon(R) CPU E5-2670 v3 @ 2.30GHz
CPU type:	Intel Xeon Haswell EN/EP/EX processor
CPU clock:	2.30 GHz
--------------------------------------------------------------------------------
Group 1: POWERPERF
+--------------------------------+---------+--------------+--------------+--------------+--------------+--------------+--------------+--------------+--------------+--------------+--------------+--------------+--------------+--------------+--------------+--------------+--------------+--------------+--------------+--------------+--------------+--------------+--------------+--------------+--------------+
|              Event             | Counter |    Core 0    |    Core 1    |    Core 2    |    Core 3    |    Core 4    |    Core 5    |    Core 6    |    Core 7    |    Core 8    |    Core 9    |    Core 10   |    Core 11   |    Core 12   |    Core 13   |    Core 14   |    Core 15   |    Core 16   |    Core 17   |    Core 18   |    Core 19   |    Core 20   |    Core 21   |    Core 22   |    Core 23   |
+--------------------------------+---------+--------------+--------------+--------------+--------------+--------------+--------------+--------------+--------------+--------------+--------------+--------------+--------------+--------------+--------------+--------------+--------------+--------------+--------------+--------------+--------------+--------------+--------------+--------------+--------------+
|        INSTR_RETIRED_ANY       |  FIXC0  | 305277993121 | 304523787715 | 295456236089 | 294545647915 | 293791871910 | 293607535726 | 344605761163 | 339154277262 | 338559679199 | 327724129513 | 337477642843 | 329608440902 | 253326705842 | 252976154687 | 252078132002 | 251255794365 | 250643571803 | 249785837472 | 329857592191 | 336033417682 | 316557038804 | 330564189144 | 324825557754 | 324361693771 |
|      CPU_CLK_UNHALTED_CORE     |  FIXC1  | 188550018863 | 188542337994 | 188612132871 | 188587463406 | 188621331746 | 188601522636 | 175164870588 | 173130286719 | 173858309829 | 167996437183 | 173309002256 | 169174272914 | 188610099185 | 188653697683 | 188683388036 | 188652979698 | 188690577353 | 188608313094 | 178996856890 | 181998483869 | 173412251771 | 180072099547 | 177493691951 | 177540372314 |
|      CPU_CLK_UNHALTED_REF      |  FIXC2  | 188647056988 | 188657951743 | 188706013900 | 188680812524 | 188714617832 | 188695600443 | 175371280969 | 173450673260 | 174167893645 | 168375977916 | 173599323249 | 169525435691 | 188704976991 | 188749082918 | 188803230024 | 188747828636 | 188786260785 | 188703200770 | 179020332376 | 182038547741 | 173458406044 | 180106229076 | 177517599523 | 177568517774 |
|           FIXC1/FIXC0          |   CPI   |            0 |            0 |            0 |            0 |            0 |            0 |            0 |            0 |            0 |            0 |            0 |            0 |            0 |            0 |            0 |            0 |            0 |            0 |            0 |            0 |            0 |            0 |            0 |            0 |
|  OFFCORE_RESPONSE_0_LOCAL_DRAM |   PMC0  |    409349264 |    374567727 |    361965655 |    362561642 |    360195404 |    372396362 |    855008033 |    840682931 |    839178795 |    823112662 |    836499534 |    817053986 |     74296100 |     75300518 |     75022491 |     72457734 |     73922971 |     77026501 |    607236851 |    630692303 |    566010176 |    624618027 |    598474956 |    590080625 |
| OFFCORE_RESPONSE_1_REMOTE_DRAM |   PMC1  |     83631684 |     64918740 |     64244722 |     65349045 |     75551886 |     83306213 |    336991885 |    348095410 |    348641861 |    327797328 |    347132743 |    338550470 |    293695659 |    289495415 |    285297291 |    289228550 |    294495777 |    302269839 |    520800641 |    525318488 |    510456220 |    507630641 |    509061653 |    518448491 |
|  MEM_LOAD_UOPS_RETIRED_L3_ALL  |   PMC2  |    242562735 |    293192187 |    337900709 |    394694273 |    461534460 |    526232480 |    422375704 |    427451663 |    426504244 |    412475919 |    424802841 |    415079900 |    710249135 |    785743126 |    853439395 |    863096615 |    993118328 |   1043945122 |    418047325 |    425866697 |    401867924 |    418918187 |    411976221 |    411284598 |
|  MEM_LOAD_UOPS_RETIRED_L3_MISS |   PMC3  |     94942105 |    107217746 |     97399680 |     94684191 |    119299665 |    129281470 |    253093343 |    256176777 |    257309530 |    247236063 |    255169466 |    248828849 |    218616927 |    228330328 |    236790551 |    214752613 |    333088821 |    403995427 |    243883073 |    249114487 |    234286866 |    245023360 |    240521603 |    240579735 |
|      L2_TRANS_ALL_REQUESTS     |   PMC4  |  27706516560 |  27723834764 |  26739438549 |  26759818296 |  26978645627 |  26846017220 |   8309185029 |   8093166993 |   8150422853 |   7928064285 |   8156551549 |   7946053842 |  24048573975 |  24031436563 |  23891373237 |  23906653169 |  24111396207 |  24049627804 |   7862708799 |   8013552042 |   7623879226 |   7982326567 |   7847817226 |   7809453546 |
|          L2_RQSTS_MISS         |   PMC5  |   6887414185 |   6868722484 |   6742920184 |   6755776108 |   6707118179 |   6716232409 |   2386834732 |   2365092644 |   2362621122 |   2286182008 |   2354135512 |   2300171630 |   5848914789 |   5833510133 |   5788888695 |   5795117019 |   5750544345 |   5757399795 |   2300405071 |   2344539297 |   2210814389 |   2305955567 |   2266297703 |   2264417317 |
|        UOPS_RETIRED_ALL        |   PMC6  | 382230547511 | 380845781412 | 371133252387 | 369376810813 | 367929340966 | 367624469094 | 375924981147 | 367025119932 | 366239901217 | 354595475187 | 365191507445 | 356635674801 | 315998458714 | 315390261540 | 313992591631 | 312435397937 | 311282230095 | 309626612918 | 356941593825 | 363519664440 | 342543323036 | 357624911560 | 351527178946 | 351008670260 |
|            TEMP_CORE           |   TMP0  |           42 |           40 |           44 |           42 |           43 |           41 |           43 |           44 |           44 |           43 |           43 |           41 |           42 |           43 |           42 |           44 |           44 |           42 |           45 |           45 |           43 |           46 |           45 |           43 |
|         PWR_PKG_ENERGY         |   PWR0  |    6237.8497 |            0 |            0 |            0 |            0 |            0 |            0 |            0 |            0 |            0 |            0 |            0 |    5996.3311 |            0 |            0 |            0 |            0 |            0 |            0 |            0 |            0 |            0 |            0 |            0 |
|         PWR_PP0_ENERGY         |   PWR1  |            0 |            0 |            0 |            0 |            0 |            0 |            0 |            0 |            0 |            0 |            0 |            0 |            0 |            0 |            0 |            0 |            0 |            0 |            0 |            0 |            0 |            0 |            0 |            0 |
|         PWR_DRAM_ENERGY        |   PWR3  |    1054.0953 |            0 |            0 |            0 |            0 |            0 |            0 |            0 |            0 |            0 |            0 |            0 |     879.8515 |            0 |            0 |            0 |            0 |            0 |            0 |            0 |            0 |            0 |            0 |            0 |
|          CAS_COUNT_RD          | MBOX0C0 |   4479441047 |            0 |            0 |            0 |            0 |            0 |            0 |            0 |            0 |            0 |            0 |            0 |   2252448965 |            0 |            0 |            0 |            0 |            0 |            0 |            0 |            0 |            0 |            0 |            0 |
|          CAS_COUNT_WR          | MBOX0C1 |   1596682284 |            0 |            0 |            0 |            0 |            0 |            0 |            0 |            0 |            0 |            0 |            0 |    680573421 |            0 |            0 |            0 |            0 |            0 |            0 |            0 |            0 |            0 |            0 |            0 |
|          CAS_COUNT_RD          | MBOX1C0 |   4482239817 |            0 |            0 |            0 |            0 |            0 |            0 |            0 |            0 |            0 |            0 |            0 |   2248742876 |            0 |            0 |            0 |            0 |            0 |            0 |            0 |            0 |            0 |            0 |            0 |
|          CAS_COUNT_WR          | MBOX1C1 |   1594260454 |            0 |            0 |            0 |            0 |            0 |            0 |            0 |            0 |            0 |            0 |            0 |    676512171 |            0 |            0 |            0 |            0 |            0 |            0 |            0 |            0 |            0 |            0 |            0 |
|          CAS_COUNT_RD          | MBOX2C0 |            0 |            0 |            0 |            0 |            0 |            0 |            0 |            0 |            0 |            0 |            0 |            0 |            0 |            0 |            0 |            0 |            0 |            0 |            0 |            0 |            0 |            0 |            0 |            0 |
|          CAS_COUNT_WR          | MBOX2C1 |            0 |            0 |            0 |            0 |            0 |            0 |            0 |            0 |            0 |            0 |            0 |            0 |            0 |            0 |            0 |            0 |            0 |            0 |            0 |            0 |            0 |            0 |            0 |            0 |
|          CAS_COUNT_RD          | MBOX3C0 |            0 |            0 |            0 |            0 |            0 |            0 |            0 |            0 |            0 |            0 |            0 |            0 |            0 |            0 |            0 |            0 |            0 |            0 |            0 |            0 |            0 |            0 |            0 |            0 |
|          CAS_COUNT_WR          | MBOX3C1 |            0 |            0 |            0 |            0 |            0 |            0 |            0 |            0 |            0 |            0 |            0 |            0 |            0 |            0 |            0 |            0 |            0 |            0 |            0 |            0 |            0 |            0 |            0 |            0 |
|          CAS_COUNT_RD          | MBOX4C0 |   4481451372 |            0 |            0 |            0 |            0 |            0 |            0 |            0 |            0 |            0 |            0 |            0 |   2251923882 |            0 |            0 |            0 |            0 |            0 |            0 |            0 |            0 |            0 |            0 |            0 |
|          CAS_COUNT_WR          | MBOX4C1 |   1597899568 |            0 |            0 |            0 |            0 |            0 |            0 |            0 |            0 |            0 |            0 |            0 |    680624987 |            0 |            0 |            0 |            0 |            0 |            0 |            0 |            0 |            0 |            0 |            0 |
|          CAS_COUNT_RD          | MBOX5C0 |   4477098855 |            0 |            0 |            0 |            0 |            0 |            0 |            0 |            0 |            0 |            0 |            0 |   2247771165 |            0 |            0 |            0 |            0 |            0 |            0 |            0 |            0 |            0 |            0 |            0 |
|          CAS_COUNT_WR          | MBOX5C1 |   1594325399 |            0 |            0 |            0 |            0 |            0 |            0 |            0 |            0 |            0 |            0 |            0 |    676584119 |            0 |            0 |            0 |            0 |            0 |            0 |            0 |            0 |            0 |            0 |            0 |
|          CAS_COUNT_RD          | MBOX6C0 |            0 |            0 |            0 |            0 |            0 |            0 |            0 |            0 |            0 |            0 |            0 |            0 |            0 |            0 |            0 |            0 |            0 |            0 |            0 |            0 |            0 |            0 |            0 |            0 |
|          CAS_COUNT_WR          | MBOX6C1 |            0 |            0 |            0 |            0 |            0 |            0 |            0 |            0 |            0 |            0 |            0 |            0 |            0 |            0 |            0 |            0 |            0 |            0 |            0 |            0 |            0 |            0 |            0 |            0 |
|          CAS_COUNT_RD          | MBOX7C0 |            0 |            0 |            0 |            0 |            0 |            0 |            0 |            0 |            0 |            0 |            0 |            0 |            0 |            0 |            0 |            0 |            0 |            0 |            0 |            0 |            0 |            0 |            0 |            0 |
|          CAS_COUNT_WR          | MBOX7C1 |            0 |            0 |            0 |            0 |            0 |            0 |            0 |            0 |            0 |            0 |            0 |            0 |            0 |            0 |            0 |            0 |            0 |            0 |            0 |            0 |            0 |            0 |            0 |            0 |
+--------------------------------+---------+--------------+--------------+--------------+--------------+--------------+--------------+--------------+--------------+--------------+--------------+--------------+--------------+--------------+--------------+--------------+--------------+--------------+--------------+--------------+--------------+--------------+--------------+--------------+--------------+
+-------------------------------------+---------+---------------+--------------+--------------+--------------+
|                Event                | Counter |      Sum      |      Min     |      Max     |      Avg     |
+-------------------------------------+---------+---------------+--------------+--------------+--------------+
|        INSTR_RETIRED_ANY STAT       |  FIXC0  | 7276598688875 | 249785837472 | 344605761163 | 3.031916e+11 |
|      CPU_CLK_UNHALTED_CORE STAT     |  FIXC1  | 4365560798396 | 167996437183 | 188690577353 | 1.818984e+11 |
|      CPU_CLK_UNHALTED_REF STAT      |  FIXC2  | 4368796850818 | 168375977916 | 188803230024 | 1.820332e+11 |
|           FIXC1/FIXC0 STAT          |   CPI   |             0 |            0 |            0 |            0 |
|  OFFCORE_RESPONSE_0_LOCAL_DRAM STAT |   PMC0  |   11317711248 |     72457734 |    855008033 |    471571302 |
| OFFCORE_RESPONSE_1_REMOTE_DRAM STAT |   PMC1  |    7330410652 |     64244722 |    525318488 | 3.054338e+08 |
|  MEM_LOAD_UOPS_RETIRED_L3_ALL STAT  |   PMC2  |   12522359788 |    242562735 |   1043945122 | 5.217650e+08 |
|  MEM_LOAD_UOPS_RETIRED_L3_MISS STAT |   PMC3  |    5249622676 |     94684191 |    403995427 | 2.187343e+08 |
|      L2_TRANS_ALL_REQUESTS STAT     |   PMC4  |  402516513928 |   7623879226 |  27723834764 | 1.677152e+10 |
|          L2_RQSTS_MISS STAT         |   PMC5  |  103200025317 |   2210814389 |   6887414185 | 4.300001e+09 |
|        UOPS_RETIRED_ALL STAT        |   PMC6  | 8426643756814 | 309626612918 | 382230547511 | 3.511102e+11 |
|            TEMP_CORE STAT           |   TMP0  |          1034 |           40 |           46 |      43.0833 |
|         PWR_PKG_ENERGY STAT         |   PWR0  |    12234.1808 |            0 |    6237.8497 |     509.7575 |
|         PWR_PP0_ENERGY STAT         |   PWR1  |             0 |            0 |            0 |            0 |
|         PWR_DRAM_ENERGY STAT        |   PWR3  |     1933.9468 |            0 |    1054.0953 |      80.5811 |
|          CAS_COUNT_RD STAT          | MBOX0C0 |    6731890012 |            0 |   4479441047 | 2.804954e+08 |
|          CAS_COUNT_WR STAT          | MBOX0C1 |    2277255705 |            0 |   1596682284 | 9.488565e+07 |
|          CAS_COUNT_RD STAT          | MBOX1C0 |    6730982693 |            0 |   4482239817 | 2.804576e+08 |
|          CAS_COUNT_WR STAT          | MBOX1C1 |    2270772625 |            0 |   1594260454 | 9.461553e+07 |
|          CAS_COUNT_RD STAT          | MBOX2C0 |             0 |            0 |            0 |            0 |
|          CAS_COUNT_WR STAT          | MBOX2C1 |             0 |            0 |            0 |            0 |
|          CAS_COUNT_RD STAT          | MBOX3C0 |             0 |            0 |            0 |            0 |
|          CAS_COUNT_WR STAT          | MBOX3C1 |             0 |            0 |            0 |            0 |
|          CAS_COUNT_RD STAT          | MBOX4C0 |    6733375254 |            0 |   4481451372 | 2.805573e+08 |
|          CAS_COUNT_WR STAT          | MBOX4C1 |    2278524555 |            0 |   1597899568 | 9.493852e+07 |
|          CAS_COUNT_RD STAT          | MBOX5C0 |    6724870020 |            0 |   4477098855 | 2.802029e+08 |
|          CAS_COUNT_WR STAT          | MBOX5C1 |    2270909518 |            0 |   1594325399 | 9.462123e+07 |
|          CAS_COUNT_RD STAT          | MBOX6C0 |             0 |            0 |            0 |            0 |
|          CAS_COUNT_WR STAT          | MBOX6C1 |             0 |            0 |            0 |            0 |
|          CAS_COUNT_RD STAT          | MBOX7C0 |             0 |            0 |            0 |            0 |
|          CAS_COUNT_WR STAT          | MBOX7C1 |             0 |            0 |            0 |            0 |
+-------------------------------------+---------+---------------+--------------+--------------+--------------+
+-----------------------------------+------------+-----------+-----------+-----------+-----------+-----------+-----------+-----------+-----------+-----------+-----------+-----------+-----------+-----------+-----------+-----------+-----------+-----------+-----------+-----------+-----------+-----------+-----------+-----------+
|               Metric              |   Core 0   |   Core 1  |   Core 2  |   Core 3  |   Core 4  |   Core 5  |   Core 6  |   Core 7  |   Core 8  |   Core 9  |  Core 10  |  Core 11  |  Core 12  |  Core 13  |  Core 14  |  Core 15  |  Core 16  |  Core 17  |  Core 18  |  Core 19  |  Core 20  |  Core 21  |  Core 22  |  Core 23  |
+-----------------------------------+------------+-----------+-----------+-----------+-----------+-----------+-----------+-----------+-----------+-----------+-----------+-----------+-----------+-----------+-----------+-----------+-----------+-----------+-----------+-----------+-----------+-----------+-----------+-----------+
|        Runtime (RDTSC) [s]        |    83.1405 |   83.1405 |   83.1405 |   83.1405 |   83.1405 |   83.1405 |   83.1405 |   83.1405 |   83.1405 |   83.1405 |   83.1405 |   83.1405 |   83.1405 |   83.1405 |   83.1405 |   83.1405 |   83.1405 |   83.1405 |   83.1405 |   83.1405 |   83.1405 |   83.1405 |   83.1405 |   83.1405 |
|        Runtime unhalted [s]       |    81.9820 |   81.9787 |   82.0090 |   81.9983 |   82.0130 |   82.0044 |   76.1621 |   75.2775 |   75.5940 |   73.0453 |   75.3552 |   73.5574 |   82.0082 |   82.0271 |   82.0400 |   82.0268 |   82.0432 |   82.0074 |   77.8283 |   79.1334 |   75.4001 |   78.2958 |   77.1747 |   77.1950 |
|            Clock [MHz]            |  2298.7113 | 2298.4849 | 2298.7501 | 2298.7565 | 2298.7574 | 2298.7477 | 2297.1874 | 2295.6461 | 2295.8063 | 2294.7101 | 2296.0481 | 2295.1302 | 2298.7380 | 2298.7321 | 2298.4345 | 2298.7386 | 2298.7287 | 2298.7378 | 2299.5927 | 2299.3882 | 2299.2824 | 2299.4585 | 2299.5846 | 2299.5298 |
|                CPI                |     0.6176 |    0.6191 |    0.6384 |    0.6403 |    0.6420 |    0.6424 |    0.5083 |    0.5105 |    0.5135 |    0.5126 |    0.5135 |    0.5133 |    0.7445 |    0.7457 |    0.7485 |    0.7508 |    0.7528 |    0.7551 |    0.5426 |    0.5416 |    0.5478 |    0.5447 |    0.5464 |    0.5474 |
|   Local DRAM data volume [GByte]  |    26.1984 |   23.9723 |   23.1658 |   23.2039 |   23.0525 |   23.8334 |   54.7205 |   53.8037 |   53.7074 |   52.6792 |   53.5360 |   52.2915 |    4.7550 |    4.8192 |    4.8014 |    4.6373 |    4.7311 |    4.9297 |   38.8632 |   40.3643 |   36.2247 |   39.9756 |   38.3024 |   37.7652 |
|   Local DRAM bandwidth [MByte/s]  |   315.1095 |  288.3353 |  278.6344 |  279.0932 |  277.2717 |  286.6638 |  658.1693 |  647.1421 |  645.9842 |  633.6168 |  643.9218 |  628.9530 |   57.1918 |   57.9649 |   57.7509 |   55.7766 |   56.9045 |   59.2936 |  467.4396 |  485.4952 |  435.7041 |  480.8194 |  460.6949 |  454.2331 |
|  Remote DRAM data volume [GByte]  |     5.3524 |    4.1548 |    4.1117 |    4.1823 |    4.8353 |    5.3316 |   21.5675 |   22.2781 |   22.3131 |   20.9790 |   22.2165 |   21.6672 |   18.7965 |   18.5277 |   18.2590 |   18.5106 |   18.8477 |   19.3453 |   33.3312 |   33.6204 |   32.6692 |   32.4884 |   32.5799 |   33.1807 |
|  Remote DRAM bandwidth [MByte/s]  |    64.3781 |   49.9732 |   49.4544 |   50.3045 |   58.1584 |   64.1276 |  259.4101 |  267.9574 |  268.3780 |  252.3323 |  267.2163 |  260.6099 |  226.0815 |  222.8482 |  219.6166 |  222.6428 |  226.6974 |  232.6817 |  400.9027 |  404.3804 |  392.9397 |  390.7646 |  391.8662 |  399.0920 |
|     Memory data volume [GByte]    |    31.5508 |   28.1271 |   27.2775 |   27.3863 |   27.8878 |   29.1650 |   76.2880 |   76.0818 |   76.0205 |   73.6582 |   75.7525 |   73.9587 |   23.5515 |   23.3469 |   23.0605 |   23.1479 |   23.5788 |   24.2750 |   72.1944 |   73.9847 |   68.8938 |   72.4639 |   70.8823 |   70.9459 |
|     Memory bandwidth [MByte/s]    |   379.4876 |  338.3085 |  328.0888 |  329.3977 |  335.4302 |  350.7914 |  917.5794 |  915.0995 |  914.3623 |  885.9491 |  911.1381 |  889.5628 |  283.2732 |  280.8131 |  277.3675 |  278.4194 |  283.6019 |  291.9753 |  868.3423 |  889.8756 |  828.6438 |  871.5840 |  852.5611 |  853.3251 |
|          L3 request rate          |     2.5548 |    2.7345 |    3.4692 |    4.1685 |    3.8687 |    4.0704 |    1.6689 |    1.6686 |    1.6576 |    1.6683 |    1.6648 |    1.6681 |    3.2488 |    3.4413 |    3.6042 |    4.0190 |    2.9815 |    2.5841 |    1.7141 |    1.7095 |    1.7153 |    1.7097 |    1.7128 |    1.7096 |
|            L3 miss rate           |     0.3448 |    0.2214 |    0.1901 |    0.1656 |    0.1637 |    0.1583 |    0.7978 |    0.8144 |    0.8174 |    0.7947 |    0.8172 |    0.8156 |    0.4135 |    0.3684 |    0.3343 |    0.3351 |    0.2965 |    0.2895 |    1.2458 |    1.2335 |    1.2702 |    1.2118 |    1.2357 |    1.2606 |
|           L3 miss ratio           |     0.2043 |    0.1733 |    0.1775 |    0.1802 |    0.2098 |    0.2237 |    0.3941 |    0.4141 |    0.4155 |    0.3982 |    0.4150 |    0.4144 |    3.9530 |    3.8445 |    3.8028 |    3.9917 |    3.9838 |    3.9242 |    0.8577 |    0.8329 |    0.9018 |    0.8127 |    0.8506 |    0.8786 |
|          L2 request rate          |     0.0908 |    0.0910 |    0.0905 |    0.0909 |    0.0918 |    0.0914 |    0.0241 |    0.0239 |    0.0241 |    0.0242 |    0.0242 |    0.0241 |    0.0949 |    0.0950 |    0.0948 |    0.0951 |    0.0962 |    0.0963 |    0.0238 |    0.0238 |    0.0241 |    0.0241 |    0.0242 |    0.0241 |
|            L2 miss rate           |     0.0226 |    0.0226 |    0.0228 |    0.0229 |    0.0228 |    0.0229 |    0.0069 |    0.0070 |    0.0070 |    0.0070 |    0.0070 |    0.0070 |    0.0231 |    0.0231 |    0.0230 |    0.0231 |    0.0229 |    0.0230 |    0.0070 |    0.0070 |    0.0070 |    0.0070 |    0.0070 |    0.0070 |
|           L2 miss ratio           |     0.2486 |    0.2478 |    0.2522 |    0.2525 |    0.2486 |    0.2502 |    0.2873 |    0.2922 |    0.2899 |    0.2884 |    0.2886 |    0.2895 |    0.2432 |    0.2427 |    0.2423 |    0.2424 |    0.2385 |    0.2394 |    0.2926 |    0.2926 |    0.2900 |    0.2889 |    0.2888 |    0.2900 |
|  Memory read bandwidth [MBytes/s] | 13794.6610 |         0 |         0 |         0 |         0 |         0 |         0 |         0 |         0 |         0 |         0 |         0 | 6928.7155 |         0 |         0 |         0 |         0 |         0 |         0 |         0 |         0 |         0 |         0 |         0 |
|  Memory read data volume [GBytes] |  1146.8948 |         0 |         0 |         0 |         0 |         0 |         0 |         0 |         0 |         0 |         0 |         0 |  576.0568 |         0 |         0 |         0 |         0 |         0 |         0 |         0 |         0 |         0 |         0 |         0 |
| Memory write bandwidth [MBytes/s] |  4913.6439 |         0 |         0 |         0 |         0 |         0 |         0 |         0 |         0 |         0 |         0 |         0 | 2089.4136 |         0 |         0 |         0 |         0 |         0 |         0 |         0 |         0 |         0 |         0 |         0 |
| Memory write data volume [GBytes] |   408.5227 |         0 |         0 |         0 |         0 |         0 |         0 |         0 |         0 |         0 |         0 |         0 |  173.7149 |         0 |         0 |         0 |         0 |         0 |         0 |         0 |         0 |         0 |         0 |         0 |
|    Memory bandwidth [MBytes/s]    | 18708.3049 |         0 |         0 |         0 |         0 |         0 |         0 |         0 |         0 |         0 |         0 |         0 | 9018.1291 |         0 |         0 |         0 |         0 |         0 |         0 |         0 |         0 |         0 |         0 |         0 |
|    Memory data volume [GBytes]    |  1555.4175 |         0 |         0 |         0 |         0 |         0 |         0 |         0 |         0 |         0 |         0 |         0 |  749.7716 |         0 |         0 |         0 |         0 |         0 |         0 |         0 |         0 |         0 |         0 |         0 |
|          Temperature [C]          |         42 |        40 |        44 |        42 |        43 |        41 |        43 |        44 |        44 |        43 |        43 |        41 |        42 |        43 |        42 |        44 |        44 |        42 |        45 |        45 |        43 |        46 |        45 |        43 |
|             Energy [J]            |  6237.8497 |         0 |         0 |         0 |         0 |         0 |         0 |         0 |         0 |         0 |         0 |         0 | 5996.3311 |         0 |         0 |         0 |         0 |         0 |         0 |         0 |         0 |         0 |         0 |         0 |
|             Power [W]             |    75.0278 |         0 |         0 |         0 |         0 |         0 |         0 |         0 |         0 |         0 |         0 |         0 |   72.1229 |         0 |         0 |         0 |         0 |         0 |         0 |         0 |         0 |         0 |         0 |         0 |
|           Energy PP0 [J]          |          0 |         0 |         0 |         0 |         0 |         0 |         0 |         0 |         0 |         0 |         0 |         0 |         0 |         0 |         0 |         0 |         0 |         0 |         0 |         0 |         0 |         0 |         0 |         0 |
|           Power PP0 [W]           |          0 |         0 |         0 |         0 |         0 |         0 |         0 |         0 |         0 |         0 |         0 |         0 |         0 |         0 |         0 |         0 |         0 |         0 |         0 |         0 |         0 |         0 |         0 |         0 |
|          Energy DRAM [J]          |  1054.0953 |         0 |         0 |         0 |         0 |         0 |         0 |         0 |         0 |         0 |         0 |         0 |  879.8515 |         0 |         0 |         0 |         0 |         0 |         0 |         0 |         0 |         0 |         0 |         0 |
|           Power DRAM [W]          |    12.6785 |         0 |         0 |         0 |         0 |         0 |         0 |         0 |         0 |         0 |         0 |         0 |   10.5827 |         0 |         0 |         0 |         0 |         0 |         0 |         0 |         0 |         0 |         0 |         0 |
+-----------------------------------+------------+-----------+-----------+-----------+-----------+-----------+-----------+-----------+-----------+-----------+-----------+-----------+-----------+-----------+-----------+-----------+-----------+-----------+-----------+-----------+-----------+-----------+-----------+-----------+
+----------------------------------------+------------+-----------+------------+-----------+
|                 Metric                 |     Sum    |    Min    |     Max    |    Avg    |
+----------------------------------------+------------+-----------+------------+-----------+
|        Runtime (RDTSC) [s] STAT        |  1995.3720 |   83.1405 |    83.1405 |   83.1405 |
|        Runtime unhalted [s] STAT       |  1898.1569 |   73.0453 |    82.0432 |   79.0899 |
|            Clock [MHz] STAT            | 55155.6820 | 2294.7101 |  2299.5927 | 2298.1534 |
|                CPI STAT                |    14.6394 |    0.5083 |     0.7551 |    0.6100 |
|   Local DRAM data volume [GByte] STAT  |   724.3337 |    4.6373 |    54.7205 |   30.1806 |
|   Local DRAM bandwidth [MByte/s] STAT  |  8712.1637 |   55.7766 |   658.1693 |  363.0068 |
|  Remote DRAM data volume [GByte] STAT  |   469.1461 |    4.1117 |    33.6204 |   19.5478 |
|  Remote DRAM bandwidth [MByte/s] STAT  |  5642.8140 |   49.4544 |   404.3804 |  235.1172 |
|     Memory data volume [GByte] STAT    |  1193.4798 |   23.0605 |    76.2880 |   49.7283 |
|     Memory bandwidth [MByte/s] STAT    | 14354.9777 |  277.3675 |   917.5794 |  598.1241 |
|          L3 request rate STAT          |    61.0123 |    1.6576 |     4.1685 |    2.5422 |
|            L3 miss rate STAT           |    15.5959 |    0.1583 |     1.2702 |    0.6498 |
|           L3 miss ratio STAT           |    32.2544 |    0.1733 |     3.9917 |    1.3439 |
|          L2 request rate STAT          |     1.4074 |    0.0238 |     0.0963 |    0.0586 |
|            L2 miss rate STAT           |     0.3587 |    0.0069 |     0.0231 |    0.0149 |
|           L2 miss ratio STAT           |     6.4272 |    0.2385 |     0.2926 |    0.2678 |
|  Memory read bandwidth [MBytes/s] STAT | 20723.3765 |         0 | 13794.6610 |  863.4740 |
|  Memory read data volume [GBytes] STAT |  1722.9516 |         0 |  1146.8948 |   71.7896 |
| Memory write bandwidth [MBytes/s] STAT |  7003.0575 |         0 |  4913.6439 |  291.7941 |
| Memory write data volume [GBytes] STAT |   582.2376 |         0 |   408.5227 |   24.2599 |
|    Memory bandwidth [MBytes/s] STAT    | 27726.4340 |         0 | 18708.3049 | 1155.2681 |
|    Memory data volume [GBytes] STAT    |  2305.1891 |         0 |  1555.4175 |   96.0495 |
|          Temperature [C] STAT          |       1034 |        40 |         46 |   43.0833 |
|             Energy [J] STAT            | 12234.1808 |         0 |  6237.8497 |  509.7575 |
|             Power [W] STAT             |   147.1507 |         0 |    75.0278 |    6.1313 |
|           Energy PP0 [J] STAT          |          0 |         0 |          0 |         0 |
|           Power PP0 [W] STAT           |          0 |         0 |          0 |         0 |
|          Energy DRAM [J] STAT          |  1933.9468 |         0 |  1054.0953 |   80.5811 |
|           Power DRAM [W] STAT          |    23.2612 |         0 |    12.6785 |    0.9692 |
+----------------------------------------+------------+-----------+------------+-----------+
