--------------------------------------------------------------------------------
CPU name:	Intel(R) Xeon(R) CPU E5-2670 v3 @ 2.30GHz
CPU type:	Intel Xeon Haswell EN/EP/EX processor
CPU clock:	2.30 GHz
--------------------------------------------------------------------------------
Group 1: POWERPERF
+--------------------------------+---------+--------------+--------------+--------------+--------------+--------------+--------------+--------------+--------------+--------------+--------------+--------------+--------------+--------------+--------------+--------------+--------------+--------------+--------------+--------------+--------------+--------------+--------------+--------------+--------------+
|              Event             | Counter |    Core 0    |    Core 1    |    Core 2    |    Core 3    |    Core 4    |    Core 5    |    Core 6    |    Core 7    |    Core 8    |    Core 9    |    Core 10   |    Core 11   |    Core 12   |    Core 13   |    Core 14   |    Core 15   |    Core 16   |    Core 17   |    Core 18   |    Core 19   |    Core 20   |    Core 21   |    Core 22   |    Core 23   |
+--------------------------------+---------+--------------+--------------+--------------+--------------+--------------+--------------+--------------+--------------+--------------+--------------+--------------+--------------+--------------+--------------+--------------+--------------+--------------+--------------+--------------+--------------+--------------+--------------+--------------+--------------+
|        INSTR_RETIRED_ANY       |  FIXC0  | 304710615058 | 303927833009 | 294881215951 | 293975818070 | 293104876534 | 292854341519 | 365962918184 | 365992049791 | 365722244774 | 365882854045 | 365920093593 | 365777946600 | 253979157845 | 253581159691 | 252609066201 | 251870380309 | 251244700553 | 250407982316 | 365992823427 | 365956687470 | 357448520276 | 357493618325 | 357452279864 | 357429431614 |
|      CPU_CLK_UNHALTED_CORE     |  FIXC1  | 189409424237 | 189379926420 | 189366130033 | 189399775249 | 189444422496 | 189435928918 | 182860471940 | 183057129764 | 186942465569 | 185654980838 | 185085968991 | 186809554983 | 189497088019 | 189473537299 | 189488390599 | 189499001918 | 189540151863 | 189438525218 | 183094696308 | 182344401676 | 183055940670 | 180982832142 | 182017943806 | 183999345673 |
|      CPU_CLK_UNHALTED_REF      |  FIXC2  | 189490464596 | 189505046872 | 189480973508 | 189495589962 | 189540107175 | 189531830441 | 182886026257 | 183078023679 | 186965413368 | 185676671963 | 185117556913 | 186827362607 | 189593888765 | 189588728646 | 189584260114 | 189595162022 | 189635830875 | 189534993217 | 183123442032 | 182373200984 | 183077906103 | 181007294165 | 182046877467 | 184020190067 |
|           FIXC1/FIXC0          |   CPI   |            0 |            0 |            0 |            0 |            0 |            0 |            0 |            0 |            0 |            0 |            0 |            0 |            0 |            0 |            0 |            0 |            0 |            0 |            0 |            0 |            0 |            0 |            0 |            0 |
|  OFFCORE_RESPONSE_0_LOCAL_DRAM |   PMC0  |    386378009 |    354852264 |    344754609 |    346913892 |    338815302 |    353595835 |    693466654 |    709495372 |    701454440 |    706152059 |    697252684 |    693312377 |    104183436 |    102742521 |    101615527 |     91608054 |     90787096 |     93390493 |    705242491 |    710095026 |    684153447 |    677680050 |    684131635 |    678747474 |
| OFFCORE_RESPONSE_1_REMOTE_DRAM |   PMC1  |    104565002 |     84420322 |     83384927 |     84789379 |     98752486 |    112676702 |    111728489 |     95506035 |     84944582 |     83793056 |     84677086 |     90352396 |    284803192 |    281874443 |    279257332 |    289450066 |    294296672 |    302601353 |    113067902 |    106029876 |    103149617 |     94366308 |    102614723 |    109921385 |
|  MEM_LOAD_UOPS_RETIRED_L3_ALL  |   PMC2  |    242614949 |    295621863 |    340697574 |    396065882 |    455894440 |    519565752 |    813687751 |    792070067 |    815438135 |    800219522 |    803264254 |    807518911 |    767709485 |    839576885 |    898232193 |    924790985 |   1053795231 |   1094342664 |    799162519 |    793244179 |    795437316 |    798039717 |    785073537 |    787135714 |
|  MEM_LOAD_UOPS_RETIRED_L3_MISS |   PMC3  |    101331099 |    121015951 |    106481160 |    101393523 |    123468760 |    116995318 |    158379262 |    158516384 |    156962528 |    152681441 |    155136742 |    150812148 |    240256094 |    232113908 |    224184857 |    224826006 |    366663613 |    435633565 |    158785782 |    154592725 |    153713354 |    151465454 |    153881533 |    148141291 |
|      L2_TRANS_ALL_REQUESTS     |   PMC4  |  27727350382 |  27771210143 |  26775349302 |  26799458259 |  26778268479 |  26636865392 |  62310936713 |  61790376411 |  62209428564 |  61645446155 |  61649033689 |  61974383020 |  23944171221 |  23931528280 |  23768346032 |  23803441594 |  23743066496 |  23669732604 |  62019850945 |  61581511575 |  60717737965 |  60929151851 |  60770362387 |  60601191989 |
|          L2_RQSTS_MISS         |   PMC5  |   6815296833 |   6809469029 |   6681124825 |   6699437061 |   6668154560 |   6667879779 |  15956512875 |  15727042521 |  16076111731 |  15858992350 |  15772377370 |  16178105880 |   5789115421 |   5778172763 |   5732133128 |   5742874612 |   5706114679 |   5709491138 |  15728265849 |  15755033087 |  15638322330 |  15819336659 |  15629905510 |  15767294553 |
|        UOPS_RETIRED_ALL        |   PMC6  | 381087256928 | 379656047464 | 370001993956 | 368228365866 | 366562626232 | 366124704203 | 409146447517 | 409191747175 | 408661299389 | 409000234390 | 409067539835 | 408759183024 | 317346708879 | 316635442069 | 315134247111 | 313692744583 | 312514188143 | 310898758685 | 409169175569 | 409141596625 | 399637450914 | 399706721599 | 399639143181 | 399611694914 |
|            TEMP_CORE           |   TMP0  |           43 |           43 |           43 |           44 |           47 |           43 |           46 |           47 |           45 |           45 |           44 |           42 |           44 |           44 |           48 |           48 |           46 |           45 |           48 |           48 |           45 |           48 |           46 |           45 |
|         PWR_PKG_ENERGY         |   PWR0  |    7467.2437 |            0 |            0 |            0 |            0 |            0 |            0 |            0 |            0 |            0 |            0 |            0 |    7030.6843 |            0 |            0 |            0 |            0 |            0 |            0 |            0 |            0 |            0 |            0 |            0 |
|         PWR_PP0_ENERGY         |   PWR1  |            0 |            0 |            0 |            0 |            0 |            0 |            0 |            0 |            0 |            0 |            0 |            0 |            0 |            0 |            0 |            0 |            0 |            0 |            0 |            0 |            0 |            0 |            0 |            0 |
|         PWR_DRAM_ENERGY        |   PWR3  |    1019.2662 |            0 |            0 |            0 |            0 |            0 |            0 |            0 |            0 |            0 |            0 |            0 |     929.0130 |            0 |            0 |            0 |            0 |            0 |            0 |            0 |            0 |            0 |            0 |            0 |
|          CAS_COUNT_RD          | MBOX0C0 |   3567448018 |            0 |            0 |            0 |            0 |            0 |            0 |            0 |            0 |            0 |            0 |            0 |   2217505101 |            0 |            0 |            0 |            0 |            0 |            0 |            0 |            0 |            0 |            0 |            0 |
|          CAS_COUNT_WR          | MBOX0C1 |   2284102544 |            0 |            0 |            0 |            0 |            0 |            0 |            0 |            0 |            0 |            0 |            0 |   1675352113 |            0 |            0 |            0 |            0 |            0 |            0 |            0 |            0 |            0 |            0 |            0 |
|          CAS_COUNT_RD          | MBOX1C0 |   3572996383 |            0 |            0 |            0 |            0 |            0 |            0 |            0 |            0 |            0 |            0 |            0 |   2222744659 |            0 |            0 |            0 |            0 |            0 |            0 |            0 |            0 |            0 |            0 |            0 |
|          CAS_COUNT_WR          | MBOX1C1 |   2288952278 |            0 |            0 |            0 |            0 |            0 |            0 |            0 |            0 |            0 |            0 |            0 |   1679503639 |            0 |            0 |            0 |            0 |            0 |            0 |            0 |            0 |            0 |            0 |            0 |
|          CAS_COUNT_RD          | MBOX2C0 |            0 |            0 |            0 |            0 |            0 |            0 |            0 |            0 |            0 |            0 |            0 |            0 |            0 |            0 |            0 |            0 |            0 |            0 |            0 |            0 |            0 |            0 |            0 |            0 |
|          CAS_COUNT_WR          | MBOX2C1 |            0 |            0 |            0 |            0 |            0 |            0 |            0 |            0 |            0 |            0 |            0 |            0 |            0 |            0 |            0 |            0 |            0 |            0 |            0 |            0 |            0 |            0 |            0 |            0 |
|          CAS_COUNT_RD          | MBOX3C0 |            0 |            0 |            0 |            0 |            0 |            0 |            0 |            0 |            0 |            0 |            0 |            0 |            0 |            0 |            0 |            0 |            0 |            0 |            0 |            0 |            0 |            0 |            0 |            0 |
|          CAS_COUNT_WR          | MBOX3C1 |            0 |            0 |            0 |            0 |            0 |            0 |            0 |            0 |            0 |            0 |            0 |            0 |            0 |            0 |            0 |            0 |            0 |            0 |            0 |            0 |            0 |            0 |            0 |            0 |
|          CAS_COUNT_RD          | MBOX4C0 |   3571152481 |            0 |            0 |            0 |            0 |            0 |            0 |            0 |            0 |            0 |            0 |            0 |   2222675480 |            0 |            0 |            0 |            0 |            0 |            0 |            0 |            0 |            0 |            0 |            0 |
|          CAS_COUNT_WR          | MBOX4C1 |   2285656851 |            0 |            0 |            0 |            0 |            0 |            0 |            0 |            0 |            0 |            0 |            0 |   1676667025 |            0 |            0 |            0 |            0 |            0 |            0 |            0 |            0 |            0 |            0 |            0 |
|          CAS_COUNT_RD          | MBOX5C0 |   3575750726 |            0 |            0 |            0 |            0 |            0 |            0 |            0 |            0 |            0 |            0 |            0 |   2222250163 |            0 |            0 |            0 |            0 |            0 |            0 |            0 |            0 |            0 |            0 |            0 |
|          CAS_COUNT_WR          | MBOX5C1 |   2290118408 |            0 |            0 |            0 |            0 |            0 |            0 |            0 |            0 |            0 |            0 |            0 |   1679749880 |            0 |            0 |            0 |            0 |            0 |            0 |            0 |            0 |            0 |            0 |            0 |
|          CAS_COUNT_RD          | MBOX6C0 |            0 |            0 |            0 |            0 |            0 |            0 |            0 |            0 |            0 |            0 |            0 |            0 |            0 |            0 |            0 |            0 |            0 |            0 |            0 |            0 |            0 |            0 |            0 |            0 |
|          CAS_COUNT_WR          | MBOX6C1 |            0 |            0 |            0 |            0 |            0 |            0 |            0 |            0 |            0 |            0 |            0 |            0 |            0 |            0 |            0 |            0 |            0 |            0 |            0 |            0 |            0 |            0 |            0 |            0 |
|          CAS_COUNT_RD          | MBOX7C0 |            0 |            0 |            0 |            0 |            0 |            0 |            0 |            0 |            0 |            0 |            0 |            0 |            0 |            0 |            0 |            0 |            0 |            0 |            0 |            0 |            0 |            0 |            0 |            0 |
|          CAS_COUNT_WR          | MBOX7C1 |            0 |            0 |            0 |            0 |            0 |            0 |            0 |            0 |            0 |            0 |            0 |            0 |            0 |            0 |            0 |            0 |            0 |            0 |            0 |            0 |            0 |            0 |            0 |            0 |
+--------------------------------+---------+--------------+--------------+--------------+--------------+--------------+--------------+--------------+--------------+--------------+--------------+--------------+--------------+--------------+--------------+--------------+--------------+--------------+--------------+--------------+--------------+--------------+--------------+--------------+--------------+
+-------------------------------------+---------+---------------+--------------+--------------+--------------+
|                Event                | Counter |      Sum      |      Min     |      Max     |      Avg     |
+-------------------------------------+---------+---------------+--------------+--------------+--------------+
|        INSTR_RETIRED_ANY STAT       |  FIXC0  | 7654178615019 | 250407982316 | 365992823427 | 3.189241e+11 |
|      CPU_CLK_UNHALTED_CORE STAT     |  FIXC1  | 4479278034629 | 180982832142 | 189540151863 | 1.866366e+11 |
|      CPU_CLK_UNHALTED_REF STAT      |  FIXC2  | 4480776841798 | 181007294165 | 189635830875 | 1.866990e+11 |
|           FIXC1/FIXC0 STAT          |   CPI   |             0 |            0 |            0 |            0 |
|  OFFCORE_RESPONSE_0_LOCAL_DRAM STAT |   PMC0  |   11050820747 |     90787096 |    710095026 | 4.604509e+08 |
| OFFCORE_RESPONSE_1_REMOTE_DRAM STAT |   PMC1  |    3481023331 |     83384927 |    302601353 | 1.450426e+08 |
|  MEM_LOAD_UOPS_RETIRED_L3_ALL STAT  |   PMC2  |   17419199525 |    242614949 |   1094342664 | 7.258000e+08 |
|  MEM_LOAD_UOPS_RETIRED_L3_MISS STAT |   PMC3  |    4247432498 |    101331099 |    435633565 | 1.769764e+08 |
|      L2_TRANS_ALL_REQUESTS STAT     |   PMC4  | 1043548199448 |  23669732604 |  62310936713 |  43481174977 |
|          L2_RQSTS_MISS STAT         |   PMC5  |  264706564543 |   5706114679 |  16178105880 | 1.102944e+10 |
|        UOPS_RETIRED_ALL STAT        |   PMC6  | 8988615318251 | 310898758685 | 409191747175 | 3.745256e+11 |
|            TEMP_CORE STAT           |   TMP0  |          1087 |           42 |           48 |      45.2917 |
|         PWR_PKG_ENERGY STAT         |   PWR0  |    14497.9280 |            0 |    7467.2437 |     604.0803 |
|         PWR_PP0_ENERGY STAT         |   PWR1  |             0 |            0 |            0 |            0 |
|         PWR_DRAM_ENERGY STAT        |   PWR3  |     1948.2792 |            0 |    1019.2662 |      81.1783 |
|          CAS_COUNT_RD STAT          | MBOX0C0 |    5784953119 |            0 |   3567448018 | 2.410397e+08 |
|          CAS_COUNT_WR STAT          | MBOX0C1 |    3959454657 |            0 |   2284102544 | 1.649773e+08 |
|          CAS_COUNT_RD STAT          | MBOX1C0 |    5795741042 |            0 |   3572996383 | 2.414892e+08 |
|          CAS_COUNT_WR STAT          | MBOX1C1 |    3968455917 |            0 |   2288952278 | 1.653523e+08 |
|          CAS_COUNT_RD STAT          | MBOX2C0 |             0 |            0 |            0 |            0 |
|          CAS_COUNT_WR STAT          | MBOX2C1 |             0 |            0 |            0 |            0 |
|          CAS_COUNT_RD STAT          | MBOX3C0 |             0 |            0 |            0 |            0 |
|          CAS_COUNT_WR STAT          | MBOX3C1 |             0 |            0 |            0 |            0 |
|          CAS_COUNT_RD STAT          | MBOX4C0 |    5793827961 |            0 |   3571152481 | 2.414095e+08 |
|          CAS_COUNT_WR STAT          | MBOX4C1 |    3962323876 |            0 |   2285656851 | 1.650968e+08 |
|          CAS_COUNT_RD STAT          | MBOX5C0 |    5798000889 |            0 |   3575750726 | 2.415834e+08 |
|          CAS_COUNT_WR STAT          | MBOX5C1 |    3969868288 |            0 |   2290118408 | 1.654112e+08 |
|          CAS_COUNT_RD STAT          | MBOX6C0 |             0 |            0 |            0 |            0 |
|          CAS_COUNT_WR STAT          | MBOX6C1 |             0 |            0 |            0 |            0 |
|          CAS_COUNT_RD STAT          | MBOX7C0 |             0 |            0 |            0 |            0 |
|          CAS_COUNT_WR STAT          | MBOX7C1 |             0 |            0 |            0 |            0 |
+-------------------------------------+---------+---------------+--------------+--------------+--------------+
+-----------------------------------+------------+-----------+-----------+-----------+-----------+-----------+-----------+-----------+-----------+-----------+-----------+-----------+------------+-----------+-----------+-----------+-----------+-----------+-----------+-----------+-----------+-----------+-----------+-----------+
|               Metric              |   Core 0   |   Core 1  |   Core 2  |   Core 3  |   Core 4  |   Core 5  |   Core 6  |   Core 7  |   Core 8  |   Core 9  |  Core 10  |  Core 11  |   Core 12  |  Core 13  |  Core 14  |  Core 15  |  Core 16  |  Core 17  |  Core 18  |  Core 19  |  Core 20  |  Core 21  |  Core 22  |  Core 23  |
+-----------------------------------+------------+-----------+-----------+-----------+-----------+-----------+-----------+-----------+-----------+-----------+-----------+-----------+------------+-----------+-----------+-----------+-----------+-----------+-----------+-----------+-----------+-----------+-----------+-----------+
|        Runtime (RDTSC) [s]        |    83.4990 |   83.4990 |   83.4990 |   83.4990 |   83.4990 |   83.4990 |   83.4990 |   83.4990 |   83.4990 |   83.4990 |   83.4990 |   83.4990 |    83.4990 |   83.4990 |   83.4990 |   83.4990 |   83.4990 |   83.4990 |   83.4990 |   83.4990 |   83.4990 |   83.4990 |   83.4990 |   83.4990 |
|        Runtime unhalted [s]       |    82.3526 |   82.3398 |   82.3338 |   82.3484 |   82.3678 |   82.3641 |   79.5052 |   79.5907 |   81.2800 |   80.7202 |   80.4728 |   81.2222 |    82.3907 |   82.3805 |   82.3870 |   82.3916 |   82.4095 |   82.3653 |   79.6071 |   79.2808 |   79.5902 |   78.6889 |   79.1389 |   80.0004 |
|            Clock [MHz]            |  2298.9970 | 2298.4620 | 2298.5866 | 2298.8177 | 2298.8195 | 2298.8168 | 2299.6592 | 2299.7181 | 2299.6983 | 2299.7119 | 2299.5881 | 2299.7614 |  2298.8063 | 2298.5832 | 2298.8175 | 2298.8141 | 2298.8202 | 2298.8100 | 2299.6196 | 2299.6174 | 2299.7047 | 2299.6698 | 2299.6151 | 2299.7201 |
|                CPI                |     0.6216 |    0.6231 |    0.6422 |    0.6443 |    0.6463 |    0.6469 |    0.4997 |    0.5002 |    0.5112 |    0.5074 |    0.5058 |    0.5107 |     0.7461 |    0.7472 |    0.7501 |    0.7524 |    0.7544 |    0.7565 |    0.5003 |    0.4983 |    0.5121 |    0.5063 |    0.5092 |    0.5148 |
|   Local DRAM data volume [GByte]  |    24.7282 |   22.7105 |   22.0643 |   22.2025 |   21.6842 |   22.6301 |   44.3819 |   45.4077 |   44.8931 |   45.1937 |   44.6242 |   44.3720 |     6.6677 |    6.5755 |    6.5034 |    5.8629 |    5.8104 |    5.9770 |   45.1355 |   45.4461 |   43.7858 |   43.3715 |   43.7844 |   43.4398 |
|   Local DRAM bandwidth [MByte/s]  |   296.1495 |  271.9858 |  264.2462 |  265.9012 |  259.6939 |  271.0228 |  531.5257 |  543.8113 |  537.6481 |  541.2487 |  534.4276 |  531.4074 |    79.8541 |   78.7497 |   77.8859 |   70.2154 |   69.5861 |   71.5816 |  540.5516 |  544.2709 |  524.3873 |  519.4256 |  524.3706 |  520.2438 |
|  Remote DRAM data volume [GByte]  |     6.6922 |    5.4029 |    5.3366 |    5.4265 |    6.3202 |    7.2113 |    7.1506 |    6.1124 |    5.4365 |    5.3628 |    5.4193 |    5.7826 |    18.2274 |   18.0400 |   17.8725 |   18.5248 |   18.8350 |   19.3665 |    7.2363 |    6.7859 |    6.6016 |    6.0394 |    6.5673 |    7.0350 |
|  Remote DRAM bandwidth [MByte/s]  |    80.1466 |   64.7062 |   63.9126 |   64.9890 |   75.6914 |   86.3640 |   85.6372 |   73.2031 |   65.1080 |   64.2254 |   64.9030 |   69.2530 |   218.2949 |  216.0500 |  214.0441 |  221.8566 |  225.5714 |  231.9367 |   86.6639 |   81.2694 |   79.0617 |   72.3295 |   78.6517 |   84.2521 |
|     Memory data volume [GByte]    |    31.4204 |   28.1134 |   27.4009 |   27.6290 |   28.0043 |   29.8414 |   51.5325 |   51.5201 |   50.3295 |   50.5565 |   50.0435 |   50.1545 |    24.8951 |   24.6155 |   24.3759 |   24.3877 |   24.6454 |   25.3435 |   52.3719 |   52.2320 |   50.3874 |   49.4110 |   50.3518 |   50.4748 |
|     Memory bandwidth [MByte/s]    |   376.2961 |  336.6920 |  328.1588 |  330.8903 |  335.3853 |  357.3868 |  617.1629 |  617.0144 |  602.7561 |  605.4741 |  599.3305 |  600.6604 |   298.1490 |  294.7997 |  291.9300 |  292.0720 |  295.1575 |  303.5183 |  627.2154 |  625.5403 |  603.4490 |  591.7551 |  603.0223 |  604.4959 |
|          L3 request rate          |     2.3943 |    2.4428 |    3.1996 |    3.9062 |    3.6924 |    4.4409 |    5.1376 |    4.9968 |    5.1951 |    5.2411 |    5.1778 |    5.3545 |     3.1954 |    3.6171 |    4.0067 |    4.1134 |    2.8740 |    2.5121 |    5.0330 |    5.1312 |    5.1748 |    5.2688 |    5.1018 |    5.3134 |
|            L3 miss rate           |     0.4310 |    0.2856 |    0.2447 |    0.2141 |    0.2166 |    0.2169 |    0.1373 |    0.1206 |    0.1042 |    0.1047 |    0.1054 |    0.1119 |     0.3710 |    0.3357 |    0.3109 |    0.3130 |    0.2793 |    0.2765 |    0.1415 |    0.1337 |    0.1297 |    0.1182 |    0.1307 |    0.1396 |
|           L3 miss ratio           |     0.2706 |    0.2379 |    0.2419 |    0.2444 |    0.2915 |    0.3187 |    0.1611 |    0.1346 |    0.1211 |    0.1187 |    0.1214 |    0.1303 |     2.7337 |    2.7435 |    2.7482 |    3.1597 |    3.2416 |    3.2402 |    0.1603 |    0.1493 |    0.1508 |    0.1392 |    0.1500 |    0.1619 |
|          L2 request rate          |     0.0910 |    0.0914 |    0.0908 |    0.0912 |    0.0914 |    0.0910 |    0.1703 |    0.1688 |    0.1701 |    0.1685 |    0.1685 |    0.1694 |     0.0943 |    0.0944 |    0.0941 |    0.0945 |    0.0945 |    0.0945 |    0.1695 |    0.1683 |    0.1699 |    0.1704 |    0.1700 |    0.1695 |
|            L2 miss rate           |     0.0224 |    0.0224 |    0.0227 |    0.0228 |    0.0228 |    0.0228 |    0.0436 |    0.0430 |    0.0440 |    0.0433 |    0.0431 |    0.0442 |     0.0228 |    0.0228 |    0.0227 |    0.0228 |    0.0227 |    0.0228 |    0.0430 |    0.0431 |    0.0437 |    0.0443 |    0.0437 |    0.0441 |
|           L2 miss ratio           |     0.2458 |    0.2452 |    0.2495 |    0.2500 |    0.2490 |    0.2503 |    0.2561 |    0.2545 |    0.2584 |    0.2573 |    0.2558 |    0.2610 |     0.2418 |    0.2414 |    0.2412 |    0.2413 |    0.2403 |    0.2412 |    0.2536 |    0.2558 |    0.2576 |    0.2596 |    0.2572 |    0.2602 |
|  Memory read bandwidth [MBytes/s] | 10950.9117 |         0 |         0 |         0 |         0 |         0 |         0 |         0 |         0 |         0 |         0 |         0 |  6810.2753 |         0 |         0 |         0 |         0 |         0 |         0 |         0 |         0 |         0 |         0 |         0 |
|  Memory read data volume [GBytes] |   914.3902 |         0 |         0 |         0 |         0 |         0 |         0 |         0 |         0 |         0 |         0 |         0 |   568.6512 |         0 |         0 |         0 |         0 |         0 |         0 |         0 |         0 |         0 |         0 |         0 |
| Memory write bandwidth [MBytes/s] |  7012.3604 |         0 |         0 |         0 |         0 |         0 |         0 |         0 |         0 |         0 |         0 |         0 |  5144.0307 |         0 |         0 |         0 |         0 |         0 |         0 |         0 |         0 |         0 |         0 |         0 |
| Memory write data volume [GBytes] |   585.5251 |         0 |         0 |         0 |         0 |         0 |         0 |         0 |         0 |         0 |         0 |         0 |   429.5215 |         0 |         0 |         0 |         0 |         0 |         0 |         0 |         0 |         0 |         0 |         0 |
|    Memory bandwidth [MBytes/s]    | 17963.2720 |         0 |         0 |         0 |         0 |         0 |         0 |         0 |         0 |         0 |         0 |         0 | 11954.3060 |         0 |         0 |         0 |         0 |         0 |         0 |         0 |         0 |         0 |         0 |         0 |
|    Memory data volume [GBytes]    |  1499.9154 |         0 |         0 |         0 |         0 |         0 |         0 |         0 |         0 |         0 |         0 |         0 |   998.1727 |         0 |         0 |         0 |         0 |         0 |         0 |         0 |         0 |         0 |         0 |         0 |
|          Temperature [C]          |         43 |        43 |        43 |        44 |        47 |        43 |        46 |        47 |        45 |        45 |        44 |        42 |         44 |        44 |        48 |        48 |        46 |        45 |        48 |        48 |        45 |        48 |        46 |        45 |
|             Energy [J]            |  7467.2437 |         0 |         0 |         0 |         0 |         0 |         0 |         0 |         0 |         0 |         0 |         0 |  7030.6843 |         0 |         0 |         0 |         0 |         0 |         0 |         0 |         0 |         0 |         0 |         0 |
|             Power [W]             |    89.4291 |         0 |         0 |         0 |         0 |         0 |         0 |         0 |         0 |         0 |         0 |         0 |    84.2008 |         0 |         0 |         0 |         0 |         0 |         0 |         0 |         0 |         0 |         0 |         0 |
|           Energy PP0 [J]          |          0 |         0 |         0 |         0 |         0 |         0 |         0 |         0 |         0 |         0 |         0 |         0 |          0 |         0 |         0 |         0 |         0 |         0 |         0 |         0 |         0 |         0 |         0 |         0 |
|           Power PP0 [W]           |          0 |         0 |         0 |         0 |         0 |         0 |         0 |         0 |         0 |         0 |         0 |         0 |          0 |         0 |         0 |         0 |         0 |         0 |         0 |         0 |         0 |         0 |         0 |         0 |
|          Energy DRAM [J]          |  1019.2662 |         0 |         0 |         0 |         0 |         0 |         0 |         0 |         0 |         0 |         0 |         0 |   929.0130 |         0 |         0 |         0 |         0 |         0 |         0 |         0 |         0 |         0 |         0 |         0 |
|           Power DRAM [W]          |    12.2069 |         0 |         0 |         0 |         0 |         0 |         0 |         0 |         0 |         0 |         0 |         0 |    11.1260 |         0 |         0 |         0 |         0 |         0 |         0 |         0 |         0 |         0 |         0 |         0 |
+-----------------------------------+------------+-----------+-----------+-----------+-----------+-----------+-----------+-----------+-----------+-----------+-----------+-----------+------------+-----------+-----------+-----------+-----------+-----------+-----------+-----------+-----------+-----------+-----------+-----------+
+----------------------------------------+------------+-----------+------------+-----------+
|                 Metric                 |     Sum    |    Min    |     Max    |    Avg    |
+----------------------------------------+------------+-----------+------------+-----------+
|        Runtime (RDTSC) [s] STAT        |  2003.9760 |   83.4990 |    83.4990 |   83.4990 |
|        Runtime unhalted [s] STAT       |  1947.5285 |   78.6889 |    82.4095 |   81.1470 |
|            Clock [MHz] STAT            | 55181.2346 | 2298.4620 |  2299.7614 | 2299.2181 |
|                CPI STAT                |    14.4071 |    0.4983 |     0.7565 |    0.6003 |
|   Local DRAM data volume [GByte] STAT  |   707.2524 |    5.8104 |    45.4461 |   29.4688 |
|   Local DRAM bandwidth [MByte/s] STAT  |  8470.1908 |   69.5861 |   544.2709 |  352.9246 |
|  Remote DRAM data volume [GByte] STAT  |   222.7856 |    5.3366 |    19.3665 |    9.2827 |
|  Remote DRAM bandwidth [MByte/s] STAT  |  2668.1215 |   63.9126 |   231.9367 |  111.1717 |
|     Memory data volume [GByte] STAT    |   930.0380 |   24.3759 |    52.3719 |   38.7516 |
|     Memory bandwidth [MByte/s] STAT    | 11138.3122 |  291.9300 |   627.2154 |  464.0963 |
|          L3 request rate STAT          |   102.5208 |    2.3943 |     5.3545 |    4.2717 |
|            L3 miss rate STAT           |     4.9728 |    0.1042 |     0.4310 |    0.2072 |
|           L3 miss ratio STAT           |    21.1706 |    0.1187 |     3.2416 |    0.8821 |
|          L2 request rate STAT          |     3.1463 |    0.0908 |     0.1704 |    0.1311 |
|            L2 miss rate STAT           |     0.7956 |    0.0224 |     0.0443 |    0.0332 |
|           L2 miss ratio STAT           |     6.0241 |    0.2403 |     0.2610 |    0.2510 |
|  Memory read bandwidth [MBytes/s] STAT | 17761.1870 |         0 | 10950.9117 |  740.0495 |
|  Memory read data volume [GBytes] STAT |  1483.0414 |         0 |   914.3902 |   61.7934 |
| Memory write bandwidth [MBytes/s] STAT | 12156.3911 |         0 |  7012.3604 |  506.5163 |
| Memory write data volume [GBytes] STAT |  1015.0466 |         0 |   585.5251 |   42.2936 |
|    Memory bandwidth [MBytes/s] STAT    | 29917.5780 |         0 | 17963.2720 | 1246.5657 |
|    Memory data volume [GBytes] STAT    |  2498.0881 |         0 |  1499.9154 |  104.0870 |
|          Temperature [C] STAT          |       1087 |        42 |         48 |   45.2917 |
|             Energy [J] STAT            | 14497.9280 |         0 |  7467.2437 |  604.0803 |
|             Power [W] STAT             |   173.6299 |         0 |    89.4291 |    7.2346 |
|           Energy PP0 [J] STAT          |          0 |         0 |          0 |         0 |
|           Power PP0 [W] STAT           |          0 |         0 |          0 |         0 |
|          Energy DRAM [J] STAT          |  1948.2792 |         0 |  1019.2662 |   81.1783 |
|           Power DRAM [W] STAT          |    23.3329 |         0 |    12.2069 |    0.9722 |
+----------------------------------------+------------+-----------+------------+-----------+
