--------------------------------------------------------------------------------
CPU name:	Intel(R) Xeon(R) CPU E5-2670 v3 @ 2.30GHz
CPU type:	Intel Xeon Haswell EN/EP/EX processor
CPU clock:	2.30 GHz
--------------------------------------------------------------------------------
Group 1: POWERPERF
+--------------------------------+---------+--------------+--------------+--------------+--------------+--------------+--------------+--------------+--------------+--------------+--------------+--------------+--------------+--------------+--------------+--------------+--------------+--------------+--------------+--------------+--------------+--------------+--------------+--------------+--------------+
|              Event             | Counter |    Core 0    |    Core 1    |    Core 2    |    Core 3    |    Core 4    |    Core 5    |    Core 6    |    Core 7    |    Core 8    |    Core 9    |    Core 10   |    Core 11   |    Core 12   |    Core 13   |    Core 14   |    Core 15   |    Core 16   |    Core 17   |    Core 18   |    Core 19   |    Core 20   |    Core 21   |    Core 22   |    Core 23   |
+--------------------------------+---------+--------------+--------------+--------------+--------------+--------------+--------------+--------------+--------------+--------------+--------------+--------------+--------------+--------------+--------------+--------------+--------------+--------------+--------------+--------------+--------------+--------------+--------------+--------------+--------------+
|        INSTR_RETIRED_ANY       |  FIXC0  | 305481754345 | 304844155039 | 296767201045 | 295742589536 | 295031210185 | 294228081635 | 225117687573 | 225436975964 | 225259829688 | 224237663077 | 224391794936 | 224097527816 | 256441643250 | 256108947805 | 255441441790 | 254933253832 | 254414401752 | 253834263422 | 226662565977 | 226751075341 | 226562340563 | 226568014925 | 226604099377 | 226537860214 |
|      CPU_CLK_UNHALTED_CORE     |  FIXC1  | 221871271033 | 221925706424 | 222008233026 | 221984575190 | 222003001482 | 222048559691 | 221887576787 | 221905900278 | 223110881133 | 221955820160 | 222014162491 | 222042302697 | 221983502703 | 222002221120 | 221955646608 | 221978328749 | 221986565716 | 221863772503 | 216148697426 | 215921669890 | 216673165069 | 216504712482 | 216317631963 | 216624224047 |
|      CPU_CLK_UNHALTED_REF      |  FIXC2  | 221963072004 | 222038001335 | 222113335995 | 222091851074 | 222107316642 | 222135686153 | 221887563993 | 221905908011 | 223110891719 | 221955796000 | 222014162847 | 222042308430 | 222057423156 | 222087926860 | 222040581705 | 222063502102 | 222072750724 | 221950790027 | 216148665334 | 215921677276 | 216673158898 | 216504665820 | 216317633224 | 216624213771 |
|           FIXC1/FIXC0          |   CPI   |            0 |            0 |            0 |            0 |            0 |            0 |            0 |            0 |            0 |            0 |            0 |            0 |            0 |            0 |            0 |            0 |            0 |            0 |            0 |            0 |            0 |            0 |            0 |            0 |
|  OFFCORE_RESPONSE_0_LOCAL_DRAM |   PMC0  |    598145605 |    583127437 |    541960133 |    552416695 |    547669057 |    549511995 |   3355223888 |   3365274775 |   3332585372 |   3325455400 |   3329328840 |   3254035025 |    202909058 |    204832909 |    201885439 |    198419103 |    199127749 |    197835731 |   3451516229 |   3462085088 |   3388989162 |   3422385908 |   3424809553 |   3398914309 |
| OFFCORE_RESPONSE_1_REMOTE_DRAM |   PMC1  |    220268115 |    185533901 |    177983767 |    180884681 |    195990446 |    213388861 |      1215024 |       301266 |       294438 |       276476 |       255841 |     68742651 |    452343455 |    443241631 |    434744741 |    429625797 |    429070354 |    432272415 |     20462070 |       540800 |       492803 |       527255 |       527253 |      1184572 |
|  MEM_LOAD_UOPS_RETIRED_L3_ALL  |   PMC2  |    255711059 |    326807818 |    367430904 |    419564521 |    491688630 |    559541522 |   1047262212 |   1042010194 |   1051187500 |   1050309194 |   1042343586 |   1047592801 |    773471815 |    858861970 |    903988532 |    960178943 |   1078248494 |   1104209818 |   1025235621 |   1021642747 |   1048925469 |   1037301669 |   1038413451 |   1051195800 |
|  MEM_LOAD_UOPS_RETIRED_L3_MISS |   PMC3  |    144569020 |    179659791 |    161405199 |    154940331 |    173393194 |    175420109 |    212020283 |    212484893 |    210672953 |    212612402 |    210794929 |    210887389 |    255533691 |    273075159 |    260790935 |    294062131 |    431587049 |    460004377 |    217928872 |    217099743 |    215411179 |    215373293 |    215766876 |    216829205 |
|      L2_TRANS_ALL_REQUESTS     |   PMC4  |  28292541126 |  28326883168 |  27374276890 |  27415656958 |  27381510546 |  27361034772 |  41860687266 |  41810525481 |  41816456932 |  41939479761 |  41849221432 |  41812514518 |  24659804171 |  24676140755 |  24532816285 |  24549499276 |  24531396985 |  24448307727 |  41573553873 |  41638517726 |  41617666066 |  41567831059 |  41527273675 |  41652271615 |
|          L2_RQSTS_MISS         |   PMC5  |   6953879190 |   6943968471 |   6819634014 |   6842846266 |   6812010899 |   6822107051 |  14585327589 |  14564367383 |  14612851624 |  14617273419 |  14596034638 |  14610938560 |   5902925676 |   5893912925 |   5848538914 |   5849492556 |   5825221427 |   5831813766 |  14408180347 |  14408793244 |  14506068512 |  14480529992 |  14467090663 |  14487306413 |
|        UOPS_RETIRED_ALL        |   PMC6  | 383148496506 | 381987725879 | 374272917295 | 372282931156 | 370932736683 | 369399273929 | 271749738912 | 272432581987 | 271010818252 | 270325433650 | 270638146367 | 270048443320 | 322734213215 | 322197029729 | 321289094637 | 320331227245 | 319370723356 | 318260720659 | 275178966438 | 275354964961 | 274976271891 | 274988217033 | 275063514592 | 274936343021 |
|            TEMP_CORE           |   TMP0  |           44 |           43 |           44 |           43 |           46 |           42 |           47 |           47 |           46 |           45 |           45 |           42 |           44 |           44 |           46 |           46 |           45 |           45 |           49 |           48 |           46 |           49 |           46 |           48 |
|         PWR_PKG_ENERGY         |   PWR0  |    9274.6674 |            0 |            0 |            0 |            0 |            0 |            0 |            0 |            0 |            0 |            0 |            0 |    8919.8968 |            0 |            0 |            0 |            0 |            0 |            0 |            0 |            0 |            0 |            0 |            0 |
|         PWR_PP0_ENERGY         |   PWR1  |            0 |            0 |            0 |            0 |            0 |            0 |            0 |            0 |            0 |            0 |            0 |            0 |            0 |            0 |            0 |            0 |            0 |            0 |            0 |            0 |            0 |            0 |            0 |            0 |
|         PWR_DRAM_ENERGY        |   PWR3  |    1782.7779 |            0 |            0 |            0 |            0 |            0 |            0 |            0 |            0 |            0 |            0 |            0 |    1754.2084 |            0 |            0 |            0 |            0 |            0 |            0 |            0 |            0 |            0 |            0 |            0 |
|          CAS_COUNT_RD          | MBOX0C0 |  13078682081 |            0 |            0 |            0 |            0 |            0 |            0 |            0 |            0 |            0 |            0 |            0 |  11837822672 |            0 |            0 |            0 |            0 |            0 |            0 |            0 |            0 |            0 |            0 |            0 |
|          CAS_COUNT_WR          | MBOX0C1 |   4363778314 |            0 |            0 |            0 |            0 |            0 |            0 |            0 |            0 |            0 |            0 |            0 |   3875183442 |            0 |            0 |            0 |            0 |            0 |            0 |            0 |            0 |            0 |            0 |            0 |
|          CAS_COUNT_RD          | MBOX1C0 |  13082588742 |            0 |            0 |            0 |            0 |            0 |            0 |            0 |            0 |            0 |            0 |            0 |  11845503626 |            0 |            0 |            0 |            0 |            0 |            0 |            0 |            0 |            0 |            0 |            0 |
|          CAS_COUNT_WR          | MBOX1C1 |   4368638471 |            0 |            0 |            0 |            0 |            0 |            0 |            0 |            0 |            0 |            0 |            0 |   3880793654 |            0 |            0 |            0 |            0 |            0 |            0 |            0 |            0 |            0 |            0 |            0 |
|          CAS_COUNT_RD          | MBOX2C0 |            0 |            0 |            0 |            0 |            0 |            0 |            0 |            0 |            0 |            0 |            0 |            0 |            0 |            0 |            0 |            0 |            0 |            0 |            0 |            0 |            0 |            0 |            0 |            0 |
|          CAS_COUNT_WR          | MBOX2C1 |            0 |            0 |            0 |            0 |            0 |            0 |            0 |            0 |            0 |            0 |            0 |            0 |            0 |            0 |            0 |            0 |            0 |            0 |            0 |            0 |            0 |            0 |            0 |            0 |
|          CAS_COUNT_RD          | MBOX3C0 |            0 |            0 |            0 |            0 |            0 |            0 |            0 |            0 |            0 |            0 |            0 |            0 |            0 |            0 |            0 |            0 |            0 |            0 |            0 |            0 |            0 |            0 |            0 |            0 |
|          CAS_COUNT_WR          | MBOX3C1 |            0 |            0 |            0 |            0 |            0 |            0 |            0 |            0 |            0 |            0 |            0 |            0 |            0 |            0 |            0 |            0 |            0 |            0 |            0 |            0 |            0 |            0 |            0 |            0 |
|          CAS_COUNT_RD          | MBOX4C0 |  13080249580 |            0 |            0 |            0 |            0 |            0 |            0 |            0 |            0 |            0 |            0 |            0 |  11843464335 |            0 |            0 |            0 |            0 |            0 |            0 |            0 |            0 |            0 |            0 |            0 |
|          CAS_COUNT_WR          | MBOX4C1 |   4366855764 |            0 |            0 |            0 |            0 |            0 |            0 |            0 |            0 |            0 |            0 |            0 |   3878643996 |            0 |            0 |            0 |            0 |            0 |            0 |            0 |            0 |            0 |            0 |            0 |
|          CAS_COUNT_RD          | MBOX5C0 |  13088748154 |            0 |            0 |            0 |            0 |            0 |            0 |            0 |            0 |            0 |            0 |            0 |  11845338539 |            0 |            0 |            0 |            0 |            0 |            0 |            0 |            0 |            0 |            0 |            0 |
|          CAS_COUNT_WR          | MBOX5C1 |   4372649829 |            0 |            0 |            0 |            0 |            0 |            0 |            0 |            0 |            0 |            0 |            0 |   3883403353 |            0 |            0 |            0 |            0 |            0 |            0 |            0 |            0 |            0 |            0 |            0 |
|          CAS_COUNT_RD          | MBOX6C0 |            0 |            0 |            0 |            0 |            0 |            0 |            0 |            0 |            0 |            0 |            0 |            0 |            0 |            0 |            0 |            0 |            0 |            0 |            0 |            0 |            0 |            0 |            0 |            0 |
|          CAS_COUNT_WR          | MBOX6C1 |            0 |            0 |            0 |            0 |            0 |            0 |            0 |            0 |            0 |            0 |            0 |            0 |            0 |            0 |            0 |            0 |            0 |            0 |            0 |            0 |            0 |            0 |            0 |            0 |
|          CAS_COUNT_RD          | MBOX7C0 |            0 |            0 |            0 |            0 |            0 |            0 |            0 |            0 |            0 |            0 |            0 |            0 |            0 |            0 |            0 |            0 |            0 |            0 |            0 |            0 |            0 |            0 |            0 |            0 |
|          CAS_COUNT_WR          | MBOX7C1 |            0 |            0 |            0 |            0 |            0 |            0 |            0 |            0 |            0 |            0 |            0 |            0 |            0 |            0 |            0 |            0 |            0 |            0 |            0 |            0 |            0 |            0 |            0 |            0 |
+--------------------------------+---------+--------------+--------------+--------------+--------------+--------------+--------------+--------------+--------------+--------------+--------------+--------------+--------------+--------------+--------------+--------------+--------------+--------------+--------------+--------------+--------------+--------------+--------------+--------------+--------------+
+-------------------------------------+---------+---------------+--------------+--------------+--------------+
|                Event                | Counter |      Sum      |      Min     |      Max     |      Avg     |
+-------------------------------------+---------+---------------+--------------+--------------+--------------+
|        INSTR_RETIRED_ANY STAT       |  FIXC0  | 6031496379087 | 224097527816 | 305481754345 | 2.513123e+11 |
|      CPU_CLK_UNHALTED_CORE STAT     |  FIXC1  | 5294718128668 | 215921669890 | 223110881133 | 2.206133e+11 |
|      CPU_CLK_UNHALTED_REF STAT      |  FIXC2  | 5295828883100 | 215921677276 | 223110891719 | 2.206595e+11 |
|           FIXC1/FIXC0 STAT          |   CPI   |             0 |            0 |            0 |            0 |
|  OFFCORE_RESPONSE_0_LOCAL_DRAM STAT |   PMC0  |   45088444460 |    197835731 |   3462085088 | 1.878685e+09 |
| OFFCORE_RESPONSE_1_REMOTE_DRAM STAT |   PMC1  |    3890168613 |       255841 |    452343455 | 1.620904e+08 |
|  MEM_LOAD_UOPS_RETIRED_L3_ALL STAT  |   PMC2  |   20603124270 |    255711059 |   1104209818 | 8.584635e+08 |
|  MEM_LOAD_UOPS_RETIRED_L3_MISS STAT |   PMC3  |    5532323003 |    144569020 |    460004377 | 2.305135e+08 |
|      L2_TRANS_ALL_REQUESTS STAT     |   PMC4  |  814215868063 |  24448307727 |  41939479761 | 3.392566e+10 |
|          L2_RQSTS_MISS STAT         |   PMC5  |  250691113539 |   5825221427 |  14617273419 | 1.044546e+10 |
|        UOPS_RETIRED_ALL STAT        |   PMC6  | 7452910530713 | 270048443320 | 383148496506 | 3.105379e+11 |
|            TEMP_CORE STAT           |   TMP0  |          1090 |           42 |           49 |      45.4167 |
|         PWR_PKG_ENERGY STAT         |   PWR0  |    18194.5642 |            0 |    9274.6674 |     758.1068 |
|         PWR_PP0_ENERGY STAT         |   PWR1  |             0 |            0 |            0 |            0 |
|         PWR_DRAM_ENERGY STAT        |   PWR3  |     3536.9863 |            0 |    1782.7779 |     147.3744 |
|          CAS_COUNT_RD STAT          | MBOX0C0 |   24916504753 |            0 |  13078682081 | 1.038188e+09 |
|          CAS_COUNT_WR STAT          | MBOX0C1 |    8238961756 |            0 |   4363778314 | 3.432901e+08 |
|          CAS_COUNT_RD STAT          | MBOX1C0 |   24928092368 |            0 |  13082588742 | 1.038671e+09 |
|          CAS_COUNT_WR STAT          | MBOX1C1 |    8249432125 |            0 |   4368638471 | 3.437263e+08 |
|          CAS_COUNT_RD STAT          | MBOX2C0 |             0 |            0 |            0 |            0 |
|          CAS_COUNT_WR STAT          | MBOX2C1 |             0 |            0 |            0 |            0 |
|          CAS_COUNT_RD STAT          | MBOX3C0 |             0 |            0 |            0 |            0 |
|          CAS_COUNT_WR STAT          | MBOX3C1 |             0 |            0 |            0 |            0 |
|          CAS_COUNT_RD STAT          | MBOX4C0 |   24923713915 |            0 |  13080249580 | 1.038488e+09 |
|          CAS_COUNT_WR STAT          | MBOX4C1 |    8245499760 |            0 |   4366855764 |    343562490 |
|          CAS_COUNT_RD STAT          | MBOX5C0 |   24934086693 |            0 |  13088748154 | 1.038920e+09 |
|          CAS_COUNT_WR STAT          | MBOX5C1 |    8256053182 |            0 |   4372649829 | 3.440022e+08 |
|          CAS_COUNT_RD STAT          | MBOX6C0 |             0 |            0 |            0 |            0 |
|          CAS_COUNT_WR STAT          | MBOX6C1 |             0 |            0 |            0 |            0 |
|          CAS_COUNT_RD STAT          | MBOX7C0 |             0 |            0 |            0 |            0 |
|          CAS_COUNT_WR STAT          | MBOX7C1 |             0 |            0 |            0 |            0 |
+-------------------------------------+---------+---------------+--------------+--------------+--------------+
+-----------------------------------+------------+-----------+-----------+-----------+-----------+-----------+-----------+-----------+-----------+-----------+-----------+-----------+------------+-----------+-----------+-----------+-----------+-----------+-----------+-----------+-----------+-----------+-----------+-----------+
|               Metric              |   Core 0   |   Core 1  |   Core 2  |   Core 3  |   Core 4  |   Core 5  |   Core 6  |   Core 7  |   Core 8  |   Core 9  |  Core 10  |  Core 11  |   Core 12  |  Core 13  |  Core 14  |  Core 15  |  Core 16  |  Core 17  |  Core 18  |  Core 19  |  Core 20  |  Core 21  |  Core 22  |  Core 23  |
+-----------------------------------+------------+-----------+-----------+-----------+-----------+-----------+-----------+-----------+-----------+-----------+-----------+-----------+------------+-----------+-----------+-----------+-----------+-----------+-----------+-----------+-----------+-----------+-----------+-----------+
|        Runtime (RDTSC) [s]        |    98.0624 |   98.0624 |   98.0624 |   98.0624 |   98.0624 |   98.0624 |   98.0624 |   98.0624 |   98.0624 |   98.0624 |   98.0624 |   98.0624 |    98.0624 |   98.0624 |   98.0624 |   98.0624 |   98.0624 |   98.0624 |   98.0624 |   98.0624 |   98.0624 |   98.0624 |   98.0624 |   98.0624 |
|        Runtime unhalted [s]       |    96.4664 |   96.4901 |   96.5260 |   96.5157 |   96.5237 |   96.5435 |   96.4735 |   96.4815 |   97.0054 |   96.5032 |   96.5286 |   96.5408 |    96.5152 |   96.5234 |   96.5031 |   96.5130 |   96.5166 |   96.4632 |   93.9784 |   93.8796 |   94.2064 |   94.1331 |   94.0518 |   94.1851 |
|            Clock [MHz]            |  2299.0326 | 2298.8207 | 2298.8955 | 2298.8729 | 2298.9037 | 2299.0818 | 2299.9840 | 2299.9838 | 2299.9838 | 2299.9841 | 2299.9839 | 2299.9838 |  2299.2182 | 2299.0963 | 2299.1041 | 2299.1017 | 2299.0913 | 2299.0822 | 2299.9842 | 2299.9838 | 2299.9840 | 2299.9844 | 2299.9839 | 2299.9840 |
|                CPI                |     0.7263 |    0.7280 |    0.7481 |    0.7506 |    0.7525 |    0.7547 |    0.9857 |    0.9843 |    0.9905 |    0.9898 |    0.9894 |    0.9908 |     0.8656 |    0.8668 |    0.8689 |    0.8707 |    0.8725 |    0.8740 |    0.9536 |    0.9522 |    0.9564 |    0.9556 |    0.9546 |    0.9562 |
|   Local DRAM data volume [GByte]  |    38.2813 |   37.3202 |   34.6854 |   35.3547 |   35.0508 |   35.1688 |  214.7343 |  215.3776 |  213.2855 |  212.8291 |  213.0770 |  208.2582 |    12.9862 |   13.1093 |   12.9207 |   12.6988 |   12.7442 |   12.6615 |  220.8970 |  221.5734 |  216.8953 |  219.0327 |  219.1878 |  217.5305 |
|   Local DRAM bandwidth [MByte/s]  |   390.3770 |  380.5754 |  353.7078 |  360.5322 |  357.4337 |  358.6365 | 2189.7715 | 2196.3311 | 2174.9966 | 2170.3432 | 2172.8712 | 2123.7310 |   132.4277 |  133.6833 |  131.7596 |  129.4973 |  129.9598 |  129.1166 | 2252.6162 | 2259.5140 | 2211.8082 | 2233.6045 | 2235.1862 | 2218.2858 |
|  Remote DRAM data volume [GByte]  |    14.0972 |   11.8742 |   11.3910 |   11.5766 |   12.5434 |   13.6569 |    0.0778 |    0.0193 |    0.0188 |    0.0177 |    0.0164 |    4.3995 |    28.9500 |   28.3675 |   27.8237 |   27.4961 |   27.4605 |   27.6654 |    1.3096 |    0.0346 |    0.0315 |    0.0337 |    0.0337 |    0.0758 |
|  Remote DRAM bandwidth [MByte/s]  |   143.7570 |  121.0878 |  116.1603 |  118.0536 |  127.9123 |  139.2673 |    0.7930 |    0.1966 |    0.1922 |    0.1804 |    0.1670 |   44.8646 |   295.2199 |  289.2796 |  283.7342 |  280.3933 |  280.0308 |  282.1206 |   13.3545 |    0.3530 |    0.3216 |    0.3441 |    0.3441 |    0.7731 |
|     Memory data volume [GByte]    |    52.3785 |   49.1943 |   46.0764 |   46.9313 |   47.5942 |   48.8257 |  214.8121 |  215.3969 |  213.3043 |  212.8468 |  213.0934 |  212.6578 |    41.9362 |   41.4768 |   40.7443 |   40.1949 |   40.2047 |   40.3269 |  222.2066 |  221.6081 |  216.9268 |  219.0664 |  219.2216 |  217.6063 |
|     Memory bandwidth [MByte/s]    |   534.1340 |  501.6633 |  469.8681 |  478.5858 |  485.3460 |  497.9037 | 2190.5645 | 2196.5278 | 2175.1887 | 2170.5237 | 2173.0382 | 2168.5956 |   427.6475 |  422.9629 |  415.4938 |  409.8906 |  409.9906 |  411.2372 | 2265.9707 | 2259.8669 | 2212.1299 | 2233.9486 | 2235.5304 | 2219.0589 |
|          L3 request rate          |     1.7688 |    1.8190 |    2.2765 |    2.7079 |    2.8357 |    3.1897 |    4.9394 |    4.9039 |    4.9897 |    4.9400 |    4.9448 |    4.9675 |     3.0269 |    3.1451 |    3.4663 |    3.2652 |    2.4983 |    2.4004 |    4.7045 |    4.7059 |    4.8694 |    4.8163 |    4.8127 |    4.8480 |
|            L3 miss rate           |     0.8614 |    0.5677 |    0.4844 |    0.4311 |    0.3986 |    0.3814 |    0.0012 |    0.0003 |    0.0003 |    0.0003 |    0.0002 |    0.0656 |     0.5848 |    0.5161 |    0.4809 |    0.4474 |    0.3979 |    0.3915 |    0.0200 |    0.0005 |    0.0005 |    0.0005 |    0.0005 |    0.0011 |
|           L3 miss ratio           |     0.3683 |    0.3182 |    0.3284 |    0.3274 |    0.3579 |    0.3883 |    0.0004 |    0.0001 |    0.0001 |    0.0001 |    0.0001 |    0.0211 |     2.2293 |    2.1639 |    2.1534 |    2.1652 |    2.1547 |    2.1850 |    0.0059 |    0.0002 |    0.0001 |    0.0002 |    0.0002 |    0.0003 |
|          L2 request rate          |     0.0926 |    0.0929 |    0.0922 |    0.0927 |    0.0928 |    0.0930 |    0.1860 |    0.1855 |    0.1856 |    0.1870 |    0.1865 |    0.1866 |     0.0962 |    0.0964 |    0.0960 |    0.0963 |    0.0964 |    0.0963 |    0.1834 |    0.1836 |    0.1837 |    0.1835 |    0.1833 |    0.1839 |
|            L2 miss rate           |     0.0228 |    0.0228 |    0.0230 |    0.0231 |    0.0231 |    0.0232 |    0.0648 |    0.0646 |    0.0649 |    0.0652 |    0.0650 |    0.0652 |     0.0230 |    0.0230 |    0.0229 |    0.0229 |    0.0229 |    0.0230 |    0.0636 |    0.0635 |    0.0640 |    0.0639 |    0.0638 |    0.0640 |
|           L2 miss ratio           |     0.2458 |    0.2451 |    0.2491 |    0.2496 |    0.2488 |    0.2493 |    0.3484 |    0.3483 |    0.3495 |    0.3485 |    0.3488 |    0.3494 |     0.2394 |    0.2389 |    0.2384 |    0.2383 |    0.2375 |    0.2385 |    0.3466 |    0.3460 |    0.3486 |    0.3484 |    0.3484 |    0.3478 |
|  Memory read bandwidth [MBytes/s] | 34153.1097 |         0 |         0 |         0 |         0 |         0 |         0 |         0 |         0 |         0 |         0 |         0 | 30917.2028 |         0 |         0 |         0 |         0 |         0 |         0 |         0 |         0 |         0 |         0 |         0 |
|  Memory read data volume [GBytes] |  3349.1372 |         0 |         0 |         0 |         0 |         0 |         0 |         0 |         0 |         0 |         0 |         0 |  3031.8163 |         0 |         0 |         0 |         0 |         0 |         0 |         0 |         0 |         0 |         0 |         0 |
| Memory write bandwidth [MBytes/s] | 11402.9700 |         0 |         0 |         0 |         0 |         0 |         0 |         0 |         0 |         0 |         0 |         0 | 10127.7675 |         0 |         0 |         0 |         0 |         0 |         0 |         0 |         0 |         0 |         0 |         0 |
| Memory write data volume [GBytes] |  1118.2030 |         0 |         0 |         0 |         0 |         0 |         0 |         0 |         0 |         0 |         0 |         0 |   993.1536 |         0 |         0 |         0 |         0 |         0 |         0 |         0 |         0 |         0 |         0 |         0 |
|    Memory bandwidth [MBytes/s]    | 45556.0797 |         0 |         0 |         0 |         0 |         0 |         0 |         0 |         0 |         0 |         0 |         0 | 41044.9703 |         0 |         0 |         0 |         0 |         0 |         0 |         0 |         0 |         0 |         0 |         0 |
|    Memory data volume [GBytes]    |  4467.3402 |         0 |         0 |         0 |         0 |         0 |         0 |         0 |         0 |         0 |         0 |         0 |  4024.9698 |         0 |         0 |         0 |         0 |         0 |         0 |         0 |         0 |         0 |         0 |         0 |
|          Temperature [C]          |         44 |        43 |        44 |        43 |        46 |        42 |        47 |        47 |        46 |        45 |        45 |        42 |         44 |        44 |        46 |        46 |        45 |        45 |        49 |        48 |        46 |        49 |        46 |        48 |
|             Energy [J]            |  9274.6674 |         0 |         0 |         0 |         0 |         0 |         0 |         0 |         0 |         0 |         0 |         0 |  8919.8968 |         0 |         0 |         0 |         0 |         0 |         0 |         0 |         0 |         0 |         0 |         0 |
|             Power [W]             |    94.5792 |         0 |         0 |         0 |         0 |         0 |         0 |         0 |         0 |         0 |         0 |         0 |    90.9614 |         0 |         0 |         0 |         0 |         0 |         0 |         0 |         0 |         0 |         0 |         0 |
|           Energy PP0 [J]          |          0 |         0 |         0 |         0 |         0 |         0 |         0 |         0 |         0 |         0 |         0 |         0 |          0 |         0 |         0 |         0 |         0 |         0 |         0 |         0 |         0 |         0 |         0 |         0 |
|           Power PP0 [W]           |          0 |         0 |         0 |         0 |         0 |         0 |         0 |         0 |         0 |         0 |         0 |         0 |          0 |         0 |         0 |         0 |         0 |         0 |         0 |         0 |         0 |         0 |         0 |         0 |
|          Energy DRAM [J]          |  1782.7779 |         0 |         0 |         0 |         0 |         0 |         0 |         0 |         0 |         0 |         0 |         0 |  1754.2084 |         0 |         0 |         0 |         0 |         0 |         0 |         0 |         0 |         0 |         0 |         0 |
|           Power DRAM [W]          |    18.1800 |         0 |         0 |         0 |         0 |         0 |         0 |         0 |         0 |         0 |         0 |         0 |    17.8887 |         0 |         0 |         0 |         0 |         0 |         0 |         0 |         0 |         0 |         0 |         0 |
+-----------------------------------+------------+-----------+-----------+-----------+-----------+-----------+-----------+-----------+-----------+-----------+-----------+-----------+------------+-----------+-----------+-----------+-----------+-----------+-----------+-----------+-----------+-----------+-----------+-----------+
+----------------------------------------+------------+-----------+------------+-----------+
|                 Metric                 |     Sum    |    Min    |     Max    |    Avg    |
+----------------------------------------+------------+-----------+------------+-----------+
|        Runtime (RDTSC) [s] STAT        |  2353.4976 |   98.0624 |    98.0624 |   98.0624 |
|        Runtime unhalted [s] STAT       |  2302.0673 |   93.8796 |    97.0054 |   95.9195 |
|            Clock [MHz] STAT            | 55188.1087 | 2298.8207 |  2299.9844 | 2299.5045 |
|                CPI STAT                |    21.3378 |    0.7263 |     0.9908 |    0.8891 |
|   Local DRAM data volume [GByte] STAT  |  2885.6603 |   12.6615 |   221.5734 |  120.2358 |
|   Local DRAM bandwidth [MByte/s] STAT  | 29426.7664 |  129.1166 |  2259.5140 | 1226.1153 |
|  Remote DRAM data volume [GByte] STAT  |   248.9709 |    0.0164 |    28.9500 |   10.3738 |
|  Remote DRAM bandwidth [MByte/s] STAT  |  2538.9009 |    0.1670 |   295.2199 |  105.7875 |
|     Memory data volume [GByte] STAT    |  3134.6313 |   40.1949 |   222.2066 |  130.6096 |
|     Memory bandwidth [MByte/s] STAT    | 31965.6674 |  409.8906 |  2265.9707 | 1331.9028 |
|          L3 request rate STAT          |    90.8419 |    1.7688 |     4.9897 |    3.7851 |
|            L3 miss rate STAT           |     6.0342 |    0.0002 |     0.8614 |    0.2514 |
|           L3 miss ratio STAT           |    15.1688 |    0.0001 |     2.2293 |    0.6320 |
|          L2 request rate STAT          |     3.3524 |    0.0922 |     0.1870 |    0.1397 |
|            L2 miss rate STAT           |     1.0482 |    0.0228 |     0.0652 |    0.0437 |
|           L2 miss ratio STAT           |     7.0974 |    0.2375 |     0.3495 |    0.2957 |
|  Memory read bandwidth [MBytes/s] STAT | 65070.3125 |         0 | 34153.1097 | 2711.2630 |
|  Memory read data volume [GBytes] STAT |  6380.9535 |         0 |  3349.1372 |  265.8731 |
| Memory write bandwidth [MBytes/s] STAT | 21530.7375 |         0 | 11402.9700 |  897.1141 |
| Memory write data volume [GBytes] STAT |  2111.3566 |         0 |  1118.2030 |   87.9732 |
|    Memory bandwidth [MBytes/s] STAT    | 86601.0500 |         0 | 45556.0797 | 3608.3771 |
|    Memory data volume [GBytes] STAT    |  8492.3100 |         0 |  4467.3402 |  353.8462 |
|          Temperature [C] STAT          |       1090 |        42 |         49 |   45.4167 |
|             Energy [J] STAT            | 18194.5642 |         0 |  9274.6674 |  758.1068 |
|             Power [W] STAT             |   185.5406 |         0 |    94.5792 |    7.7309 |
|           Energy PP0 [J] STAT          |          0 |         0 |          0 |         0 |
|           Power PP0 [W] STAT           |          0 |         0 |          0 |         0 |
|          Energy DRAM [J] STAT          |  3536.9863 |         0 |  1782.7779 |  147.3744 |
|           Power DRAM [W] STAT          |    36.0687 |         0 |    18.1800 |    1.5029 |
+----------------------------------------+------------+-----------+------------+-----------+
