--------------------------------------------------------------------------------
CPU name:	Intel(R) Xeon(R) CPU E5-2670 v3 @ 2.30GHz
CPU type:	Intel Xeon Haswell EN/EP/EX processor
CPU clock:	2.30 GHz
--------------------------------------------------------------------------------
Group 1: POWERPERF
+--------------------------------+---------+--------------+--------------+--------------+--------------+--------------+--------------+--------------+--------------+--------------+--------------+--------------+--------------+--------------+--------------+--------------+--------------+--------------+--------------+--------------+--------------+--------------+--------------+--------------+--------------+
|              Event             | Counter |    Core 0    |    Core 1    |    Core 2    |    Core 3    |    Core 4    |    Core 5    |    Core 6    |    Core 7    |    Core 8    |    Core 9    |    Core 10   |    Core 11   |    Core 12   |    Core 13   |    Core 14   |    Core 15   |    Core 16   |    Core 17   |    Core 18   |    Core 19   |    Core 20   |    Core 21   |    Core 22   |    Core 23   |
+--------------------------------+---------+--------------+--------------+--------------+--------------+--------------+--------------+--------------+--------------+--------------+--------------+--------------+--------------+--------------+--------------+--------------+--------------+--------------+--------------+--------------+--------------+--------------+--------------+--------------+--------------+
|        INSTR_RETIRED_ANY       |  FIXC0  | 302904231737 | 302159502742 | 293024843888 | 292076100431 | 291311027507 | 291240825950 | 254103214195 | 229722244346 | 228019296556 | 224037103152 | 221607294430 | 216708930239 | 254635118118 | 254177523488 | 253138492295 | 252379627356 | 251788074157 | 250992927532 | 212964673439 | 211970340890 | 209458391881 | 207191618888 | 204866335155 | 204814946598 |
|      CPU_CLK_UNHALTED_CORE     |  FIXC1  | 185768874493 | 185758715870 | 185799618116 | 185816552688 | 185847161801 | 185839123508 | 183524148233 | 161196732518 | 161445518750 | 161598350989 | 161875187195 | 162067810526 | 185853605243 | 185905106432 | 185865047060 | 185872917703 | 185920102941 | 185875731949 | 161846318584 | 162009539854 | 162108678385 | 162218271786 | 162304680946 | 162336086633 |
|      CPU_CLK_UNHALTED_REF      |  FIXC2  | 185870973456 | 185862327342 | 185900383441 | 185917782274 | 185947581948 | 185938987515 | 183562407267 | 161245970096 | 161515642750 | 161645270727 | 161932699818 | 162116606875 | 185955880716 | 185996394802 | 185965705741 | 185973159374 | 186021509008 | 185950092881 | 161934474291 | 162075491914 | 162181238048 | 162275262209 | 162361515061 | 162367059487 |
|           FIXC1/FIXC0          |   CPI   |            0 |            0 |            0 |            0 |            0 |            0 |            0 |            0 |            0 |            0 |            0 |            0 |            0 |            0 |            0 |            0 |            0 |            0 |            0 |            0 |            0 |            0 |            0 |            0 |
|  OFFCORE_RESPONSE_0_LOCAL_DRAM |   PMC0  |    301590148 |    276788897 |    272387895 |    273916946 |    266463944 |    277676518 |    927758559 |    829141422 |    829725180 |    834813204 |    838660330 |    784213717 |    111335036 |    111652999 |    107739516 |    109577644 |    111716979 |    115264645 |    707352346 |    774305580 |    772936953 |    773344520 |    774352326 |    773414968 |
| OFFCORE_RESPONSE_1_REMOTE_DRAM |   PMC1  |    113139635 |     91667645 |     91198465 |     92630247 |    108410862 |    122197730 |     30527201 |      2023200 |      4012402 |      3235909 |      2895622 |     58011662 |    220863164 |    218263177 |    216233904 |    217753828 |    221311039 |    230266429 |    140513594 |     77105986 |     77142883 |     77863120 |     77504691 |     77383981 |
|  MEM_LOAD_UOPS_RETIRED_L3_ALL  |   PMC2  |    239625724 |    292954570 |    339076427 |    394014504 |    465121126 |    535092866 |    209338470 |    219420592 |    276660246 |    369781105 |    457514851 |    539715844 |    759243628 |    815183852 |    877483882 |    881835025 |   1041959437 |   1080139799 |    601767006 |    636645793 |    671856523 |    697738302 |    737573969 |    754221485 |
|  MEM_LOAD_UOPS_RETIRED_L3_MISS |   PMC3  |     90810900 |    105457698 |     94324364 |     87305048 |    111957648 |    122546034 |     57493334 |     28019753 |     42445861 |     86131178 |    127679212 |    158707874 |    224732970 |    207597671 |    222056326 |    230900229 |    353171066 |    403506133 |    175183136 |    183795637 |    192015244 |    197408673 |    203483941 |    195494581 |
|      L2_TRANS_ALL_REQUESTS     |   PMC4  |  27776342029 |  27809876968 |  26829635686 |  26845029992 |  26796707384 |  26631671503 |  10843482975 |  11072950341 |  11348022678 |  11102284781 |  10902487823 |  10920108726 |  23578070229 |  23578998104 |  23427251962 |  23460751715 |  23388322157 |  23312397077 |  10952327361 |  10936193089 |  10908177463 |  10874206679 |  10867618488 |  10880359662 |
|          L2_RQSTS_MISS         |   PMC5  |   6869734775 |   6866616579 |   6747066210 |   6754873653 |   6706312906 |   6701484212 |   1816468830 |   1751459305 |   1838785928 |   1868783025 |   1897942305 |   1948197576 |   5804664627 |   5797302719 |   5753035393 |   5760532424 |   5714685520 |   5724516443 |   1993215554 |   2020423748 |   2052194943 |   2071884422 |   2107356197 |   2139095715 |
|        UOPS_RETIRED_ALL        |   PMC6  | 377459282838 | 376081973657 | 366237875946 | 364403037570 | 362936700581 | 362858371780 | 319574991819 | 288783764395 | 286020629323 | 279731344105 | 275604324597 | 267946381311 | 318612465288 | 317781329040 | 316148469321 | 314680821232 | 313574341730 | 312041010949 | 261968174501 | 260319125433 | 256213109321 | 252636937019 | 248885648970 | 248790670550 |
|            TEMP_CORE           |   TMP0  |           41 |           39 |           41 |           42 |           42 |           39 |           44 |           44 |           44 |           42 |           42 |           39 |           42 |           42 |           42 |           43 |           42 |           41 |           43 |           44 |           41 |           44 |           42 |           41 |
|         PWR_PKG_ENERGY         |   PWR0  |    5894.1664 |            0 |            0 |            0 |            0 |            0 |            0 |            0 |            0 |            0 |            0 |            0 |    5647.7195 |            0 |            0 |            0 |            0 |            0 |            0 |            0 |            0 |            0 |            0 |            0 |
|         PWR_PP0_ENERGY         |   PWR1  |            0 |            0 |            0 |            0 |            0 |            0 |            0 |            0 |            0 |            0 |            0 |            0 |            0 |            0 |            0 |            0 |            0 |            0 |            0 |            0 |            0 |            0 |            0 |            0 |
|         PWR_DRAM_ENERGY        |   PWR3  |     926.7387 |            0 |            0 |            0 |            0 |            0 |            0 |            0 |            0 |            0 |            0 |            0 |     857.0102 |            0 |            0 |            0 |            0 |            0 |            0 |            0 |            0 |            0 |            0 |            0 |
|          CAS_COUNT_RD          | MBOX0C0 |   3154399096 |            0 |            0 |            0 |            0 |            0 |            0 |            0 |            0 |            0 |            0 |            0 |   2132757543 |            0 |            0 |            0 |            0 |            0 |            0 |            0 |            0 |            0 |            0 |            0 |
|          CAS_COUNT_WR          | MBOX0C1 |   1391383699 |            0 |            0 |            0 |            0 |            0 |            0 |            0 |            0 |            0 |            0 |            0 |    886104107 |            0 |            0 |            0 |            0 |            0 |            0 |            0 |            0 |            0 |            0 |            0 |
|          CAS_COUNT_RD          | MBOX1C0 |   3164269144 |            0 |            0 |            0 |            0 |            0 |            0 |            0 |            0 |            0 |            0 |            0 |   2126947527 |            0 |            0 |            0 |            0 |            0 |            0 |            0 |            0 |            0 |            0 |            0 |
|          CAS_COUNT_WR          | MBOX1C1 |   1397230940 |            0 |            0 |            0 |            0 |            0 |            0 |            0 |            0 |            0 |            0 |            0 |    881302664 |            0 |            0 |            0 |            0 |            0 |            0 |            0 |            0 |            0 |            0 |            0 |
|          CAS_COUNT_RD          | MBOX2C0 |            0 |            0 |            0 |            0 |            0 |            0 |            0 |            0 |            0 |            0 |            0 |            0 |            0 |            0 |            0 |            0 |            0 |            0 |            0 |            0 |            0 |            0 |            0 |            0 |
|          CAS_COUNT_WR          | MBOX2C1 |            0 |            0 |            0 |            0 |            0 |            0 |            0 |            0 |            0 |            0 |            0 |            0 |            0 |            0 |            0 |            0 |            0 |            0 |            0 |            0 |            0 |            0 |            0 |            0 |
|          CAS_COUNT_RD          | MBOX3C0 |            0 |            0 |            0 |            0 |            0 |            0 |            0 |            0 |            0 |            0 |            0 |            0 |            0 |            0 |            0 |            0 |            0 |            0 |            0 |            0 |            0 |            0 |            0 |            0 |
|          CAS_COUNT_WR          | MBOX3C1 |            0 |            0 |            0 |            0 |            0 |            0 |            0 |            0 |            0 |            0 |            0 |            0 |            0 |            0 |            0 |            0 |            0 |            0 |            0 |            0 |            0 |            0 |            0 |            0 |
|          CAS_COUNT_RD          | MBOX4C0 |   3158645723 |            0 |            0 |            0 |            0 |            0 |            0 |            0 |            0 |            0 |            0 |            0 |   2131416756 |            0 |            0 |            0 |            0 |            0 |            0 |            0 |            0 |            0 |            0 |            0 |
|          CAS_COUNT_WR          | MBOX4C1 |   1392663852 |            0 |            0 |            0 |            0 |            0 |            0 |            0 |            0 |            0 |            0 |            0 |    885630300 |            0 |            0 |            0 |            0 |            0 |            0 |            0 |            0 |            0 |            0 |            0 |
|          CAS_COUNT_RD          | MBOX5C0 |   3160535040 |            0 |            0 |            0 |            0 |            0 |            0 |            0 |            0 |            0 |            0 |            0 |   2128679271 |            0 |            0 |            0 |            0 |            0 |            0 |            0 |            0 |            0 |            0 |            0 |
|          CAS_COUNT_WR          | MBOX5C1 |   1396682508 |            0 |            0 |            0 |            0 |            0 |            0 |            0 |            0 |            0 |            0 |            0 |    881728996 |            0 |            0 |            0 |            0 |            0 |            0 |            0 |            0 |            0 |            0 |            0 |
|          CAS_COUNT_RD          | MBOX6C0 |            0 |            0 |            0 |            0 |            0 |            0 |            0 |            0 |            0 |            0 |            0 |            0 |            0 |            0 |            0 |            0 |            0 |            0 |            0 |            0 |            0 |            0 |            0 |            0 |
|          CAS_COUNT_WR          | MBOX6C1 |            0 |            0 |            0 |            0 |            0 |            0 |            0 |            0 |            0 |            0 |            0 |            0 |            0 |            0 |            0 |            0 |            0 |            0 |            0 |            0 |            0 |            0 |            0 |            0 |
|          CAS_COUNT_RD          | MBOX7C0 |            0 |            0 |            0 |            0 |            0 |            0 |            0 |            0 |            0 |            0 |            0 |            0 |            0 |            0 |            0 |            0 |            0 |            0 |            0 |            0 |            0 |            0 |            0 |            0 |
|          CAS_COUNT_WR          | MBOX7C1 |            0 |            0 |            0 |            0 |            0 |            0 |            0 |            0 |            0 |            0 |            0 |            0 |            0 |            0 |            0 |            0 |            0 |            0 |            0 |            0 |            0 |            0 |            0 |            0 |
+--------------------------------+---------+--------------+--------------+--------------+--------------+--------------+--------------+--------------+--------------+--------------+--------------+--------------+--------------+--------------+--------------+--------------+--------------+--------------+--------------+--------------+--------------+--------------+--------------+--------------+--------------+
+-------------------------------------+---------+---------------+--------------+--------------+--------------+
|                Event                | Counter |      Sum      |      Min     |      Max     |      Avg     |
+-------------------------------------+---------+---------------+--------------+--------------+--------------+
|        INSTR_RETIRED_ANY STAT       |  FIXC0  | 5915292684970 | 204814946598 | 302904231737 | 2.464705e+11 |
|      CPU_CLK_UNHALTED_CORE STAT     |  FIXC1  | 4194653882203 | 161196732518 | 185920102941 | 1.747772e+11 |
|      CPU_CLK_UNHALTED_REF STAT      |  FIXC2  | 4196514417041 | 161245970096 | 186021509008 | 1.748548e+11 |
|           FIXC1/FIXC0 STAT          |   CPI   |             0 |            0 |            0 |            0 |
|  OFFCORE_RESPONSE_0_LOCAL_DRAM STAT |   PMC0  |   11956130272 |    107739516 |    927758559 | 4.981721e+08 |
| OFFCORE_RESPONSE_1_REMOTE_DRAM STAT |   PMC1  |    2572156376 |      2023200 |    230266429 | 1.071732e+08 |
|  MEM_LOAD_UOPS_RETIRED_L3_ALL STAT  |   PMC2  |   13893965026 |    209338470 |   1080139799 | 5.789152e+08 |
|  MEM_LOAD_UOPS_RETIRED_L3_MISS STAT |   PMC3  |    3902224511 |     28019753 |    403506133 | 1.625927e+08 |
|      L2_TRANS_ALL_REQUESTS STAT     |   PMC4  |  435043274872 |  10843482975 |  27809876968 | 1.812680e+10 |
|          L2_RQSTS_MISS STAT         |   PMC5  |   98706633009 |   1751459305 |   6869734775 | 4.112776e+09 |
|        UOPS_RETIRED_ALL STAT        |   PMC6  | 7349290781276 | 248790670550 | 377459282838 | 3.062204e+11 |
|            TEMP_CORE STAT           |   TMP0  |          1006 |           39 |           44 |      41.9167 |
|         PWR_PKG_ENERGY STAT         |   PWR0  |    11541.8859 |            0 |    5894.1664 |     480.9119 |
|         PWR_PP0_ENERGY STAT         |   PWR1  |             0 |            0 |            0 |            0 |
|         PWR_DRAM_ENERGY STAT        |   PWR3  |     1783.7489 |            0 |     926.7387 |      74.3229 |
|          CAS_COUNT_RD STAT          | MBOX0C0 |    5287156639 |            0 |   3154399096 | 2.202982e+08 |
|          CAS_COUNT_WR STAT          | MBOX0C1 |    2277487806 |            0 |   1391383699 | 9.489533e+07 |
|          CAS_COUNT_RD STAT          | MBOX1C0 |    5291216671 |            0 |   3164269144 | 2.204674e+08 |
|          CAS_COUNT_WR STAT          | MBOX1C1 |    2278533604 |            0 |   1397230940 | 9.493890e+07 |
|          CAS_COUNT_RD STAT          | MBOX2C0 |             0 |            0 |            0 |            0 |
|          CAS_COUNT_WR STAT          | MBOX2C1 |             0 |            0 |            0 |            0 |
|          CAS_COUNT_RD STAT          | MBOX3C0 |             0 |            0 |            0 |            0 |
|          CAS_COUNT_WR STAT          | MBOX3C1 |             0 |            0 |            0 |            0 |
|          CAS_COUNT_RD STAT          | MBOX4C0 |    5290062479 |            0 |   3158645723 | 2.204193e+08 |
|          CAS_COUNT_WR STAT          | MBOX4C1 |    2278294152 |            0 |   1392663852 |     94928923 |
|          CAS_COUNT_RD STAT          | MBOX5C0 |    5289214311 |            0 |   3160535040 | 2.203839e+08 |
|          CAS_COUNT_WR STAT          | MBOX5C1 |    2278411504 |            0 |   1396682508 | 9.493381e+07 |
|          CAS_COUNT_RD STAT          | MBOX6C0 |             0 |            0 |            0 |            0 |
|          CAS_COUNT_WR STAT          | MBOX6C1 |             0 |            0 |            0 |            0 |
|          CAS_COUNT_RD STAT          | MBOX7C0 |             0 |            0 |            0 |            0 |
|          CAS_COUNT_WR STAT          | MBOX7C1 |             0 |            0 |            0 |            0 |
+-------------------------------------+---------+---------------+--------------+--------------+--------------+
+-----------------------------------+------------+-----------+-----------+-----------+-----------+-----------+-----------+-----------+-----------+-----------+-----------+-----------+-----------+-----------+-----------+-----------+-----------+-----------+-----------+-----------+-----------+-----------+-----------+-----------+
|               Metric              |   Core 0   |   Core 1  |   Core 2  |   Core 3  |   Core 4  |   Core 5  |   Core 6  |   Core 7  |   Core 8  |   Core 9  |  Core 10  |  Core 11  |  Core 12  |  Core 13  |  Core 14  |  Core 15  |  Core 16  |  Core 17  |  Core 18  |  Core 19  |  Core 20  |  Core 21  |  Core 22  |  Core 23  |
+-----------------------------------+------------+-----------+-----------+-----------+-----------+-----------+-----------+-----------+-----------+-----------+-----------+-----------+-----------+-----------+-----------+-----------+-----------+-----------+-----------+-----------+-----------+-----------+-----------+-----------+
|        Runtime (RDTSC) [s]        |    81.7642 |   81.7642 |   81.7642 |   81.7642 |   81.7642 |   81.7642 |   81.7642 |   81.7642 |   81.7642 |   81.7642 |   81.7642 |   81.7642 |   81.7642 |   81.7642 |   81.7642 |   81.7642 |   81.7642 |   81.7642 |   81.7642 |   81.7642 |   81.7642 |   81.7642 |   81.7642 |   81.7642 |
|        Runtime unhalted [s]       |    80.7696 |   80.7652 |   80.7830 |   80.7904 |   80.8037 |   80.8002 |   79.7936 |   70.0860 |   70.1942 |   70.2606 |   70.3810 |   70.4647 |   80.8065 |   80.8289 |   80.8114 |   80.8149 |   80.8354 |   80.8161 |   70.3684 |   70.4394 |   70.4825 |   70.5302 |   70.5677 |   70.5814 |
|            Clock [MHz]            |  2298.7210 | 2298.7022 | 2298.7377 | 2298.7321 | 2298.7423 | 2298.7491 | 2299.5050 | 2299.2821 | 2298.9858 | 2299.3168 | 2299.1675 | 2299.2921 | 2298.7194 | 2298.8556 | 2298.7395 | 2298.7447 | 2298.7306 | 2299.0646 | 2298.7323 | 2299.0485 | 2298.9554 | 2299.1767 | 2299.1793 | 2299.5457 |
|                CPI                |     0.6133 |    0.6148 |    0.6341 |    0.6362 |    0.6380 |    0.6381 |    0.7222 |    0.7017 |    0.7080 |    0.7213 |    0.7305 |    0.7479 |    0.7299 |    0.7314 |    0.7342 |    0.7365 |    0.7384 |    0.7406 |    0.7600 |    0.7643 |    0.7739 |    0.7829 |    0.7922 |    0.7926 |
|   Local DRAM data volume [GByte]  |    19.3018 |   17.7145 |   17.4328 |   17.5307 |   17.0537 |   17.7713 |   59.3765 |   53.0651 |   53.1024 |   53.4280 |   53.6743 |   50.1897 |    7.1254 |    7.1458 |    6.8953 |    7.0130 |    7.1499 |    7.3769 |   45.2706 |   49.5556 |   49.4680 |   49.4940 |   49.5585 |   49.4986 |
|   Local DRAM bandwidth [MByte/s]  |   236.0662 |  216.6533 |  213.2085 |  214.4053 |  208.5716 |  217.3481 |  726.1924 |  649.0009 |  649.4579 |  653.4404 |  656.4517 |  613.8343 |   87.1462 |   87.3951 |   84.3319 |   85.7706 |   87.4452 |   90.2221 |  553.6719 |  606.0788 |  605.0075 |  605.3265 |  606.1154 |  605.3817 |
|  Remote DRAM data volume [GByte]  |     7.2409 |    5.8667 |    5.8367 |    5.9283 |    6.9383 |    7.8207 |    1.9537 |    0.1295 |    0.2568 |    0.2071 |    0.1853 |    3.7127 |   14.1352 |   13.9688 |   13.8390 |   13.9362 |   14.1639 |   14.7371 |    8.9929 |    4.9348 |    4.9371 |    4.9832 |    4.9603 |    4.9526 |
|  Remote DRAM bandwidth [MByte/s]  |    88.5587 |   71.7518 |   71.3846 |   72.5053 |   84.8574 |   95.6489 |   23.8948 |    1.5836 |    3.1407 |    2.5329 |    2.2665 |   45.4080 |  172.8781 |  170.8430 |  169.2546 |  170.4443 |  173.2287 |  180.2384 |  109.9854 |   60.3538 |   60.3827 |   60.9465 |   60.6659 |   60.5714 |
|     Memory data volume [GByte]    |    26.5427 |   23.5812 |   23.2695 |   23.4590 |   23.9920 |   25.5920 |   61.3303 |   53.1945 |   53.3592 |   53.6351 |   53.8596 |   53.9024 |   21.2607 |   21.1146 |   20.7343 |   20.9492 |   21.3138 |   22.1140 |   54.2634 |   54.4903 |   54.4051 |   54.4773 |   54.5188 |   54.4511 |
|     Memory bandwidth [MByte/s]    |   324.6250 |  288.4051 |  284.5930 |  286.9106 |  293.4289 |  312.9970 |  750.0872 |  650.5846 |  652.5985 |  655.9733 |  658.7183 |  659.2422 |  260.0243 |  258.2381 |  253.5865 |  256.2149 |  260.6739 |  270.4605 |  663.6573 |  666.4326 |  665.3902 |  666.2730 |  666.7813 |  665.9531 |
|          L3 request rate          |     2.6387 |    2.7779 |    3.5948 |    4.5131 |    4.1544 |    4.3665 |    3.6411 |    7.8309 |    6.5180 |    4.2932 |    3.5833 |    3.4007 |    3.3784 |    3.9267 |    3.9516 |    3.8191 |    2.9503 |    2.6769 |    3.4351 |    3.4639 |    3.4990 |    3.5345 |    3.6247 |    3.8580 |
|            L3 miss rate           |     0.4722 |    0.3129 |    0.2690 |    0.2351 |    0.2331 |    0.2284 |    0.1458 |    0.0092 |    0.0145 |    0.0088 |    0.0063 |    0.1075 |    0.2909 |    0.2677 |    0.2464 |    0.2469 |    0.2124 |    0.2132 |    0.2335 |    0.1211 |    0.1148 |    0.1116 |    0.1051 |    0.1026 |
|           L3 miss ratio           |     0.3751 |    0.3312 |    0.3348 |    0.3382 |    0.4069 |    0.4401 |    0.0329 |    0.0024 |    0.0048 |    0.0039 |    0.0035 |    0.0740 |    1.9838 |    1.9548 |    2.0070 |    1.9872 |    1.9810 |    1.9977 |    0.1986 |    0.0996 |    0.0998 |    0.1007 |    0.1001 |    0.1001 |
|          L2 request rate          |     0.0917 |    0.0920 |    0.0916 |    0.0919 |    0.0920 |    0.0914 |    0.0427 |    0.0482 |    0.0498 |    0.0496 |    0.0492 |    0.0504 |    0.0926 |    0.0928 |    0.0925 |    0.0930 |    0.0929 |    0.0929 |    0.0514 |    0.0516 |    0.0521 |    0.0525 |    0.0530 |    0.0531 |
|            L2 miss rate           |     0.0227 |    0.0227 |    0.0230 |    0.0231 |    0.0230 |    0.0230 |    0.0071 |    0.0076 |    0.0081 |    0.0083 |    0.0086 |    0.0090 |    0.0228 |    0.0228 |    0.0227 |    0.0228 |    0.0227 |    0.0228 |    0.0094 |    0.0095 |    0.0098 |    0.0100 |    0.0103 |    0.0104 |
|           L2 miss ratio           |     0.2473 |    0.2469 |    0.2515 |    0.2516 |    0.2503 |    0.2516 |    0.1675 |    0.1582 |    0.1620 |    0.1683 |    0.1741 |    0.1784 |    0.2462 |    0.2459 |    0.2456 |    0.2455 |    0.2443 |    0.2456 |    0.1820 |    0.1847 |    0.1881 |    0.1905 |    0.1939 |    0.1966 |
|  Memory read bandwidth [MBytes/s] |  9892.1311 |         0 |         0 |         0 |         0 |         0 |         0 |         0 |         0 |         0 |         0 |         0 | 6668.7764 |         0 |         0 |         0 |         0 |         0 |         0 |         0 |         0 |         0 |         0 |         0 |
|  Memory read data volume [GBytes] |   808.8223 |         0 |         0 |         0 |         0 |         0 |         0 |         0 |         0 |         0 |         0 |         0 |  545.2673 |         0 |         0 |         0 |         0 |         0 |         0 |         0 |         0 |         0 |         0 |         0 |
| Memory write bandwidth [MBytes/s] |  4366.0849 |         0 |         0 |         0 |         0 |         0 |         0 |         0 |         0 |         0 |         0 |         0 | 2766.7975 |         0 |         0 |         0 |         0 |         0 |         0 |         0 |         0 |         0 |         0 |         0 |
| Memory write data volume [GBytes] |   356.9895 |         0 |         0 |         0 |         0 |         0 |         0 |         0 |         0 |         0 |         0 |         0 |  226.2250 |         0 |         0 |         0 |         0 |         0 |         0 |         0 |         0 |         0 |         0 |         0 |
|    Memory bandwidth [MBytes/s]    | 14258.2160 |         0 |         0 |         0 |         0 |         0 |         0 |         0 |         0 |         0 |         0 |         0 | 9435.5739 |         0 |         0 |         0 |         0 |         0 |         0 |         0 |         0 |         0 |         0 |         0 |
|    Memory data volume [GBytes]    |  1165.8118 |         0 |         0 |         0 |         0 |         0 |         0 |         0 |         0 |         0 |         0 |         0 |  771.4923 |         0 |         0 |         0 |         0 |         0 |         0 |         0 |         0 |         0 |         0 |         0 |
|          Temperature [C]          |         41 |        39 |        41 |        42 |        42 |        39 |        44 |        44 |        44 |        42 |        42 |        39 |        42 |        42 |        42 |        43 |        42 |        41 |        43 |        44 |        41 |        44 |        42 |        41 |
|             Energy [J]            |  5894.1664 |         0 |         0 |         0 |         0 |         0 |         0 |         0 |         0 |         0 |         0 |         0 | 5647.7195 |         0 |         0 |         0 |         0 |         0 |         0 |         0 |         0 |         0 |         0 |         0 |
|             Power [W]             |    72.0874 |         0 |         0 |         0 |         0 |         0 |         0 |         0 |         0 |         0 |         0 |         0 |   69.0732 |         0 |         0 |         0 |         0 |         0 |         0 |         0 |         0 |         0 |         0 |         0 |
|           Energy PP0 [J]          |          0 |         0 |         0 |         0 |         0 |         0 |         0 |         0 |         0 |         0 |         0 |         0 |         0 |         0 |         0 |         0 |         0 |         0 |         0 |         0 |         0 |         0 |         0 |         0 |
|           Power PP0 [W]           |          0 |         0 |         0 |         0 |         0 |         0 |         0 |         0 |         0 |         0 |         0 |         0 |         0 |         0 |         0 |         0 |         0 |         0 |         0 |         0 |         0 |         0 |         0 |         0 |
|          Energy DRAM [J]          |   926.7387 |         0 |         0 |         0 |         0 |         0 |         0 |         0 |         0 |         0 |         0 |         0 |  857.0102 |         0 |         0 |         0 |         0 |         0 |         0 |         0 |         0 |         0 |         0 |         0 |
|           Power DRAM [W]          |    11.3343 |         0 |         0 |         0 |         0 |         0 |         0 |         0 |         0 |         0 |         0 |         0 |   10.4815 |         0 |         0 |         0 |         0 |         0 |         0 |         0 |         0 |         0 |         0 |         0 |
+-----------------------------------+------------+-----------+-----------+-----------+-----------+-----------+-----------+-----------+-----------+-----------+-----------+-----------+-----------+-----------+-----------+-----------+-----------+-----------+-----------+-----------+-----------+-----------+-----------+-----------+
+----------------------------------------+------------+-----------+------------+-----------+
|                 Metric                 |     Sum    |    Min    |     Max    |    Avg    |
+----------------------------------------+------------+-----------+------------+-----------+
|        Runtime (RDTSC) [s] STAT        |  1962.3408 |   81.7642 |    81.7642 |   81.7642 |
|        Runtime unhalted [s] STAT       |  1823.7750 |   70.0860 |    80.8354 |   75.9906 |
|            Clock [MHz] STAT            | 55175.4260 | 2298.7022 |  2299.5457 | 2298.9761 |
|                CPI STAT                |    17.1830 |    0.6133 |     0.7926 |    0.7160 |
|   Local DRAM data volume [GByte] STAT  |   765.1924 |    6.8953 |    59.3765 |   31.8830 |
|   Local DRAM bandwidth [MByte/s] STAT  |  9358.5235 |   84.3319 |   726.1924 |  389.9385 |
|  Remote DRAM data volume [GByte] STAT  |   164.6178 |    0.1295 |    14.7371 |    6.8591 |
|  Remote DRAM bandwidth [MByte/s] STAT  |  2013.3260 |    1.5836 |   180.2384 |   83.8886 |
|     Memory data volume [GByte] STAT    |   929.8101 |   20.7343 |    61.3303 |   38.7421 |
|     Memory bandwidth [MByte/s] STAT    | 11371.8494 |  253.5865 |   750.0872 |  473.8271 |
|          L3 request rate STAT          |    93.4308 |    2.6387 |     7.8309 |    3.8930 |
|            L3 miss rate STAT           |     4.3090 |    0.0063 |     0.4722 |    0.1795 |
|           L3 miss ratio STAT           |    14.9582 |    0.0024 |     2.0070 |    0.6233 |
|          L2 request rate STAT          |     1.7109 |    0.0427 |     0.0930 |    0.0713 |
|            L2 miss rate STAT           |     0.3822 |    0.0071 |     0.0231 |    0.0159 |
|           L2 miss ratio STAT           |     5.1166 |    0.1582 |     0.2516 |    0.2132 |
|  Memory read bandwidth [MBytes/s] STAT | 16560.9075 |         0 |  9892.1311 |  690.0378 |
|  Memory read data volume [GBytes] STAT |  1354.0896 |         0 |   808.8223 |   56.4204 |
| Memory write bandwidth [MBytes/s] STAT |  7132.8824 |         0 |  4366.0849 |  297.2034 |
| Memory write data volume [GBytes] STAT |   583.2145 |         0 |   356.9895 |   24.3006 |
|    Memory bandwidth [MBytes/s] STAT    | 23693.7899 |         0 | 14258.2160 |  987.2412 |
|    Memory data volume [GBytes] STAT    |  1937.3041 |         0 |  1165.8118 |   80.7210 |
|          Temperature [C] STAT          |       1006 |        39 |         44 |   41.9167 |
|             Energy [J] STAT            | 11541.8859 |         0 |  5894.1664 |  480.9119 |
|             Power [W] STAT             |   141.1606 |         0 |    72.0874 |    5.8817 |
|           Energy PP0 [J] STAT          |          0 |         0 |          0 |         0 |
|           Power PP0 [W] STAT           |          0 |         0 |          0 |         0 |
|          Energy DRAM [J] STAT          |  1783.7489 |         0 |   926.7387 |   74.3229 |
|           Power DRAM [W] STAT          |    21.8158 |         0 |    11.3343 |    0.9090 |
+----------------------------------------+------------+-----------+------------+-----------+
