--------------------------------------------------------------------------------
CPU name:	Intel(R) Xeon(R) CPU E5-2670 v3 @ 2.30GHz
CPU type:	Intel Xeon Haswell EN/EP/EX processor
CPU clock:	2.30 GHz
--------------------------------------------------------------------------------
Group 1: POWERPERF
+--------------------------------+---------+--------------+--------------+--------------+--------------+--------------+--------------+--------------+--------------+--------------+--------------+--------------+--------------+--------------+--------------+--------------+--------------+--------------+--------------+--------------+--------------+--------------+--------------+--------------+--------------+
|              Event             | Counter |    Core 0    |    Core 1    |    Core 2    |    Core 3    |    Core 4    |    Core 5    |    Core 6    |    Core 7    |    Core 8    |    Core 9    |    Core 10   |    Core 11   |    Core 12   |    Core 13   |    Core 14   |    Core 15   |    Core 16   |    Core 17   |    Core 18   |    Core 19   |    Core 20   |    Core 21   |    Core 22   |    Core 23   |
+--------------------------------+---------+--------------+--------------+--------------+--------------+--------------+--------------+--------------+--------------+--------------+--------------+--------------+--------------+--------------+--------------+--------------+--------------+--------------+--------------+--------------+--------------+--------------+--------------+--------------+--------------+
|        INSTR_RETIRED_ANY       |  FIXC0  | 629683155725 | 630045602353 | 630057793262 | 630036211634 | 623847789257 | 623581944650 | 497699327792 | 478580267551 | 470696433004 | 479824083103 | 474698255523 | 472304236217 | 623691920891 | 623692880852 | 622220704912 | 621290704772 | 621323899248 | 621265479205 | 469888328476 | 473897808996 | 473644151311 | 479653811444 | 469484108215 | 476060025133 |
|      CPU_CLK_UNHALTED_CORE     |  FIXC1  | 329509224040 | 326545617812 | 326886138957 | 326898391761 | 322833755811 | 322572023351 | 312433213426 | 303638818457 | 300384825437 | 305987331804 | 302713469675 | 301265930319 | 317532458740 | 317805288013 | 316958795424 | 316565266496 | 315056708838 | 314641687055 | 304464299501 | 306265071993 | 307657622486 | 311827394574 | 305518900261 | 309042194783 |
|      CPU_CLK_UNHALTED_REF      |  FIXC2  | 329639159372 | 326709732839 | 326961074907 | 327037130295 | 323979739743 | 324015646515 | 312706235348 | 304118980441 | 300910528833 | 306484190754 | 303208587817 | 301755396573 | 321088666860 | 321235184243 | 320524241271 | 320090467734 | 319459314430 | 319276758623 | 305004024259 | 306803040007 | 308121004246 | 312302207573 | 306027826364 | 309512468182 |
|           FIXC1/FIXC0          |   CPI   |            0 |            0 |            0 |            0 |            0 |            0 |            0 |            0 |            0 |            0 |            0 |            0 |            0 |            0 |            0 |            0 |            0 |            0 |            0 |            0 |            0 |            0 |            0 |            0 |
|  OFFCORE_RESPONSE_0_LOCAL_DRAM |   PMC0  |   7684324119 |   7611750512 |   7616852741 |   7609372088 |   7595965246 |   7535973961 |   1637492833 |   1610146861 |   1577684994 |   1609590170 |   1587774204 |   1586215270 |   7596136563 |   7648408054 |   7613141380 |   7591622181 |   7661967819 |   7651301858 |   1305349047 |   1359225878 |   1366316666 |   1373569408 |   1301227956 |   1359203250 |
| OFFCORE_RESPONSE_1_REMOTE_DRAM |   PMC1  |     10812765 |      3030840 |      2902406 |      2755030 |      3301758 |     56521224 |    927447259 |    926382673 |    913605240 |    930564853 |    925051449 |    911090206 |     32938941 |      2222579 |      2501016 |      2258975 |      3331083 |     11200031 |   1156618645 |   1129491199 |   1121648776 |   1152548445 |   1162011126 |   1142200593 |
|  MEM_LOAD_UOPS_RETIRED_L3_ALL  |   PMC2  |    565555025 |    565475998 |    567432732 |    568269077 |    554689573 |    556558736 |    569096458 |    574080115 |    563682074 |    574947190 |    569386806 |    565874667 |    543037359 |    545754950 |    539120466 |    537903427 |    525981333 |    523228223 |    564021479 |    569009545 |    568025734 |    576711698 |    563133994 |    572673746 |
|  MEM_LOAD_UOPS_RETIRED_L3_MISS |   PMC3  |    206053008 |    200633362 |    201018057 |    200653938 |    198440795 |    199055820 |    494249412 |    500133343 |    490985746 |    500958391 |    496205896 |    492208479 |    199045642 |    199185912 |    197299657 |    196897400 |    196458529 |    196763992 |    486909288 |    491855584 |    491129216 |    499180493 |    487021383 |    495076285 |
|      L2_TRANS_ALL_REQUESTS     |   PMC4  |  88541200147 |  87714958490 |  87957185891 |  87937439017 |  87211312674 |  87298460432 |  12363624672 |  11707536063 |  11530572809 |  11764976783 |  11643605498 |  11576811149 |  86715820987 |  87096428310 |  86572042423 |  86292769041 |  86620425152 |  86415048965 |  11498409894 |  11593752711 |  11595787275 |  11765790048 |  11515620256 |  11661177650 |
|          L2_RQSTS_MISS         |   PMC5  |  14750816857 |  14592252955 |  14606578479 |  14623029474 |  14445167197 |  14464375269 |   3470550659 |   3363679502 |   3309398897 |   3371488348 |   3336775234 |   3320550340 |  14330349082 |  14366137491 |  14299491187 |  14256692453 |  14211837933 |  14187447966 |   3307606238 |   3335565545 |   3332644290 |   3377236979 |   3305679327 |   3351561989 |
|        UOPS_RETIRED_ALL        |   PMC6  | 811687434459 | 812389230026 | 812418945580 | 812378251732 | 804506164975 | 804143287576 | 545276055062 | 518427498766 | 509919855052 | 519864611193 | 514297386922 | 511654248792 | 804359192822 | 804367761919 | 802602519599 | 801408272621 | 801484529100 | 801363004571 | 509128736809 | 513394205768 | 513165035219 | 519570187894 | 508695875011 | 515661407941 |
|            TEMP_CORE           |   TMP0  |           45 |           41 |           42 |           40 |           42 |           44 |           47 |           47 |           46 |           47 |           46 |           48 |           43 |           46 |           45 |           47 |           51 |           47 |           49 |           48 |           47 |           49 |           48 |           45 |
|         PWR_PKG_ENERGY         |   PWR0  |   13410.7929 |            0 |            0 |            0 |            0 |            0 |            0 |            0 |            0 |            0 |            0 |            0 |   14107.5903 |            0 |            0 |            0 |            0 |            0 |            0 |            0 |            0 |            0 |            0 |            0 |
|         PWR_PP0_ENERGY         |   PWR1  |            0 |            0 |            0 |            0 |            0 |            0 |            0 |            0 |            0 |            0 |            0 |            0 |            0 |            0 |            0 |            0 |            0 |            0 |            0 |            0 |            0 |            0 |            0 |            0 |
|         PWR_DRAM_ENERGY        |   PWR3  |    2674.0363 |            0 |            0 |            0 |            0 |            0 |            0 |            0 |            0 |            0 |            0 |            0 |    2679.8350 |            0 |            0 |            0 |            0 |            0 |            0 |            0 |            0 |            0 |            0 |            0 |
|          CAS_COUNT_RD          | MBOX0C0 |  21123037417 |            0 |            0 |            0 |            0 |            0 |            0 |            0 |            0 |            0 |            0 |            0 |  20079167691 |            0 |            0 |            0 |            0 |            0 |            0 |            0 |            0 |            0 |            0 |            0 |
|          CAS_COUNT_WR          | MBOX0C1 |   5477533234 |            0 |            0 |            0 |            0 |            0 |            0 |            0 |            0 |            0 |            0 |            0 |   5219332486 |            0 |            0 |            0 |            0 |            0 |            0 |            0 |            0 |            0 |            0 |            0 |
|          CAS_COUNT_RD          | MBOX1C0 |  21118904255 |            0 |            0 |            0 |            0 |            0 |            0 |            0 |            0 |            0 |            0 |            0 |  20077196771 |            0 |            0 |            0 |            0 |            0 |            0 |            0 |            0 |            0 |            0 |            0 |
|          CAS_COUNT_WR          | MBOX1C1 |   5469535064 |            0 |            0 |            0 |            0 |            0 |            0 |            0 |            0 |            0 |            0 |            0 |   5211542343 |            0 |            0 |            0 |            0 |            0 |            0 |            0 |            0 |            0 |            0 |            0 |
|          CAS_COUNT_RD          | MBOX2C0 |            0 |            0 |            0 |            0 |            0 |            0 |            0 |            0 |            0 |            0 |            0 |            0 |            0 |            0 |            0 |            0 |            0 |            0 |            0 |            0 |            0 |            0 |            0 |            0 |
|          CAS_COUNT_WR          | MBOX2C1 |            0 |            0 |            0 |            0 |            0 |            0 |            0 |            0 |            0 |            0 |            0 |            0 |            0 |            0 |            0 |            0 |            0 |            0 |            0 |            0 |            0 |            0 |            0 |            0 |
|          CAS_COUNT_RD          | MBOX3C0 |            0 |            0 |            0 |            0 |            0 |            0 |            0 |            0 |            0 |            0 |            0 |            0 |            0 |            0 |            0 |            0 |            0 |            0 |            0 |            0 |            0 |            0 |            0 |            0 |
|          CAS_COUNT_WR          | MBOX3C1 |            0 |            0 |            0 |            0 |            0 |            0 |            0 |            0 |            0 |            0 |            0 |            0 |            0 |            0 |            0 |            0 |            0 |            0 |            0 |            0 |            0 |            0 |            0 |            0 |
|          CAS_COUNT_RD          | MBOX4C0 |  21114589181 |            0 |            0 |            0 |            0 |            0 |            0 |            0 |            0 |            0 |            0 |            0 |  20081384355 |            0 |            0 |            0 |            0 |            0 |            0 |            0 |            0 |            0 |            0 |            0 |
|          CAS_COUNT_WR          | MBOX4C1 |   5479328638 |            0 |            0 |            0 |            0 |            0 |            0 |            0 |            0 |            0 |            0 |            0 |   5223579348 |            0 |            0 |            0 |            0 |            0 |            0 |            0 |            0 |            0 |            0 |            0 |
|          CAS_COUNT_RD          | MBOX5C0 |  21114294170 |            0 |            0 |            0 |            0 |            0 |            0 |            0 |            0 |            0 |            0 |            0 |  20077666632 |            0 |            0 |            0 |            0 |            0 |            0 |            0 |            0 |            0 |            0 |            0 |
|          CAS_COUNT_WR          | MBOX5C1 |   5471606292 |            0 |            0 |            0 |            0 |            0 |            0 |            0 |            0 |            0 |            0 |            0 |   5215335809 |            0 |            0 |            0 |            0 |            0 |            0 |            0 |            0 |            0 |            0 |            0 |
|          CAS_COUNT_RD          | MBOX6C0 |            0 |            0 |            0 |            0 |            0 |            0 |            0 |            0 |            0 |            0 |            0 |            0 |            0 |            0 |            0 |            0 |            0 |            0 |            0 |            0 |            0 |            0 |            0 |            0 |
|          CAS_COUNT_WR          | MBOX6C1 |            0 |            0 |            0 |            0 |            0 |            0 |            0 |            0 |            0 |            0 |            0 |            0 |            0 |            0 |            0 |            0 |            0 |            0 |            0 |            0 |            0 |            0 |            0 |            0 |
|          CAS_COUNT_RD          | MBOX7C0 |            0 |            0 |            0 |            0 |            0 |            0 |            0 |            0 |            0 |            0 |            0 |            0 |            0 |            0 |            0 |            0 |            0 |            0 |            0 |            0 |            0 |            0 |            0 |            0 |
|          CAS_COUNT_WR          | MBOX7C1 |            0 |            0 |            0 |            0 |            0 |            0 |            0 |            0 |            0 |            0 |            0 |            0 |            0 |            0 |            0 |            0 |            0 |            0 |            0 |            0 |            0 |            0 |            0 |            0 |
+--------------------------------+---------+--------------+--------------+--------------+--------------+--------------+--------------+--------------+--------------+--------------+--------------+--------------+--------------+--------------+--------------+--------------+--------------+--------------+--------------+--------------+--------------+--------------+--------------+--------------+--------------+
+-------------------------------------+---------+----------------+--------------+--------------+--------------+
|                Event                | Counter |       Sum      |      Min     |      Max     |      Avg     |
+-------------------------------------+---------+----------------+--------------+--------------+--------------+
|        INSTR_RETIRED_ANY STAT       |  FIXC0  | 13217168923526 | 469484108215 | 630057793262 | 5.507154e+11 |
|      CPU_CLK_UNHALTED_CORE STAT     |  FIXC1  |  7525004429014 | 300384825437 | 329509224040 | 3.135419e+11 |
|      CPU_CLK_UNHALTED_REF STAT      |  FIXC2  |  7556971607229 | 300910528833 | 329639159372 | 3.148738e+11 |
|           FIXC1/FIXC0 STAT          |   CPI   |              0 |            0 |            0 |            0 |
|  OFFCORE_RESPONSE_0_LOCAL_DRAM STAT |   PMC0  |   109090613059 |   1301227956 |   7684324119 | 4.545442e+09 |
| OFFCORE_RESPONSE_1_REMOTE_DRAM STAT |   PMC1  |    12532437112 |      2222579 |   1162011126 | 5.221849e+08 |
|  MEM_LOAD_UOPS_RETIRED_L3_ALL STAT  |   PMC2  |    13423650405 |    523228223 |    576711698 | 5.593188e+08 |
|  MEM_LOAD_UOPS_RETIRED_L3_MISS STAT |   PMC3  |     8317419628 |    196458529 |    500958391 | 3.465592e+08 |
|      L2_TRANS_ALL_REQUESTS STAT     |   PMC4  |  1186590756337 |  11498409894 |  88541200147 | 4.944128e+10 |
|          L2_RQSTS_MISS STAT         |   PMC5  |   213316913691 |   3305679327 |  14750816857 | 8.888205e+09 |
|        UOPS_RETIRED_ALL STAT        |   PMC6  | 15872163699409 | 508695875011 | 812418945580 | 6.613402e+11 |
|            TEMP_CORE STAT           |   TMP0  |           1100 |           40 |           51 |      45.8333 |
|         PWR_PKG_ENERGY STAT         |   PWR0  |     27518.3832 |            0 |   14107.5903 |    1146.5993 |
|         PWR_PP0_ENERGY STAT         |   PWR1  |              0 |            0 |            0 |            0 |
|         PWR_DRAM_ENERGY STAT        |   PWR3  |      5353.8713 |            0 |    2679.8350 |     223.0780 |
|          CAS_COUNT_RD STAT          | MBOX0C0 |    41202205108 |            0 |  21123037417 | 1.716759e+09 |
|          CAS_COUNT_WR STAT          | MBOX0C1 |    10696865720 |            0 |   5477533234 | 4.457027e+08 |
|          CAS_COUNT_RD STAT          | MBOX1C0 |    41196101026 |            0 |  21118904255 | 1.716504e+09 |
|          CAS_COUNT_WR STAT          | MBOX1C1 |    10681077407 |            0 |   5469535064 | 4.450449e+08 |
|          CAS_COUNT_RD STAT          | MBOX2C0 |              0 |            0 |            0 |            0 |
|          CAS_COUNT_WR STAT          | MBOX2C1 |              0 |            0 |            0 |            0 |
|          CAS_COUNT_RD STAT          | MBOX3C0 |              0 |            0 |            0 |            0 |
|          CAS_COUNT_WR STAT          | MBOX3C1 |              0 |            0 |            0 |            0 |
|          CAS_COUNT_RD STAT          | MBOX4C0 |    41195973536 |            0 |  21114589181 | 1.716499e+09 |
|          CAS_COUNT_WR STAT          | MBOX4C1 |    10702907986 |            0 |   5479328638 | 4.459545e+08 |
|          CAS_COUNT_RD STAT          | MBOX5C0 |    41191960802 |            0 |  21114294170 | 1.716332e+09 |
|          CAS_COUNT_WR STAT          | MBOX5C1 |    10686942101 |            0 |   5471606292 | 4.452893e+08 |
|          CAS_COUNT_RD STAT          | MBOX6C0 |              0 |            0 |            0 |            0 |
|          CAS_COUNT_WR STAT          | MBOX6C1 |              0 |            0 |            0 |            0 |
|          CAS_COUNT_RD STAT          | MBOX7C0 |              0 |            0 |            0 |            0 |
|          CAS_COUNT_WR STAT          | MBOX7C1 |              0 |            0 |            0 |            0 |
+-------------------------------------+---------+----------------+--------------+--------------+--------------+
+-----------------------------------+------------+-----------+-----------+-----------+-----------+-----------+-----------+-----------+-----------+-----------+-----------+-----------+------------+-----------+-----------+-----------+-----------+-----------+-----------+-----------+-----------+-----------+-----------+-----------+
|               Metric              |   Core 0   |   Core 1  |   Core 2  |   Core 3  |   Core 4  |   Core 5  |   Core 6  |   Core 7  |   Core 8  |   Core 9  |  Core 10  |  Core 11  |   Core 12  |  Core 13  |  Core 14  |  Core 15  |  Core 16  |  Core 17  |  Core 18  |  Core 19  |  Core 20  |  Core 21  |  Core 22  |  Core 23  |
+-----------------------------------+------------+-----------+-----------+-----------+-----------+-----------+-----------+-----------+-----------+-----------+-----------+-----------+------------+-----------+-----------+-----------+-----------+-----------+-----------+-----------+-----------+-----------+-----------+-----------+
|        Runtime (RDTSC) [s]        |   145.6460 |  145.6460 |  145.6460 |  145.6460 |  145.6460 |  145.6460 |  145.6460 |  145.6460 |  145.6460 |  145.6460 |  145.6460 |  145.6460 |   145.6460 |  145.6460 |  145.6460 |  145.6460 |  145.6460 |  145.6460 |  145.6460 |  145.6460 |  145.6460 |  145.6460 |  145.6460 |  145.6460 |
|        Runtime unhalted [s]       |   143.2672 |  141.9787 |  142.1268 |  142.1321 |  140.3648 |  140.2510 |  135.8428 |  132.0191 |  130.6043 |  133.0402 |  131.6167 |  130.9874 |   138.0599 |  138.1785 |  137.8104 |  137.6393 |  136.9834 |  136.8030 |  132.3780 |  133.1609 |  133.7664 |  135.5794 |  132.8365 |  134.3684 |
|            Clock [MHz]            |  2299.0554 | 2298.8066 | 2299.4349 | 2298.9863 | 2291.8265 | 2289.7147 | 2297.9539 | 2296.3307 | 2295.9438 | 2296.2334 | 2296.2063 | 2296.2313 |  2274.4888 | 2275.4048 | 2274.3777 | 2274.6322 | 2268.2652 | 2266.5725 | 2295.8920 | 2295.9291 | 2296.5031 | 2296.4652 | 2296.1371 | 2296.4674 |
|                CPI                |     0.5233 |    0.5183 |    0.5188 |    0.5189 |    0.5175 |    0.5173 |    0.6278 |    0.6345 |    0.6382 |    0.6377 |    0.6377 |    0.6379 |     0.5091 |    0.5096 |    0.5094 |    0.5095 |    0.5071 |    0.5065 |    0.6480 |    0.6463 |    0.6496 |    0.6501 |    0.6508 |    0.6492 |
|   Local DRAM data volume [GByte]  |   491.7967 |  487.1520 |  487.4786 |  486.9998 |  486.1418 |  482.3023 |  104.7995 |  103.0494 |  100.9718 |  103.0138 |  101.6175 |  101.5178 |   486.1527 |  489.4981 |  487.2410 |  485.8638 |  490.3659 |  489.6833 |   83.5423 |   86.9905 |   87.4443 |   87.9084 |   83.2786 |   86.9890 |
|   Local DRAM bandwidth [MByte/s]  |  3376.6585 | 3344.7680 | 3347.0101 | 3343.7229 | 3337.8317 | 3311.4702 |  719.5498 |  707.5334 |  693.2690 |  707.2888 |  697.7024 |  697.0173 |  3337.9069 | 3360.8762 | 3345.3792 | 3335.9232 | 3366.8346 | 3362.1478 |  573.5986 |  597.2733 |  600.3891 |  603.5761 |  571.7877 |  597.2633 |
|  Remote DRAM data volume [GByte]  |     0.6920 |    0.1940 |    0.1858 |    0.1763 |    0.2113 |    3.6174 |   59.3566 |   59.2885 |   58.4707 |   59.5562 |   59.2033 |   58.3098 |     2.1081 |    0.1422 |    0.1601 |    0.1446 |    0.2132 |    0.7168 |   74.0236 |   72.2874 |   71.7855 |   73.7631 |   74.3687 |   73.1008 |
|  Remote DRAM bandwidth [MByte/s]  |     4.7514 |    1.3318 |    1.2754 |    1.2106 |    1.4509 |   24.8367 |  407.5404 |  407.0726 |  401.4579 |  408.9104 |  406.4876 |  400.3528 |    14.4741 |    0.9766 |    1.0990 |    0.9926 |    1.4638 |    4.9215 |  508.2433 |  496.3229 |  492.8768 |  506.4548 |  510.6129 |  501.9077 |
|     Memory data volume [GByte]    |   492.4888 |  487.3460 |  487.6643 |  487.1761 |  486.3531 |  485.9197 |  164.1562 |  162.3379 |  159.4426 |  162.5699 |  160.8208 |  159.8276 |   488.2608 |  489.6404 |  487.4011 |  486.0084 |  490.5791 |  490.4001 |  157.5659 |  159.2779 |  159.2298 |  161.6715 |  157.6473 |  160.0898 |
|     Memory bandwidth [MByte/s]    |  3381.4098 | 3346.0999 | 3348.2855 | 3344.9335 | 3339.2825 | 3336.3068 | 1127.0902 | 1114.6060 | 1094.7269 | 1116.1991 | 1104.1900 | 1097.3701 |  3352.3810 | 3361.8528 | 3346.4782 | 3336.9159 | 3368.2984 | 3367.0693 | 1081.8419 | 1093.5962 | 1093.2659 | 1110.0309 | 1082.4006 | 1099.1710 |
|          L3 request rate          |     2.7447 |    2.8185 |    2.8228 |    2.8321 |    2.7952 |    2.7960 |    1.1514 |    1.1479 |    1.1481 |    1.1477 |    1.1475 |    1.1497 |     2.7282 |    2.7399 |    2.7325 |    2.7319 |    2.6773 |    2.6592 |    1.1584 |    1.1569 |    1.1566 |    1.1553 |    1.1563 |    1.1567 |
|            L3 miss rate           |     0.0191 |    0.0054 |    0.0051 |    0.0048 |    0.0060 |    0.1016 |    1.6297 |    1.6137 |    1.6208 |    1.6185 |    1.6246 |    1.6101 |     0.0607 |    0.0041 |    0.0046 |    0.0042 |    0.0063 |    0.0214 |    2.0507 |    1.9850 |    1.9746 |    1.9985 |    2.0635 |    1.9945 |
|           L3 miss ratio           |     0.0014 |    0.0004 |    0.0004 |    0.0004 |    0.0004 |    0.0075 |    0.5664 |    0.5753 |    0.5791 |    0.5781 |    0.5826 |    0.5744 |     0.0043 |    0.0003 |    0.0003 |    0.0003 |    0.0004 |    0.0015 |    0.8861 |    0.8310 |    0.8209 |    0.8391 |    0.8930 |    0.8403 |
|          L2 request rate          |     0.1406 |    0.1392 |    0.1396 |    0.1396 |    0.1398 |    0.1400 |    0.0248 |    0.0245 |    0.0245 |    0.0245 |    0.0245 |    0.0245 |     0.1390 |    0.1396 |    0.1391 |    0.1389 |    0.1394 |    0.1391 |    0.0245 |    0.0245 |    0.0245 |    0.0245 |    0.0245 |    0.0245 |
|            L2 miss rate           |     0.0234 |    0.0232 |    0.0232 |    0.0232 |    0.0232 |    0.0232 |    0.0070 |    0.0070 |    0.0070 |    0.0070 |    0.0070 |    0.0070 |     0.0230 |    0.0230 |    0.0230 |    0.0229 |    0.0229 |    0.0228 |    0.0070 |    0.0070 |    0.0070 |    0.0070 |    0.0070 |    0.0070 |
|           L2 miss ratio           |     0.1666 |    0.1664 |    0.1661 |    0.1663 |    0.1656 |    0.1657 |    0.2807 |    0.2873 |    0.2870 |    0.2866 |    0.2866 |    0.2868 |     0.1653 |    0.1649 |    0.1652 |    0.1652 |    0.1641 |    0.1642 |    0.2877 |    0.2877 |    0.2874 |    0.2870 |    0.2871 |    0.2874 |
|  Memory read bandwidth [MBytes/s] | 37118.3101 |         0 |         0 |         0 |         0 |         0 |         0 |         0 |         0 |         0 |         0 |         0 | 35292.3332 |         0 |         0 |         0 |         0 |         0 |         0 |         0 |         0 |         0 |         0 |         0 |
|  Memory read data volume [GBytes] |  5406.1328 |         0 |         0 |         0 |         0 |         0 |         0 |         0 |         0 |         0 |         0 |         0 |  5140.1866 |         0 |         0 |         0 |         0 |         0 |         0 |         0 |         0 |         0 |         0 |         0 |
| Memory write bandwidth [MBytes/s] |  9622.4569 |         0 |         0 |         0 |         0 |         0 |         0 |         0 |         0 |         0 |         0 |         0 |  9170.6378 |         0 |         0 |         0 |         0 |         0 |         0 |         0 |         0 |         0 |         0 |         0 |
| Memory write data volume [GBytes] |  1401.4722 |         0 |         0 |         0 |         0 |         0 |         0 |         0 |         0 |         0 |         0 |         0 |  1335.6666 |         0 |         0 |         0 |         0 |         0 |         0 |         0 |         0 |         0 |         0 |         0 |
|    Memory bandwidth [MBytes/s]    | 46740.7671 |         0 |         0 |         0 |         0 |         0 |         0 |         0 |         0 |         0 |         0 |         0 | 44462.9709 |         0 |         0 |         0 |         0 |         0 |         0 |         0 |         0 |         0 |         0 |         0 |
|    Memory data volume [GBytes]    |  6807.6050 |         0 |         0 |         0 |         0 |         0 |         0 |         0 |         0 |         0 |         0 |         0 |  6475.8531 |         0 |         0 |         0 |         0 |         0 |         0 |         0 |         0 |         0 |         0 |         0 |
|          Temperature [C]          |         45 |        41 |        42 |        40 |        42 |        44 |        47 |        47 |        46 |        47 |        46 |        48 |         43 |        46 |        45 |        47 |        51 |        47 |        49 |        48 |        47 |        49 |        48 |        45 |
|             Energy [J]            | 13410.7929 |         0 |         0 |         0 |         0 |         0 |         0 |         0 |         0 |         0 |         0 |         0 | 14107.5903 |         0 |         0 |         0 |         0 |         0 |         0 |         0 |         0 |         0 |         0 |         0 |
|             Power [W]             |    92.0780 |         0 |         0 |         0 |         0 |         0 |         0 |         0 |         0 |         0 |         0 |         0 |    96.8622 |         0 |         0 |         0 |         0 |         0 |         0 |         0 |         0 |         0 |         0 |         0 |
|           Energy PP0 [J]          |          0 |         0 |         0 |         0 |         0 |         0 |         0 |         0 |         0 |         0 |         0 |         0 |          0 |         0 |         0 |         0 |         0 |         0 |         0 |         0 |         0 |         0 |         0 |         0 |
|           Power PP0 [W]           |          0 |         0 |         0 |         0 |         0 |         0 |         0 |         0 |         0 |         0 |         0 |         0 |          0 |         0 |         0 |         0 |         0 |         0 |         0 |         0 |         0 |         0 |         0 |         0 |
|          Energy DRAM [J]          |  2674.0363 |         0 |         0 |         0 |         0 |         0 |         0 |         0 |         0 |         0 |         0 |         0 |  2679.8350 |         0 |         0 |         0 |         0 |         0 |         0 |         0 |         0 |         0 |         0 |         0 |
|           Power DRAM [W]          |    18.3598 |         0 |         0 |         0 |         0 |         0 |         0 |         0 |         0 |         0 |         0 |         0 |    18.3996 |         0 |         0 |         0 |         0 |         0 |         0 |         0 |         0 |         0 |         0 |         0 |
+-----------------------------------+------------+-----------+-----------+-----------+-----------+-----------+-----------+-----------+-----------+-----------+-----------+-----------+------------+-----------+-----------+-----------+-----------+-----------+-----------+-----------+-----------+-----------+-----------+-----------+
+----------------------------------------+------------+-----------+------------+-----------+
|                 Metric                 |     Sum    |    Min    |     Max    |    Avg    |
+----------------------------------------+------------+-----------+------------+-----------+
|        Runtime (RDTSC) [s] STAT        |  3495.5040 |  145.6460 |   145.6460 |  145.6460 |
|        Runtime unhalted [s] STAT       |  3271.7952 |  130.6043 |   143.2672 |  136.3248 |
|            Clock [MHz] STAT            | 54967.8589 | 2266.5725 |  2299.4349 | 2290.3275 |
|                CPI STAT                |    13.8731 |    0.5065 |     0.6508 |    0.5780 |
|   Local DRAM data volume [GByte] STAT  |  6981.7989 |   83.2786 |   491.7967 |  290.9083 |
|   Local DRAM bandwidth [MByte/s] STAT  | 47936.7781 |  571.7877 |  3376.6585 | 1997.3658 |
|  Remote DRAM data volume [GByte] STAT  |   802.0760 |    0.1422 |    74.3687 |   33.4198 |
|  Remote DRAM bandwidth [MByte/s] STAT  |  5507.0245 |    0.9766 |   510.6129 |  229.4594 |
|     Memory data volume [GByte] STAT    |  7783.8751 |  157.5659 |   492.4888 |  324.3281 |
|     Memory bandwidth [MByte/s] STAT    | 53443.8024 | 1081.8419 |  3381.4098 | 2226.8251 |
|          L3 request rate STAT          |    46.9108 |    1.1475 |     2.8321 |    1.9546 |
|            L3 miss rate STAT           |    22.0275 |    0.0041 |     2.0635 |    0.9178 |
|           L3 miss ratio STAT           |     8.5839 |    0.0003 |     0.8930 |    0.3577 |
|          L2 request rate STAT          |     1.9682 |    0.0245 |     0.1406 |    0.0820 |
|            L2 miss rate STAT           |     0.3610 |    0.0070 |     0.0234 |    0.0150 |
|           L2 miss ratio STAT           |     5.4249 |    0.1641 |     0.2877 |    0.2260 |
|  Memory read bandwidth [MBytes/s] STAT | 72410.6433 |         0 | 37118.3101 | 3017.1101 |
|  Memory read data volume [GBytes] STAT | 10546.3194 |         0 |  5406.1328 |  439.4300 |
| Memory write bandwidth [MBytes/s] STAT | 18793.0947 |         0 |  9622.4569 |  783.0456 |
| Memory write data volume [GBytes] STAT |  2737.1388 |         0 |  1401.4722 |  114.0474 |
|    Memory bandwidth [MBytes/s] STAT    | 91203.7380 |         0 | 46740.7671 | 3800.1557 |
|    Memory data volume [GBytes] STAT    | 13283.4581 |         0 |  6807.6050 |  553.4774 |
|          Temperature [C] STAT          |       1100 |        40 |         51 |   45.8333 |
|             Energy [J] STAT            | 27518.3832 |         0 | 14107.5903 | 1146.5993 |
|             Power [W] STAT             |   188.9402 |         0 |    96.8622 |    7.8725 |
|           Energy PP0 [J] STAT          |          0 |         0 |          0 |         0 |
|           Power PP0 [W] STAT           |          0 |         0 |          0 |         0 |
|          Energy DRAM [J] STAT          |  5353.8713 |         0 |  2679.8350 |  223.0780 |
|           Power DRAM [W] STAT          |    36.7594 |         0 |    18.3996 |    1.5316 |
+----------------------------------------+------------+-----------+------------+-----------+
