--------------------------------------------------------------------------------
CPU name:	Intel(R) Xeon(R) CPU E5-2670 v3 @ 2.30GHz
CPU type:	Intel Xeon Haswell EN/EP/EX processor
CPU clock:	2.30 GHz
--------------------------------------------------------------------------------
Group 1: POWERPERF
+--------------------------------+---------+--------------+--------------+--------------+--------------+--------------+--------------+--------------+--------------+--------------+--------------+--------------+--------------+--------------+--------------+--------------+--------------+--------------+--------------+--------------+--------------+--------------+--------------+--------------+--------------+
|              Event             | Counter |    Core 0    |    Core 1    |    Core 2    |    Core 3    |    Core 4    |    Core 5    |    Core 6    |    Core 7    |    Core 8    |    Core 9    |    Core 10   |    Core 11   |    Core 12   |    Core 13   |    Core 14   |    Core 15   |    Core 16   |    Core 17   |    Core 18   |    Core 19   |    Core 20   |    Core 21   |    Core 22   |    Core 23   |
+--------------------------------+---------+--------------+--------------+--------------+--------------+--------------+--------------+--------------+--------------+--------------+--------------+--------------+--------------+--------------+--------------+--------------+--------------+--------------+--------------+--------------+--------------+--------------+--------------+--------------+--------------+
|        INSTR_RETIRED_ANY       |  FIXC0  | 629466894600 | 629938265112 | 629880586948 | 629886240671 | 623791135753 | 623547710410 | 712018015787 | 713441496123 | 712265171708 | 713370187003 | 664190751876 | 663988364144 | 623564080945 | 623563426847 | 622028337033 | 621177242010 | 621201207802 | 621201217116 | 664017530407 | 664307572108 | 664297307948 | 664399519358 | 664067078255 | 664261264482 |
|      CPU_CLK_UNHALTED_CORE     |  FIXC1  | 329847325188 | 328778121189 | 328866704704 | 329033273522 | 325109137044 | 325084042839 | 331337825113 | 330682367602 | 330968779996 | 330144790727 | 310869376948 | 318749088707 | 325768109382 | 325517407198 | 325171018532 | 325026335458 | 323616226642 | 323406725606 | 311801528404 | 311575097539 | 311140618275 | 311129609737 | 312433496222 | 312263228196 |
|      CPU_CLK_UNHALTED_REF      |  FIXC2  | 329994113358 | 328931798742 | 329011336928 | 329189574922 | 325330724530 | 325450337134 | 331337832284 | 330682413842 | 330968813453 | 330144793580 | 310869389775 | 318749090967 | 326276581429 | 326087037164 | 325745394359 | 325610824119 | 324256902117 | 324047009430 | 311802626022 | 311576242381 | 311141760444 | 311130698065 | 312434644149 | 312264346284 |
|           FIXC1/FIXC0          |   CPI   |            0 |            0 |            0 |            0 |            0 |            0 |            0 |            0 |            0 |            0 |            0 |            0 |            0 |            0 |            0 |            0 |            0 |            0 |            0 |            0 |            0 |            0 |            0 |            0 |
|  OFFCORE_RESPONSE_0_LOCAL_DRAM |   PMC0  |   7767872818 |   7717983613 |   7717188855 |   7705350049 |   7688558219 |   7624581528 |    984094274 |   1014225261 |    992771855 |    996119927 |    942029753 |    856291685 |   7651129383 |   7692386077 |   7665855418 |   7645777859 |   7699997688 |   7696091895 |    883385141 |    929923538 |    938895129 |    938354157 |    876430597 |    899340227 |
| OFFCORE_RESPONSE_1_REMOTE_DRAM |   PMC1  |     15440838 |      3094140 |      2720836 |      2596120 |      3039590 |     57576476 |    107485154 |     67100486 |     88378539 |     77216741 |     75792280 |    164289448 |     29195357 |      2163729 |      2155372 |      2059187 |      3084819 |     11446630 |    153663732 |    107011139 |     94605770 |     95461038 |    154831905 |    130001762 |
|  MEM_LOAD_UOPS_RETIRED_L3_ALL  |   PMC2  |    543295739 |    553328380 |    552653421 |    553121853 |    542660291 |    537096004 |    742843949 |    697052559 |    684784962 |    688952844 |    630548012 |    687790253 |    543537970 |    540145413 |    535412321 |    536723300 |    525645712 |    525206992 |    629543743 |    610739770 |    608468504 |    633304009 |    596524390 |    611762443 |
|  MEM_LOAD_UOPS_RETIRED_L3_MISS |   PMC3  |    206808971 |    201765703 |    201846498 |    201318895 |    199531512 |    198922929 |    132872517 |    127862502 |    131931032 |    130382918 |    124090826 |    119136083 |    199706316 |    199156271 |    197493455 |    197529709 |    197032836 |    197445401 |    124630995 |    122150551 |    125023224 |    125433892 |    124959105 |    123791491 |
|      L2_TRANS_ALL_REQUESTS     |   PMC4  |  89054910989 |  88380059322 |  88223636276 |  87961421293 |  87647314440 |  87014288832 |  38550632598 |  36748030673 |  37402430718 |  35035069740 |  32514962846 |  38013153473 |  87054601537 |  87073649706 |  86738129412 |  86622079300 |  86554501543 |  86762205555 |  33434309269 |  33534752807 |  32411607201 |  32576284757 |  33475398318 |  33619843932 |
|          L2_RQSTS_MISS         |   PMC5  |  14537364506 |  14497764004 |  14498672767 |  14463927888 |  14354485442 |  14257439597 |   6080033560 |   5472845538 |   5943783167 |   4922593340 |   4481792213 |   6832563296 |  14262044290 |  14255437794 |  14206891338 |  14187265774 |  14124669493 |  14126580019 |   4809212989 |   4913774879 |   4461175059 |   4508016944 |   4902080908 |   4937678717 |
|        UOPS_RETIRED_ALL        |   PMC6  | 810945611565 | 811876878876 | 811767132318 | 811786773686 | 804100012339 | 803774030448 | 855735414541 | 858544866247 | 856242821298 | 858414400726 | 800150399033 | 799747306836 | 803846584874 | 803849551939 | 801970073359 | 800924155443 | 800976050229 | 800975469721 | 800030836645 | 800625645599 | 800597017419 | 800782438338 | 800139731313 | 800537484796 |
|            TEMP_CORE           |   TMP0  |           44 |           41 |           42 |           40 |           41 |           44 |           45 |           46 |           44 |           46 |           47 |           47 |           40 |           45 |           44 |           46 |           51 |           46 |           49 |           50 |           48 |           50 |           46 |           45 |
|         PWR_PKG_ENERGY         |   PWR0  |   13952.1089 |            0 |            0 |            0 |            0 |            0 |            0 |            0 |            0 |            0 |            0 |            0 | 1.063015e+06 |            0 |            0 |            0 |            0 |            0 |            0 |            0 |            0 |            0 |            0 |            0 |
|         PWR_PP0_ENERGY         |   PWR1  |            0 |            0 |            0 |            0 |            0 |            0 |            0 |            0 |            0 |            0 |            0 |            0 |            0 |            0 |            0 |            0 |            0 |            0 |            0 |            0 |            0 |            0 |            0 |            0 |
|         PWR_DRAM_ENERGY        |   PWR3  |    2593.1420 |            0 |            0 |            0 |            0 |            0 |            0 |            0 |            0 |            0 |            0 |            0 |    2617.5295 |            0 |            0 |            0 |            0 |            0 |            0 |            0 |            0 |            0 |            0 |            0 |
|          CAS_COUNT_RD          | MBOX0C0 |  19534949517 |            0 |            0 |            0 |            0 |            0 |            0 |            0 |            0 |            0 |            0 |            0 |  19081224682 |            0 |            0 |            0 |            0 |            0 |            0 |            0 |            0 |            0 |            0 |            0 |
|          CAS_COUNT_WR          | MBOX0C1 |   5323713907 |            0 |            0 |            0 |            0 |            0 |            0 |            0 |            0 |            0 |            0 |            0 |   5129049650 |            0 |            0 |            0 |            0 |            0 |            0 |            0 |            0 |            0 |            0 |            0 |
|          CAS_COUNT_RD          | MBOX1C0 |  19544713476 |            0 |            0 |            0 |            0 |            0 |            0 |            0 |            0 |            0 |            0 |            0 |  19073390615 |            0 |            0 |            0 |            0 |            0 |            0 |            0 |            0 |            0 |            0 |            0 |
|          CAS_COUNT_WR          | MBOX1C1 |   5332074740 |            0 |            0 |            0 |            0 |            0 |            0 |            0 |            0 |            0 |            0 |            0 |   5120654553 |            0 |            0 |            0 |            0 |            0 |            0 |            0 |            0 |            0 |            0 |            0 |
|          CAS_COUNT_RD          | MBOX2C0 |            0 |            0 |            0 |            0 |            0 |            0 |            0 |            0 |            0 |            0 |            0 |            0 |            0 |            0 |            0 |            0 |            0 |            0 |            0 |            0 |            0 |            0 |            0 |            0 |
|          CAS_COUNT_WR          | MBOX2C1 |            0 |            0 |            0 |            0 |            0 |            0 |            0 |            0 |            0 |            0 |            0 |            0 |            0 |            0 |            0 |            0 |            0 |            0 |            0 |            0 |            0 |            0 |            0 |            0 |
|          CAS_COUNT_RD          | MBOX3C0 |            0 |            0 |            0 |            0 |            0 |            0 |            0 |            0 |            0 |            0 |            0 |            0 |            0 |            0 |            0 |            0 |            0 |            0 |            0 |            0 |            0 |            0 |            0 |            0 |
|          CAS_COUNT_WR          | MBOX3C1 |            0 |            0 |            0 |            0 |            0 |            0 |            0 |            0 |            0 |            0 |            0 |            0 |            0 |            0 |            0 |            0 |            0 |            0 |            0 |            0 |            0 |            0 |            0 |            0 |
|          CAS_COUNT_RD          | MBOX4C0 |  19535462115 |            0 |            0 |            0 |            0 |            0 |            0 |            0 |            0 |            0 |            0 |            0 |  19085063109 |            0 |            0 |            0 |            0 |            0 |            0 |            0 |            0 |            0 |            0 |            0 |
|          CAS_COUNT_WR          | MBOX4C1 |   5326836847 |            0 |            0 |            0 |            0 |            0 |            0 |            0 |            0 |            0 |            0 |            0 |   5134385840 |            0 |            0 |            0 |            0 |            0 |            0 |            0 |            0 |            0 |            0 |            0 |
|          CAS_COUNT_RD          | MBOX5C0 |  19540344692 |            0 |            0 |            0 |            0 |            0 |            0 |            0 |            0 |            0 |            0 |            0 |  19077011616 |            0 |            0 |            0 |            0 |            0 |            0 |            0 |            0 |            0 |            0 |            0 |
|          CAS_COUNT_WR          | MBOX5C1 |   5335609311 |            0 |            0 |            0 |            0 |            0 |            0 |            0 |            0 |            0 |            0 |            0 |   5125573241 |            0 |            0 |            0 |            0 |            0 |            0 |            0 |            0 |            0 |            0 |            0 |
|          CAS_COUNT_RD          | MBOX6C0 |            0 |            0 |            0 |            0 |            0 |            0 |            0 |            0 |            0 |            0 |            0 |            0 |            0 |            0 |            0 |            0 |            0 |            0 |            0 |            0 |            0 |            0 |            0 |            0 |
|          CAS_COUNT_WR          | MBOX6C1 |            0 |            0 |            0 |            0 |            0 |            0 |            0 |            0 |            0 |            0 |            0 |            0 |            0 |            0 |            0 |            0 |            0 |            0 |            0 |            0 |            0 |            0 |            0 |            0 |
|          CAS_COUNT_RD          | MBOX7C0 |            0 |            0 |            0 |            0 |            0 |            0 |            0 |            0 |            0 |            0 |            0 |            0 |            0 |            0 |            0 |            0 |            0 |            0 |            0 |            0 |            0 |            0 |            0 |            0 |
|          CAS_COUNT_WR          | MBOX7C1 |            0 |            0 |            0 |            0 |            0 |            0 |            0 |            0 |            0 |            0 |            0 |            0 |            0 |            0 |            0 |            0 |            0 |            0 |            0 |            0 |            0 |            0 |            0 |            0 |
+--------------------------------+---------+--------------+--------------+--------------+--------------+--------------+--------------+--------------+--------------+--------------+--------------+--------------+--------------+--------------+--------------+--------------+--------------+--------------+--------------+--------------+--------------+--------------+--------------+--------------+--------------+
+-------------------------------------+---------+----------------+--------------+--------------+--------------+
|                Event                | Counter |       Sum      |      Min     |      Max     |      Avg     |
+-------------------------------------+---------+----------------+--------------+--------------+--------------+
|        INSTR_RETIRED_ANY STAT       |  FIXC0  | 15663870604446 | 621177242010 | 713441496123 | 6.526613e+11 |
|      CPU_CLK_UNHALTED_CORE STAT     |  FIXC1  |  7738320234770 | 310869376948 | 331337825113 | 3.224300e+11 |
|      CPU_CLK_UNHALTED_REF STAT      |  FIXC2  |  7743034285478 | 310869389775 | 331337832284 | 3.226264e+11 |
|           FIXC1/FIXC0 STAT          |   CPI   |              0 |            0 |            0 |            0 |
|  OFFCORE_RESPONSE_0_LOCAL_DRAM STAT |   PMC0  |   103524634946 |    856291685 |   7767872818 | 4.313526e+09 |
| OFFCORE_RESPONSE_1_REMOTE_DRAM STAT |   PMC1  |     1450411088 |      2059187 |    164289448 | 6.043380e+07 |
|  MEM_LOAD_UOPS_RETIRED_L3_ALL STAT  |   PMC2  |    14311142834 |    525206992 |    742843949 | 5.962976e+08 |
|  MEM_LOAD_UOPS_RETIRED_L3_MISS STAT |   PMC3  |     3910823632 |    119136083 |    206808971 | 1.629510e+08 |
|      L2_TRANS_ALL_REQUESTS STAT     |   PMC4  |  1466403274537 |  32411607201 |  89054910989 | 6.110014e+10 |
|          L2_RQSTS_MISS STAT         |   PMC5  |   234038093522 |   4461175059 |  14537364506 | 9.751587e+09 |
|        UOPS_RETIRED_ALL STAT        |   PMC6  | 19498340687588 | 799747306836 | 858544866247 | 8.124309e+11 |
|            TEMP_CORE STAT           |   TMP0  |           1087 |           40 |           51 |      45.2917 |
|         PWR_PKG_ENERGY STAT         |   PWR0  |   1.076967e+06 |            0 |      1063015 |   44873.6295 |
|         PWR_PP0_ENERGY STAT         |   PWR1  |              0 |            0 |            0 |            0 |
|         PWR_DRAM_ENERGY STAT        |   PWR3  |      5210.6715 |            0 |    2617.5295 |     217.1113 |
|          CAS_COUNT_RD STAT          | MBOX0C0 |    38616174199 |            0 |  19534949517 | 1.609007e+09 |
|          CAS_COUNT_WR STAT          | MBOX0C1 |    10452763557 |            0 |   5323713907 | 4.355318e+08 |
|          CAS_COUNT_RD STAT          | MBOX1C0 |    38618104091 |            0 |  19544713476 | 1.609088e+09 |
|          CAS_COUNT_WR STAT          | MBOX1C1 |    10452729293 |            0 |   5332074740 | 4.355304e+08 |
|          CAS_COUNT_RD STAT          | MBOX2C0 |              0 |            0 |            0 |            0 |
|          CAS_COUNT_WR STAT          | MBOX2C1 |              0 |            0 |            0 |            0 |
|          CAS_COUNT_RD STAT          | MBOX3C0 |              0 |            0 |            0 |            0 |
|          CAS_COUNT_WR STAT          | MBOX3C1 |              0 |            0 |            0 |            0 |
|          CAS_COUNT_RD STAT          | MBOX4C0 |    38620525224 |            0 |  19535462115 |   1609188551 |
|          CAS_COUNT_WR STAT          | MBOX4C1 |    10461222687 |            0 |   5326836847 | 4.358843e+08 |
|          CAS_COUNT_RD STAT          | MBOX5C0 |    38617356308 |            0 |  19540344692 | 1.609057e+09 |
|          CAS_COUNT_WR STAT          | MBOX5C1 |    10461182552 |            0 |   5335609311 | 4.358826e+08 |
|          CAS_COUNT_RD STAT          | MBOX6C0 |              0 |            0 |            0 |            0 |
|          CAS_COUNT_WR STAT          | MBOX6C1 |              0 |            0 |            0 |            0 |
|          CAS_COUNT_RD STAT          | MBOX7C0 |              0 |            0 |            0 |            0 |
|          CAS_COUNT_WR STAT          | MBOX7C1 |              0 |            0 |            0 |            0 |
+-------------------------------------+---------+----------------+--------------+--------------+--------------+
+-----------------------------------+------------+-----------+-----------+-----------+-----------+-----------+-----------+-----------+-----------+-----------+-----------+-----------+--------------+-----------+-----------+-----------+-----------+-----------+-----------+-----------+-----------+-----------+-----------+-----------+
|               Metric              |   Core 0   |   Core 1  |   Core 2  |   Core 3  |   Core 4  |   Core 5  |   Core 6  |   Core 7  |   Core 8  |   Core 9  |  Core 10  |  Core 11  |    Core 12   |  Core 13  |  Core 14  |  Core 15  |  Core 16  |  Core 17  |  Core 18  |  Core 19  |  Core 20  |  Core 21  |  Core 22  |  Core 23  |
+-----------------------------------+------------+-----------+-----------+-----------+-----------+-----------+-----------+-----------+-----------+-----------+-----------+-----------+--------------+-----------+-----------+-----------+-----------+-----------+-----------+-----------+-----------+-----------+-----------+-----------+
|        Runtime (RDTSC) [s]        |   145.4329 |  145.4329 |  145.4329 |  145.4329 |  145.4329 |  145.4329 |  145.4329 |  145.4329 |  145.4329 |  145.4329 |  145.4329 |  145.4329 |     145.4329 |  145.4329 |  145.4329 |  145.4329 |  145.4329 |  145.4329 |  145.4329 |  145.4329 |  145.4329 |  145.4329 |  145.4329 |  145.4329 |
|        Runtime unhalted [s]       |   143.4136 |  142.9487 |  142.9872 |  143.0597 |  141.3535 |  141.3426 |  144.0617 |  143.7767 |  143.9012 |  143.5429 |  135.1622 |  138.5882 |     141.6400 |  141.5310 |  141.3804 |  141.3175 |  140.7044 |  140.6133 |  135.5675 |  135.4691 |  135.2802 |  135.2754 |  135.8423 |  135.7683 |
|            Clock [MHz]            |  2298.9492 | 2298.8977 | 2298.9612 | 2298.8802 | 2298.4057 | 2297.3836 | 2299.9722 | 2299.9719 | 2299.9720 | 2299.9722 | 2299.9721 | 2299.9722 |    2296.3879 | 2295.9545 | 2295.9168 | 2295.8437 | 2295.4279 | 2295.4277 | 2299.9641 | 2299.9638 | 2299.9638 | 2299.9642 | 2299.9638 | 2299.9640 |
|                CPI                |     0.5240 |    0.5219 |    0.5221 |    0.5224 |    0.5212 |    0.5213 |    0.4654 |    0.4635 |    0.4647 |    0.4628 |    0.4680 |    0.4801 |       0.5224 |    0.5220 |    0.5228 |    0.5232 |    0.5210 |    0.5206 |    0.4696 |    0.4690 |    0.4684 |    0.4683 |    0.4705 |    0.4701 |
|   Local DRAM data volume [GByte]  |   497.1439 |  493.9510 |  493.9001 |  493.1424 |  492.0677 |  487.9732 |   62.9820 |   64.9104 |   63.5374 |   63.7517 |   60.2899 |   54.8027 |     489.6723 |  492.3127 |  490.6147 |  489.3298 |  492.7999 |  492.5499 |   56.5366 |   59.5151 |   60.0893 |   60.0547 |   56.0916 |   57.5578 |
|   Local DRAM bandwidth [MByte/s]  |  3418.3721 | 3396.4176 | 3396.0679 | 3390.8580 | 3383.4685 | 3355.3146 |  433.0658 |  446.3255 |  436.8846 |  438.3579 |  414.5547 |  376.8244 |    3366.9974 | 3385.1530 | 3373.4778 | 3364.6424 | 3388.5026 | 3386.7838 |  388.7472 |  409.2272 |  413.1753 |  412.9372 |  385.6868 |  395.7685 |
|  Remote DRAM data volume [GByte]  |     0.9882 |    0.1980 |    0.1741 |    0.1662 |    0.1945 |    3.6849 |    6.8790 |    4.2944 |    5.6562 |    4.9419 |    4.8507 |   10.5145 |       1.8685 |    0.1385 |    0.1379 |    0.1318 |    0.1974 |    0.7326 |    9.8345 |    6.8487 |    6.0548 |    6.1095 |    9.9092 |    8.3201 |
|  Remote DRAM bandwidth [MByte/s]  |     6.7950 |    1.3616 |    1.1973 |    1.1425 |    1.3376 |   25.3374 |   47.3005 |   29.5286 |   38.8923 |   33.9804 |   33.3536 |   72.2981 |      12.8479 |    0.9522 |    0.9485 |    0.9062 |    1.3575 |    5.0373 |   67.6221 |   47.0919 |   41.6327 |   42.0091 |   68.1362 |   57.2093 |
|     Memory data volume [GByte]    |   498.1321 |  494.1490 |  494.0742 |  493.3086 |  492.2623 |  491.6581 |   69.8611 |   69.2048 |   69.1936 |   68.6935 |   65.1406 |   65.3172 |     491.5408 |  492.4512 |  490.7527 |  489.4616 |  492.9973 |  493.2825 |   66.3711 |   66.3638 |   66.1441 |   66.1642 |   66.0008 |   65.8779 |
|     Memory bandwidth [MByte/s]    |  3425.1671 | 3397.7792 | 3397.2652 | 3392.0005 | 3384.8061 | 3380.6520 |  480.3663 |  475.8541 |  475.7769 |  472.3383 |  447.9083 |  449.1225 |    3379.8452 | 3386.1052 | 3374.4263 | 3365.5485 | 3389.8602 | 3391.8211 |  456.3693 |  456.3191 |  454.8080 |  454.9463 |  453.8230 |  452.9778 |
|          L3 request rate          |     2.6270 |    2.7424 |    2.7380 |    2.7475 |    2.7197 |    2.7000 |    5.5907 |    5.4516 |    5.1905 |    5.2841 |    5.0813 |    5.7731 |       2.7217 |    2.7122 |    2.7110 |    2.7172 |    2.6678 |    2.6600 |    5.0513 |    4.9999 |    4.8668 |    5.0489 |    4.7738 |    4.9419 |
|            L3 miss rate           |     0.0284 |    0.0056 |    0.0049 |    0.0047 |    0.0056 |    0.1072 |    0.1447 |    0.0963 |    0.1291 |    0.1121 |    0.1202 |    0.2389 |       0.0537 |    0.0040 |    0.0040 |    0.0038 |    0.0059 |    0.0218 |    0.2441 |    0.1752 |    0.1555 |    0.1507 |    0.2596 |    0.2125 |
|           L3 miss ratio           |     0.0020 |    0.0004 |    0.0004 |    0.0003 |    0.0004 |    0.0076 |    0.1092 |    0.0662 |    0.0890 |    0.0775 |    0.0805 |    0.1919 |       0.0038 |    0.0003 |    0.0003 |    0.0003 |    0.0004 |    0.0015 |    0.1739 |    0.1151 |    0.1008 |    0.1017 |    0.1767 |    0.1446 |
|          L2 request rate          |     0.1415 |    0.1403 |    0.1401 |    0.1396 |    0.1405 |    0.1395 |    0.0541 |    0.0515 |    0.0525 |    0.0491 |    0.0490 |    0.0572 |       0.1396 |    0.1396 |    0.1394 |    0.1394 |    0.1393 |    0.1397 |    0.0504 |    0.0505 |    0.0488 |    0.0490 |    0.0504 |    0.0506 |
|            L2 miss rate           |     0.0231 |    0.0230 |    0.0230 |    0.0230 |    0.0230 |    0.0229 |    0.0085 |    0.0077 |    0.0083 |    0.0069 |    0.0067 |    0.0103 |       0.0229 |    0.0229 |    0.0228 |    0.0228 |    0.0227 |    0.0227 |    0.0072 |    0.0074 |    0.0067 |    0.0068 |    0.0074 |    0.0074 |
|           L2 miss ratio           |     0.1632 |    0.1640 |    0.1643 |    0.1644 |    0.1638 |    0.1639 |    0.1577 |    0.1489 |    0.1589 |    0.1405 |    0.1378 |    0.1797 |       0.1638 |    0.1637 |    0.1638 |    0.1638 |    0.1632 |    0.1628 |    0.1438 |    0.1465 |    0.1376 |    0.1384 |    0.1464 |    0.1469 |
|  Memory read bandwidth [MBytes/s] | 34393.5188 |         0 |         0 |         0 |         0 |         0 |         0 |         0 |         0 |         0 |         0 |         0 |   33584.3354 |         0 |         0 |         0 |         0 |         0 |         0 |         0 |         0 |         0 |         0 |         0 |
|  Memory read data volume [GBytes] |  5001.9501 |         0 |         0 |         0 |         0 |         0 |         0 |         0 |         0 |         0 |         0 |         0 |    4884.2682 |         0 |         0 |         0 |         0 |         0 |         0 |         0 |         0 |         0 |         0 |         0 |
| Memory write bandwidth [MBytes/s] |  9381.4177 |         0 |         0 |         0 |         0 |         0 |         0 |         0 |         0 |         0 |         0 |         0 |    9025.5934 |         0 |         0 |         0 |         0 |         0 |         0 |         0 |         0 |         0 |         0 |         0 |
| Memory write data volume [GBytes] |  1364.3670 |         0 |         0 |         0 |         0 |         0 |         0 |         0 |         0 |         0 |         0 |         0 |    1312.6185 |         0 |         0 |         0 |         0 |         0 |         0 |         0 |         0 |         0 |         0 |         0 |
|    Memory bandwidth [MBytes/s]    | 43774.9365 |         0 |         0 |         0 |         0 |         0 |         0 |         0 |         0 |         0 |         0 |         0 |   42609.9288 |         0 |         0 |         0 |         0 |         0 |         0 |         0 |         0 |         0 |         0 |         0 |
|    Memory data volume [GBytes]    |  6366.3171 |         0 |         0 |         0 |         0 |         0 |         0 |         0 |         0 |         0 |         0 |         0 |    6196.8866 |         0 |         0 |         0 |         0 |         0 |         0 |         0 |         0 |         0 |         0 |         0 |
|          Temperature [C]          |         44 |        41 |        42 |        40 |        41 |        44 |        45 |        46 |        44 |        46 |        47 |        47 |           40 |        45 |        44 |        46 |        51 |        46 |        49 |        50 |        48 |        50 |        46 |        45 |
|             Energy [J]            | 13952.1089 |         0 |         0 |         0 |         0 |         0 |         0 |         0 |         0 |         0 |         0 |         0 | 1.063015e+06 |         0 |         0 |         0 |         0 |         0 |         0 |         0 |         0 |         0 |         0 |         0 |
|             Power [W]             |    95.9350 |         0 |         0 |         0 |         0 |         0 |         0 |         0 |         0 |         0 |         0 |         0 |    7309.3154 |         0 |         0 |         0 |         0 |         0 |         0 |         0 |         0 |         0 |         0 |         0 |
|           Energy PP0 [J]          |          0 |         0 |         0 |         0 |         0 |         0 |         0 |         0 |         0 |         0 |         0 |         0 |            0 |         0 |         0 |         0 |         0 |         0 |         0 |         0 |         0 |         0 |         0 |         0 |
|           Power PP0 [W]           |          0 |         0 |         0 |         0 |         0 |         0 |         0 |         0 |         0 |         0 |         0 |         0 |            0 |         0 |         0 |         0 |         0 |         0 |         0 |         0 |         0 |         0 |         0 |         0 |
|          Energy DRAM [J]          |  2593.1420 |         0 |         0 |         0 |         0 |         0 |         0 |         0 |         0 |         0 |         0 |         0 |    2617.5295 |         0 |         0 |         0 |         0 |         0 |         0 |         0 |         0 |         0 |         0 |         0 |
|           Power DRAM [W]          |    17.8305 |         0 |         0 |         0 |         0 |         0 |         0 |         0 |         0 |         0 |         0 |         0 |      17.9982 |         0 |         0 |         0 |         0 |         0 |         0 |         0 |         0 |         0 |         0 |         0 |
+-----------------------------------+------------+-----------+-----------+-----------+-----------+-----------+-----------+-----------+-----------+-----------+-----------+-----------+--------------+-----------+-----------+-----------+-----------+-----------+-----------+-----------+-----------+-----------+-----------+-----------+
+----------------------------------------+--------------+-----------+------------+------------+
|                 Metric                 |      Sum     |    Min    |     Max    |     Avg    |
+----------------------------------------+--------------+-----------+------------+------------+
|        Runtime (RDTSC) [s] STAT        |    3490.3896 |  145.4329 |   145.4329 |   145.4329 |
|        Runtime unhalted [s] STAT       |    3364.5276 |  135.1622 |   144.0617 |   140.1886 |
|            Clock [MHz] STAT            |   55166.0524 | 2295.4277 |  2299.9722 |  2298.5855 |
|                CPI STAT                |      11.8853 |    0.4628 |     0.5240 |     0.4952 |
|   Local DRAM data volume [GByte] STAT  |    6625.5768 |   54.8027 |   497.1439 |   276.0657 |
|   Local DRAM bandwidth [MByte/s] STAT  |   45557.6108 |  376.8244 |  3418.3721 |  1898.2338 |
|  Remote DRAM data volume [GByte] STAT  |      92.8261 |    0.1318 |    10.5145 |     3.8678 |
|  Remote DRAM bandwidth [MByte/s] STAT  |     638.2758 |    0.9062 |    72.2981 |    26.5948 |
|     Memory data volume [GByte] STAT    |    6718.4031 |   65.1406 |   498.1321 |   279.9335 |
|     Memory bandwidth [MByte/s] STAT    |   46195.8865 |  447.9083 |  3425.1671 |  1924.8286 |
|          L3 request rate STAT          |      94.5184 |    2.6270 |     5.7731 |     3.9383 |
|            L3 miss rate STAT           |       2.2885 |    0.0038 |     0.2596 |     0.0954 |
|           L3 miss ratio STAT           |       1.4448 |    0.0003 |     0.1919 |     0.0602 |
|          L2 request rate STAT          |       2.2916 |    0.0488 |     0.1415 |     0.0955 |
|            L2 miss rate STAT           |       0.3661 |    0.0067 |     0.0231 |     0.0153 |
|           L2 miss ratio STAT           |       3.7478 |    0.1376 |     0.1797 |     0.1562 |
|  Memory read bandwidth [MBytes/s] STAT |   67977.8542 |         0 | 34393.5188 |  2832.4106 |
|  Memory read data volume [GBytes] STAT |    9886.2183 |         0 |  5001.9501 |   411.9258 |
| Memory write bandwidth [MBytes/s] STAT |   18407.0111 |         0 |  9381.4177 |   766.9588 |
| Memory write data volume [GBytes] STAT |    2676.9855 |         0 |  1364.3670 |   111.5411 |
|    Memory bandwidth [MBytes/s] STAT    |   86384.8653 |         0 | 43774.9365 |  3599.3694 |
|    Memory data volume [GBytes] STAT    |   12563.2037 |         0 |  6366.3171 |   523.4668 |
|          Temperature [C] STAT          |         1087 |        40 |         51 |    45.2917 |
|             Energy [J] STAT            | 1.076967e+06 |         0 |    1063015 | 44873.6295 |
|             Power [W] STAT             |    7405.2504 |         0 |  7309.3154 |   308.5521 |
|           Energy PP0 [J] STAT          |            0 |         0 |          0 |          0 |
|           Power PP0 [W] STAT           |            0 |         0 |          0 |          0 |
|          Energy DRAM [J] STAT          |    5210.6715 |         0 |  2617.5295 |   217.1113 |
|           Power DRAM [W] STAT          |      35.8287 |         0 |    17.9982 |     1.4929 |
+----------------------------------------+--------------+-----------+------------+------------+
