--------------------------------------------------------------------------------
CPU name:	Intel(R) Xeon(R) CPU E5-2670 v3 @ 2.30GHz
CPU type:	Intel Xeon Haswell EN/EP/EX processor
CPU clock:	2.30 GHz
--------------------------------------------------------------------------------
Group 1: POWERPERF
+--------------------------------+---------+--------------+--------------+--------------+--------------+--------------+--------------+--------------+--------------+--------------+--------------+--------------+--------------+--------------+--------------+--------------+--------------+--------------+--------------+--------------+--------------+--------------+--------------+--------------+--------------+
|              Event             | Counter |    Core 0    |    Core 1    |    Core 2    |    Core 3    |    Core 4    |    Core 5    |    Core 6    |    Core 7    |    Core 8    |    Core 9    |    Core 10   |    Core 11   |    Core 12   |    Core 13   |    Core 14   |    Core 15   |    Core 16   |    Core 17   |    Core 18   |    Core 19   |    Core 20   |    Core 21   |    Core 22   |    Core 23   |
+--------------------------------+---------+--------------+--------------+--------------+--------------+--------------+--------------+--------------+--------------+--------------+--------------+--------------+--------------+--------------+--------------+--------------+--------------+--------------+--------------+--------------+--------------+--------------+--------------+--------------+--------------+
|        INSTR_RETIRED_ANY       |  FIXC0  | 251274411564 | 250687940737 | 263103808987 | 260355563211 | 263093902264 | 257483499241 | 259518431318 | 258651977001 | 257559169031 | 257073502376 | 255757769082 | 254394892181 | 256298547324 | 258346073814 | 265115519305 | 264080643978 | 263146960189 | 251157633017 | 255503004397 | 256806709903 | 257388347046 | 257441301291 | 257908314291 | 258045654605 |
|      CPU_CLK_UNHALTED_CORE     |  FIXC1  | 169934699063 | 170123783282 | 170076284791 | 170033506438 | 170064045270 | 170084369166 | 170119211542 | 169794288540 | 169893385865 | 169865408904 | 169877565064 | 169994227545 | 169741272404 | 169880349886 | 169883870913 | 169953256273 | 169928386227 | 169906240044 | 169869568538 | 169826946582 | 169739966070 | 169664520999 | 169649151526 | 169560852457 |
|      CPU_CLK_UNHALTED_REF      |  FIXC2  | 169970213003 | 170146178436 | 170088717513 | 170067014092 | 170092915933 | 170121539180 | 170170038452 | 169857970565 | 169955854954 | 169928111043 | 169940643145 | 170057624848 | 169779187446 | 169912216778 | 169915487516 | 169999842155 | 169967680795 | 169941579567 | 169927456831 | 169879915095 | 169811791004 | 169718500842 | 169706389847 | 169639004125 |
|           FIXC1/FIXC0          |   CPI   |            0 |            0 |            0 |            0 |            0 |            0 |            0 |            0 |            0 |            0 |            0 |            0 |            0 |            0 |            0 |            0 |            0 |            0 |            0 |            0 |            0 |            0 |            0 |            0 |
|  OFFCORE_RESPONSE_0_LOCAL_DRAM |   PMC0  |    656101182 |    657829183 |    654897751 |    654404141 |    657275718 |    654442725 |   1781235092 |   1746196255 |   1720793045 |   1704836669 |   1562173558 |   1221229848 |    654727857 |    655707638 |    653571108 |    655365941 |    654580758 |    654423717 |   1280185861 |   1513326459 |   1569028939 |   1644573688 |   1678990631 |   1703591992 |
| OFFCORE_RESPONSE_1_REMOTE_DRAM |   PMC1  |      1335790 |      1045047 |      1360002 |      2240579 |       985260 |      2209540 |     20949540 |     28677586 |     34499455 |     49629642 |    188615941 |    473612326 |      2383906 |      1929403 |      1772441 |      1353804 |      2031845 |      1538814 |    458729382 |    240856251 |    167227098 |    101287859 |     70522141 |     43165021 |
|  MEM_LOAD_UOPS_RETIRED_L3_ALL  |   PMC2  |    692235648 |    686511201 |    694832826 |    688759702 |    682452724 |    685215380 |    209136177 |    207734833 |    206992599 |    203510977 |    206958217 |    210485215 |    691217928 |    693175668 |    687030243 |    686903985 |    686705740 |    691422371 |    209463298 |    204246146 |    211484980 |    207874547 |    206448883 |    202146429 |
|  MEM_LOAD_UOPS_RETIRED_L3_MISS |   PMC3  |    630884747 |    630745130 |    630382746 |    629692756 |    630985506 |    630779569 |     37755084 |     36655248 |     36577099 |     36059493 |     37631513 |     38391830 |    631767506 |    632050951 |    631192812 |    631514948 |    631670359 |    631707302 |     37079883 |     37097307 |     37257954 |     37233699 |     36755417 |     35883030 |
|      L2_TRANS_ALL_REQUESTS     |   PMC4  |   5511147924 |   5544991214 |   5519068192 |   5534370737 |   5553767777 |   5525933440 |  22519985697 |  22541800250 |  22411859903 |  22396287884 |  22518741305 |  22484902564 |   5524517660 |   5566890621 |   5516227136 |   5506012684 |   5519445559 |   5515081399 |  22602159532 |  22372972163 |  22449084947 |  22390463339 |  22397188863 |  22244348584 |
|          L2_RQSTS_MISS         |   PMC5  |   1135204292 |   1136940543 |   1145871908 |   1147606304 |   1135132018 |   1127761029 |   4597128345 |   4640401339 |   4556206147 |   4575031282 |   4574923445 |   4636702765 |   1135499881 |   1142538519 |   1127201821 |   1132207200 |   1129920188 |   1130231813 |   4616489245 |   4568186061 |   4587770050 |   4595653511 |   4586962690 |   4546979927 |
|        UOPS_RETIRED_ALL        |   PMC6  | 328858884004 | 328113852621 | 343715832173 | 340285422357 | 343736683374 | 336653125337 | 331240033473 | 330299831947 | 328563061713 | 327793129493 | 325655033583 | 323541237547 | 335173953102 | 337777114285 | 346254492761 | 344988916515 | 343811998968 | 328681682381 | 325330200591 | 327375014430 | 328303850279 | 328409051607 | 329281776535 | 329600930080 |
|            TEMP_CORE           |   TMP0  |           42 |           39 |           40 |           39 |           40 |           43 |           44 |           45 |           43 |           45 |           46 |           46 |           39 |           43 |           43 |           44 |           48 |           44 |           46 |           47 |           45 |           48 |           46 |           42 |
|         PWR_PKG_ENERGY         |   PWR0  |    6125.6213 |            0 |            0 |            0 |            0 |            0 |            0 |            0 |            0 |            0 |            0 |            0 |    6194.3727 |            0 |            0 |            0 |            0 |            0 |            0 |            0 |            0 |            0 |            0 |            0 |
|         PWR_PP0_ENERGY         |   PWR1  |            0 |            0 |            0 |            0 |            0 |            0 |            0 |            0 |            0 |            0 |            0 |            0 |            0 |            0 |            0 |            0 |            0 |            0 |            0 |            0 |            0 |            0 |            0 |            0 |
|         PWR_DRAM_ENERGY        |   PWR3  |    1103.4539 |            0 |            0 |            0 |            0 |            0 |            0 |            0 |            0 |            0 |            0 |            0 |    1136.4669 |            0 |            0 |            0 |            0 |            0 |            0 |            0 |            0 |            0 |            0 |            0 |
|          CAS_COUNT_RD          | MBOX0C0 |   5216982819 |            0 |            0 |            0 |            0 |            0 |            0 |            0 |            0 |            0 |            0 |            0 |   5025124593 |            0 |            0 |            0 |            0 |            0 |            0 |            0 |            0 |            0 |            0 |            0 |
|          CAS_COUNT_WR          | MBOX0C1 |   3178321587 |            0 |            0 |            0 |            0 |            0 |            0 |            0 |            0 |            0 |            0 |            0 |   3274630351 |            0 |            0 |            0 |            0 |            0 |            0 |            0 |            0 |            0 |            0 |            0 |
|          CAS_COUNT_RD          | MBOX1C0 |   5208248012 |            0 |            0 |            0 |            0 |            0 |            0 |            0 |            0 |            0 |            0 |            0 |   5023521399 |            0 |            0 |            0 |            0 |            0 |            0 |            0 |            0 |            0 |            0 |            0 |
|          CAS_COUNT_WR          | MBOX1C1 |   3171669853 |            0 |            0 |            0 |            0 |            0 |            0 |            0 |            0 |            0 |            0 |            0 |   3270228622 |            0 |            0 |            0 |            0 |            0 |            0 |            0 |            0 |            0 |            0 |            0 |
|          CAS_COUNT_RD          | MBOX2C0 |            0 |            0 |            0 |            0 |            0 |            0 |            0 |            0 |            0 |            0 |            0 |            0 |            0 |            0 |            0 |            0 |            0 |            0 |            0 |            0 |            0 |            0 |            0 |            0 |
|          CAS_COUNT_WR          | MBOX2C1 |            0 |            0 |            0 |            0 |            0 |            0 |            0 |            0 |            0 |            0 |            0 |            0 |            0 |            0 |            0 |            0 |            0 |            0 |            0 |            0 |            0 |            0 |            0 |            0 |
|          CAS_COUNT_RD          | MBOX3C0 |            0 |            0 |            0 |            0 |            0 |            0 |            0 |            0 |            0 |            0 |            0 |            0 |            0 |            0 |            0 |            0 |            0 |            0 |            0 |            0 |            0 |            0 |            0 |            0 |
|          CAS_COUNT_WR          | MBOX3C1 |            0 |            0 |            0 |            0 |            0 |            0 |            0 |            0 |            0 |            0 |            0 |            0 |            0 |            0 |            0 |            0 |            0 |            0 |            0 |            0 |            0 |            0 |            0 |            0 |
|          CAS_COUNT_RD          | MBOX4C0 |   5213243375 |            0 |            0 |            0 |            0 |            0 |            0 |            0 |            0 |            0 |            0 |            0 |   5013676007 |            0 |            0 |            0 |            0 |            0 |            0 |            0 |            0 |            0 |            0 |            0 |
|          CAS_COUNT_WR          | MBOX4C1 |   3176005113 |            0 |            0 |            0 |            0 |            0 |            0 |            0 |            0 |            0 |            0 |            0 |   3273768061 |            0 |            0 |            0 |            0 |            0 |            0 |            0 |            0 |            0 |            0 |            0 |
|          CAS_COUNT_RD          | MBOX5C0 |   5211090315 |            0 |            0 |            0 |            0 |            0 |            0 |            0 |            0 |            0 |            0 |            0 |   5028535573 |            0 |            0 |            0 |            0 |            0 |            0 |            0 |            0 |            0 |            0 |            0 |
|          CAS_COUNT_WR          | MBOX5C1 |   3173235410 |            0 |            0 |            0 |            0 |            0 |            0 |            0 |            0 |            0 |            0 |            0 |   3273931603 |            0 |            0 |            0 |            0 |            0 |            0 |            0 |            0 |            0 |            0 |            0 |
|          CAS_COUNT_RD          | MBOX6C0 |            0 |            0 |            0 |            0 |            0 |            0 |            0 |            0 |            0 |            0 |            0 |            0 |            0 |            0 |            0 |            0 |            0 |            0 |            0 |            0 |            0 |            0 |            0 |            0 |
|          CAS_COUNT_WR          | MBOX6C1 |            0 |            0 |            0 |            0 |            0 |            0 |            0 |            0 |            0 |            0 |            0 |            0 |            0 |            0 |            0 |            0 |            0 |            0 |            0 |            0 |            0 |            0 |            0 |            0 |
|          CAS_COUNT_RD          | MBOX7C0 |            0 |            0 |            0 |            0 |            0 |            0 |            0 |            0 |            0 |            0 |            0 |            0 |            0 |            0 |            0 |            0 |            0 |            0 |            0 |            0 |            0 |            0 |            0 |            0 |
|          CAS_COUNT_WR          | MBOX7C1 |            0 |            0 |            0 |            0 |            0 |            0 |            0 |            0 |            0 |            0 |            0 |            0 |            0 |            0 |            0 |            0 |            0 |            0 |            0 |            0 |            0 |            0 |            0 |            0 |
+--------------------------------+---------+--------------+--------------+--------------+--------------+--------------+--------------+--------------+--------------+--------------+--------------+--------------+--------------+--------------+--------------+--------------+--------------+--------------+--------------+--------------+--------------+--------------+--------------+--------------+--------------+
+-------------------------------------+---------+---------------+--------------+--------------+--------------+
|                Event                | Counter |      Sum      |      Min     |      Max     |      Avg     |
+-------------------------------------+---------+---------------+--------------+--------------+--------------+
|        INSTR_RETIRED_ANY STAT       |  FIXC0  | 6190193576153 | 250687940737 | 265115519305 | 2.579247e+11 |
|      CPU_CLK_UNHALTED_CORE STAT     |  FIXC1  | 4077465157389 | 169560852457 | 170123783282 | 1.698944e+11 |
|      CPU_CLK_UNHALTED_REF STAT      |  FIXC2  | 4078595873165 | 169639004125 | 170170038452 | 1.699415e+11 |
|           FIXC1/FIXC0 STAT          |   CPI   |             0 |            0 |            0 |            0 |
|  OFFCORE_RESPONSE_0_LOCAL_DRAM STAT |   PMC0  |   26989489756 |    653571108 |   1781235092 | 1.124562e+09 |
| OFFCORE_RESPONSE_1_REMOTE_DRAM STAT |   PMC1  |    1897958673 |       985260 |    473612326 | 7.908161e+07 |
|  MEM_LOAD_UOPS_RETIRED_L3_ALL STAT  |   PMC2  |   10752945717 |    202146429 |    694832826 | 4.480394e+08 |
|  MEM_LOAD_UOPS_RETIRED_L3_MISS STAT |   PMC3  |    8017751889 |     35883030 |    632050951 | 3.340730e+08 |
|      L2_TRANS_ALL_REQUESTS STAT     |   PMC4  |  335667249374 |   5506012684 |  22602159532 | 1.398614e+10 |
|          L2_RQSTS_MISS STAT         |   PMC5  |   68708550323 |   1127201821 |   4640401339 | 2.862856e+09 |
|        UOPS_RETIRED_ALL STAT        |   PMC6  | 7993445109156 | 323541237547 | 346254492761 | 3.330602e+11 |
|            TEMP_CORE STAT           |   TMP0  |          1047 |           39 |           48 |      43.6250 |
|         PWR_PKG_ENERGY STAT         |   PWR0  |    12319.9940 |            0 |    6194.3727 |     513.3331 |
|         PWR_PP0_ENERGY STAT         |   PWR1  |             0 |            0 |            0 |            0 |
|         PWR_DRAM_ENERGY STAT        |   PWR3  |     2239.9208 |            0 |    1136.4669 |      93.3300 |
|          CAS_COUNT_RD STAT          | MBOX0C0 |   10242107412 |            0 |   5216982819 | 4.267545e+08 |
|          CAS_COUNT_WR STAT          | MBOX0C1 |    6452951938 |            0 |   3274630351 | 2.688730e+08 |
|          CAS_COUNT_RD STAT          | MBOX1C0 |   10231769411 |            0 |   5208248012 | 4.263237e+08 |
|          CAS_COUNT_WR STAT          | MBOX1C1 |    6441898475 |            0 |   3270228622 | 2.684124e+08 |
|          CAS_COUNT_RD STAT          | MBOX2C0 |             0 |            0 |            0 |            0 |
|          CAS_COUNT_WR STAT          | MBOX2C1 |             0 |            0 |            0 |            0 |
|          CAS_COUNT_RD STAT          | MBOX3C0 |             0 |            0 |            0 |            0 |
|          CAS_COUNT_WR STAT          | MBOX3C1 |             0 |            0 |            0 |            0 |
|          CAS_COUNT_RD STAT          | MBOX4C0 |   10226919382 |            0 |   5213243375 | 4.261216e+08 |
|          CAS_COUNT_WR STAT          | MBOX4C1 |    6449773174 |            0 |   3273768061 | 2.687405e+08 |
|          CAS_COUNT_RD STAT          | MBOX5C0 |   10239625888 |            0 |   5211090315 | 4.266511e+08 |
|          CAS_COUNT_WR STAT          | MBOX5C1 |    6447167013 |            0 |   3273931603 | 2.686320e+08 |
|          CAS_COUNT_RD STAT          | MBOX6C0 |             0 |            0 |            0 |            0 |
|          CAS_COUNT_WR STAT          | MBOX6C1 |             0 |            0 |            0 |            0 |
|          CAS_COUNT_RD STAT          | MBOX7C0 |             0 |            0 |            0 |            0 |
|          CAS_COUNT_WR STAT          | MBOX7C1 |             0 |            0 |            0 |            0 |
+-------------------------------------+---------+---------------+--------------+--------------+--------------+
+-----------------------------------+------------+-----------+-----------+-----------+-----------+-----------+-----------+-----------+-----------+-----------+-----------+-----------+------------+-----------+-----------+-----------+-----------+-----------+-----------+-----------+-----------+-----------+-----------+-----------+
|               Metric              |   Core 0   |   Core 1  |   Core 2  |   Core 3  |   Core 4  |   Core 5  |   Core 6  |   Core 7  |   Core 8  |   Core 9  |  Core 10  |  Core 11  |   Core 12  |  Core 13  |  Core 14  |  Core 15  |  Core 16  |  Core 17  |  Core 18  |  Core 19  |  Core 20  |  Core 21  |  Core 22  |  Core 23  |
+-----------------------------------+------------+-----------+-----------+-----------+-----------+-----------+-----------+-----------+-----------+-----------+-----------+-----------+------------+-----------+-----------+-----------+-----------+-----------+-----------+-----------+-----------+-----------+-----------+-----------+
|        Runtime (RDTSC) [s]        |    74.9463 |   74.9463 |   74.9463 |   74.9463 |   74.9463 |   74.9463 |   74.9463 |   74.9463 |   74.9463 |   74.9463 |   74.9463 |   74.9463 |    74.9463 |   74.9463 |   74.9463 |   74.9463 |   74.9463 |   74.9463 |   74.9463 |   74.9463 |   74.9463 |   74.9463 |   74.9463 |   74.9463 |
|        Runtime unhalted [s]       |    73.8865 |   73.9688 |   73.9481 |   73.9295 |   73.9428 |   73.9516 |   73.9668 |   73.8255 |   73.8686 |   73.8564 |   73.8617 |   73.9124 |    73.8024 |   73.8629 |   73.8644 |   73.8946 |   73.8838 |   73.8742 |   73.8582 |   73.8397 |   73.8019 |   73.7691 |   73.7624 |   73.7240 |
|            Clock [MHz]            |  2299.4607 | 2299.6385 | 2299.7732 | 2299.4881 | 2299.5509 | 2299.4388 | 2299.2543 | 2299.0790 | 2299.0959 | 2299.0926 | 2299.0876 | 2299.0839 |  2299.4276 | 2299.5099 | 2299.5133 | 2299.3110 | 2299.4095 | 2299.4630 | 2299.1578 | 2299.2241 | 2298.9685 | 2299.2098 | 2299.1655 | 2298.8817 |
|                CPI                |     0.6763 |    0.6786 |    0.6464 |    0.6531 |    0.6464 |    0.6606 |    0.6555 |    0.6565 |    0.6596 |    0.6608 |    0.6642 |    0.6682 |     0.6623 |    0.6576 |    0.6408 |    0.6436 |    0.6458 |    0.6765 |    0.6648 |    0.6613 |    0.6595 |    0.6590 |    0.6578 |    0.6571 |
|   Local DRAM data volume [GByte]  |    41.9905 |   42.1011 |   41.9135 |   41.8819 |   42.0656 |   41.8843 |  113.9990 |  111.7566 |  110.1308 |  109.1095 |   99.9791 |   78.1587 |    41.9026 |   41.9653 |   41.8286 |   41.9434 |   41.8932 |   41.8831 |   81.9319 |   96.8529 |  100.4179 |  105.2527 |  107.4554 |  109.0299 |
|   Local DRAM bandwidth [MByte/s]  |   560.2740 |  561.7496 |  559.2464 |  558.8248 |  561.2770 |  558.8578 | 1521.0760 | 1491.1548 | 1469.4618 | 1455.8360 | 1334.0096 | 1042.8626 |   559.1013 |  559.9380 |  558.1135 |  559.6462 |  558.9757 |  558.8416 | 1093.2077 | 1292.2969 | 1339.8637 | 1404.3747 | 1433.7649 | 1454.7731 |
|  Remote DRAM data volume [GByte]  |     0.0855 |    0.0669 |    0.0870 |    0.1434 |    0.0631 |    0.1414 |    1.3408 |    1.8354 |    2.2080 |    3.1763 |   12.0714 |   30.3112 |     0.1526 |    0.1235 |    0.1134 |    0.0866 |    0.1300 |    0.0985 |   29.3587 |   15.4148 |   10.7025 |    6.4824 |    4.5134 |    2.7626 |
|  Remote DRAM bandwidth [MByte/s]  |     1.1407 |    0.8924 |    1.1614 |    1.9133 |    0.8414 |    1.8868 |   17.8897 |   24.4891 |   29.4606 |   42.3810 |  161.0676 |  404.4387 |     2.0357 |    1.6476 |    1.5136 |    1.1561 |    1.7351 |    1.3141 |  391.7295 |  205.6779 |  142.8027 |   86.4942 |   60.2220 |   36.8605 |
|     Memory data volume [GByte]    |    42.0760 |   42.1680 |   42.0005 |   42.0253 |   42.1287 |   42.0257 |  115.3398 |  113.5919 |  112.3387 |  112.2858 |  112.0505 |  108.4699 |    42.0552 |   42.0888 |   41.9420 |   42.0301 |   42.0232 |   41.9816 |  111.2906 |  112.2677 |  111.1204 |  111.7351 |  111.9688 |  111.7924 |
|     Memory bandwidth [MByte/s]    |   561.4147 |  562.6421 |  560.4077 |  560.7382 |  562.1184 |  560.7446 | 1538.9657 | 1515.6438 | 1498.9224 | 1498.2169 | 1495.0771 | 1447.3012 |   561.1370 |  561.5856 |  559.6270 |  560.8022 |  560.7107 |  560.1556 | 1484.9372 | 1497.9747 | 1482.6664 | 1490.8689 | 1493.9869 | 1491.6336 |
|          L3 request rate          |     1.0972 |    1.0884 |    1.1022 |    1.0938 |    1.0816 |    1.0863 |    5.5393 |    5.6673 |    5.6591 |    5.6438 |    5.4996 |    5.4826 |     1.0941 |    1.0967 |    1.0885 |    1.0877 |    1.0871 |    1.0945 |    5.6490 |    5.5057 |    5.6762 |    5.5830 |    5.6168 |    5.6335 |
|            L3 miss rate           |     0.0019 |    0.0015 |    0.0020 |    0.0033 |    0.0014 |    0.0032 |    0.1002 |    0.1380 |    0.1667 |    0.2439 |    0.9114 |    2.2501 |     0.0034 |    0.0028 |    0.0026 |    0.0020 |    0.0030 |    0.0022 |    2.1900 |    1.1792 |    0.7907 |    0.4873 |    0.3416 |    0.2135 |
|           L3 miss ratio           |     0.0020 |    0.0016 |    0.0021 |    0.0034 |    0.0015 |    0.0034 |    0.0118 |    0.0164 |    0.0200 |    0.0291 |    0.1207 |    0.3878 |     0.0036 |    0.0029 |    0.0027 |    0.0021 |    0.0031 |    0.0024 |    0.3583 |    0.1592 |    0.1066 |    0.0616 |    0.0420 |    0.0253 |
|          L2 request rate          |     0.0219 |    0.0221 |    0.0210 |    0.0213 |    0.0211 |    0.0215 |    0.0868 |    0.0872 |    0.0870 |    0.0871 |    0.0880 |    0.0884 |     0.0216 |    0.0215 |    0.0208 |    0.0208 |    0.0210 |    0.0220 |    0.0885 |    0.0871 |    0.0872 |    0.0870 |    0.0868 |    0.0862 |
|            L2 miss rate           |     0.0045 |    0.0045 |    0.0044 |    0.0044 |    0.0043 |    0.0044 |    0.0177 |    0.0179 |    0.0177 |    0.0178 |    0.0179 |    0.0182 |     0.0044 |    0.0044 |    0.0043 |    0.0043 |    0.0043 |    0.0045 |    0.0181 |    0.0178 |    0.0178 |    0.0179 |    0.0178 |    0.0176 |
|           L2 miss ratio           |     0.2060 |    0.2050 |    0.2076 |    0.2074 |    0.2044 |    0.2041 |    0.2041 |    0.2059 |    0.2033 |    0.2043 |    0.2032 |    0.2062 |     0.2055 |    0.2052 |    0.2043 |    0.2056 |    0.2047 |    0.2049 |    0.2042 |    0.2042 |    0.2044 |    0.2053 |    0.2048 |    0.2044 |
|  Memory read bandwidth [MBytes/s] | 17804.3718 |         0 |         0 |         0 |         0 |         0 |         0 |         0 |         0 |         0 |         0 |         0 | 17156.4782 |         0 |         0 |         0 |         0 |         0 |         0 |         0 |         0 |         0 |         0 |         0 |
|  Memory read data volume [GBytes] |  1334.3721 |         0 |         0 |         0 |         0 |         0 |         0 |         0 |         0 |         0 |         0 |         0 |  1285.8149 |         0 |         0 |         0 |         0 |         0 |         0 |         0 |         0 |         0 |         0 |         0 |
| Memory write bandwidth [MBytes/s] | 10844.4398 |         0 |         0 |         0 |         0 |         0 |         0 |         0 |         0 |         0 |         0 |         0 | 11180.3190 |         0 |         0 |         0 |         0 |         0 |         0 |         0 |         0 |         0 |         0 |         0 |
| Memory write data volume [GBytes] |   812.7508 |         0 |         0 |         0 |         0 |         0 |         0 |         0 |         0 |         0 |         0 |         0 |   837.9238 |         0 |         0 |         0 |         0 |         0 |         0 |         0 |         0 |         0 |         0 |         0 |
|    Memory bandwidth [MBytes/s]    | 28648.8116 |         0 |         0 |         0 |         0 |         0 |         0 |         0 |         0 |         0 |         0 |         0 | 28336.7971 |         0 |         0 |         0 |         0 |         0 |         0 |         0 |         0 |         0 |         0 |         0 |
|    Memory data volume [GBytes]    |  2147.1230 |         0 |         0 |         0 |         0 |         0 |         0 |         0 |         0 |         0 |         0 |         0 |  2123.7386 |         0 |         0 |         0 |         0 |         0 |         0 |         0 |         0 |         0 |         0 |         0 |
|          Temperature [C]          |         42 |        39 |        40 |        39 |        40 |        43 |        44 |        45 |        43 |        45 |        46 |        46 |         39 |        43 |        43 |        44 |        48 |        44 |        46 |        47 |        45 |        48 |        46 |        42 |
|             Energy [J]            |  6125.6213 |         0 |         0 |         0 |         0 |         0 |         0 |         0 |         0 |         0 |         0 |         0 |  6194.3727 |         0 |         0 |         0 |         0 |         0 |         0 |         0 |         0 |         0 |         0 |         0 |
|             Power [W]             |    81.7335 |         0 |         0 |         0 |         0 |         0 |         0 |         0 |         0 |         0 |         0 |         0 |    82.6508 |         0 |         0 |         0 |         0 |         0 |         0 |         0 |         0 |         0 |         0 |         0 |
|           Energy PP0 [J]          |          0 |         0 |         0 |         0 |         0 |         0 |         0 |         0 |         0 |         0 |         0 |         0 |          0 |         0 |         0 |         0 |         0 |         0 |         0 |         0 |         0 |         0 |         0 |         0 |
|           Power PP0 [W]           |          0 |         0 |         0 |         0 |         0 |         0 |         0 |         0 |         0 |         0 |         0 |         0 |          0 |         0 |         0 |         0 |         0 |         0 |         0 |         0 |         0 |         0 |         0 |         0 |
|          Energy DRAM [J]          |  1103.4539 |         0 |         0 |         0 |         0 |         0 |         0 |         0 |         0 |         0 |         0 |         0 |  1136.4669 |         0 |         0 |         0 |         0 |         0 |         0 |         0 |         0 |         0 |         0 |         0 |
|           Power DRAM [W]          |    14.7233 |         0 |         0 |         0 |         0 |         0 |         0 |         0 |         0 |         0 |         0 |         0 |    15.1637 |         0 |         0 |         0 |         0 |         0 |         0 |         0 |         0 |         0 |         0 |         0 |
+-----------------------------------+------------+-----------+-----------+-----------+-----------+-----------+-----------+-----------+-----------+-----------+-----------+-----------+------------+-----------+-----------+-----------+-----------+-----------+-----------+-----------+-----------+-----------+-----------+-----------+
+----------------------------------------+------------+-----------+------------+-----------+
|                 Metric                 |     Sum    |    Min    |     Max    |    Avg    |
+----------------------------------------+------------+-----------+------------+-----------+
|        Runtime (RDTSC) [s] STAT        |  1798.7112 |   74.9463 |    74.9463 |   74.9463 |
|        Runtime unhalted [s] STAT       |  1772.8563 |   73.7240 |    73.9688 |   73.8690 |
|            Clock [MHz] STAT            | 55183.2852 | 2298.8817 |  2299.7732 | 2299.3036 |
|                CPI STAT                |    15.8123 |    0.6408 |     0.6786 |    0.6588 |
|   Local DRAM data volume [GByte] STAT  |  1727.3275 |   41.8286 |   113.9990 |   71.9720 |
|   Local DRAM bandwidth [MByte/s] STAT  | 23047.5277 |  558.1135 |  1521.0760 |  960.3137 |
|  Remote DRAM data volume [GByte] STAT  |   121.4694 |    0.0631 |    30.3112 |    5.0612 |
|  Remote DRAM bandwidth [MByte/s] STAT  |  1620.7517 |    0.8414 |   404.4387 |   67.5313 |
|     Memory data volume [GByte] STAT    |  1848.7967 |   41.9420 |   115.3398 |   77.0332 |
|     Memory bandwidth [MByte/s] STAT    | 24668.2786 |  559.6270 |  1538.9657 | 1027.8449 |
|          L3 request rate STAT          |    80.2540 |    1.0816 |     5.6762 |    3.3439 |
|            L3 miss rate STAT           |     9.0419 |    0.0014 |     2.2501 |    0.3767 |
|           L3 miss ratio STAT           |     1.3696 |    0.0015 |     0.3878 |    0.0571 |
|          L2 request rate STAT          |     1.3039 |    0.0208 |     0.0885 |    0.0543 |
|            L2 miss rate STAT           |     0.2669 |    0.0043 |     0.0182 |    0.0111 |
|           L2 miss ratio STAT           |     4.9190 |    0.2032 |     0.2076 |    0.2050 |
|  Memory read bandwidth [MBytes/s] STAT | 34960.8500 |         0 | 17804.3718 | 1456.7021 |
|  Memory read data volume [GBytes] STAT |  2620.1870 |         0 |  1334.3721 |  109.1745 |
| Memory write bandwidth [MBytes/s] STAT | 22024.7588 |         0 | 11180.3190 |  917.6983 |
| Memory write data volume [GBytes] STAT |  1650.6746 |         0 |   837.9238 |   68.7781 |
|    Memory bandwidth [MBytes/s] STAT    | 56985.6087 |         0 | 28648.8116 | 2374.4004 |
|    Memory data volume [GBytes] STAT    |  4270.8616 |         0 |  2147.1230 |  177.9526 |
|          Temperature [C] STAT          |       1047 |        39 |         48 |   43.6250 |
|             Energy [J] STAT            | 12319.9940 |         0 |  6194.3727 |  513.3331 |
|             Power [W] STAT             |   164.3843 |         0 |    82.6508 |    6.8493 |
|           Energy PP0 [J] STAT          |          0 |         0 |          0 |         0 |
|           Power PP0 [W] STAT           |          0 |         0 |          0 |         0 |
|          Energy DRAM [J] STAT          |  2239.9208 |         0 |  1136.4669 |   93.3300 |
|           Power DRAM [W] STAT          |    29.8870 |         0 |    15.1637 |    1.2453 |
+----------------------------------------+------------+-----------+------------+-----------+
