--------------------------------------------------------------------------------
CPU name:	Intel(R) Xeon(R) CPU E5-2670 v3 @ 2.30GHz
CPU type:	Intel Xeon Haswell EN/EP/EX processor
CPU clock:	2.30 GHz
--------------------------------------------------------------------------------
Group 1: POWERPERF
+--------------------------------+---------+--------------+--------------+--------------+--------------+--------------+--------------+--------------+--------------+--------------+--------------+--------------+--------------+--------------+--------------+--------------+--------------+--------------+--------------+--------------+--------------+--------------+--------------+--------------+--------------+
|              Event             | Counter |    Core 0    |    Core 1    |    Core 2    |    Core 3    |    Core 4    |    Core 5    |    Core 6    |    Core 7    |    Core 8    |    Core 9    |    Core 10   |    Core 11   |    Core 12   |    Core 13   |    Core 14   |    Core 15   |    Core 16   |    Core 17   |    Core 18   |    Core 19   |    Core 20   |    Core 21   |    Core 22   |    Core 23   |
+--------------------------------+---------+--------------+--------------+--------------+--------------+--------------+--------------+--------------+--------------+--------------+--------------+--------------+--------------+--------------+--------------+--------------+--------------+--------------+--------------+--------------+--------------+--------------+--------------+--------------+--------------+
|        INSTR_RETIRED_ANY       |  FIXC0  | 280881959731 | 281462274541 | 274738949636 | 278268475431 | 265948059021 | 273161067996 | 271116089501 | 269516538428 | 282165888367 | 261925468401 | 264042532933 | 272561981374 | 277673022682 | 281753211843 | 255174718163 | 268566984240 | 288673909429 | 286655800067 | 274384573548 | 294218399234 | 284247504937 | 274096139297 | 299372027657 | 253024298803 |
|      CPU_CLK_UNHALTED_CORE     |  FIXC1  | 173673247427 | 173742197283 | 173723464565 | 173728381354 | 173746366166 | 173744050312 | 142189817264 | 146020253266 | 154039830091 | 149955060564 | 146256719482 | 150216409738 | 173462909371 | 173608139715 | 173590881902 | 173631417002 | 173631462573 | 173641739214 | 149760465222 | 161993851399 | 157852725292 | 149698359524 | 162024590635 | 142858006341 |
|      CPU_CLK_UNHALTED_REF      |  FIXC2  | 173701181095 | 173782370865 | 173749276947 | 173760520152 | 173764003065 | 173778817388 | 142638980193 | 146424826078 | 154388202903 | 150413820682 | 146712887784 | 150616689928 | 173494977631 | 173641763562 | 173632478301 | 173661806038 | 173654862545 | 173668739342 | 150123674348 | 162350762009 | 158242577840 | 150116816576 | 162266864311 | 143178711096 |
|           FIXC1/FIXC0          |   CPI   |            0 |            0 |            0 |            0 |            0 |            0 |            0 |            0 |            0 |            0 |            0 |            0 |            0 |            0 |            0 |            0 |            0 |            0 |            0 |            0 |            0 |            0 |            0 |            0 |
|  OFFCORE_RESPONSE_0_LOCAL_DRAM |   PMC0  |    663303792 |    665145744 |    664306300 |    664140294 |    665345183 |    664645918 |    216728101 |    400164506 |    309218296 |    361530308 |    327391717 |    269235041 |    661737225 |    662739059 |    663983177 |    661777462 |    664400533 |    662464371 |    495019649 |    380409742 |    273527171 |    331000861 |    331377220 |    252533041 |
| OFFCORE_RESPONSE_1_REMOTE_DRAM |   PMC1  |      1253678 |       909794 |      1059333 |      2371319 |       941973 |      2048299 |       246092 |     27052060 |       338647 |      1094099 |       896015 |       248242 |      4168247 |      3374914 |      3097811 |      3357672 |      2793863 |      2804521 |       397082 |       639261 |       397445 |     16994494 |       341576 |      5941366 |
|  MEM_LOAD_UOPS_RETIRED_L3_ALL  |   PMC2  |    718968906 |    711279425 |    712500739 |    715080718 |    723561790 |    713776503 |    727261082 |   1532872340 |   1197737470 |   1345367272 |   1247958326 |    960470921 |    720907621 |    715089341 |    709673045 |    715180062 |    715694472 |    715317151 |   1768784320 |   1274706105 |   1043793223 |   1413078244 |   1214500251 |    993906646 |
|  MEM_LOAD_UOPS_RETIRED_L3_MISS |   PMC3  |    652268255 |    652228668 |    651864757 |    652222749 |    653320300 |    652193649 |    112102123 |    232816863 |    183391269 |    207024222 |    191579699 |    148786238 |    651432325 |    652989754 |    651804948 |    651602529 |    654686756 |    652016350 |    272629767 |    198198071 |    158808518 |    214572664 |    188110128 |    152492642 |
|      L2_TRANS_ALL_REQUESTS     |   PMC4  |   5584492245 |   5602441563 |   5636959213 |   5598538921 |   5577201789 |   5628575466 |   5061879671 |   9720581832 |   7195727767 |   8328290505 |   7636606742 |   6333160688 |   5625830062 |   5583409141 |   5577024043 |   5593786683 |   5620171372 |   5586753783 |  11103588996 |   8589423737 |   6391476328 |   8052900285 |   7670514959 |   6080947449 |
|          L2_RQSTS_MISS         |   PMC5  |   1162351626 |   1157192758 |   1163260862 |   1151822357 |   1163117513 |   1151135129 |   1316410382 |   2522886437 |   1847260153 |   2148279571 |   1969265451 |   1633993987 |   1163205984 |   1160600945 |   1155781253 |   1167789796 |   1152610066 |   1145838671 |   2883736445 |   2245061887 |   1641879270 |   2053660220 |   1980649843 |   1555639782 |
|        UOPS_RETIRED_ALL        |   PMC6  | 366355194966 | 367131062638 | 358699332529 | 363066260594 | 347572653744 | 356734753312 | 366651572570 | 363146873651 | 385595897590 | 358347860330 | 361065892550 | 371061051555 | 362313927791 | 367466732587 | 334015552168 | 350891548700 | 376170027932 | 373636179481 | 372361446718 | 402105344110 | 395224270086 | 373317180751 | 407890340171 | 347004920368 |
|            TEMP_CORE           |   TMP0  |           40 |           38 |           40 |           39 |           39 |           41 |           42 |           42 |           41 |           43 |           43 |           43 |           38 |           41 |           41 |           43 |           45 |           42 |           44 |           44 |           42 |           46 |           43 |           41 |
|         PWR_PKG_ENERGY         |   PWR0  |    5404.5506 |            0 |            0 |            0 |            0 |            0 |            0 |            0 |            0 |            0 |            0 |            0 |    5692.4716 |            0 |            0 |            0 |            0 |            0 |            0 |            0 |            0 |            0 |            0 |            0 |
|         PWR_PP0_ENERGY         |   PWR1  |            0 |            0 |            0 |            0 |            0 |            0 |            0 |            0 |            0 |            0 |            0 |            0 |            0 |            0 |            0 |            0 |            0 |            0 |            0 |            0 |            0 |            0 |            0 |            0 |
|         PWR_DRAM_ENERGY        |   PWR3  |     773.1577 |            0 |            0 |            0 |            0 |            0 |            0 |            0 |            0 |            0 |            0 |            0 |     822.3377 |            0 |            0 |            0 |            0 |            0 |            0 |            0 |            0 |            0 |            0 |            0 |
|          CAS_COUNT_RD          | MBOX0C0 |   1859567375 |            0 |            0 |            0 |            0 |            0 |            0 |            0 |            0 |            0 |            0 |            0 |   1878894260 |            0 |            0 |            0 |            0 |            0 |            0 |            0 |            0 |            0 |            0 |            0 |
|          CAS_COUNT_WR          | MBOX0C1 |   1598230285 |            0 |            0 |            0 |            0 |            0 |            0 |            0 |            0 |            0 |            0 |            0 |   1640284452 |            0 |            0 |            0 |            0 |            0 |            0 |            0 |            0 |            0 |            0 |            0 |
|          CAS_COUNT_RD          | MBOX1C0 |   1871682745 |            0 |            0 |            0 |            0 |            0 |            0 |            0 |            0 |            0 |            0 |            0 |   1879741311 |            0 |            0 |            0 |            0 |            0 |            0 |            0 |            0 |            0 |            0 |            0 |
|          CAS_COUNT_WR          | MBOX1C1 |   1602370982 |            0 |            0 |            0 |            0 |            0 |            0 |            0 |            0 |            0 |            0 |            0 |   1635839870 |            0 |            0 |            0 |            0 |            0 |            0 |            0 |            0 |            0 |            0 |            0 |
|          CAS_COUNT_RD          | MBOX2C0 |            0 |            0 |            0 |            0 |            0 |            0 |            0 |            0 |            0 |            0 |            0 |            0 |            0 |            0 |            0 |            0 |            0 |            0 |            0 |            0 |            0 |            0 |            0 |            0 |
|          CAS_COUNT_WR          | MBOX2C1 |            0 |            0 |            0 |            0 |            0 |            0 |            0 |            0 |            0 |            0 |            0 |            0 |            0 |            0 |            0 |            0 |            0 |            0 |            0 |            0 |            0 |            0 |            0 |            0 |
|          CAS_COUNT_RD          | MBOX3C0 |            0 |            0 |            0 |            0 |            0 |            0 |            0 |            0 |            0 |            0 |            0 |            0 |            0 |            0 |            0 |            0 |            0 |            0 |            0 |            0 |            0 |            0 |            0 |            0 |
|          CAS_COUNT_WR          | MBOX3C1 |            0 |            0 |            0 |            0 |            0 |            0 |            0 |            0 |            0 |            0 |            0 |            0 |            0 |            0 |            0 |            0 |            0 |            0 |            0 |            0 |            0 |            0 |            0 |            0 |
|          CAS_COUNT_RD          | MBOX4C0 |   1872751805 |            0 |            0 |            0 |            0 |            0 |            0 |            0 |            0 |            0 |            0 |            0 |   1872369542 |            0 |            0 |            0 |            0 |            0 |            0 |            0 |            0 |            0 |            0 |            0 |
|          CAS_COUNT_WR          | MBOX4C1 |   1601625666 |            0 |            0 |            0 |            0 |            0 |            0 |            0 |            0 |            0 |            0 |            0 |   1641353327 |            0 |            0 |            0 |            0 |            0 |            0 |            0 |            0 |            0 |            0 |            0 |
|          CAS_COUNT_RD          | MBOX5C0 |   1864353475 |            0 |            0 |            0 |            0 |            0 |            0 |            0 |            0 |            0 |            0 |            0 |   1872749773 |            0 |            0 |            0 |            0 |            0 |            0 |            0 |            0 |            0 |            0 |            0 |
|          CAS_COUNT_WR          | MBOX5C1 |   1602008421 |            0 |            0 |            0 |            0 |            0 |            0 |            0 |            0 |            0 |            0 |            0 |   1636914284 |            0 |            0 |            0 |            0 |            0 |            0 |            0 |            0 |            0 |            0 |            0 |
|          CAS_COUNT_RD          | MBOX6C0 |            0 |            0 |            0 |            0 |            0 |            0 |            0 |            0 |            0 |            0 |            0 |            0 |            0 |            0 |            0 |            0 |            0 |            0 |            0 |            0 |            0 |            0 |            0 |            0 |
|          CAS_COUNT_WR          | MBOX6C1 |            0 |            0 |            0 |            0 |            0 |            0 |            0 |            0 |            0 |            0 |            0 |            0 |            0 |            0 |            0 |            0 |            0 |            0 |            0 |            0 |            0 |            0 |            0 |            0 |
|          CAS_COUNT_RD          | MBOX7C0 |            0 |            0 |            0 |            0 |            0 |            0 |            0 |            0 |            0 |            0 |            0 |            0 |            0 |            0 |            0 |            0 |            0 |            0 |            0 |            0 |            0 |            0 |            0 |            0 |
|          CAS_COUNT_WR          | MBOX7C1 |            0 |            0 |            0 |            0 |            0 |            0 |            0 |            0 |            0 |            0 |            0 |            0 |            0 |            0 |            0 |            0 |            0 |            0 |            0 |            0 |            0 |            0 |            0 |            0 |
+--------------------------------+---------+--------------+--------------+--------------+--------------+--------------+--------------+--------------+--------------+--------------+--------------+--------------+--------------+--------------+--------------+--------------+--------------+--------------+--------------+--------------+--------------+--------------+--------------+--------------+--------------+
+-------------------------------------+---------+---------------+--------------+--------------+--------------+
|                Event                | Counter |      Sum      |      Min     |      Max     |      Avg     |
+-------------------------------------+---------+---------------+--------------+--------------+--------------+
|        INSTR_RETIRED_ANY STAT       |  FIXC0  | 6613629875260 | 253024298803 | 299372027657 | 2.755679e+11 |
|      CPU_CLK_UNHALTED_CORE STAT     |  FIXC1  | 3896790345702 | 142189817264 | 173746366166 | 1.623663e+11 |
|      CPU_CLK_UNHALTED_REF STAT      |  FIXC2  | 3901765610679 | 142638980193 | 173782370865 | 1.625736e+11 |
|           FIXC1/FIXC0 STAT          |   CPI   |             0 |            0 |            0 |            0 |
|  OFFCORE_RESPONSE_0_LOCAL_DRAM STAT |   PMC0  |   11912124711 |    216728101 |    665345183 | 4.963385e+08 |
| OFFCORE_RESPONSE_1_REMOTE_DRAM STAT |   PMC1  |      82767803 |       246092 |     27052060 | 3.448658e+06 |
|  MEM_LOAD_UOPS_RETIRED_L3_ALL STAT  |   PMC2  |   23307465973 |    709673045 |   1768784320 | 9.711444e+08 |
|  MEM_LOAD_UOPS_RETIRED_L3_MISS STAT |   PMC3  |   10089143244 |    112102123 |    654686756 | 4.203810e+08 |
|      L2_TRANS_ALL_REQUESTS STAT     |   PMC4  |  159380283240 |   5061879671 |  11103588996 |   6640845135 |
|          L2_RQSTS_MISS STAT         |   PMC5  |   37693430388 |   1145838671 |   2883736445 | 1.570560e+09 |
|        UOPS_RETIRED_ALL STAT        |   PMC6  | 8827825876892 | 334015552168 | 407890340171 | 3.678261e+11 |
|            TEMP_CORE STAT           |   TMP0  |          1001 |           38 |           46 |      41.7083 |
|         PWR_PKG_ENERGY STAT         |   PWR0  |    11097.0222 |            0 |    5692.4716 |     462.3759 |
|         PWR_PP0_ENERGY STAT         |   PWR1  |             0 |            0 |            0 |            0 |
|         PWR_DRAM_ENERGY STAT        |   PWR3  |     1595.4954 |            0 |     822.3377 |      66.4790 |
|          CAS_COUNT_RD STAT          | MBOX0C0 |    3738461635 |            0 |   1878894260 | 1.557692e+08 |
|          CAS_COUNT_WR STAT          | MBOX0C1 |    3238514737 |            0 |   1640284452 | 1.349381e+08 |
|          CAS_COUNT_RD STAT          | MBOX1C0 |    3751424056 |            0 |   1879741311 | 1.563093e+08 |
|          CAS_COUNT_WR STAT          | MBOX1C1 |    3238210852 |            0 |   1635839870 | 1.349255e+08 |
|          CAS_COUNT_RD STAT          | MBOX2C0 |             0 |            0 |            0 |            0 |
|          CAS_COUNT_WR STAT          | MBOX2C1 |             0 |            0 |            0 |            0 |
|          CAS_COUNT_RD STAT          | MBOX3C0 |             0 |            0 |            0 |            0 |
|          CAS_COUNT_WR STAT          | MBOX3C1 |             0 |            0 |            0 |            0 |
|          CAS_COUNT_RD STAT          | MBOX4C0 |    3745121347 |            0 |   1872751805 | 1.560467e+08 |
|          CAS_COUNT_WR STAT          | MBOX4C1 |    3242978993 |            0 |   1641353327 | 1.351241e+08 |
|          CAS_COUNT_RD STAT          | MBOX5C0 |    3737103248 |            0 |   1872749773 | 1.557126e+08 |
|          CAS_COUNT_WR STAT          | MBOX5C1 |    3238922705 |            0 |   1636914284 | 1.349551e+08 |
|          CAS_COUNT_RD STAT          | MBOX6C0 |             0 |            0 |            0 |            0 |
|          CAS_COUNT_WR STAT          | MBOX6C1 |             0 |            0 |            0 |            0 |
|          CAS_COUNT_RD STAT          | MBOX7C0 |             0 |            0 |            0 |            0 |
|          CAS_COUNT_WR STAT          | MBOX7C1 |             0 |            0 |            0 |            0 |
+-------------------------------------+---------+---------------+--------------+--------------+--------------+
+-----------------------------------+------------+-----------+-----------+-----------+-----------+-----------+-----------+-----------+-----------+-----------+-----------+-----------+------------+-----------+-----------+-----------+-----------+-----------+-----------+-----------+-----------+-----------+-----------+-----------+
|               Metric              |   Core 0   |   Core 1  |   Core 2  |   Core 3  |   Core 4  |   Core 5  |   Core 6  |   Core 7  |   Core 8  |   Core 9  |  Core 10  |  Core 11  |   Core 12  |  Core 13  |  Core 14  |  Core 15  |  Core 16  |  Core 17  |  Core 18  |  Core 19  |  Core 20  |  Core 21  |  Core 22  |  Core 23  |
+-----------------------------------+------------+-----------+-----------+-----------+-----------+-----------+-----------+-----------+-----------+-----------+-----------+-----------+------------+-----------+-----------+-----------+-----------+-----------+-----------+-----------+-----------+-----------+-----------+-----------+
|        Runtime (RDTSC) [s]        |    76.5123 |   76.5123 |   76.5123 |   76.5123 |   76.5123 |   76.5123 |   76.5123 |   76.5123 |   76.5123 |   76.5123 |   76.5123 |   76.5123 |    76.5123 |   76.5123 |   76.5123 |   76.5123 |   76.5123 |   76.5123 |   76.5123 |   76.5123 |   76.5123 |   76.5123 |   76.5123 |   76.5123 |
|        Runtime unhalted [s]       |    75.5106 |   75.5406 |   75.5324 |   75.5346 |   75.5424 |   75.5414 |   61.8221 |   63.4875 |   66.9743 |   65.1983 |   63.5903 |   65.3119 |    75.4191 |   75.4823 |   75.4748 |   75.4924 |   75.4924 |   75.4969 |   65.1137 |   70.4326 |   68.6321 |   65.0867 |   70.4459 |   62.1126 |
|            Clock [MHz]            |  2299.6152 | 2299.4534 | 2299.6434 | 2299.5597 | 2299.7516 | 2299.5249 | 2292.7425 | 2293.6302 | 2294.7952 | 2292.9702 | 2292.8338 | 2293.8726 |  2299.5600 | 2299.5397 | 2299.4341 | 2299.5826 | 2299.6752 | 2299.6275 | 2294.4205 | 2294.9288 | 2294.3188 | 2293.5738 | 2296.5511 | 2294.8334 |
|                CPI                |     0.6183 |    0.6173 |    0.6323 |    0.6243 |    0.6533 |    0.6360 |    0.5245 |    0.5418 |    0.5459 |    0.5725 |    0.5539 |    0.5511 |     0.6247 |    0.6162 |    0.6803 |    0.6465 |    0.6015 |    0.6057 |    0.5458 |    0.5506 |    0.5553 |    0.5462 |    0.5412 |    0.5646 |
|   Local DRAM data volume [GByte]  |    42.4514 |   42.5693 |   42.5156 |   42.5050 |   42.5821 |   42.5373 |   13.8706 |   25.6105 |   19.7900 |   23.1379 |   20.9531 |   17.2310 |    42.3512 |   42.4153 |   42.4949 |   42.3538 |   42.5216 |   42.3977 |   31.6813 |   24.3462 |   17.5057 |   21.1841 |   21.2081 |   16.1621 |
|   Local DRAM bandwidth [MByte/s]  |   554.8313 |  556.3721 |  555.6699 |  555.5310 |  556.5389 |  555.9540 |  181.2858 |  334.7242 |  258.6507 |  302.4080 |  273.8522 |  225.2061 |   553.5210 |  554.3590 |  555.3996 |  553.5546 |  555.7487 |  554.1292 |  414.0673 |  318.2000 |  228.7963 |  276.8711 |  277.1859 |  211.2354 |
|  Remote DRAM data volume [GByte]  |     0.0802 |    0.0582 |    0.0678 |    0.1518 |    0.0603 |    0.1311 |    0.0157 |    1.7313 |    0.0217 |    0.0700 |    0.0573 |    0.0159 |     0.2668 |    0.2160 |    0.1983 |    0.2149 |    0.1788 |    0.1795 |    0.0254 |    0.0409 |    0.0254 |    1.0876 |    0.0219 |    0.3802 |
|  Remote DRAM bandwidth [MByte/s]  |     1.0487 |    0.7610 |    0.8861 |    1.9835 |    0.7879 |    1.7133 |    0.2058 |   22.6281 |    0.2833 |    0.9152 |    0.7495 |    0.2076 |     3.4866 |    2.8230 |    2.5912 |    2.8086 |    2.3370 |    2.3459 |    0.3321 |    0.5347 |    0.3324 |   14.2153 |    0.2857 |    4.9698 |
|     Memory data volume [GByte]    |    42.5317 |   42.6276 |   42.5834 |   42.6567 |   42.6424 |   42.6684 |   13.8863 |   27.3419 |   19.8116 |   23.2080 |   21.0104 |   17.2469 |    42.6180 |   42.6313 |   42.6932 |   42.5686 |   42.7004 |   42.5772 |   31.7067 |   24.3871 |   17.5312 |   22.2717 |   21.2300 |   16.5424 |
|     Memory bandwidth [MByte/s]    |   555.8800 |  557.1331 |  556.5560 |  557.5146 |  557.3268 |  557.6673 |  181.4916 |  357.3523 |  258.9340 |  303.3231 |  274.6017 |  225.4137 |   557.0076 |  557.1820 |  557.9908 |  556.3632 |  558.0857 |  556.4751 |  414.3995 |  318.7347 |  229.1287 |  291.0864 |  277.4716 |  216.2052 |
|          L3 request rate          |     1.1023 |    1.0905 |    1.0930 |    1.0964 |    1.1075 |    1.0944 |    6.4875 |    6.5840 |    6.5310 |    6.4986 |    6.5140 |    6.4554 |     1.1067 |    1.0951 |    1.0888 |    1.0976 |    1.0932 |    1.0971 |    6.4879 |    6.4315 |    6.5727 |    6.5855 |    6.4563 |    6.5177 |
|            L3 miss rate           |     0.0017 |    0.0013 |    0.0015 |    0.0033 |    0.0013 |    0.0029 |    0.0003 |    0.0176 |    0.0003 |    0.0008 |    0.0007 |    0.0003 |     0.0058 |    0.0047 |    0.0044 |    0.0047 |    0.0039 |    0.0039 |    0.0002 |    0.0005 |    0.0004 |    0.0120 |    0.0003 |    0.0060 |
|           L3 miss ratio           |     0.0019 |    0.0014 |    0.0016 |    0.0036 |    0.0014 |    0.0031 |    0.0011 |    0.0676 |    0.0011 |    0.0030 |    0.0027 |    0.0009 |     0.0063 |    0.0051 |    0.0047 |    0.0051 |    0.0042 |    0.0042 |    0.0008 |    0.0017 |    0.0015 |    0.0513 |    0.0010 |    0.0235 |
|          L2 request rate          |     0.0199 |    0.0199 |    0.0205 |    0.0201 |    0.0210 |    0.0206 |    0.0187 |    0.0361 |    0.0255 |    0.0318 |    0.0289 |    0.0232 |     0.0203 |    0.0198 |    0.0219 |    0.0208 |    0.0195 |    0.0195 |    0.0405 |    0.0292 |    0.0225 |    0.0294 |    0.0256 |    0.0240 |
|            L2 miss rate           |     0.0041 |    0.0041 |    0.0042 |    0.0041 |    0.0044 |    0.0042 |    0.0049 |    0.0094 |    0.0065 |    0.0082 |    0.0075 |    0.0060 |     0.0042 |    0.0041 |    0.0045 |    0.0043 |    0.0040 |    0.0040 |    0.0105 |    0.0076 |    0.0058 |    0.0075 |    0.0066 |    0.0061 |
|           L2 miss ratio           |     0.2081 |    0.2066 |    0.2064 |    0.2057 |    0.2085 |    0.2045 |    0.2601 |    0.2595 |    0.2567 |    0.2579 |    0.2579 |    0.2580 |     0.2068 |    0.2079 |    0.2072 |    0.2088 |    0.2051 |    0.2051 |    0.2597 |    0.2614 |    0.2569 |    0.2550 |    0.2582 |    0.2558 |
|  Memory read bandwidth [MBytes/s] |  6247.0284 |         0 |         0 |         0 |         0 |         0 |         0 |         0 |         0 |         0 |         0 |         0 |  6276.6389 |         0 |         0 |         0 |         0 |         0 |         0 |         0 |         0 |         0 |         0 |         0 |
|  Memory read data volume [GBytes] |   477.9747 |         0 |         0 |         0 |         0 |         0 |         0 |         0 |         0 |         0 |         0 |         0 |   480.2403 |         0 |         0 |         0 |         0 |         0 |         0 |         0 |         0 |         0 |         0 |         0 |
| Memory write bandwidth [MBytes/s] |  5356.9278 |         0 |         0 |         0 |         0 |         0 |         0 |         0 |         0 |         0 |         0 |         0 |  5482.5287 |         0 |         0 |         0 |         0 |         0 |         0 |         0 |         0 |         0 |         0 |         0 |
| Memory write data volume [GBytes] |   409.8711 |         0 |         0 |         0 |         0 |         0 |         0 |         0 |         0 |         0 |         0 |         0 |   419.4811 |         0 |         0 |         0 |         0 |         0 |         0 |         0 |         0 |         0 |         0 |         0 |
|    Memory bandwidth [MBytes/s]    | 11603.9562 |         0 |         0 |         0 |         0 |         0 |         0 |         0 |         0 |         0 |         0 |         0 | 11759.1676 |         0 |         0 |         0 |         0 |         0 |         0 |         0 |         0 |         0 |         0 |         0 |
|    Memory data volume [GBytes]    |   887.8458 |         0 |         0 |         0 |         0 |         0 |         0 |         0 |         0 |         0 |         0 |         0 |   899.7214 |         0 |         0 |         0 |         0 |         0 |         0 |         0 |         0 |         0 |         0 |         0 |
|          Temperature [C]          |         40 |        38 |        40 |        39 |        39 |        41 |        42 |        42 |        41 |        43 |        43 |        43 |         38 |        41 |        41 |        43 |        45 |        42 |        44 |        44 |        42 |        46 |        43 |        41 |
|             Energy [J]            |  5404.5506 |         0 |         0 |         0 |         0 |         0 |         0 |         0 |         0 |         0 |         0 |         0 |  5692.4716 |         0 |         0 |         0 |         0 |         0 |         0 |         0 |         0 |         0 |         0 |         0 |
|             Power [W]             |    70.6363 |         0 |         0 |         0 |         0 |         0 |         0 |         0 |         0 |         0 |         0 |         0 |    74.3994 |         0 |         0 |         0 |         0 |         0 |         0 |         0 |         0 |         0 |         0 |         0 |
|           Energy PP0 [J]          |          0 |         0 |         0 |         0 |         0 |         0 |         0 |         0 |         0 |         0 |         0 |         0 |          0 |         0 |         0 |         0 |         0 |         0 |         0 |         0 |         0 |         0 |         0 |         0 |
|           Power PP0 [W]           |          0 |         0 |         0 |         0 |         0 |         0 |         0 |         0 |         0 |         0 |         0 |         0 |          0 |         0 |         0 |         0 |         0 |         0 |         0 |         0 |         0 |         0 |         0 |         0 |
|          Energy DRAM [J]          |   773.1577 |         0 |         0 |         0 |         0 |         0 |         0 |         0 |         0 |         0 |         0 |         0 |   822.3377 |         0 |         0 |         0 |         0 |         0 |         0 |         0 |         0 |         0 |         0 |         0 |
|           Power DRAM [W]          |    10.1050 |         0 |         0 |         0 |         0 |         0 |         0 |         0 |         0 |         0 |         0 |         0 |    10.7478 |         0 |         0 |         0 |         0 |         0 |         0 |         0 |         0 |         0 |         0 |         0 |
+-----------------------------------+------------+-----------+-----------+-----------+-----------+-----------+-----------+-----------+-----------+-----------+-----------+-----------+------------+-----------+-----------+-----------+-----------+-----------+-----------+-----------+-----------+-----------+-----------+-----------+
+----------------------------------------+------------+-----------+------------+-----------+
|                 Metric                 |     Sum    |    Min    |     Max    |    Avg    |
+----------------------------------------+------------+-----------+------------+-----------+
|        Runtime (RDTSC) [s] STAT        |  1836.2952 |   76.5123 |    76.5123 |   76.5123 |
|        Runtime unhalted [s] STAT       |  1694.2679 |   61.8221 |    75.5424 |   70.5945 |
|            Clock [MHz] STAT            | 55124.4382 | 2292.7425 |  2299.7516 | 2296.8516 |
|                CPI STAT                |    14.1498 |    0.5245 |     0.6803 |    0.5896 |
|   Local DRAM data volume [GByte] STAT  |   762.3758 |   13.8706 |    42.5821 |   31.7657 |
|   Local DRAM bandwidth [MByte/s] STAT  |  9964.0923 |  181.2858 |   556.5389 |  415.1705 |
|  Remote DRAM data volume [GByte] STAT  |     5.2970 |    0.0157 |     1.7313 |    0.2207 |
|  Remote DRAM bandwidth [MByte/s] STAT  |    69.2323 |    0.2058 |    22.6281 |    2.8847 |
|     Memory data volume [GByte] STAT    |   767.6731 |   13.8863 |    42.7004 |   31.9864 |
|     Memory bandwidth [MByte/s] STAT    | 10033.3247 |  181.4916 |   558.0857 |  418.0552 |
|          L3 request rate STAT          |    91.2847 |    1.0888 |     6.5855 |    3.8035 |
|            L3 miss rate STAT           |     0.0788 |    0.0002 |     0.0176 |    0.0033 |
|           L3 miss ratio STAT           |     0.1988 |    0.0008 |     0.0676 |    0.0083 |
|          L2 request rate STAT          |     0.5792 |    0.0187 |     0.0405 |    0.0241 |
|            L2 miss rate STAT           |     0.1368 |    0.0040 |     0.0105 |    0.0057 |
|           L2 miss ratio STAT           |     5.5778 |    0.2045 |     0.2614 |    0.2324 |
|  Memory read bandwidth [MBytes/s] STAT | 12523.6673 |         0 |  6276.6389 |  521.8195 |
|  Memory read data volume [GBytes] STAT |   958.2150 |         0 |   480.2403 |   39.9256 |
| Memory write bandwidth [MBytes/s] STAT | 10839.4565 |         0 |  5482.5287 |  451.6440 |
| Memory write data volume [GBytes] STAT |   829.3522 |         0 |   419.4811 |   34.5563 |
|    Memory bandwidth [MBytes/s] STAT    | 23363.1238 |         0 | 11759.1676 |  973.4635 |
|    Memory data volume [GBytes] STAT    |  1787.5672 |         0 |   899.7214 |   74.4820 |
|          Temperature [C] STAT          |       1001 |        38 |         46 |   41.7083 |
|             Energy [J] STAT            | 11097.0222 |         0 |  5692.4716 |  462.3759 |
|             Power [W] STAT             |   145.0357 |         0 |    74.3994 |    6.0432 |
|           Energy PP0 [J] STAT          |          0 |         0 |          0 |         0 |
|           Power PP0 [W] STAT           |          0 |         0 |          0 |         0 |
|          Energy DRAM [J] STAT          |  1595.4954 |         0 |   822.3377 |   66.4790 |
|           Power DRAM [W] STAT          |    20.8528 |         0 |    10.7478 |    0.8689 |
+----------------------------------------+------------+-----------+------------+-----------+
