--------------------------------------------------------------------------------
CPU name:	Intel(R) Xeon(R) CPU E5-2670 v3 @ 2.30GHz
CPU type:	Intel Xeon Haswell EN/EP/EX processor
CPU clock:	2.30 GHz
--------------------------------------------------------------------------------
Group 1: POWERPERF
+--------------------------------+---------+-------------+-------------+-------------+-------------+-------------+-------------+--------------+--------------+--------------+--------------+--------------+--------------+-------------+-------------+-------------+-------------+-------------+-------------+--------------+--------------+--------------+--------------+--------------+--------------+
|              Event             | Counter |    Core 0   |    Core 1   |    Core 2   |    Core 3   |    Core 4   |    Core 5   |    Core 6    |    Core 7    |    Core 8    |    Core 9    |    Core 10   |    Core 11   |   Core 12   |   Core 13   |   Core 14   |   Core 15   |   Core 16   |   Core 17   |    Core 18   |    Core 19   |    Core 20   |    Core 21   |    Core 22   |    Core 23   |
+--------------------------------+---------+-------------+-------------+-------------+-------------+-------------+-------------+--------------+--------------+--------------+--------------+--------------+--------------+-------------+-------------+-------------+-------------+-------------+-------------+--------------+--------------+--------------+--------------+--------------+--------------+
|        INSTR_RETIRED_ANY       |  FIXC0  | 57074848009 | 57232566936 | 57402503873 | 57104868863 | 57788593264 | 58107402194 | 142180461934 | 140462888384 | 140626714820 | 140568760896 | 140428419469 | 139924808125 | 56430154778 | 57220093334 | 57163740542 | 57317826440 | 57729145271 | 57949067338 | 115897614584 | 114726166883 | 114972529543 | 114673413894 | 114671388022 | 114681759069 |
|      CPU_CLK_UNHALTED_CORE     |  FIXC1  | 74462727686 | 74462496848 | 74565208893 | 74565307872 | 74588542491 | 74629183043 |  72845949932 |  71947274342 |  71950659962 |  71954223951 |  72039114226 |  72030652905 | 74436926621 | 74450691781 | 74463866138 | 74481238036 | 74462543412 | 74458808852 |  65642521023 |  65152325637 |  65633900269 |  65309768785 |  65472278434 |  65661711844 |
|      CPU_CLK_UNHALTED_REF      |  FIXC2  | 74561147920 | 74579739625 | 74663561124 | 74662929866 | 74694598405 | 74732023729 |  72845940216 |  72066441834 |  72069240543 |  72072796412 |  72157286912 |  72148780845 | 74548044613 | 74534551272 | 74577366738 | 74604845643 | 74581703273 | 74580383970 |  65766393292 |  65283241469 |  65762048776 |  65435555358 |  65589686730 |  65779532341 |
|           FIXC1/FIXC0          |   CPI   |           0 |           0 |           0 |           0 |           0 |           0 |            0 |            0 |            0 |            0 |            0 |            0 |           0 |           0 |           0 |           0 |           0 |           0 |            0 |            0 |            0 |            0 |            0 |            0 |
|  OFFCORE_RESPONSE_0_LOCAL_DRAM |   PMC0  |  1133928285 |  1136113198 |  1140534709 |  1132634597 |  1132084418 |  1134274860 |    623408840 |    614903587 |    613126253 |    612149394 |    603659702 |    569300096 |  1064807284 |  1128160567 |  1127589019 |  1133629903 |  1127778109 |  1124904386 |    429624343 |    432072086 |    420800519 |    420655667 |    417151336 |    387983247 |
| OFFCORE_RESPONSE_1_REMOTE_DRAM |   PMC1  |     1855160 |      833911 |      898768 |      789382 |      765809 |     3873947 |     35840490 |     21682377 |     20413213 |     21539624 |     29347262 |     66089592 |    69223807 |     5965169 |     5926728 |     5915666 |     6128451 |     6954173 |     53680025 |     44387644 |     52399635 |     53748702 |     59523710 |     88227214 |
|  MEM_LOAD_UOPS_RETIRED_L3_ALL  |   PMC2  |  5235912711 |  5240125745 |  5263002134 |  5227005596 |  5218487673 |  5241562772 |    124615714 |    122317118 |    121229243 |    121519542 |    118960666 |    119744457 |  5222202338 |  5226953316 |  5224020322 |  5255511565 |  5217423705 |  5210692700 |     93480164 |     92315026 |     95217199 |     94437159 |     94122081 |     95159032 |
|  MEM_LOAD_UOPS_RETIRED_L3_MISS |   PMC3  |   521861790 |   517324422 |   522689907 |   516499776 |   514383813 |   517496497 |     65427049 |     61181178 |     58963485 |     59029692 |     55502773 |     56289253 |   516501030 |   516714865 |   517553401 |   519592841 |   513495218 |   513878503 |     44502076 |     43497644 |     43567978 |     43188947 |     44613214 |     44792090 |
|      L2_TRANS_ALL_REQUESTS     |   PMC4  | 14313821600 | 14330587856 | 14382907992 | 14284513080 | 14357270960 | 14407043554 |   5662309327 |   5311943332 |   5285338833 |   5290417167 |   5302813497 |   5260438911 | 14293198432 | 14303449996 | 14301445433 | 14373669686 | 14354425394 | 14325920143 |   4071994061 |   4030867986 |   4019916546 |   4019729370 |   4049067029 |   4028678368 |
|          L2_RQSTS_MISS         |   PMC5  |  6036641584 |  6044655509 |  6065938894 |  6023893394 |  6020890973 |  6045987424 |   1225250005 |   1149522479 |   1151401346 |   1151098399 |   1144949068 |   1142191397 |  6030374361 |  6033317044 |  6032336065 |  6065766936 |  6029619902 |  6019388769 |    880990431 |    870887057 |    873382722 |    873468329 |    877618098 |    876508437 |
|        UOPS_RETIRED_ALL        |   PMC6  | 62530729519 | 62745893633 | 62807107914 | 62589108285 | 63925746010 | 64239731030 | 182457989265 | 180353413841 | 180601045109 | 180506138020 | 180265889831 | 179501882184 | 61030413650 | 62550782639 | 62419255212 | 62358367498 | 63467334573 | 63953393349 | 151293672200 | 149842846327 | 150232250474 | 149773740321 | 149770206659 | 149785717406 |
|            TEMP_CORE           |   TMP0  |          42 |          42 |          42 |          42 |          41 |          43 |           47 |           46 |           48 |           48 |           45 |           47 |          43 |          44 |          45 |          45 |          48 |          48 |           49 |           51 |           47 |           48 |           48 |           49 |
|         PWR_PKG_ENERGY         |   PWR0  |   3292.1961 |           0 |           0 |           0 |           0 |           0 |            0 |            0 |            0 |            0 |            0 |            0 |   3173.4678 |           0 |           0 |           0 |           0 |           0 |            0 |            0 |            0 |            0 |            0 |            0 |
|         PWR_PP0_ENERGY         |   PWR1  |           0 |           0 |           0 |           0 |           0 |           0 |            0 |            0 |            0 |            0 |            0 |            0 |           0 |           0 |           0 |           0 |           0 |           0 |            0 |            0 |            0 |            0 |            0 |            0 |
|         PWR_DRAM_ENERGY        |   PWR3  |    443.7101 |           0 |           0 |           0 |           0 |           0 |            0 |            0 |            0 |            0 |            0 |            0 |    423.1676 |           0 |           0 |           0 |           0 |           0 |            0 |            0 |            0 |            0 |            0 |            0 |
|          CAS_COUNT_RD          | MBOX0C0 |  2894441286 |           0 |           0 |           0 |           0 |           0 |            0 |            0 |            0 |            0 |            0 |            0 |  2453428477 |           0 |           0 |           0 |           0 |           0 |            0 |            0 |            0 |            0 |            0 |            0 |
|          CAS_COUNT_WR          | MBOX0C1 |   271941978 |           0 |           0 |           0 |           0 |           0 |            0 |            0 |            0 |            0 |            0 |            0 |   187264840 |           0 |           0 |           0 |           0 |           0 |            0 |            0 |            0 |            0 |            0 |            0 |
|          CAS_COUNT_RD          | MBOX1C0 |  2896793503 |           0 |           0 |           0 |           0 |           0 |            0 |            0 |            0 |            0 |            0 |            0 |  2453314520 |           0 |           0 |           0 |           0 |           0 |            0 |            0 |            0 |            0 |            0 |            0 |
|          CAS_COUNT_WR          | MBOX1C1 |   271147942 |           0 |           0 |           0 |           0 |           0 |            0 |            0 |            0 |            0 |            0 |            0 |   188075897 |           0 |           0 |           0 |           0 |           0 |            0 |            0 |            0 |            0 |            0 |            0 |
|          CAS_COUNT_RD          | MBOX2C0 |           0 |           0 |           0 |           0 |           0 |           0 |            0 |            0 |            0 |            0 |            0 |            0 |           0 |           0 |           0 |           0 |           0 |           0 |            0 |            0 |            0 |            0 |            0 |            0 |
|          CAS_COUNT_WR          | MBOX2C1 |           0 |           0 |           0 |           0 |           0 |           0 |            0 |            0 |            0 |            0 |            0 |            0 |           0 |           0 |           0 |           0 |           0 |           0 |            0 |            0 |            0 |            0 |            0 |            0 |
|          CAS_COUNT_RD          | MBOX3C0 |           0 |           0 |           0 |           0 |           0 |           0 |            0 |            0 |            0 |            0 |            0 |            0 |           0 |           0 |           0 |           0 |           0 |           0 |            0 |            0 |            0 |            0 |            0 |            0 |
|          CAS_COUNT_WR          | MBOX3C1 |           0 |           0 |           0 |           0 |           0 |           0 |            0 |            0 |            0 |            0 |            0 |            0 |           0 |           0 |           0 |           0 |           0 |           0 |            0 |            0 |            0 |            0 |            0 |            0 |
|          CAS_COUNT_RD          | MBOX4C0 |  2895887022 |           0 |           0 |           0 |           0 |           0 |            0 |            0 |            0 |            0 |            0 |            0 |  2451522946 |           0 |           0 |           0 |           0 |           0 |            0 |            0 |            0 |            0 |            0 |            0 |
|          CAS_COUNT_WR          | MBOX4C1 |   272376042 |           0 |           0 |           0 |           0 |           0 |            0 |            0 |            0 |            0 |            0 |            0 |   186281888 |           0 |           0 |           0 |           0 |           0 |            0 |            0 |            0 |            0 |            0 |            0 |
|          CAS_COUNT_RD          | MBOX5C0 |  2895112803 |           0 |           0 |           0 |           0 |           0 |            0 |            0 |            0 |            0 |            0 |            0 |  2452991637 |           0 |           0 |           0 |           0 |           0 |            0 |            0 |            0 |            0 |            0 |            0 |
|          CAS_COUNT_WR          | MBOX5C1 |   270867178 |           0 |           0 |           0 |           0 |           0 |            0 |            0 |            0 |            0 |            0 |            0 |   188104278 |           0 |           0 |           0 |           0 |           0 |            0 |            0 |            0 |            0 |            0 |            0 |
|          CAS_COUNT_RD          | MBOX6C0 |           0 |           0 |           0 |           0 |           0 |           0 |            0 |            0 |            0 |            0 |            0 |            0 |           0 |           0 |           0 |           0 |           0 |           0 |            0 |            0 |            0 |            0 |            0 |            0 |
|          CAS_COUNT_WR          | MBOX6C1 |           0 |           0 |           0 |           0 |           0 |           0 |            0 |            0 |            0 |            0 |            0 |            0 |           0 |           0 |           0 |           0 |           0 |           0 |            0 |            0 |            0 |            0 |            0 |            0 |
|          CAS_COUNT_RD          | MBOX7C0 |           0 |           0 |           0 |           0 |           0 |           0 |            0 |            0 |            0 |            0 |            0 |            0 |           0 |           0 |           0 |           0 |           0 |           0 |            0 |            0 |            0 |            0 |            0 |            0 |
|          CAS_COUNT_WR          | MBOX7C1 |           0 |           0 |           0 |           0 |           0 |           0 |            0 |            0 |            0 |            0 |            0 |            0 |           0 |           0 |           0 |           0 |           0 |           0 |            0 |            0 |            0 |            0 |            0 |            0 |
+--------------------------------+---------+-------------+-------------+-------------+-------------+-------------+-------------+--------------+--------------+--------------+--------------+--------------+--------------+-------------+-------------+-------------+-------------+-------------+-------------+--------------+--------------+--------------+--------------+--------------+--------------+
+-------------------------------------+---------+---------------+-------------+--------------+--------------+
|                Event                | Counter |      Sum      |     Min     |      Max     |      Avg     |
+-------------------------------------+---------+---------------+-------------+--------------+--------------+
|        INSTR_RETIRED_ANY STAT       |  FIXC0  | 2222335736465 | 56430154778 | 142180461934 | 9.259732e+10 |
|      CPU_CLK_UNHALTED_CORE STAT     |  FIXC1  | 1719667922983 | 65152325637 |  74629183043 | 7.165283e+10 |
|      CPU_CLK_UNHALTED_REF STAT      |  FIXC2  | 1722297840906 | 65283241469 |  74732023729 | 7.176241e+10 |
|           FIXC1/FIXC0 STAT          |   CPI   |             0 |           0 |            0 |            0 |
|  OFFCORE_RESPONSE_0_LOCAL_DRAM STAT |   PMC0  |   19661274405 |   387983247 |   1140534709 | 8.192198e+08 |
| OFFCORE_RESPONSE_1_REMOTE_DRAM STAT |   PMC1  |     656010459 |      765809 |     88227214 | 2.733377e+07 |
|  MEM_LOAD_UOPS_RETIRED_L3_ALL STAT  |   PMC2  |   64076017978 |    92315026 |   5263002134 | 2.669834e+09 |
|  MEM_LOAD_UOPS_RETIRED_L3_MISS STAT |   PMC3  |    6828547442 |    43188947 |    522689907 | 2.845228e+08 |
|      L2_TRANS_ALL_REQUESTS STAT     |   PMC4  |  228361768553 |  4019729370 |  14407043554 | 9.515074e+09 |
|          L2_RQSTS_MISS STAT         |   PMC5  |   84666078623 |   870887057 |   6065938894 | 3.527753e+09 |
|        UOPS_RETIRED_ALL STAT        |   PMC6  | 2739002654949 | 61030413650 | 182457989265 | 1.141251e+11 |
|            TEMP_CORE STAT           |   TMP0  |          1098 |          41 |           51 |      45.7500 |
|         PWR_PKG_ENERGY STAT         |   PWR0  |     6465.6639 |           0 |    3292.1961 |     269.4027 |
|         PWR_PP0_ENERGY STAT         |   PWR1  |             0 |           0 |            0 |            0 |
|         PWR_DRAM_ENERGY STAT        |   PWR3  |      866.8777 |           0 |     443.7101 |      36.1199 |
|          CAS_COUNT_RD STAT          | MBOX0C0 |    5347869763 |           0 |   2894441286 | 2.228279e+08 |
|          CAS_COUNT_WR STAT          | MBOX0C1 |     459206818 |           0 |    271941978 | 1.913362e+07 |
|          CAS_COUNT_RD STAT          | MBOX1C0 |    5350108023 |           0 |   2896793503 | 2.229212e+08 |
|          CAS_COUNT_WR STAT          | MBOX1C1 |     459223839 |           0 |    271147942 | 1.913433e+07 |
|          CAS_COUNT_RD STAT          | MBOX2C0 |             0 |           0 |            0 |            0 |
|          CAS_COUNT_WR STAT          | MBOX2C1 |             0 |           0 |            0 |            0 |
|          CAS_COUNT_RD STAT          | MBOX3C0 |             0 |           0 |            0 |            0 |
|          CAS_COUNT_WR STAT          | MBOX3C1 |             0 |           0 |            0 |            0 |
|          CAS_COUNT_RD STAT          | MBOX4C0 |    5347409968 |           0 |   2895887022 | 2.228087e+08 |
|          CAS_COUNT_WR STAT          | MBOX4C1 |     458657930 |           0 |    272376042 | 1.911075e+07 |
|          CAS_COUNT_RD STAT          | MBOX5C0 |    5348104440 |           0 |   2895112803 |    222837685 |
|          CAS_COUNT_WR STAT          | MBOX5C1 |     458971456 |           0 |    270867178 | 1.912381e+07 |
|          CAS_COUNT_RD STAT          | MBOX6C0 |             0 |           0 |            0 |            0 |
|          CAS_COUNT_WR STAT          | MBOX6C1 |             0 |           0 |            0 |            0 |
|          CAS_COUNT_RD STAT          | MBOX7C0 |             0 |           0 |            0 |            0 |
|          CAS_COUNT_WR STAT          | MBOX7C1 |             0 |           0 |            0 |            0 |
+-------------------------------------+---------+---------------+-------------+--------------+--------------+
+-----------------------------------+------------+-----------+-----------+-----------+-----------+-----------+-----------+-----------+-----------+-----------+-----------+-----------+------------+-----------+-----------+-----------+-----------+-----------+-----------+-----------+-----------+-----------+-----------+-----------+
|               Metric              |   Core 0   |   Core 1  |   Core 2  |   Core 3  |   Core 4  |   Core 5  |   Core 6  |   Core 7  |   Core 8  |   Core 9  |  Core 10  |  Core 11  |   Core 12  |  Core 13  |  Core 14  |  Core 15  |  Core 16  |  Core 17  |  Core 18  |  Core 19  |  Core 20  |  Core 21  |  Core 22  |  Core 23  |
+-----------------------------------+------------+-----------+-----------+-----------+-----------+-----------+-----------+-----------+-----------+-----------+-----------+-----------+------------+-----------+-----------+-----------+-----------+-----------+-----------+-----------+-----------+-----------+-----------+-----------+
|        Runtime (RDTSC) [s]        |    32.7968 |   32.7968 |   32.7968 |   32.7968 |   32.7968 |   32.7968 |   32.7968 |   32.7968 |   32.7968 |   32.7968 |   32.7968 |   32.7968 |    32.7968 |   32.7968 |   32.7968 |   32.7968 |   32.7968 |   32.7968 |   32.7968 |   32.7968 |   32.7968 |   32.7968 |   32.7968 |   32.7968 |
|        Runtime unhalted [s]       |    32.3751 |   32.3750 |   32.4197 |   32.4197 |   32.4298 |   32.4475 |   31.6722 |   31.2814 |   31.2829 |   31.2844 |   31.3214 |   31.3177 |    32.3639 |   32.3699 |   32.3756 |   32.3831 |   32.3750 |   32.3734 |   28.5402 |   28.3271 |   28.5365 |   28.3956 |   28.4662 |   28.5486 |
|            Clock [MHz]            |  2296.9639 | 2296.3841 | 2296.9701 | 2296.9926 | 2296.7342 | 2296.8348 | 2300.0002 | 2296.1966 | 2296.2155 | 2296.2159 | 2296.2331 | 2296.2341 |  2296.5716 | 2297.4121 | 2296.4994 | 2296.1891 | 2296.3251 | 2296.2506 | 2295.6677 | 2295.3875 | 2295.5179 | 2295.5786 | 2295.8827 | 2295.8802 |
|                CPI                |     1.3047 |    1.3011 |    1.2990 |    1.3058 |    1.2907 |    1.2843 |    0.5123 |    0.5122 |    0.5116 |    0.5119 |    0.5130 |    0.5148 |     1.3191 |    1.3011 |    1.3026 |    1.2994 |    1.2899 |    1.2849 |    0.5664 |    0.5679 |    0.5709 |    0.5695 |    0.5710 |    0.5726 |
|   Local DRAM data volume [GByte]  |    72.5714 |   72.7112 |   72.9942 |   72.4886 |   72.4534 |   72.5936 |   39.8982 |   39.3538 |   39.2401 |   39.1776 |   38.6342 |   36.4352 |    68.1477 |   72.2023 |   72.1657 |   72.5523 |   72.1778 |   71.9939 |   27.4960 |   27.6526 |   26.9312 |   26.9220 |   26.6977 |   24.8309 |
|   Local DRAM bandwidth [MByte/s]  |  2212.7601 | 2217.0237 | 2225.6519 | 2210.2356 | 2209.1619 | 2213.4364 | 1216.5268 | 1199.9296 | 1196.4613 | 1194.5550 | 1177.9882 | 1110.9384 |  2077.8766 | 2201.5049 | 2200.3896 | 2212.1778 | 2200.7586 | 2195.1507 |  838.3736 |  843.1502 |  821.1547 |  820.8721 |  814.0337 |  757.1148 |
|  Remote DRAM data volume [GByte]  |     0.1187 |    0.0534 |    0.0575 |    0.0505 |    0.0490 |    0.2479 |    2.2938 |    1.3877 |    1.3064 |    1.3785 |    1.8782 |    4.2297 |     4.4303 |    0.3818 |    0.3793 |    0.3786 |    0.3922 |    0.4451 |    3.4355 |    2.8408 |    3.3536 |    3.4399 |    3.8095 |    5.6465 |
|  Remote DRAM bandwidth [MByte/s]  |     3.6202 |    1.6273 |    1.7539 |    1.5404 |    1.4944 |    7.5597 |   69.9395 |   42.3112 |   39.8346 |   42.0327 |   57.2686 |  128.9680 |   135.0841 |   11.6405 |   11.5655 |   11.5439 |   11.9591 |   13.5704 |  104.7518 |   86.6185 |  102.2532 |  104.8858 |  116.1552 |  172.1676 |
|     Memory data volume [GByte]    |    72.6901 |   72.7646 |   73.0517 |   72.5391 |   72.5024 |   72.8415 |   42.1920 |   40.7415 |   40.5465 |   40.5561 |   40.5124 |   40.6649 |    72.5780 |   72.5840 |   72.5450 |   72.9309 |   72.5700 |   72.4389 |   30.9315 |   30.4934 |   30.2848 |   30.3619 |   30.5072 |   30.4775 |
|     Memory bandwidth [MByte/s]    |  2216.3803 | 2218.6510 | 2227.4058 | 2211.7760 | 2210.6563 | 2220.9960 | 1286.4664 | 1242.2408 | 1236.2959 | 1236.5877 | 1235.2567 | 1239.9064 |  2212.9607 | 2213.1454 | 2211.9550 | 2223.7217 | 2212.7177 | 2208.7212 |  943.1254 |  929.7687 |  923.4080 |  925.7579 |  930.1889 |  929.2823 |
|          L3 request rate          |    10.0331 |   10.1293 |   10.0691 |   10.1201 |   10.1451 |   10.1287 |    1.9047 |    1.9993 |    2.0560 |    2.0586 |    2.1433 |    2.1273 |    10.1107 |   10.1157 |   10.0937 |   10.1147 |   10.1606 |   10.1399 |    2.1006 |    2.1223 |    2.1855 |    2.1866 |    2.1097 |    2.1245 |
|            L3 miss rate           |     0.0004 |    0.0002 |    0.0002 |    0.0002 |    0.0001 |    0.0007 |    0.2876 |    0.1773 |    0.1684 |    0.1773 |    0.2467 |    0.5519 |     0.0133 |    0.0011 |    0.0011 |    0.0011 |    0.0012 |    0.0013 |    0.5742 |    0.4808 |    0.5503 |    0.5691 |    0.6324 |    0.9272 |
|           L3 miss ratio           |     0.0016 |    0.0007 |    0.0008 |    0.0007 |    0.0007 |    0.0034 |    0.0575 |    0.0353 |    0.0333 |    0.0352 |    0.0486 |    0.1161 |     0.0650 |    0.0053 |    0.0053 |    0.0052 |    0.0054 |    0.0062 |    0.1249 |    0.1027 |    0.1245 |    0.1278 |    0.1427 |    0.2274 |
|          L2 request rate          |     0.2508 |    0.2504 |    0.2506 |    0.2501 |    0.2484 |    0.2479 |    0.0398 |    0.0378 |    0.0376 |    0.0376 |    0.0378 |    0.0376 |     0.2533 |    0.2500 |    0.2502 |    0.2508 |    0.2487 |    0.2472 |    0.0351 |    0.0351 |    0.0350 |    0.0351 |    0.0353 |    0.0351 |
|            L2 miss rate           |     0.1058 |    0.1056 |    0.1057 |    0.1055 |    0.1042 |    0.1040 |    0.0086 |    0.0082 |    0.0082 |    0.0082 |    0.0082 |    0.0082 |     0.1069 |    0.1054 |    0.1055 |    0.1058 |    0.1044 |    0.1039 |    0.0076 |    0.0076 |    0.0076 |    0.0076 |    0.0077 |    0.0076 |
|           L2 miss ratio           |     0.4217 |    0.4218 |    0.4217 |    0.4217 |    0.4194 |    0.4197 |    0.2164 |    0.2164 |    0.2178 |    0.2176 |    0.2159 |    0.2171 |     0.4219 |    0.4218 |    0.4218 |    0.4220 |    0.4201 |    0.4202 |    0.2164 |    0.2161 |    0.2173 |    0.2173 |    0.2167 |    0.2176 |
|  Memory read bandwidth [MBytes/s] | 22601.6995 |         0 |         0 |         0 |         0 |         0 |         0 |         0 |         0 |         0 |         0 |         0 | 19145.7955 |         0 |         0 |         0 |         0 |         0 |         0 |         0 |         0 |         0 |         0 |         0 |
|  Memory read data volume [GBytes] |   741.2630 |         0 |         0 |         0 |         0 |         0 |         0 |         0 |         0 |         0 |         0 |         0 |   627.9205 |         0 |         0 |         0 |         0 |         0 |         0 |         0 |         0 |         0 |         0 |         0 |
| Memory write bandwidth [MBytes/s] |  2119.8824 |         0 |         0 |         0 |         0 |         0 |         0 |         0 |         0 |         0 |         0 |         0 |  1463.0253 |         0 |         0 |         0 |         0 |         0 |         0 |         0 |         0 |         0 |         0 |         0 |
| Memory write data volume [GBytes] |    69.5253 |         0 |         0 |         0 |         0 |         0 |         0 |         0 |         0 |         0 |         0 |         0 |    47.9825 |         0 |         0 |         0 |         0 |         0 |         0 |         0 |         0 |         0 |         0 |         0 |
|    Memory bandwidth [MBytes/s]    | 24721.5818 |         0 |         0 |         0 |         0 |         0 |         0 |         0 |         0 |         0 |         0 |         0 | 20608.8208 |         0 |         0 |         0 |         0 |         0 |         0 |         0 |         0 |         0 |         0 |         0 |
|    Memory data volume [GBytes]    |   810.7883 |         0 |         0 |         0 |         0 |         0 |         0 |         0 |         0 |         0 |         0 |         0 |   675.9030 |         0 |         0 |         0 |         0 |         0 |         0 |         0 |         0 |         0 |         0 |         0 |
|          Temperature [C]          |         42 |        42 |        42 |        42 |        41 |        43 |        47 |        46 |        48 |        48 |        45 |        47 |         43 |        44 |        45 |        45 |        48 |        48 |        49 |        51 |        47 |        48 |        48 |        49 |
|             Energy [J]            |  3292.1961 |         0 |         0 |         0 |         0 |         0 |         0 |         0 |         0 |         0 |         0 |         0 |  3173.4678 |         0 |         0 |         0 |         0 |         0 |         0 |         0 |         0 |         0 |         0 |         0 |
|             Power [W]             |   100.3817 |         0 |         0 |         0 |         0 |         0 |         0 |         0 |         0 |         0 |         0 |         0 |    96.7616 |         0 |         0 |         0 |         0 |         0 |         0 |         0 |         0 |         0 |         0 |         0 |
|           Energy PP0 [J]          |          0 |         0 |         0 |         0 |         0 |         0 |         0 |         0 |         0 |         0 |         0 |         0 |          0 |         0 |         0 |         0 |         0 |         0 |         0 |         0 |         0 |         0 |         0 |         0 |
|           Power PP0 [W]           |          0 |         0 |         0 |         0 |         0 |         0 |         0 |         0 |         0 |         0 |         0 |         0 |          0 |         0 |         0 |         0 |         0 |         0 |         0 |         0 |         0 |         0 |         0 |         0 |
|          Energy DRAM [J]          |   443.7101 |         0 |         0 |         0 |         0 |         0 |         0 |         0 |         0 |         0 |         0 |         0 |   423.1676 |         0 |         0 |         0 |         0 |         0 |         0 |         0 |         0 |         0 |         0 |         0 |
|           Power DRAM [W]          |    13.5291 |         0 |         0 |         0 |         0 |         0 |         0 |         0 |         0 |         0 |         0 |         0 |    12.9027 |         0 |         0 |         0 |         0 |         0 |         0 |         0 |         0 |         0 |         0 |         0 |
+-----------------------------------+------------+-----------+-----------+-----------+-----------+-----------+-----------+-----------+-----------+-----------+-----------+-----------+------------+-----------+-----------+-----------+-----------+-----------+-----------+-----------+-----------+-----------+-----------+-----------+
+----------------------------------------+------------+-----------+------------+-----------+
|                 Metric                 |     Sum    |    Min    |     Max    |    Avg    |
+----------------------------------------+------------+-----------+------------+-----------+
|        Runtime (RDTSC) [s] STAT        |   787.1232 |   32.7968 |    32.7968 |   32.7968 |
|        Runtime unhalted [s] STAT       |   747.6819 |   28.3271 |    32.4475 |   31.1534 |
|            Clock [MHz] STAT            | 55115.1376 | 2295.3875 |  2300.0002 | 2296.4641 |
|                CPI STAT                |    22.0767 |    0.5116 |     1.3191 |    0.9199 |
|   Local DRAM data volume [GByte] STAT  |  1258.3216 |   24.8309 |    72.9942 |   52.4301 |
|   Local DRAM bandwidth [MByte/s] STAT  | 38367.2262 |  757.1148 |  2225.6519 | 1598.6344 |
|  Remote DRAM data volume [GByte] STAT  |    41.9844 |    0.0490 |     5.6465 |    1.7493 |
|  Remote DRAM bandwidth [MByte/s] STAT  |  1280.1461 |    1.4944 |   172.1676 |   53.3394 |
|     Memory data volume [GByte] STAT    |  1300.3059 |   30.2848 |    73.0517 |   54.1794 |
|     Memory bandwidth [MByte/s] STAT    | 39647.3722 |  923.4080 |  2227.4058 | 1651.9738 |
|          L3 request rate STAT          |   146.4791 |    1.9047 |    10.1606 |    6.1033 |
|            L3 miss rate STAT           |     5.3641 |    0.0001 |     0.9272 |    0.2235 |
|           L3 miss ratio STAT           |     1.2763 |    0.0007 |     0.2274 |    0.0532 |
|          L2 request rate STAT          |     3.4373 |    0.0350 |     0.2533 |    0.1432 |
|            L2 miss rate STAT           |     1.3580 |    0.0076 |     0.1069 |    0.0566 |
|           L2 miss ratio STAT           |     7.6564 |    0.2159 |     0.4220 |    0.3190 |
|  Memory read bandwidth [MBytes/s] STAT | 41747.4950 |         0 | 22601.6995 | 1739.4790 |
|  Memory read data volume [GBytes] STAT |  1369.1835 |         0 |   741.2630 |   57.0493 |
| Memory write bandwidth [MBytes/s] STAT |  3582.9077 |         0 |  2119.8824 |  149.2878 |
| Memory write data volume [GBytes] STAT |   117.5078 |         0 |    69.5253 |    4.8962 |
|    Memory bandwidth [MBytes/s] STAT    | 45330.4026 |         0 | 24721.5818 | 1888.7668 |
|    Memory data volume [GBytes] STAT    |  1486.6913 |         0 |   810.7883 |   61.9455 |
|          Temperature [C] STAT          |       1098 |        41 |         51 |   45.7500 |
|             Energy [J] STAT            |  6465.6639 |         0 |  3292.1961 |  269.4027 |
|             Power [W] STAT             |   197.1433 |         0 |   100.3817 |    8.2143 |
|           Energy PP0 [J] STAT          |          0 |         0 |          0 |         0 |
|           Power PP0 [W] STAT           |          0 |         0 |          0 |         0 |
|          Energy DRAM [J] STAT          |   866.8777 |         0 |   443.7101 |   36.1199 |
|           Power DRAM [W] STAT          |    26.4318 |         0 |    13.5291 |    1.1013 |
+----------------------------------------+------------+-----------+------------+-----------+
