--------------------------------------------------------------------------------
CPU name:	Intel(R) Xeon(R) CPU E5-2670 v3 @ 2.30GHz
CPU type:	Intel Xeon Haswell EN/EP/EX processor
CPU clock:	2.30 GHz
--------------------------------------------------------------------------------
Group 1: POWERPERF
+--------------------------------+---------+-------------+-------------+-------------+-------------+-------------+-------------+--------------+-------------+-------------+-------------+-------------+-------------+-------------+-------------+-------------+-------------+-------------+-------------+-------------+-------------+-------------+-------------+-------------+-------------+
|              Event             | Counter |    Core 0   |    Core 1   |    Core 2   |    Core 3   |    Core 4   |    Core 5   |    Core 6    |    Core 7   |    Core 8   |    Core 9   |   Core 10   |   Core 11   |   Core 12   |   Core 13   |   Core 14   |   Core 15   |   Core 16   |   Core 17   |   Core 18   |   Core 19   |   Core 20   |   Core 21   |   Core 22   |   Core 23   |
+--------------------------------+---------+-------------+-------------+-------------+-------------+-------------+-------------+--------------+-------------+-------------+-------------+-------------+-------------+-------------+-------------+-------------+-------------+-------------+-------------+-------------+-------------+-------------+-------------+-------------+-------------+
|        INSTR_RETIRED_ANY       |  FIXC0  | 57589271722 | 57643042687 | 57950885887 | 57460960279 | 58235334121 | 58385677037 | 114905093055 | 39090630496 | 39080541659 | 39072752144 | 39088318731 | 39076711312 | 57307513371 | 58420388752 | 58538379682 | 58879582249 | 59009345513 | 59168585156 | 39322373113 | 39189462322 | 39081861284 | 39015999729 | 39015047113 | 38808150737 |
|      CPU_CLK_UNHALTED_CORE     |  FIXC1  | 84751930640 | 84805015592 | 84851730840 | 84843036116 | 84830196654 | 84864409183 |  52007696342 | 24673918454 | 24801393738 | 24780706563 | 24741721975 | 24784510690 | 80477308671 | 78739029703 | 78650155150 | 78688102942 | 78418668081 | 78167093823 | 41184887150 | 44648354957 | 44729180513 | 43323045600 | 43805290834 | 43649550496 |
|      CPU_CLK_UNHALTED_REF      |  FIXC2  | 84830666895 | 84884410650 | 84954470283 | 84956523838 | 84950200448 | 84988185707 |  54199127469 | 26931440209 | 27053980023 | 27033035188 | 26994139313 | 27036453747 | 80669994909 | 78868169527 | 78780893428 | 78811602683 | 78534639581 | 78300859002 | 42295239994 | 45118041540 | 45211020581 | 44424519895 | 44831921126 | 44687587731 |
|           FIXC1/FIXC0          |   CPI   |           0 |           0 |           0 |           0 |           0 |           0 |            0 |           0 |           0 |           0 |           0 |           0 |           0 |           0 |           0 |           0 |           0 |           0 |           0 |           0 |           0 |           0 |           0 |           0 |
|  OFFCORE_RESPONSE_0_LOCAL_DRAM |   PMC0  |  1132543107 |  1135066092 |  1139223617 |  1131499365 |  1130826110 |  1132977426 |    835407864 |   560081076 |   552167997 |   554136216 |   553895722 |   550848166 |  1066179910 |  1128883598 |  1127424370 |  1133450545 |  1127430182 |  1124919863 |   283666409 |   233540167 |   232732954 |   255061441 |   245032535 |   240362042 |
| OFFCORE_RESPONSE_1_REMOTE_DRAM |   PMC1  |     2960844 |     1702516 |     1737476 |     1868635 |     1787620 |     4886718 |       122469 |       22279 |       12072 |        9338 |        7689 |     2003393 |    68504460 |     5515361 |     6471995 |     6417822 |     6625041 |     7430760 |   240940451 |   287783345 |   281805197 |   261832973 |   272377401 |   272425750 |
|  MEM_LOAD_UOPS_RETIRED_L3_ALL  |   PMC2  |  5201381379 |  5209177857 |  5228171908 |  5189558866 |  5182736842 |  5205817545 |     12087747 |    11206162 |    11291136 |    11220326 |    11245751 |    11212319 |  5207473115 |  5213161014 |  5210660788 |  5243509766 |  5206244959 |  5198912758 |    12712436 |    12713182 |    12650274 |    12588334 |    12649707 |    12775705 |
|  MEM_LOAD_UOPS_RETIRED_L3_MISS |   PMC3  |   496393280 |   493942293 |   497620291 |   491231927 |   490524218 |   491937728 |      3904505 |     3512483 |     3515798 |     3509966 |     3509091 |     3502969 |   510649201 |   511791094 |   517492083 |   516796504 |   510675184 |   512909871 |     3630056 |     3670184 |     3643292 |     3601278 |     3627279 |     3656415 |
|      L2_TRANS_ALL_REQUESTS     |   PMC4  | 14317375393 | 14337352351 | 14390676659 | 14288446247 | 14284611179 | 14349081336 |   8426102098 |  5665105607 |  5668105263 |  5667480741 |  5665831151 |  5667374651 | 14292780281 | 14301574153 | 14296579559 | 14381907923 | 14295252766 | 14270477051 |  7090183313 |  7286898270 |  7285237529 |  7206058977 |  7237396458 |  7206725217 |
|          L2_RQSTS_MISS         |   PMC5  |  6037091800 |  6045819407 |  6067542358 |  6024246380 |  6021330131 |  6048280066 |   2447636826 |  1871719138 |  1882011306 |  1879483451 |  1879890054 |  1881109782 |  6032094943 |  6034468234 |  6031141718 |  6068277781 |  6030092384 |  6020148658 |  1908804950 |  1906959860 |  1911285122 |  1905219843 |  1906308905 |  1898342273 |
|        UOPS_RETIRED_ALL        |   PMC6  | 63608782275 | 63604100039 | 63954934401 | 63355857367 | 64873500555 | 64846489379 | 122611138085 | 44299146091 | 44282599232 | 44267060585 | 44296488471 | 44274726416 | 62821702486 | 64986342478 | 65203106670 | 65517726297 | 66061024764 | 66429875479 | 44629064508 | 44517381217 | 44372074136 | 44265598169 | 44252885413 | 44025129621 |
|            TEMP_CORE           |   TMP0  |          43 |          39 |          42 |          39 |          40 |          42 |           42 |          42 |          41 |          42 |          43 |          44 |          39 |          43 |          43 |          44 |          48 |          44 |          46 |          46 |          42 |          45 |          43 |          40 |
|         PWR_PKG_ENERGY         |   PWR0  |   2735.5417 |           0 |           0 |           0 |           0 |           0 |            0 |           0 |           0 |           0 |           0 |           0 |   2901.7724 |           0 |           0 |           0 |           0 |           0 |           0 |           0 |           0 |           0 |           0 |           0 |
|         PWR_PP0_ENERGY         |   PWR1  |           0 |           0 |           0 |           0 |           0 |           0 |            0 |           0 |           0 |           0 |           0 |           0 |           0 |           0 |           0 |           0 |           0 |           0 |           0 |           0 |           0 |           0 |           0 |           0 |
|         PWR_DRAM_ENERGY        |   PWR3  |    550.9087 |           0 |           0 |           0 |           0 |           0 |            0 |           0 |           0 |           0 |           0 |           0 |    462.9497 |           0 |           0 |           0 |           0 |           0 |           0 |           0 |           0 |           0 |           0 |           0 |
|          CAS_COUNT_RD          | MBOX0C0 |  4516515763 |           0 |           0 |           0 |           0 |           0 |            0 |           0 |           0 |           0 |           0 |           0 |  2530267784 |           0 |           0 |           0 |           0 |           0 |           0 |           0 |           0 |           0 |           0 |           0 |
|          CAS_COUNT_WR          | MBOX0C1 |   294804742 |           0 |           0 |           0 |           0 |           0 |            0 |           0 |           0 |           0 |           0 |           0 |   175900028 |           0 |           0 |           0 |           0 |           0 |           0 |           0 |           0 |           0 |           0 |           0 |
|          CAS_COUNT_RD          | MBOX1C0 |  4518157456 |           0 |           0 |           0 |           0 |           0 |            0 |           0 |           0 |           0 |           0 |           0 |  2528084923 |           0 |           0 |           0 |           0 |           0 |           0 |           0 |           0 |           0 |           0 |           0 |
|          CAS_COUNT_WR          | MBOX1C1 |   296647328 |           0 |           0 |           0 |           0 |           0 |            0 |           0 |           0 |           0 |           0 |           0 |   173914047 |           0 |           0 |           0 |           0 |           0 |           0 |           0 |           0 |           0 |           0 |           0 |
|          CAS_COUNT_RD          | MBOX2C0 |           0 |           0 |           0 |           0 |           0 |           0 |            0 |           0 |           0 |           0 |           0 |           0 |           0 |           0 |           0 |           0 |           0 |           0 |           0 |           0 |           0 |           0 |           0 |           0 |
|          CAS_COUNT_WR          | MBOX2C1 |           0 |           0 |           0 |           0 |           0 |           0 |            0 |           0 |           0 |           0 |           0 |           0 |           0 |           0 |           0 |           0 |           0 |           0 |           0 |           0 |           0 |           0 |           0 |           0 |
|          CAS_COUNT_RD          | MBOX3C0 |           0 |           0 |           0 |           0 |           0 |           0 |            0 |           0 |           0 |           0 |           0 |           0 |           0 |           0 |           0 |           0 |           0 |           0 |           0 |           0 |           0 |           0 |           0 |           0 |
|          CAS_COUNT_WR          | MBOX3C1 |           0 |           0 |           0 |           0 |           0 |           0 |            0 |           0 |           0 |           0 |           0 |           0 |           0 |           0 |           0 |           0 |           0 |           0 |           0 |           0 |           0 |           0 |           0 |           0 |
|          CAS_COUNT_RD          | MBOX4C0 |  4516552927 |           0 |           0 |           0 |           0 |           0 |            0 |           0 |           0 |           0 |           0 |           0 |  2530691559 |           0 |           0 |           0 |           0 |           0 |           0 |           0 |           0 |           0 |           0 |           0 |
|          CAS_COUNT_WR          | MBOX4C1 |   295277800 |           0 |           0 |           0 |           0 |           0 |            0 |           0 |           0 |           0 |           0 |           0 |   176529235 |           0 |           0 |           0 |           0 |           0 |           0 |           0 |           0 |           0 |           0 |           0 |
|          CAS_COUNT_RD          | MBOX5C0 |  4518495743 |           0 |           0 |           0 |           0 |           0 |            0 |           0 |           0 |           0 |           0 |           0 |  2528778413 |           0 |           0 |           0 |           0 |           0 |           0 |           0 |           0 |           0 |           0 |           0 |
|          CAS_COUNT_WR          | MBOX5C1 |   297113792 |           0 |           0 |           0 |           0 |           0 |            0 |           0 |           0 |           0 |           0 |           0 |   174529193 |           0 |           0 |           0 |           0 |           0 |           0 |           0 |           0 |           0 |           0 |           0 |
|          CAS_COUNT_RD          | MBOX6C0 |           0 |           0 |           0 |           0 |           0 |           0 |            0 |           0 |           0 |           0 |           0 |           0 |           0 |           0 |           0 |           0 |           0 |           0 |           0 |           0 |           0 |           0 |           0 |           0 |
|          CAS_COUNT_WR          | MBOX6C1 |           0 |           0 |           0 |           0 |           0 |           0 |            0 |           0 |           0 |           0 |           0 |           0 |           0 |           0 |           0 |           0 |           0 |           0 |           0 |           0 |           0 |           0 |           0 |           0 |
|          CAS_COUNT_RD          | MBOX7C0 |           0 |           0 |           0 |           0 |           0 |           0 |            0 |           0 |           0 |           0 |           0 |           0 |           0 |           0 |           0 |           0 |           0 |           0 |           0 |           0 |           0 |           0 |           0 |           0 |
|          CAS_COUNT_WR          | MBOX7C1 |           0 |           0 |           0 |           0 |           0 |           0 |            0 |           0 |           0 |           0 |           0 |           0 |           0 |           0 |           0 |           0 |           0 |           0 |           0 |           0 |           0 |           0 |           0 |           0 |
+--------------------------------+---------+-------------+-------------+-------------+-------------+-------------+-------------+--------------+-------------+-------------+-------------+-------------+-------------+-------------+-------------+-------------+-------------+-------------+-------------+-------------+-------------+-------------+-------------+-------------+-------------+
+-------------------------------------+---------+---------------+-------------+--------------+--------------+
|                Event                | Counter |      Sum      |     Min     |      Max     |      Avg     |
+-------------------------------------+---------+---------------+-------------+--------------+--------------+
|        INSTR_RETIRED_ANY STAT       |  FIXC0  | 1243335908151 | 38808150737 | 114905093055 | 5.180566e+10 |
|      CPU_CLK_UNHALTED_CORE STAT     |  FIXC1  | 1419216934707 | 24673918454 |  84864409183 | 5.913404e+10 |
|      CPU_CLK_UNHALTED_REF STAT      |  FIXC2  | 1439347123767 | 26931440209 |  84988185707 | 5.997280e+10 |
|           FIXC1/FIXC0 STAT          |   CPI   |             0 |           0 |            0 |            0 |
|  OFFCORE_RESPONSE_0_LOCAL_DRAM STAT |   PMC0  |   18607356774 |   232732954 |   1139223617 | 7.753065e+08 |
| OFFCORE_RESPONSE_1_REMOTE_DRAM STAT |   PMC1  |    1735251605 |        7689 |    287783345 | 7.230215e+07 |
|  MEM_LOAD_UOPS_RETIRED_L3_ALL STAT  |   PMC2  |   62641159876 |    11206162 |   5243509766 | 2.610048e+09 |
|  MEM_LOAD_UOPS_RETIRED_L3_MISS STAT |   PMC3  |    6085246990 |     3502969 |    517492083 | 2.535520e+08 |
|      L2_TRANS_ALL_REQUESTS STAT     |   PMC4  |  251878614173 |  5665105607 |  14390676659 | 1.049494e+10 |
|          L2_RQSTS_MISS STAT         |   PMC5  |   95739305370 |  1871719138 |   6068277781 | 3.989138e+09 |
|        UOPS_RETIRED_ALL STAT        |   PMC6  | 1385356734134 | 44025129621 | 122611138085 | 5.772320e+10 |
|            TEMP_CORE STAT           |   TMP0  |          1022 |          39 |           48 |      42.5833 |
|         PWR_PKG_ENERGY STAT         |   PWR0  |     5637.3141 |           0 |    2901.7724 |     234.8881 |
|         PWR_PP0_ENERGY STAT         |   PWR1  |             0 |           0 |            0 |            0 |
|         PWR_DRAM_ENERGY STAT        |   PWR3  |     1013.8584 |           0 |     550.9087 |      42.2441 |
|          CAS_COUNT_RD STAT          | MBOX0C0 |    7046783547 |           0 |   4516515763 | 2.936160e+08 |
|          CAS_COUNT_WR STAT          | MBOX0C1 |     470704770 |           0 |    294804742 | 1.961270e+07 |
|          CAS_COUNT_RD STAT          | MBOX1C0 |    7046242379 |           0 |   4518157456 | 2.935934e+08 |
|          CAS_COUNT_WR STAT          | MBOX1C1 |     470561375 |           0 |    296647328 | 1.960672e+07 |
|          CAS_COUNT_RD STAT          | MBOX2C0 |             0 |           0 |            0 |            0 |
|          CAS_COUNT_WR STAT          | MBOX2C1 |             0 |           0 |            0 |            0 |
|          CAS_COUNT_RD STAT          | MBOX3C0 |             0 |           0 |            0 |            0 |
|          CAS_COUNT_WR STAT          | MBOX3C1 |             0 |           0 |            0 |            0 |
|          CAS_COUNT_RD STAT          | MBOX4C0 |    7047244486 |           0 |   4516552927 | 2.936352e+08 |
|          CAS_COUNT_WR STAT          | MBOX4C1 |     471807035 |           0 |    295277800 | 1.965863e+07 |
|          CAS_COUNT_RD STAT          | MBOX5C0 |    7047274156 |           0 |   4518495743 | 2.936364e+08 |
|          CAS_COUNT_WR STAT          | MBOX5C1 |     471642985 |           0 |    297113792 | 1.965179e+07 |
|          CAS_COUNT_RD STAT          | MBOX6C0 |             0 |           0 |            0 |            0 |
|          CAS_COUNT_WR STAT          | MBOX6C1 |             0 |           0 |            0 |            0 |
|          CAS_COUNT_RD STAT          | MBOX7C0 |             0 |           0 |            0 |            0 |
|          CAS_COUNT_WR STAT          | MBOX7C1 |             0 |           0 |            0 |            0 |
+-------------------------------------+---------+---------------+-------------+--------------+--------------+
+-----------------------------------+------------+-----------+-----------+-----------+-----------+-----------+-----------+--------------+--------------+--------------+--------------+-----------+------------+-----------+-----------+-----------+-----------+-----------+-----------+-----------+-----------+-----------+-----------+-----------+
|               Metric              |   Core 0   |   Core 1  |   Core 2  |   Core 3  |   Core 4  |   Core 5  |   Core 6  |    Core 7    |    Core 8    |    Core 9    |    Core 10   |  Core 11  |   Core 12  |  Core 13  |  Core 14  |  Core 15  |  Core 16  |  Core 17  |  Core 18  |  Core 19  |  Core 20  |  Core 21  |  Core 22  |  Core 23  |
+-----------------------------------+------------+-----------+-----------+-----------+-----------+-----------+-----------+--------------+--------------+--------------+--------------+-----------+------------+-----------+-----------+-----------+-----------+-----------+-----------+-----------+-----------+-----------+-----------+-----------+
|        Runtime (RDTSC) [s]        |    37.2684 |   37.2684 |   37.2684 |   37.2684 |   37.2684 |   37.2684 |   37.2684 |      37.2684 |      37.2684 |      37.2684 |      37.2684 |   37.2684 |    37.2684 |   37.2684 |   37.2684 |   37.2684 |   37.2684 |   37.2684 |   37.2684 |   37.2684 |   37.2684 |   37.2684 |   37.2684 |   37.2684 |
|        Runtime unhalted [s]       |    36.8487 |   36.8718 |   36.8921 |   36.8884 |   36.8828 |   36.8976 |   22.6121 |      10.7278 |      10.7832 |      10.7742 |      10.7573 |   10.7759 |    34.9902 |   34.2344 |   34.1958 |   34.2123 |   34.0951 |   33.9858 |   17.9065 |   19.4124 |   19.4475 |   18.8361 |   19.0458 |   18.9781 |
|            Clock [MHz]            |  2297.8603 | 2297.8438 | 2297.2135 | 2296.9226 | 2296.7460 | 2296.6453 | 2206.9994 |    2107.1985 |    2108.4913 |    2108.3649 |    2108.0812 | 2108.4219 |  2294.5013 | 2296.2290 | 2296.1781 | 2296.3909 | 2296.5986 | 2296.0658 | 2239.6146 | 2276.0517 | 2275.4826 | 2242.9683 | 2247.3262 | 2246.5690 |
|                CPI                |     1.4717 |    1.4712 |    1.4642 |    1.4765 |    1.4567 |    1.4535 |    0.4526 |       0.6312 |       0.6346 |       0.6342 |       0.6330 |    0.6343 |     1.4043 |    1.3478 |    1.3436 |    1.3364 |    1.3289 |    1.3211 |    1.0474 |    1.1393 |    1.1445 |    1.1104 |    1.1228 |    1.1248 |
|   Local DRAM data volume [GByte]  |    72.4828 |   72.6442 |   72.9103 |   72.4160 |   72.3729 |   72.5106 |   53.4661 |      35.8452 |      35.3388 |      35.4647 |      35.4493 |   35.2543 |    68.2355 |   72.2486 |   72.1552 |   72.5408 |   72.1555 |   71.9949 |   18.1547 |   14.9466 |   14.8949 |   16.3239 |   15.6821 |   15.3832 |
|   Local DRAM bandwidth [MByte/s]  |  1944.8833 | 1949.2159 | 1956.3555 | 1943.0909 | 1941.9347 | 1945.6291 | 1434.6216 |     961.8109 |     948.2220 |     951.6020 |     951.1890 |  945.9555 |  1830.9197 | 1938.5989 | 1936.0930 | 1946.4416 | 1936.1030 | 1931.7921 |  487.1321 |  401.0517 |  399.6655 |  438.0096 |  420.7872 |  412.7667 |
|  Remote DRAM data volume [GByte]  |     0.1895 |    0.1090 |    0.1112 |    0.1196 |    0.1144 |    0.3127 |    0.0078 |       0.0014 |       0.0008 |       0.0006 |       0.0005 |    0.1282 |     4.3843 |    0.3530 |    0.4142 |    0.4107 |    0.4240 |    0.4756 |   15.4202 |   18.4181 |   18.0355 |   16.7573 |   17.4322 |   17.4352 |
|  Remote DRAM bandwidth [MByte/s]  |     5.0846 |    2.9237 |    2.9837 |    3.2090 |    3.0698 |    8.3918 |    0.2103 |       0.0383 |       0.0207 |       0.0160 |       0.0132 |    3.4404 |   117.6407 |    9.4714 |   11.1142 |   11.0211 |   11.3770 |   12.7606 |  413.7600 |  494.2020 |  483.9359 |  449.6381 |  467.7458 |  467.8288 |
|     Memory data volume [GByte]    |    72.6723 |   72.7532 |   73.0215 |   72.5356 |   72.4873 |   72.8233 |   53.4739 |      35.8466 |      35.3395 |      35.4653 |      35.4498 |   35.3825 |    72.6198 |   72.6015 |   72.5694 |   72.9516 |   72.5795 |   72.4704 |   33.5748 |   33.3647 |   32.9304 |   33.0812 |   33.1142 |   32.8184 |
|     Memory bandwidth [MByte/s]    |  1949.9679 | 1952.1396 | 1959.3392 | 1946.2998 | 1945.0046 | 1954.0209 | 1434.8319 |     961.8492 |     948.2427 |     951.6180 |     951.2022 |  949.3959 |  1948.5604 | 1948.0703 | 1947.2072 | 1957.4627 | 1947.4800 | 1944.5527 |  900.8921 |  895.2537 |  883.6014 |  887.6477 |  888.5330 |  880.5955 |
|          L3 request rate          |    10.4783 |   10.5461 |   10.5063 |   10.5644 |   10.5657 |   10.5823 |    3.0958 |       3.1904 |       3.2115 |       3.1967 |       3.2047 |    3.2008 |    10.1978 |   10.1861 |   10.0691 |   10.1462 |   10.1948 |   10.1361 |    3.5020 |    3.4639 |    3.4722 |    3.4955 |    3.4874 |    3.4941 |
|            L3 miss rate           |     0.0006 |    0.0003 |    0.0003 |    0.0004 |    0.0003 |    0.0009 |    0.0101 |       0.0020 |       0.0011 |       0.0008 |       0.0007 |    0.1787 |     0.0132 |    0.0011 |    0.0012 |    0.0012 |    0.0013 |    0.0014 |   18.9531 |   22.6366 |   22.2766 |   20.7997 |   21.5323 |   21.3237 |
|           L3 miss ratio           |     0.0026 |    0.0015 |    0.0015 |    0.0017 |    0.0016 |    0.0043 |    0.0001 | 3.977817e-05 | 2.186291e-05 | 1.685145e-05 | 1.388167e-05 |    0.0036 |     0.0643 |    0.0049 |    0.0057 |    0.0057 |    0.0059 |    0.0066 |    0.8494 |    1.2323 |    1.2109 |    1.0265 |    1.1116 |    1.1334 |
|          L2 request rate          |     0.2486 |    0.2487 |    0.2483 |    0.2487 |    0.2453 |    0.2458 |    0.0733 |       0.1449 |       0.1450 |       0.1450 |       0.1449 |    0.1450 |     0.2494 |    0.2448 |    0.2442 |    0.2443 |    0.2423 |    0.2412 |    0.1803 |    0.1859 |    0.1864 |    0.1847 |    0.1855 |    0.1857 |
|            L2 miss rate           |     0.1048 |    0.1049 |    0.1047 |    0.1048 |    0.1034 |    0.1036 |    0.0213 |       0.0479 |       0.0482 |       0.0481 |       0.0481 |    0.0481 |     0.1053 |    0.1033 |    0.1030 |    0.1031 |    0.1022 |    0.1017 |    0.0485 |    0.0487 |    0.0489 |    0.0488 |    0.0489 |    0.0489 |
|           L2 miss ratio           |     0.4217 |    0.4217 |    0.4216 |    0.4216 |    0.4215 |    0.4215 |    0.2905 |       0.3304 |       0.3320 |       0.3316 |       0.3318 |    0.3319 |     0.4220 |    0.4219 |    0.4219 |    0.4219 |    0.4218 |    0.4219 |    0.2692 |    0.2617 |    0.2624 |    0.2644 |    0.2634 |    0.2634 |
|  Memory read bandwidth [MBytes/s] | 31030.6069 |         0 |         0 |         0 |         0 |         0 |         0 |            0 |            0 |            0 |            0 |         0 | 17375.0421 |         0 |         0 |         0 |         0 |         0 |         0 |         0 |         0 |         0 |         0 |         0 |
|  Memory read data volume [GBytes] |  1156.4622 |         0 |         0 |         0 |         0 |         0 |         0 |            0 |            0 |            0 |            0 |         0 |   647.5407 |         0 |         0 |         0 |         0 |         0 |         0 |         0 |         0 |         0 |         0 |         0 |
| Memory write bandwidth [MBytes/s] |  2032.9802 |         0 |         0 |         0 |         0 |         0 |         0 |            0 |            0 |            0 |            0 |         0 |  1203.5879 |         0 |         0 |         0 |         0 |         0 |         0 |         0 |         0 |         0 |         0 |         0 |
| Memory write data volume [GBytes] |    75.7660 |         0 |         0 |         0 |         0 |         0 |         0 |            0 |            0 |            0 |            0 |         0 |    44.8558 |         0 |         0 |         0 |         0 |         0 |         0 |         0 |         0 |         0 |         0 |         0 |
|    Memory bandwidth [MBytes/s]    | 33063.5871 |         0 |         0 |         0 |         0 |         0 |         0 |            0 |            0 |            0 |            0 |         0 | 18578.6300 |         0 |         0 |         0 |         0 |         0 |         0 |         0 |         0 |         0 |         0 |         0 |
|    Memory data volume [GBytes]    |  1232.2282 |         0 |         0 |         0 |         0 |         0 |         0 |            0 |            0 |            0 |            0 |         0 |   692.3965 |         0 |         0 |         0 |         0 |         0 |         0 |         0 |         0 |         0 |         0 |         0 |
|          Temperature [C]          |         43 |        39 |        42 |        39 |        40 |        42 |        42 |           42 |           41 |           42 |           43 |        44 |         39 |        43 |        43 |        44 |        48 |        44 |        46 |        46 |        42 |        45 |        43 |        40 |
|             Energy [J]            |  2735.5417 |         0 |         0 |         0 |         0 |         0 |         0 |            0 |            0 |            0 |            0 |         0 |  2901.7724 |         0 |         0 |         0 |         0 |         0 |         0 |         0 |         0 |         0 |         0 |         0 |
|             Power [W]             |    73.4010 |         0 |         0 |         0 |         0 |         0 |         0 |            0 |            0 |            0 |            0 |         0 |    77.8614 |         0 |         0 |         0 |         0 |         0 |         0 |         0 |         0 |         0 |         0 |         0 |
|           Energy PP0 [J]          |          0 |         0 |         0 |         0 |         0 |         0 |         0 |            0 |            0 |            0 |            0 |         0 |          0 |         0 |         0 |         0 |         0 |         0 |         0 |         0 |         0 |         0 |         0 |         0 |
|           Power PP0 [W]           |          0 |         0 |         0 |         0 |         0 |         0 |         0 |            0 |            0 |            0 |            0 |         0 |          0 |         0 |         0 |         0 |         0 |         0 |         0 |         0 |         0 |         0 |         0 |         0 |
|          Energy DRAM [J]          |   550.9087 |         0 |         0 |         0 |         0 |         0 |         0 |            0 |            0 |            0 |            0 |         0 |   462.9497 |         0 |         0 |         0 |         0 |         0 |         0 |         0 |         0 |         0 |         0 |         0 |
|           Power DRAM [W]          |    14.7822 |         0 |         0 |         0 |         0 |         0 |         0 |            0 |            0 |            0 |            0 |         0 |    12.4220 |         0 |         0 |         0 |         0 |         0 |         0 |         0 |         0 |         0 |         0 |         0 |
+-----------------------------------+------------+-----------+-----------+-----------+-----------+-----------+-----------+--------------+--------------+--------------+--------------+-----------+------------+-----------+-----------+-----------+-----------+-----------+-----------+-----------+-----------+-----------+-----------+-----------+
+----------------------------------------+------------+--------------+------------+-----------+
|                 Metric                 |     Sum    |      Min     |     Max    |    Avg    |
+----------------------------------------+------------+--------------+------------+-----------+
|        Runtime (RDTSC) [s] STAT        |   894.4416 |      37.2684 |    37.2684 |   37.2684 |
|        Runtime unhalted [s] STAT       |   617.0519 |      10.7278 |    36.8976 |   25.7105 |
|            Clock [MHz] STAT            | 53834.7648 |    2107.1985 |  2297.8603 | 2243.1152 |
|                CPI STAT                |    27.1850 |       0.4526 |     1.4765 |    1.1327 |
|   Local DRAM data volume [GByte] STAT  |  1190.8711 |      14.8949 |    72.9103 |   49.6196 |
|   Local DRAM bandwidth [MByte/s] STAT  | 31953.8715 |     399.6655 |  1956.3555 | 1331.4113 |
|  Remote DRAM data volume [GByte] STAT  |   111.0560 |       0.0005 |    18.4181 |    4.6273 |
|  Remote DRAM bandwidth [MByte/s] STAT  |  2979.8971 |       0.0132 |   494.2020 |  124.1624 |
|     Memory data volume [GByte] STAT    |  1301.9267 |      32.8184 |    73.0215 |   54.2469 |
|     Memory bandwidth [MByte/s] STAT    | 34933.7686 |     880.5955 |  1959.3392 | 1455.5737 |
|          L3 request rate STAT          |   164.1882 |       3.0958 |    10.5823 |    6.8412 |
|            L3 miss rate STAT           |   127.7376 |       0.0003 |    22.6366 |    5.3224 |
|           L3 miss ratio STAT           |     6.6742 | 1.388167e-05 |     1.2323 |    0.2781 |
|          L2 request rate STAT          |     4.8582 |       0.0733 |     0.2494 |    0.2024 |
|            L2 miss rate STAT           |     1.7992 |       0.0213 |     0.1053 |    0.0750 |
|           L2 miss ratio STAT           |     8.5937 |       0.2617 |     0.4220 |    0.3581 |
|  Memory read bandwidth [MBytes/s] STAT | 48405.6490 |            0 | 31030.6069 | 2016.9020 |
|  Memory read data volume [GBytes] STAT |  1804.0029 |            0 |  1156.4622 |   75.1668 |
| Memory write bandwidth [MBytes/s] STAT |  3236.5681 |            0 |  2032.9802 |  134.8570 |
| Memory write data volume [GBytes] STAT |   120.6218 |            0 |    75.7660 |    5.0259 |
|    Memory bandwidth [MBytes/s] STAT    | 51642.2171 |            0 | 33063.5871 | 2151.7590 |
|    Memory data volume [GBytes] STAT    |  1924.6247 |            0 |  1232.2282 |   80.1927 |
|          Temperature [C] STAT          |       1022 |           39 |         48 |   42.5833 |
|             Energy [J] STAT            |  5637.3141 |            0 |  2901.7724 |  234.8881 |
|             Power [W] STAT             |   151.2624 |            0 |    77.8614 |    6.3026 |
|           Energy PP0 [J] STAT          |          0 |            0 |          0 |         0 |
|           Power PP0 [W] STAT           |          0 |            0 |          0 |         0 |
|          Energy DRAM [J] STAT          |  1013.8584 |            0 |   550.9087 |   42.2441 |
|           Power DRAM [W] STAT          |    27.2042 |            0 |    14.7822 |    1.1335 |
+----------------------------------------+------------+--------------+------------+-----------+
