--------------------------------------------------------------------------------
CPU name:	Intel(R) Xeon(R) CPU E5-2670 v3 @ 2.30GHz
CPU type:	Intel Xeon Haswell EN/EP/EX processor
CPU clock:	2.30 GHz
--------------------------------------------------------------------------------
Group 1: POWERPERF
+--------------------------------+---------+-------------+-------------+-------------+-------------+-------------+-------------+--------------+--------------+--------------+--------------+--------------+--------------+-------------+-------------+-------------+-------------+-------------+-------------+--------------+--------------+--------------+--------------+--------------+--------------+
|              Event             | Counter |    Core 0   |    Core 1   |    Core 2   |    Core 3   |    Core 4   |    Core 5   |    Core 6    |    Core 7    |    Core 8    |    Core 9    |    Core 10   |    Core 11   |   Core 12   |   Core 13   |   Core 14   |   Core 15   |   Core 16   |   Core 17   |    Core 18   |    Core 19   |    Core 20   |    Core 21   |    Core 22   |    Core 23   |
+--------------------------------+---------+-------------+-------------+-------------+-------------+-------------+-------------+--------------+--------------+--------------+--------------+--------------+--------------+-------------+-------------+-------------+-------------+-------------+-------------+--------------+--------------+--------------+--------------+--------------+--------------+
|        INSTR_RETIRED_ANY       |  FIXC0  | 57655120672 | 57664764938 | 57811733636 | 57529259963 | 58159579062 | 58671840246 | 116758440226 | 115606468952 | 112208397332 | 113255064644 | 114179785119 | 121995542645 | 56388468218 | 57187064347 | 56966935564 | 57193965011 | 57891073067 | 57802985840 | 115535455202 | 130523399741 | 120504870604 | 114777761843 | 114325283699 | 127447417279 |
|      CPU_CLK_UNHALTED_CORE     |  FIXC1  | 73078575860 | 73145029968 | 73191220582 | 73197321761 | 73225489233 | 73257434660 |  62125706944 |  62149590888 |  62011774293 |  62165662332 |  62051369381 |  65872983233 | 73165938114 | 73207326560 | 73215090074 | 73247927243 | 73234902874 | 73243403411 |  61968991599 |  69496592860 |  65667475330 |  62044379427 |  62007632973 |  69570002957 |
|      CPU_CLK_UNHALTED_REF      |  FIXC2  | 73235030480 | 73241942302 | 73267318800 | 73284832633 | 73310792595 | 73350944592 |  62330509772 |  62401452352 |  62259757885 |  62382523743 |  62299072061 |  66017688095 | 73290493876 | 73247511591 | 73339136369 | 73289135864 | 73252422574 | 73260968454 |  62222503612 |  69630020899 |  65859160641 |  62273013797 |  62219623368 |  69674662312 |
|           FIXC1/FIXC0          |   CPI   |           0 |           0 |           0 |           0 |           0 |           0 |            0 |            0 |            0 |            0 |            0 |            0 |           0 |           0 |           0 |           0 |           0 |           0 |            0 |            0 |            0 |            0 |            0 |            0 |
|  OFFCORE_RESPONSE_0_LOCAL_DRAM |   PMC0  |  1132700633 |  1134964407 |  1139147774 |  1131345454 |  1130744649 |  1132704486 |    188550030 |     97067923 |    122304282 |    169373864 |    152496606 |    213897048 |  1066082727 |  1128847319 |  1127558807 |  1133684139 |  1127819400 |  1125168071 |     84462903 |    128349142 |    207914686 |    171572371 |    125204862 |    190245208 |
| OFFCORE_RESPONSE_1_REMOTE_DRAM |   PMC1  |     2624975 |     1533286 |     1420606 |     1416526 |     1383361 |     4704111 |        89350 |       187318 |       186235 |       213496 |       160807 |       201666 |    68373611 |     5429648 |     6065298 |     6078186 |     6286494 |     7066543 |       218532 |       358129 |       273842 |       212253 |       215197 |       383209 |
|  MEM_LOAD_UOPS_RETIRED_L3_ALL  |   PMC2  |  5246648864 |  5253829177 |  5271965329 |  5235202223 |  5227362374 |  5252281948 |    732243400 |    308903331 |    416428976 |    597394199 |    545074111 |    826823544 |  5232666353 |  5237705073 |  5232095081 |  5265254800 |  5229136728 |  5220608950 |    324368489 |    434971523 |    713822128 |    586075618 |    430462940 |    677215801 |
|  MEM_LOAD_UOPS_RETIRED_L3_MISS |   PMC3  |   533177305 |   528883731 |   532789043 |   526129214 |   523503793 |   530031908 |    111912679 |     48433821 |     64599819 |     91586264 |     84041607 |    126627915 |   522969506 |   521679765 |   524572479 |   525290837 |   520030028 |   520874706 |     50128487 |     66801120 |    108680459 |     90901988 |     66795958 |    103833937 |
|      L2_TRANS_ALL_REQUESTS     |   PMC4  | 14306432559 | 14326777451 | 14378260006 | 14278320442 | 14274860552 | 14339449265 |   4185236949 |   2263364672 |   2734094448 |   3776732347 |   3348515696 |   4666815849 | 14294954182 | 14297532745 | 14291978854 | 14372485475 | 14292824058 | 14265388460 |   2036035033 |   2884289158 |   4511607967 |   3792348155 |   2753576515 |   4227552274 |
|          L2_RQSTS_MISS         |   PMC5  |  6035676306 |  6044721591 |  6066236628 |  6024189167 |  6020754090 |  6048265814 |   1057382731 |    583493708 |    706723347 |    979807626 |    863246850 |   1193549593 |  6031670487 |  6033920244 |  6031220357 |  6066202783 |  6029069535 |  6018787677 |    509573632 |    735461641 |   1170902492 |    981296576 |    713085425 |   1089610016 |
|        UOPS_RETIRED_ALL        |   PMC6  | 63677498237 | 63585954288 | 63614429924 | 63426469255 | 64658415694 | 65355458968 | 160708439773 | 160830433748 | 155648511508 | 156561270932 | 157804252262 | 167945436475 | 60926123640 | 62461902240 | 62007149675 | 62088212440 | 63768250518 | 63640421848 | 160765365576 | 181274002729 | 165996272125 | 158467640695 | 158727840708 | 175929945767 |
|            TEMP_CORE           |   TMP0  |          41 |          41 |          41 |          42 |          39 |          42 |           44 |           43 |           44 |           45 |           41 |           42 |          42 |          44 |          43 |          46 |          48 |          46 |           48 |           48 |           44 |           45 |           45 |           44 |
|         PWR_PKG_ENERGY         |   PWR0  |   2845.7515 |           0 |           0 |           0 |           0 |           0 |            0 |            0 |            0 |            0 |            0 |            0 |   2943.7109 |           0 |           0 |           0 |           0 |           0 |            0 |            0 |            0 |            0 |            0 |            0 |
|         PWR_PP0_ENERGY         |   PWR1  |           0 |           0 |           0 |           0 |           0 |           0 |            0 |            0 |            0 |            0 |            0 |            0 |           0 |           0 |           0 |           0 |           0 |           0 |            0 |            0 |            0 |            0 |            0 |            0 |
|         PWR_DRAM_ENERGY        |   PWR3  |    393.1074 |           0 |           0 |           0 |           0 |           0 |            0 |            0 |            0 |            0 |            0 |            0 |    398.4955 |           0 |           0 |           0 |           0 |           0 |            0 |            0 |            0 |            0 |            0 |            0 |
|          CAS_COUNT_RD          | MBOX0C0 |  2071951874 |           0 |           0 |           0 |           0 |           0 |            0 |            0 |            0 |            0 |            0 |            0 |  2004447849 |           0 |           0 |           0 |           0 |           0 |            0 |            0 |            0 |            0 |            0 |            0 |
|          CAS_COUNT_WR          | MBOX0C1 |   304900786 |           0 |           0 |           0 |           0 |           0 |            0 |            0 |            0 |            0 |            0 |            0 |   286022566 |           0 |           0 |           0 |           0 |           0 |            0 |            0 |            0 |            0 |            0 |            0 |
|          CAS_COUNT_RD          | MBOX1C0 |  2069757626 |           0 |           0 |           0 |           0 |           0 |            0 |            0 |            0 |            0 |            0 |            0 |  2006687961 |           0 |           0 |           0 |           0 |           0 |            0 |            0 |            0 |            0 |            0 |            0 |
|          CAS_COUNT_WR          | MBOX1C1 |   302958181 |           0 |           0 |           0 |           0 |           0 |            0 |            0 |            0 |            0 |            0 |            0 |   287165599 |           0 |           0 |           0 |           0 |           0 |            0 |            0 |            0 |            0 |            0 |            0 |
|          CAS_COUNT_RD          | MBOX2C0 |           0 |           0 |           0 |           0 |           0 |           0 |            0 |            0 |            0 |            0 |            0 |            0 |           0 |           0 |           0 |           0 |           0 |           0 |            0 |            0 |            0 |            0 |            0 |            0 |
|          CAS_COUNT_WR          | MBOX2C1 |           0 |           0 |           0 |           0 |           0 |           0 |            0 |            0 |            0 |            0 |            0 |            0 |           0 |           0 |           0 |           0 |           0 |           0 |            0 |            0 |            0 |            0 |            0 |            0 |
|          CAS_COUNT_RD          | MBOX3C0 |           0 |           0 |           0 |           0 |           0 |           0 |            0 |            0 |            0 |            0 |            0 |            0 |           0 |           0 |           0 |           0 |           0 |           0 |            0 |            0 |            0 |            0 |            0 |            0 |
|          CAS_COUNT_WR          | MBOX3C1 |           0 |           0 |           0 |           0 |           0 |           0 |            0 |            0 |            0 |            0 |            0 |            0 |           0 |           0 |           0 |           0 |           0 |           0 |            0 |            0 |            0 |            0 |            0 |            0 |
|          CAS_COUNT_RD          | MBOX4C0 |  2072129943 |           0 |           0 |           0 |           0 |           0 |            0 |            0 |            0 |            0 |            0 |            0 |  2003295161 |           0 |           0 |           0 |           0 |           0 |            0 |            0 |            0 |            0 |            0 |            0 |
|          CAS_COUNT_WR          | MBOX4C1 |   305067701 |           0 |           0 |           0 |           0 |           0 |            0 |            0 |            0 |            0 |            0 |            0 |   285076154 |           0 |           0 |           0 |           0 |           0 |            0 |            0 |            0 |            0 |            0 |            0 |
|          CAS_COUNT_RD          | MBOX5C0 |  2070291313 |           0 |           0 |           0 |           0 |           0 |            0 |            0 |            0 |            0 |            0 |            0 |  2004586056 |           0 |           0 |           0 |           0 |           0 |            0 |            0 |            0 |            0 |            0 |            0 |
|          CAS_COUNT_WR          | MBOX5C1 |   303271939 |           0 |           0 |           0 |           0 |           0 |            0 |            0 |            0 |            0 |            0 |            0 |   286784662 |           0 |           0 |           0 |           0 |           0 |            0 |            0 |            0 |            0 |            0 |            0 |
|          CAS_COUNT_RD          | MBOX6C0 |           0 |           0 |           0 |           0 |           0 |           0 |            0 |            0 |            0 |            0 |            0 |            0 |           0 |           0 |           0 |           0 |           0 |           0 |            0 |            0 |            0 |            0 |            0 |            0 |
|          CAS_COUNT_WR          | MBOX6C1 |           0 |           0 |           0 |           0 |           0 |           0 |            0 |            0 |            0 |            0 |            0 |            0 |           0 |           0 |           0 |           0 |           0 |           0 |            0 |            0 |            0 |            0 |            0 |            0 |
|          CAS_COUNT_RD          | MBOX7C0 |           0 |           0 |           0 |           0 |           0 |           0 |            0 |            0 |            0 |            0 |            0 |            0 |           0 |           0 |           0 |           0 |           0 |           0 |            0 |            0 |            0 |            0 |            0 |            0 |
|          CAS_COUNT_WR          | MBOX7C1 |           0 |           0 |           0 |           0 |           0 |           0 |            0 |            0 |            0 |            0 |            0 |            0 |           0 |           0 |           0 |           0 |           0 |           0 |            0 |            0 |            0 |            0 |            0 |            0 |
+--------------------------------+---------+-------------+-------------+-------------+-------------+-------------+-------------+--------------+--------------+--------------+--------------+--------------+--------------+-------------+-------------+-------------+-------------+-------------+-------------+--------------+--------------+--------------+--------------+--------------+--------------+
+-------------------------------------+---------+---------------+-------------+--------------+--------------+
|                Event                | Counter |      Sum      |     Min     |      Max     |      Avg     |
+-------------------------------------+---------+---------------+-------------+--------------+--------------+
|        INSTR_RETIRED_ANY STAT       |  FIXC0  | 2108040677850 | 56388468218 | 130523399741 | 8.783503e+10 |
|      CPU_CLK_UNHALTED_CORE STAT     |  FIXC1  | 1645541822557 | 61968991599 |  73257434660 | 6.856424e+10 |
|      CPU_CLK_UNHALTED_REF STAT      |  FIXC2  | 1648940518667 | 62219623368 |  73350944592 | 6.870585e+10 |
|           FIXC1/FIXC0 STAT          |   CPI   |             0 |           0 |            0 |            0 |
|  OFFCORE_RESPONSE_0_LOCAL_DRAM STAT |   PMC0  |   15362206791 |    84462903 |   1139147774 | 6.400919e+08 |
| OFFCORE_RESPONSE_1_REMOTE_DRAM STAT |   PMC1  |     115082679 |       89350 |     68373611 | 4.795112e+06 |
|  MEM_LOAD_UOPS_RETIRED_L3_ALL STAT  |   PMC2  |   69498540960 |   308903331 |   5271965329 |   2895772540 |
|  MEM_LOAD_UOPS_RETIRED_L3_MISS STAT |   PMC3  |    7324276369 |    48433821 |    533177305 | 3.051782e+08 |
|      L2_TRANS_ALL_REQUESTS STAT     |   PMC4  |  212899433112 |  2036035033 |  14378260006 |   8870809713 |
|          L2_RQSTS_MISS STAT         |   PMC5  |   83034848316 |   509573632 |   6066236628 | 3.459785e+09 |
|        UOPS_RETIRED_ALL STAT        |   PMC6  | 2719869699025 | 60926123640 | 181274002729 | 1.133279e+11 |
|            TEMP_CORE STAT           |   TMP0  |          1048 |          39 |           48 |      43.6667 |
|         PWR_PKG_ENERGY STAT         |   PWR0  |     5789.4624 |           0 |    2943.7109 |     241.2276 |
|         PWR_PP0_ENERGY STAT         |   PWR1  |             0 |           0 |            0 |            0 |
|         PWR_DRAM_ENERGY STAT        |   PWR3  |      791.6029 |           0 |     398.4955 |      32.9835 |
|          CAS_COUNT_RD STAT          | MBOX0C0 |    4076399723 |           0 |   2071951874 | 1.698500e+08 |
|          CAS_COUNT_WR STAT          | MBOX0C1 |     590923352 |           0 |    304900786 | 2.462181e+07 |
|          CAS_COUNT_RD STAT          | MBOX1C0 |    4076445587 |           0 |   2069757626 | 1.698519e+08 |
|          CAS_COUNT_WR STAT          | MBOX1C1 |     590123780 |           0 |    302958181 | 2.458849e+07 |
|          CAS_COUNT_RD STAT          | MBOX2C0 |             0 |           0 |            0 |            0 |
|          CAS_COUNT_WR STAT          | MBOX2C1 |             0 |           0 |            0 |            0 |
|          CAS_COUNT_RD STAT          | MBOX3C0 |             0 |           0 |            0 |            0 |
|          CAS_COUNT_WR STAT          | MBOX3C1 |             0 |           0 |            0 |            0 |
|          CAS_COUNT_RD STAT          | MBOX4C0 |    4075425104 |           0 |   2072129943 | 1.698094e+08 |
|          CAS_COUNT_WR STAT          | MBOX4C1 |     590143855 |           0 |    305067701 | 2.458933e+07 |
|          CAS_COUNT_RD STAT          | MBOX5C0 |    4074877369 |           0 |   2070291313 | 1.697866e+08 |
|          CAS_COUNT_WR STAT          | MBOX5C1 |     590056601 |           0 |    303271939 | 2.458569e+07 |
|          CAS_COUNT_RD STAT          | MBOX6C0 |             0 |           0 |            0 |            0 |
|          CAS_COUNT_WR STAT          | MBOX6C1 |             0 |           0 |            0 |            0 |
|          CAS_COUNT_RD STAT          | MBOX7C0 |             0 |           0 |            0 |            0 |
|          CAS_COUNT_WR STAT          | MBOX7C1 |             0 |           0 |            0 |            0 |
+-------------------------------------+---------+---------------+-------------+--------------+--------------+
+-----------------------------------+------------+-----------+-----------+-----------+-----------+-----------+-----------+-----------+-----------+-----------+-----------+-----------+------------+-----------+-----------+-----------+-----------+-----------+-----------+-----------+-----------+-----------+-----------+-----------+
|               Metric              |   Core 0   |   Core 1  |   Core 2  |   Core 3  |   Core 4  |   Core 5  |   Core 6  |   Core 7  |   Core 8  |   Core 9  |  Core 10  |  Core 11  |   Core 12  |  Core 13  |  Core 14  |  Core 15  |  Core 16  |  Core 17  |  Core 18  |  Core 19  |  Core 20  |  Core 21  |  Core 22  |  Core 23  |
+-----------------------------------+------------+-----------+-----------+-----------+-----------+-----------+-----------+-----------+-----------+-----------+-----------+-----------+------------+-----------+-----------+-----------+-----------+-----------+-----------+-----------+-----------+-----------+-----------+-----------+
|        Runtime (RDTSC) [s]        |    32.1946 |   32.1946 |   32.1946 |   32.1946 |   32.1946 |   32.1946 |   32.1946 |   32.1946 |   32.1946 |   32.1946 |   32.1946 |   32.1946 |    32.1946 |   32.1946 |   32.1946 |   32.1946 |   32.1946 |   32.1946 |   32.1946 |   32.1946 |   32.1946 |   32.1946 |   32.1946 |   32.1946 |
|        Runtime unhalted [s]       |    31.7740 |   31.8029 |   31.8230 |   31.8256 |   31.8379 |   31.8518 |   27.0118 |   27.0222 |   26.9622 |   27.0291 |   26.9795 |   28.6411 |    31.8120 |   31.8300 |   31.8333 |   31.8476 |   31.8420 |   31.8457 |   26.9436 |   30.2166 |   28.5517 |   26.9764 |   26.9604 |   30.2485 |
|            Clock [MHz]            |  2295.0358 | 2296.9061 | 2297.5605 | 2297.2029 | 2297.2731 | 2297.0173 | 2292.3922 | 2290.6664 | 2290.7885 | 2291.9539 | 2290.8046 | 2294.9080 |  2296.0406 | 2298.6875 | 2296.0591 | 2298.6561 | 2299.3992 | 2299.3979 | 2290.5787 | 2295.5420 | 2293.2552 | 2291.5051 | 2292.1131 | 2296.4945 |
|                CPI                |     1.2675 |    1.2685 |    1.2660 |    1.2723 |    1.2590 |    1.2486 |    0.5321 |    0.5376 |    0.5526 |    0.5489 |    0.5435 |    0.5400 |     1.2975 |    1.2801 |    1.2852 |    1.2807 |    1.2650 |    1.2671 |    0.5364 |    0.5324 |    0.5449 |    0.5406 |    0.5424 |    0.5459 |
|   Local DRAM data volume [GByte]  |    72.4928 |   72.6377 |   72.9055 |   72.4061 |   72.3677 |   72.4931 |   12.0672 |    6.2123 |    7.8275 |   10.8399 |    9.7598 |   13.6894 |    68.2293 |   72.2462 |   72.1638 |   72.5558 |   72.1804 |   72.0108 |    5.4056 |    8.2143 |   13.3065 |   10.9806 |    8.0131 |   12.1757 |
|   Local DRAM bandwidth [MByte/s]  |  2251.7057 | 2256.2059 | 2264.5221 | 2249.0117 | 2247.8174 | 2251.7134 |  374.8203 |  192.9622 |  243.1298 |  336.6998 |  303.1494 |  425.2079 |  2119.2754 | 2244.0457 | 2241.4842 | 2253.6608 | 2242.0023 | 2236.7317 |  167.9046 |  255.1464 |  413.3155 |  341.0703 |  248.8959 |  378.1902 |
|  Remote DRAM data volume [GByte]  |     0.1680 |    0.0981 |    0.0909 |    0.0907 |    0.0885 |    0.3011 |    0.0057 |    0.0120 |    0.0119 |    0.0137 |    0.0103 |    0.0129 |     4.3759 |    0.3475 |    0.3882 |    0.3890 |    0.4023 |    0.4523 |    0.0140 |    0.0229 |    0.0175 |    0.0136 |    0.0138 |    0.0245 |
|  Remote DRAM bandwidth [MByte/s]  |     5.2182 |    3.0480 |    2.8240 |    2.8159 |    2.7500 |    9.3513 |    0.1776 |    0.3724 |    0.3702 |    0.4244 |    0.3197 |    0.4009 |   135.9205 |   10.7936 |   12.0573 |   12.0829 |   12.4970 |   14.0476 |    0.4344 |    0.7119 |    0.5444 |    0.4219 |    0.4278 |    0.7618 |
|     Memory data volume [GByte]    |    72.6608 |   72.7359 |   72.9964 |   72.4968 |   72.4562 |   72.7942 |   12.0729 |    6.2243 |    7.8394 |   10.8536 |    9.7701 |   13.7023 |    72.6052 |   72.5937 |   72.5519 |   72.9448 |   72.5828 |   72.4630 |    5.4196 |    8.2373 |   13.3241 |   10.9942 |    8.0269 |   12.2002 |
|     Memory bandwidth [MByte/s]    |  2256.9239 | 2259.2539 | 2267.3461 | 2251.8277 | 2250.5674 | 2261.0647 |  374.9979 |  193.3346 |  243.5000 |  337.1242 |  303.4690 |  425.6087 |  2255.1959 | 2254.8393 | 2253.5415 | 2265.7437 | 2254.4993 | 2250.7793 |  168.3390 |  255.8583 |  413.8598 |  341.4922 |  249.3237 |  378.9519 |
|          L3 request rate          |     9.8403 |    9.9338 |    9.8950 |    9.9504 |    9.9853 |    9.9094 |    6.5430 |    6.3778 |    6.4463 |    6.5227 |    6.4858 |    6.5296 |    10.0057 |   10.0401 |    9.9740 |   10.0235 |   10.0555 |   10.0228 |    6.4707 |    6.5114 |    6.5681 |    6.4473 |    6.4444 |    6.5221 |
|            L3 miss rate           |     0.0005 |    0.0003 |    0.0003 |    0.0003 |    0.0003 |    0.0009 |    0.0001 |    0.0006 |    0.0004 |    0.0004 |    0.0003 |    0.0002 |     0.0131 |    0.0010 |    0.0012 |    0.0012 |    0.0012 |    0.0014 |    0.0007 |    0.0008 |    0.0004 |    0.0004 |    0.0005 |    0.0006 |
|           L3 miss ratio           |     0.0023 |    0.0014 |    0.0012 |    0.0013 |    0.0012 |    0.0042 |    0.0005 |    0.0019 |    0.0015 |    0.0013 |    0.0011 |    0.0009 |     0.0641 |    0.0048 |    0.0054 |    0.0054 |    0.0056 |    0.0063 |    0.0026 |    0.0028 |    0.0013 |    0.0012 |    0.0017 |    0.0020 |
|          L2 request rate          |     0.2481 |    0.2484 |    0.2487 |    0.2482 |    0.2454 |    0.2444 |    0.0358 |    0.0196 |    0.0244 |    0.0333 |    0.0293 |    0.0383 |     0.2535 |    0.2500 |    0.2509 |    0.2513 |    0.2469 |    0.2468 |    0.0176 |    0.0221 |    0.0374 |    0.0330 |    0.0241 |    0.0332 |
|            L2 miss rate           |     0.1047 |    0.1048 |    0.1049 |    0.1047 |    0.1035 |    0.1031 |    0.0091 |    0.0050 |    0.0063 |    0.0087 |    0.0076 |    0.0098 |     0.1070 |    0.1055 |    0.1059 |    0.1061 |    0.1041 |    0.1041 |    0.0044 |    0.0056 |    0.0097 |    0.0085 |    0.0062 |    0.0085 |
|           L2 miss ratio           |     0.4219 |    0.4219 |    0.4219 |    0.4219 |    0.4218 |    0.4218 |    0.2526 |    0.2578 |    0.2585 |    0.2594 |    0.2578 |    0.2558 |     0.4219 |    0.4220 |    0.4220 |    0.4221 |    0.4218 |    0.4219 |    0.2503 |    0.2550 |    0.2595 |    0.2588 |    0.2590 |    0.2577 |
|  Memory read bandwidth [MBytes/s] | 16468.0976 |         0 |         0 |         0 |         0 |         0 |         0 |         0 |         0 |         0 |         0 |         0 | 15941.0757 |         0 |         0 |         0 |         0 |         0 |         0 |         0 |         0 |         0 |         0 |         0 |
|  Memory read data volume [GBytes] |   530.1844 |         0 |         0 |         0 |         0 |         0 |         0 |         0 |         0 |         0 |         0 |         0 |   513.2171 |         0 |         0 |         0 |         0 |         0 |         0 |         0 |         0 |         0 |         0 |         0 |
| Memory write bandwidth [MBytes/s] |  2417.6921 |         0 |         0 |         0 |         0 |         0 |         0 |         0 |         0 |         0 |         0 |         0 |  2276.2531 |         0 |         0 |         0 |         0 |         0 |         0 |         0 |         0 |         0 |         0 |         0 |
| Memory write data volume [GBytes] |    77.8367 |         0 |         0 |         0 |         0 |         0 |         0 |         0 |         0 |         0 |         0 |         0 |    73.2831 |         0 |         0 |         0 |         0 |         0 |         0 |         0 |         0 |         0 |         0 |         0 |
|    Memory bandwidth [MBytes/s]    | 18885.7897 |         0 |         0 |         0 |         0 |         0 |         0 |         0 |         0 |         0 |         0 |         0 | 18217.3288 |         0 |         0 |         0 |         0 |         0 |         0 |         0 |         0 |         0 |         0 |         0 |
|    Memory data volume [GBytes]    |   608.0211 |         0 |         0 |         0 |         0 |         0 |         0 |         0 |         0 |         0 |         0 |         0 |   586.5002 |         0 |         0 |         0 |         0 |         0 |         0 |         0 |         0 |         0 |         0 |         0 |
|          Temperature [C]          |         41 |        41 |        41 |        42 |        39 |        42 |        44 |        43 |        44 |        45 |        41 |        42 |         42 |        44 |        43 |        46 |        48 |        46 |        48 |        48 |        44 |        45 |        45 |        44 |
|             Energy [J]            |  2845.7515 |         0 |         0 |         0 |         0 |         0 |         0 |         0 |         0 |         0 |         0 |         0 |  2943.7109 |         0 |         0 |         0 |         0 |         0 |         0 |         0 |         0 |         0 |         0 |         0 |
|             Power [W]             |    88.3921 |         0 |         0 |         0 |         0 |         0 |         0 |         0 |         0 |         0 |         0 |         0 |    91.4348 |         0 |         0 |         0 |         0 |         0 |         0 |         0 |         0 |         0 |         0 |         0 |
|           Energy PP0 [J]          |          0 |         0 |         0 |         0 |         0 |         0 |         0 |         0 |         0 |         0 |         0 |         0 |          0 |         0 |         0 |         0 |         0 |         0 |         0 |         0 |         0 |         0 |         0 |         0 |
|           Power PP0 [W]           |          0 |         0 |         0 |         0 |         0 |         0 |         0 |         0 |         0 |         0 |         0 |         0 |          0 |         0 |         0 |         0 |         0 |         0 |         0 |         0 |         0 |         0 |         0 |         0 |
|          Energy DRAM [J]          |   393.1074 |         0 |         0 |         0 |         0 |         0 |         0 |         0 |         0 |         0 |         0 |         0 |   398.4955 |         0 |         0 |         0 |         0 |         0 |         0 |         0 |         0 |         0 |         0 |         0 |
|           Power DRAM [W]          |    12.2103 |         0 |         0 |         0 |         0 |         0 |         0 |         0 |         0 |         0 |         0 |         0 |    12.3777 |         0 |         0 |         0 |         0 |         0 |         0 |         0 |         0 |         0 |         0 |         0 |
+-----------------------------------+------------+-----------+-----------+-----------+-----------+-----------+-----------+-----------+-----------+-----------+-----------+-----------+------------+-----------+-----------+-----------+-----------+-----------+-----------+-----------+-----------+-----------+-----------+-----------+
+----------------------------------------+------------+-----------+------------+-----------+
|                 Metric                 |     Sum    |    Min    |     Max    |    Avg    |
+----------------------------------------+------------+-----------+------------+-----------+
|        Runtime (RDTSC) [s] STAT        |   772.6704 |   32.1946 |    32.1946 |   32.1946 |
|        Runtime unhalted [s] STAT       |   715.4689 |   26.9436 |    31.8518 |   29.8112 |
|            Clock [MHz] STAT            | 55080.2383 | 2290.5787 |  2299.3992 | 2295.0099 |
|                CPI STAT                |    21.7548 |    0.5321 |     1.2975 |    0.9064 |
|   Local DRAM data volume [GByte] STAT  |   983.1811 |    5.4056 |    72.9055 |   40.9659 |
|   Local DRAM bandwidth [MByte/s] STAT  | 30538.6686 |  167.9046 |  2264.5221 | 1272.4445 |
|  Remote DRAM data volume [GByte] STAT  |     7.3653 |    0.0057 |     4.3759 |    0.3069 |
|  Remote DRAM bandwidth [MByte/s] STAT  |   228.7737 |    0.1776 |   135.9205 |    9.5322 |
|     Memory data volume [GByte] STAT    |   990.5466 |    5.4196 |    72.9964 |   41.2728 |
|     Memory bandwidth [MByte/s] STAT    | 30767.4420 |  168.3390 |  2267.3461 | 1281.9767 |
|          L3 request rate STAT          |   197.5050 |    6.3778 |    10.0555 |    8.2294 |
|            L3 miss rate STAT           |     0.0271 |    0.0001 |     0.0131 |    0.0011 |
|           L3 miss ratio STAT           |     0.1220 |    0.0005 |     0.0641 |    0.0051 |
|          L2 request rate STAT          |     3.3307 |    0.0176 |     0.2535 |    0.1388 |
|            L2 miss rate STAT           |     1.3478 |    0.0044 |     0.1070 |    0.0562 |
|           L2 miss ratio STAT           |     8.1451 |    0.2503 |     0.4221 |    0.3394 |
|  Memory read bandwidth [MBytes/s] STAT | 32409.1733 |         0 | 16468.0976 | 1350.3822 |
|  Memory read data volume [GBytes] STAT |  1043.4015 |         0 |   530.1844 |   43.4751 |
| Memory write bandwidth [MBytes/s] STAT |  4693.9452 |         0 |  2417.6921 |  195.5811 |
| Memory write data volume [GBytes] STAT |   151.1198 |         0 |    77.8367 |    6.2967 |
|    Memory bandwidth [MBytes/s] STAT    | 37103.1185 |         0 | 18885.7897 | 1545.9633 |
|    Memory data volume [GBytes] STAT    |  1194.5213 |         0 |   608.0211 |   49.7717 |
|          Temperature [C] STAT          |       1048 |        39 |         48 |   43.6667 |
|             Energy [J] STAT            |  5789.4624 |         0 |  2943.7109 |  241.2276 |
|             Power [W] STAT             |   179.8269 |         0 |    91.4348 |    7.4928 |
|           Energy PP0 [J] STAT          |          0 |         0 |          0 |         0 |
|           Power PP0 [W] STAT           |          0 |         0 |          0 |         0 |
|          Energy DRAM [J] STAT          |   791.6029 |         0 |   398.4955 |   32.9835 |
|           Power DRAM [W] STAT          |    24.5880 |         0 |    12.3777 |    1.0245 |
+----------------------------------------+------------+-----------+------------+-----------+
