--------------------------------------------------------------------------------
CPU name:	Intel(R) Xeon(R) CPU E5-2670 v3 @ 2.30GHz
CPU type:	Intel Xeon Haswell EN/EP/EX processor
CPU clock:	2.30 GHz
--------------------------------------------------------------------------------
Group 1: POWERPERF
+--------------------------------+---------+-------------+-------------+-------------+-------------+-------------+-------------+-------------+-------------+-------------+-------------+-------------+-------------+-------------+-------------+-------------+-------------+-------------+-------------+-------------+-------------+-------------+-------------+-------------+-------------+
|              Event             | Counter |    Core 0   |    Core 1   |    Core 2   |    Core 3   |    Core 4   |    Core 5   |    Core 6   |    Core 7   |    Core 8   |    Core 9   |   Core 10   |   Core 11   |   Core 12   |   Core 13   |   Core 14   |   Core 15   |   Core 16   |   Core 17   |   Core 18   |   Core 19   |   Core 20   |   Core 21   |   Core 22   |   Core 23   |
+--------------------------------+---------+-------------+-------------+-------------+-------------+-------------+-------------+-------------+-------------+-------------+-------------+-------------+-------------+-------------+-------------+-------------+-------------+-------------+-------------+-------------+-------------+-------------+-------------+-------------+-------------+
|        INSTR_RETIRED_ANY       |  FIXC0  | 12629344654 |  5968428432 |  5989190274 |  5992428435 |  5995333462 |  5983069796 | 21298106027 | 21550819486 | 21755187143 | 22049247694 | 22154458724 | 23091477600 |  5967988336 |  5991350329 |  5990056924 |  5972559704 |  5956117999 |  6039855249 | 21402692839 | 21822701883 | 22669319967 | 22756700107 | 22648070899 | 22698865159 |
|      CPU_CLK_UNHALTED_CORE     |  FIXC1  | 11629521491 |  7092161790 |  7089737625 |  7094734989 |  7094913002 |  7090763620 | 11899406518 | 11905764771 | 11906286713 | 11903488105 | 11906575962 | 11905636408 |  7099465417 |  7096471672 |  7098390400 |  7097478918 |  7099074041 |  7030427188 | 11897488437 | 11888884158 | 11903985167 | 11907477793 | 11905691261 | 11902546484 |
|      CPU_CLK_UNHALTED_REF      |  FIXC2  | 22289909293 | 13593309281 | 13588663695 | 13598240228 | 13598585941 | 13590636658 | 22807189114 | 22819380540 | 22820381753 | 22815007389 | 22820927037 | 22819126275 | 13607309519 | 13601566419 | 13605256102 | 13603498373 | 13606551646 | 13474975684 | 22803504376 | 22787026739 | 22815973780 | 22822656867 | 22819251418 | 22813211894 |
|           FIXC1/FIXC0          |   CPI   |           0 |           0 |           0 |           0 |           0 |           0 |           0 |           0 |           0 |           0 |           0 |           0 |           0 |           0 |           0 |           0 |           0 |           0 |           0 |           0 |           0 |           0 |           0 |           0 |
|  OFFCORE_RESPONSE_0_LOCAL_DRAM |   PMC0  |    73078568 |    47168056 |    47036270 |    47007426 |    47000713 |    42860304 |    30225398 |    30291856 |    30228838 |    30310921 |    30250594 |    30262736 |    42897364 |    46683831 |    46713124 |    46726253 |    46933287 |    46763545 |    30377278 |    30369874 |    30617632 |    30394827 |    30243090 |    30360020 |
| OFFCORE_RESPONSE_1_REMOTE_DRAM |   PMC1  |    24746703 |         899 |        4671 |        9255 |        1801 |     3969150 |      203130 |      188483 |      350561 |      162155 |      280029 |      270565 |     3843447 |      177026 |      176876 |      174926 |      177384 |      192631 |       70153 |       94277 |      172855 |       22046 |      174326 |      125241 |
|  MEM_LOAD_UOPS_RETIRED_L3_ALL  |   PMC2  |   157802551 |      424246 |      379891 |      398745 |      396459 |      380921 |    32268297 |    32403342 |    32343224 |    32366400 |    32496859 |    32681776 |      405271 |      401553 |      377899 |      394647 |      404171 |      413459 |    32532600 |    32462719 |    32775270 |    32436243 |    32462181 |    32413926 |
|  MEM_LOAD_UOPS_RETIRED_L3_MISS |   PMC3  |    51325954 |      254059 |      245293 |      249753 |      251720 |      244602 |    30947579 |    30890899 |    30908957 |    30969084 |    30974540 |    30962073 |      249975 |      250377 |      242313 |      245019 |      251595 |      269695 |    30935277 |    30920739 |    31015071 |    30928918 |    30940861 |    30901914 |
|      L2_TRANS_ALL_REQUESTS     |   PMC4  |  1359320579 |   372484742 |   317379932 |   324487632 |   315842550 |   317826363 |   266902953 |   269454334 |   268291494 |   267864455 |   268726452 |   275687377 |   347213864 |   326588212 |   313332638 |   339657672 |   374924325 |   333195096 |   270942881 |   269829520 |   282846839 |   275984756 |   271820274 |   272127133 |
|          L2_RQSTS_MISS         |   PMC5  |   217860925 |    60568566 |    60065616 |    59627845 |    59344329 |    59062460 |    43475521 |    43557557 |    44016465 |    43800254 |    44182703 |    44511122 |    59610029 |    60318783 |    59818455 |    59440492 |    59246812 |    59167148 |    43705323 |    44136879 |    45281768 |    44302442 |    44100173 |    44157296 |
|        UOPS_RETIRED_ALL        |   PMC6  | 13909896691 |  7265676153 |  7309065186 |  7313938914 |  7333504501 |  7309810716 | 27071408639 | 27391357525 | 27651955618 | 28024753600 | 28156922832 | 29345082023 |  7277282504 |  7323550574 |  7320868178 |  7285767967 |  7252285417 |  7420998238 | 27203983125 | 27734549043 | 28811853740 | 28921429850 | 28782861531 | 28846236126 |
|            TEMP_CORE           |   TMP0  |          32 |          29 |          30 |          28 |          29 |          30 |          32 |          31 |          30 |          32 |          33 |          33 |          27 |          32 |          30 |          31 |          34 |          32 |          31 |          31 |          29 |          30 |          30 |          28 |
|         PWR_PKG_ENERGY         |   PWR0  |    365.1395 |           0 |           0 |           0 |           0 |           0 |           0 |           0 |           0 |           0 |           0 |           0 |    384.5729 |           0 |           0 |           0 |           0 |           0 |           0 |           0 |           0 |           0 |           0 |           0 |
|         PWR_PP0_ENERGY         |   PWR1  |           0 |           0 |           0 |           0 |           0 |           0 |           0 |           0 |           0 |           0 |           0 |           0 |           0 |           0 |           0 |           0 |           0 |           0 |           0 |           0 |           0 |           0 |           0 |           0 |
|         PWR_DRAM_ENERGY        |   PWR3  |     85.0040 |           0 |           0 |           0 |           0 |           0 |           0 |           0 |           0 |           0 |           0 |           0 |     87.8135 |           0 |           0 |           0 |           0 |           0 |           0 |           0 |           0 |           0 |           0 |           0 |
|          CAS_COUNT_RD          | MBOX0C0 |   134853018 |           0 |           0 |           0 |           0 |           0 |           0 |           0 |           0 |           0 |           0 |           0 |   137866947 |           0 |           0 |           0 |           0 |           0 |           0 |           0 |           0 |           0 |           0 |           0 |
|          CAS_COUNT_WR          | MBOX0C1 |    84669483 |           0 |           0 |           0 |           0 |           0 |           0 |           0 |           0 |           0 |           0 |           0 |    84062788 |           0 |           0 |           0 |           0 |           0 |           0 |           0 |           0 |           0 |           0 |           0 |
|          CAS_COUNT_RD          | MBOX1C0 |   134910072 |           0 |           0 |           0 |           0 |           0 |           0 |           0 |           0 |           0 |           0 |           0 |   138841385 |           0 |           0 |           0 |           0 |           0 |           0 |           0 |           0 |           0 |           0 |           0 |
|          CAS_COUNT_WR          | MBOX1C1 |    84296626 |           0 |           0 |           0 |           0 |           0 |           0 |           0 |           0 |           0 |           0 |           0 |    84567682 |           0 |           0 |           0 |           0 |           0 |           0 |           0 |           0 |           0 |           0 |           0 |
|          CAS_COUNT_RD          | MBOX2C0 |           0 |           0 |           0 |           0 |           0 |           0 |           0 |           0 |           0 |           0 |           0 |           0 |           0 |           0 |           0 |           0 |           0 |           0 |           0 |           0 |           0 |           0 |           0 |           0 |
|          CAS_COUNT_WR          | MBOX2C1 |           0 |           0 |           0 |           0 |           0 |           0 |           0 |           0 |           0 |           0 |           0 |           0 |           0 |           0 |           0 |           0 |           0 |           0 |           0 |           0 |           0 |           0 |           0 |           0 |
|          CAS_COUNT_RD          | MBOX3C0 |           0 |           0 |           0 |           0 |           0 |           0 |           0 |           0 |           0 |           0 |           0 |           0 |           0 |           0 |           0 |           0 |           0 |           0 |           0 |           0 |           0 |           0 |           0 |           0 |
|          CAS_COUNT_WR          | MBOX3C1 |           0 |           0 |           0 |           0 |           0 |           0 |           0 |           0 |           0 |           0 |           0 |           0 |           0 |           0 |           0 |           0 |           0 |           0 |           0 |           0 |           0 |           0 |           0 |           0 |
|          CAS_COUNT_RD          | MBOX4C0 |   135110431 |           0 |           0 |           0 |           0 |           0 |           0 |           0 |           0 |           0 |           0 |           0 |   138824301 |           0 |           0 |           0 |           0 |           0 |           0 |           0 |           0 |           0 |           0 |           0 |
|          CAS_COUNT_WR          | MBOX4C1 |    84624065 |           0 |           0 |           0 |           0 |           0 |           0 |           0 |           0 |           0 |           0 |           0 |    84056051 |           0 |           0 |           0 |           0 |           0 |           0 |           0 |           0 |           0 |           0 |           0 |
|          CAS_COUNT_RD          | MBOX5C0 |   135236711 |           0 |           0 |           0 |           0 |           0 |           0 |           0 |           0 |           0 |           0 |           0 |   139545664 |           0 |           0 |           0 |           0 |           0 |           0 |           0 |           0 |           0 |           0 |           0 |
|          CAS_COUNT_WR          | MBOX5C1 |    84079663 |           0 |           0 |           0 |           0 |           0 |           0 |           0 |           0 |           0 |           0 |           0 |    84983638 |           0 |           0 |           0 |           0 |           0 |           0 |           0 |           0 |           0 |           0 |           0 |
|          CAS_COUNT_RD          | MBOX6C0 |           0 |           0 |           0 |           0 |           0 |           0 |           0 |           0 |           0 |           0 |           0 |           0 |           0 |           0 |           0 |           0 |           0 |           0 |           0 |           0 |           0 |           0 |           0 |           0 |
|          CAS_COUNT_WR          | MBOX6C1 |           0 |           0 |           0 |           0 |           0 |           0 |           0 |           0 |           0 |           0 |           0 |           0 |           0 |           0 |           0 |           0 |           0 |           0 |           0 |           0 |           0 |           0 |           0 |           0 |
|          CAS_COUNT_RD          | MBOX7C0 |           0 |           0 |           0 |           0 |           0 |           0 |           0 |           0 |           0 |           0 |           0 |           0 |           0 |           0 |           0 |           0 |           0 |           0 |           0 |           0 |           0 |           0 |           0 |           0 |
|          CAS_COUNT_WR          | MBOX7C1 |           0 |           0 |           0 |           0 |           0 |           0 |           0 |           0 |           0 |           0 |           0 |           0 |           0 |           0 |           0 |           0 |           0 |           0 |           0 |           0 |           0 |           0 |           0 |           0 |
+--------------------------------+---------+-------------+-------------+-------------+-------------+-------------+-------------+-------------+-------------+-------------+-------------+-------------+-------------+-------------+-------------+-------------+-------------+-------------+-------------+-------------+-------------+-------------+-------------+-------------+-------------+
+-------------------------------------+---------+--------------+-------------+-------------+--------------+
|                Event                | Counter |      Sum     |     Min     |     Max     |      Avg     |
+-------------------------------------+---------+--------------+-------------+-------------+--------------+
|        INSTR_RETIRED_ANY STAT       |  FIXC0  | 344373371122 |  5956117999 | 23091477600 | 1.434889e+10 |
|      CPU_CLK_UNHALTED_CORE STAT     |  FIXC1  | 232446371930 |  7030427188 | 11907477793 | 9.685265e+09 |
|      CPU_CLK_UNHALTED_REF STAT      |  FIXC2  | 445522140021 | 13474975684 | 22822656867 | 1.856342e+10 |
|           FIXC1/FIXC0 STAT          |   CPI   |            0 |           0 |           0 |            0 |
|  OFFCORE_RESPONSE_0_LOCAL_DRAM STAT |   PMC0  |    944801805 |    30225398 |    73078568 | 3.936674e+07 |
| OFFCORE_RESPONSE_1_REMOTE_DRAM STAT |   PMC1  |     35588590 |         899 |    24746703 | 1.482858e+06 |
|  MEM_LOAD_UOPS_RETIRED_L3_ALL STAT  |   PMC2  |    551822650 |      377899 |   157802551 | 2.299261e+07 |
|  MEM_LOAD_UOPS_RETIRED_L3_MISS STAT |   PMC3  |    425376267 |      242313 |    51325954 | 1.772401e+07 |
|      L2_TRANS_ALL_REQUESTS STAT     |   PMC4  |   8302732073 |   266902953 |  1359320579 | 3.459472e+08 |
|          L2_RQSTS_MISS STAT         |   PMC5  |   1403358963 |    43475521 |   217860925 | 5.847329e+07 |
|        UOPS_RETIRED_ALL STAT        |   PMC6  | 432265038691 |  7252285417 | 29345082023 | 1.801104e+10 |
|            TEMP_CORE STAT           |   TMP0  |          734 |          27 |          34 |      30.5833 |
|         PWR_PKG_ENERGY STAT         |   PWR0  |     749.7124 |           0 |    384.5729 |      31.2380 |
|         PWR_PP0_ENERGY STAT         |   PWR1  |            0 |           0 |           0 |            0 |
|         PWR_DRAM_ENERGY STAT        |   PWR3  |     172.8175 |           0 |     87.8135 |       7.2007 |
|          CAS_COUNT_RD STAT          | MBOX0C0 |    272719965 |           0 |   137866947 | 1.136333e+07 |
|          CAS_COUNT_WR STAT          | MBOX0C1 |    168732271 |           0 |    84669483 | 7.030511e+06 |
|          CAS_COUNT_RD STAT          | MBOX1C0 |    273751457 |           0 |   138841385 | 1.140631e+07 |
|          CAS_COUNT_WR STAT          | MBOX1C1 |    168864308 |           0 |    84567682 | 7.036013e+06 |
|          CAS_COUNT_RD STAT          | MBOX2C0 |            0 |           0 |           0 |            0 |
|          CAS_COUNT_WR STAT          | MBOX2C1 |            0 |           0 |           0 |            0 |
|          CAS_COUNT_RD STAT          | MBOX3C0 |            0 |           0 |           0 |            0 |
|          CAS_COUNT_WR STAT          | MBOX3C1 |            0 |           0 |           0 |            0 |
|          CAS_COUNT_RD STAT          | MBOX4C0 |    273934732 |           0 |   138824301 | 1.141395e+07 |
|          CAS_COUNT_WR STAT          | MBOX4C1 |    168680116 |           0 |    84624065 | 7.028338e+06 |
|          CAS_COUNT_RD STAT          | MBOX5C0 |    274782375 |           0 |   139545664 | 1.144927e+07 |
|          CAS_COUNT_WR STAT          | MBOX5C1 |    169063301 |           0 |    84983638 | 7.044304e+06 |
|          CAS_COUNT_RD STAT          | MBOX6C0 |            0 |           0 |           0 |            0 |
|          CAS_COUNT_WR STAT          | MBOX6C1 |            0 |           0 |           0 |            0 |
|          CAS_COUNT_RD STAT          | MBOX7C0 |            0 |           0 |           0 |            0 |
|          CAS_COUNT_WR STAT          | MBOX7C1 |            0 |           0 |           0 |            0 |
+-------------------------------------+---------+--------------+-------------+-------------+--------------+
+-----------------------------------+-----------+--------------+-----------+-----------+--------------+-----------+-----------+-----------+-----------+-----------+-----------+-----------+-----------+-----------+-----------+-----------+-----------+-----------+-----------+-----------+-----------+-----------+-----------+-----------+
|               Metric              |   Core 0  |    Core 1    |   Core 2  |   Core 3  |    Core 4    |   Core 5  |   Core 6  |   Core 7  |   Core 8  |   Core 9  |  Core 10  |  Core 11  |  Core 12  |  Core 13  |  Core 14  |  Core 15  |  Core 16  |  Core 17  |  Core 18  |  Core 19  |  Core 20  |  Core 21  |  Core 22  |  Core 23  |
+-----------------------------------+-----------+--------------+-----------+-----------+--------------+-----------+-----------+-----------+-----------+-----------+-----------+-----------+-----------+-----------+-----------+-----------+-----------+-----------+-----------+-----------+-----------+-----------+-----------+-----------+
|        Runtime (RDTSC) [s]        |   10.0007 |      10.0007 |   10.0007 |   10.0007 |      10.0007 |   10.0007 |   10.0007 |   10.0007 |   10.0007 |   10.0007 |   10.0007 |   10.0007 |   10.0007 |   10.0007 |   10.0007 |   10.0007 |   10.0007 |   10.0007 |   10.0007 |   10.0007 |   10.0007 |   10.0007 |   10.0007 |   10.0007 |
|        Runtime unhalted [s]       |    5.0563 |       3.0836 |    3.0825 |    3.0847 |       3.0847 |    3.0829 |    5.1737 |    5.1764 |    5.1767 |    5.1754 |    5.1768 |    5.1764 |    3.0867 |    3.0854 |    3.0863 |    3.0859 |    3.0866 |    3.0567 |    5.1728 |    5.1691 |    5.1757 |    5.1772 |    5.1764 |    5.1750 |
|            Clock [MHz]            | 1199.9987 |    1199.9984 | 1199.9984 | 1199.9985 |    1199.9981 | 1199.9978 | 1199.9987 | 1199.9984 | 1199.9984 | 1199.9989 | 1199.9989 | 1199.9989 | 1199.9983 | 1199.9987 | 1199.9977 | 1199.9986 | 1199.9990 | 1199.9992 | 1199.9991 | 1199.9984 | 1199.9982 | 1199.9988 | 1199.9978 | 1199.9985 |
|                CPI                |    0.9208 |       1.1883 |    1.1838 |    1.1839 |       1.1834 |    1.1851 |    0.5587 |    0.5525 |    0.5473 |    0.5399 |    0.5374 |    0.5156 |    1.1896 |    1.1845 |    1.1850 |    1.1883 |    1.1919 |    1.1640 |    0.5559 |    0.5448 |    0.5251 |    0.5233 |    0.5257 |    0.5244 |
|   Local DRAM data volume [GByte]  |    4.6770 |       3.0188 |    3.0103 |    3.0085 |       3.0080 |    2.7431 |    1.9344 |    1.9387 |    1.9346 |    1.9399 |    1.9360 |    1.9368 |    2.7454 |    2.9878 |    2.9896 |    2.9905 |    3.0037 |    2.9929 |    1.9441 |    1.9437 |    1.9595 |    1.9453 |    1.9356 |    1.9430 |
|   Local DRAM bandwidth [MByte/s]  |  467.6686 |     301.8534 |  301.0101 |  300.8255 |     300.7825 |  274.2859 |  193.4284 |  193.8537 |  193.4504 |  193.9757 |  193.5896 |  193.6673 |  274.5230 |  298.7546 |  298.9421 |  299.0261 |  300.3510 |  299.2648 |  194.4003 |  194.3530 |  195.9385 |  194.5126 |  193.5416 |  194.2899 |
|  Remote DRAM data volume [GByte]  |    1.5838 |       0.0001 |    0.0003 |    0.0006 |       0.0001 |    0.2540 |    0.0130 |    0.0121 |    0.0224 |    0.0104 |    0.0179 |    0.0173 |    0.2460 |    0.0113 |    0.0113 |    0.0112 |    0.0114 |    0.0123 |    0.0045 |    0.0060 |    0.0111 |    0.0014 |    0.0112 |    0.0080 |
|  Remote DRAM bandwidth [MByte/s]  |  158.3673 |       0.0058 |    0.0299 |    0.0592 |       0.0115 |   25.4007 |    1.2999 |    1.2062 |    2.2434 |    1.0377 |    1.7921 |    1.7315 |   24.5963 |    1.1329 |    1.1319 |    1.1194 |    1.1352 |    1.2327 |    0.4489 |    0.6033 |    1.1062 |    0.1411 |    1.1156 |    0.8015 |
|     Memory data volume [GByte]    |    6.2608 |       3.0188 |    3.0106 |    3.0091 |       3.0082 |    2.9971 |    1.9474 |    1.9507 |    1.9571 |    1.9503 |    1.9540 |    1.9541 |    2.9914 |    2.9991 |    3.0010 |    3.0017 |    3.0151 |    3.0052 |    1.9486 |    1.9497 |    1.9706 |    1.9467 |    1.9467 |    1.9511 |
|     Memory bandwidth [MByte/s]    |  626.0359 |     301.8592 |  301.0400 |  300.8847 |     300.7941 |  299.6865 |  194.7283 |  195.0599 |  195.6938 |  195.0134 |  195.3817 |  195.3988 |  299.1193 |  299.8875 |  300.0740 |  300.1456 |  301.4862 |  300.4975 |  194.8493 |  194.9563 |  197.0447 |  194.6537 |  194.6572 |  195.0914 |
|          L3 request rate          |    3.0745 |       1.6699 |    1.5487 |    1.5966 |       1.5750 |    1.5573 |    1.0427 |    1.0490 |    1.0464 |    1.0451 |    1.0491 |    1.0555 |    1.6212 |    1.6038 |    1.5595 |    1.6107 |    1.6064 |    1.5331 |    1.0516 |    1.0499 |    1.0568 |    1.0487 |    1.0492 |    1.0489 |
|            L3 miss rate           |    0.1568 |       0.0021 |    0.0123 |    0.0232 |       0.0045 |   10.4199 |    0.0063 |    0.0058 |    0.0108 |    0.0050 |    0.0086 |    0.0083 |    9.4836 |    0.4409 |    0.4681 |    0.4432 |    0.4389 |    0.4659 |    0.0022 |    0.0029 |    0.0053 |    0.0007 |    0.0054 |    0.0039 |
|           L3 miss ratio           |    0.3386 | 1.905951e-05 |    0.0001 |    0.0002 | 3.831857e-05 |    0.0926 |    0.0067 |    0.0062 |    0.0116 |    0.0053 |    0.0093 |    0.0089 |    0.0896 |    0.0038 |    0.0038 |    0.0037 |    0.0038 |    0.0041 |    0.0023 |    0.0031 |    0.0056 |    0.0007 |    0.0058 |    0.0041 |
|          L2 request rate          |    0.1076 |       0.0624 |    0.0530 |    0.0541 |       0.0527 |    0.0531 |    0.0125 |    0.0125 |    0.0123 |    0.0121 |    0.0121 |    0.0119 |    0.0582 |    0.0545 |    0.0523 |    0.0569 |    0.0629 |    0.0552 |    0.0127 |    0.0124 |    0.0125 |    0.0121 |    0.0120 |    0.0120 |
|            L2 miss rate           |    0.0173 |       0.0101 |    0.0100 |    0.0100 |       0.0099 |    0.0099 |    0.0020 |    0.0020 |    0.0020 |    0.0020 |    0.0020 |    0.0019 |    0.0100 |    0.0101 |    0.0100 |    0.0100 |    0.0099 |    0.0098 |    0.0020 |    0.0020 |    0.0020 |    0.0019 |    0.0019 |    0.0019 |
|           L2 miss ratio           |    0.1603 |       0.1626 |    0.1893 |    0.1838 |       0.1879 |    0.1858 |    0.1629 |    0.1617 |    0.1641 |    0.1635 |    0.1644 |    0.1615 |    0.1717 |    0.1847 |    0.1909 |    0.1750 |    0.1580 |    0.1776 |    0.1613 |    0.1636 |    0.1601 |    0.1605 |    0.1622 |    0.1623 |
|  Memory read bandwidth [MBytes/s] | 3456.4522 |            0 |         0 |         0 |            0 |         0 |         0 |         0 |         0 |         0 |         0 |         0 | 3552.2408 |         0 |         0 |         0 |         0 |         0 |         0 |         0 |         0 |         0 |         0 |         0 |
|  Memory read data volume [GBytes] |   34.5671 |            0 |         0 |         0 |            0 |         0 |         0 |         0 |         0 |         0 |         0 |         0 |   35.5250 |         0 |         0 |         0 |         0 |         0 |         0 |         0 |         0 |         0 |         0 |         0 |
| Memory write bandwidth [MBytes/s] | 2160.9286 |            0 |         0 |         0 |            0 |         0 |         0 |         0 |         0 |         0 |         0 |         0 | 2160.9307 |         0 |         0 |         0 |         0 |         0 |         0 |         0 |         0 |         0 |         0 |         0 |
| Memory write data volume [GBytes] |   21.6109 |            0 |         0 |         0 |            0 |         0 |         0 |         0 |         0 |         0 |         0 |         0 |   21.6109 |         0 |         0 |         0 |         0 |         0 |         0 |         0 |         0 |         0 |         0 |         0 |
|    Memory bandwidth [MBytes/s]    | 5617.3809 |            0 |         0 |         0 |            0 |         0 |         0 |         0 |         0 |         0 |         0 |         0 | 5713.1715 |         0 |         0 |         0 |         0 |         0 |         0 |         0 |         0 |         0 |         0 |         0 |
|    Memory data volume [GBytes]    |   56.1779 |            0 |         0 |         0 |            0 |         0 |         0 |         0 |         0 |         0 |         0 |         0 |   57.1359 |         0 |         0 |         0 |         0 |         0 |         0 |         0 |         0 |         0 |         0 |         0 |
|          Temperature [C]          |        32 |           29 |        30 |        28 |           29 |        30 |        32 |        31 |        30 |        32 |        33 |        33 |        27 |        32 |        30 |        31 |        34 |        32 |        31 |        31 |        29 |        30 |        30 |        28 |
|             Energy [J]            |  365.1395 |            0 |         0 |         0 |            0 |         0 |         0 |         0 |         0 |         0 |         0 |         0 |  384.5729 |         0 |         0 |         0 |         0 |         0 |         0 |         0 |         0 |         0 |         0 |         0 |
|             Power [W]             |   36.5113 |            0 |         0 |         0 |            0 |         0 |         0 |         0 |         0 |         0 |         0 |         0 |   38.4545 |         0 |         0 |         0 |         0 |         0 |         0 |         0 |         0 |         0 |         0 |         0 |
|           Energy PP0 [J]          |         0 |            0 |         0 |         0 |            0 |         0 |         0 |         0 |         0 |         0 |         0 |         0 |         0 |         0 |         0 |         0 |         0 |         0 |         0 |         0 |         0 |         0 |         0 |         0 |
|           Power PP0 [W]           |         0 |            0 |         0 |         0 |            0 |         0 |         0 |         0 |         0 |         0 |         0 |         0 |         0 |         0 |         0 |         0 |         0 |         0 |         0 |         0 |         0 |         0 |         0 |         0 |
|          Energy DRAM [J]          |   85.0040 |            0 |         0 |         0 |            0 |         0 |         0 |         0 |         0 |         0 |         0 |         0 |   87.8135 |         0 |         0 |         0 |         0 |         0 |         0 |         0 |         0 |         0 |         0 |         0 |
|           Power DRAM [W]          |    8.4998 |            0 |         0 |         0 |            0 |         0 |         0 |         0 |         0 |         0 |         0 |         0 |    8.7807 |         0 |         0 |         0 |         0 |         0 |         0 |         0 |         0 |         0 |         0 |         0 |
+-----------------------------------+-----------+--------------+-----------+-----------+--------------+-----------+-----------+-----------+-----------+-----------+-----------+-----------+-----------+-----------+-----------+-----------+-----------+-----------+-----------+-----------+-----------+-----------+-----------+-----------+
+----------------------------------------+------------+--------------+-----------+-----------+
|                 Metric                 |     Sum    |      Min     |    Max    |    Avg    |
+----------------------------------------+------------+--------------+-----------+-----------+
|        Runtime (RDTSC) [s] STAT        |   240.0168 |      10.0007 |   10.0007 |   10.0007 |
|        Runtime unhalted [s] STAT       |   101.0639 |       3.0567 |    5.1772 |    4.2110 |
|            Clock [MHz] STAT            | 28799.9644 |    1199.9977 | 1199.9992 | 1199.9985 |
|                CPI STAT                |    20.3992 |       0.5156 |    1.1919 |    0.8500 |
|   Local DRAM data volume [GByte] STAT  |    60.4672 |       1.9344 |    4.6770 |    2.5195 |
|   Local DRAM bandwidth [MByte/s] STAT  |  6046.2886 |     193.4284 |  467.6686 |  251.9287 |
|  Remote DRAM data volume [GByte] STAT  |     2.2777 |       0.0001 |    1.5838 |    0.0949 |
|  Remote DRAM bandwidth [MByte/s] STAT  |   227.7502 |       0.0058 |  158.3673 |    9.4896 |
|     Memory data volume [GByte] STAT    |    62.7451 |       1.9467 |    6.2608 |    2.6144 |
|     Memory bandwidth [MByte/s] STAT    |  6274.0390 |     194.6537 |  626.0359 |  261.4183 |
|          L3 request rate STAT          |    33.1496 |       1.0427 |    3.0745 |    1.3812 |
|            L3 miss rate STAT           |    22.4246 |       0.0007 |   10.4199 |    0.9344 |
|           L3 miss ratio STAT           |     0.6100 | 1.905951e-05 |    0.3386 |    0.0254 |
|          L2 request rate STAT          |     0.8700 |       0.0119 |    0.1076 |    0.0362 |
|            L2 miss rate STAT           |     0.1506 |       0.0019 |    0.0173 |    0.0063 |
|           L2 miss ratio STAT           |     4.0757 |       0.1580 |    0.1909 |    0.1698 |
|  Memory read bandwidth [MBytes/s] STAT |  7008.6930 |            0 | 3552.2408 |  292.0289 |
|  Memory read data volume [GBytes] STAT |    70.0921 |            0 |   35.5250 |    2.9205 |
| Memory write bandwidth [MBytes/s] STAT |  4321.8593 |            0 | 2160.9307 |  180.0775 |
| Memory write data volume [GBytes] STAT |    43.2218 |            0 |   21.6109 |    1.8009 |
|    Memory bandwidth [MBytes/s] STAT    | 11330.5524 |            0 | 5713.1715 |  472.1064 |
|    Memory data volume [GBytes] STAT    |   113.3138 |            0 |   57.1359 |    4.7214 |
|          Temperature [C] STAT          |        734 |           27 |        34 |   30.5833 |
|             Energy [J] STAT            |   749.7124 |            0 |  384.5729 |   31.2380 |
|             Power [W] STAT             |    74.9658 |            0 |   38.4545 |    3.1236 |
|           Energy PP0 [J] STAT          |          0 |            0 |         0 |         0 |
|           Power PP0 [W] STAT           |          0 |            0 |         0 |         0 |
|          Energy DRAM [J] STAT          |   172.8175 |            0 |   87.8135 |    7.2007 |
|           Power DRAM [W] STAT          |    17.2805 |            0 |    8.7807 |    0.7200 |
+----------------------------------------+------------+--------------+-----------+-----------+
