--------------------------------------------------------------------------------
CPU name:	Intel(R) Xeon(R) CPU E5-2670 v3 @ 2.30GHz
CPU type:	Intel Xeon Haswell EN/EP/EX processor
CPU clock:	2.30 GHz
--------------------------------------------------------------------------------
Group 1: POWERPERF
+--------------------------------+---------+-------------+-------------+-------------+-------------+-------------+-------------+--------------+--------------+--------------+--------------+--------------+--------------+-------------+-------------+-------------+-------------+-------------+-------------+--------------+--------------+--------------+--------------+--------------+--------------+
|              Event             | Counter |    Core 0   |    Core 1   |    Core 2   |    Core 3   |    Core 4   |    Core 5   |    Core 6    |    Core 7    |    Core 8    |    Core 9    |    Core 10   |    Core 11   |   Core 12   |   Core 13   |   Core 14   |   Core 15   |   Core 16   |   Core 17   |    Core 18   |    Core 19   |    Core 20   |    Core 21   |    Core 22   |    Core 23   |
+--------------------------------+---------+-------------+-------------+-------------+-------------+-------------+-------------+--------------+--------------+--------------+--------------+--------------+--------------+-------------+-------------+-------------+-------------+-------------+-------------+--------------+--------------+--------------+--------------+--------------+--------------+
|        INSTR_RETIRED_ANY       |  FIXC0  | 69401553059 | 69574379921 | 69648490586 | 69656056961 | 69734800382 | 69632552942 |  87523338180 | 100880231445 | 102530120200 |  86629049998 |  97064724859 |  92121081672 | 69607980715 | 69759358007 | 69564671204 | 69597799666 | 68884836227 | 69549841511 | 101996510943 |  92656607225 | 103443967736 |  94723083050 |  99556600039 | 100728854547 |
|      CPU_CLK_UNHALTED_CORE     |  FIXC1  | 58549419004 | 58542277441 | 58553214647 | 58555360769 | 58599941217 | 58515386048 |  46226739879 |  53460041679 |  57256566161 |  46208971175 |  53398722001 |  50176403168 | 58547483080 | 58669061008 | 58537059457 | 58545091873 | 58554432417 | 58552397154 |  57283850191 |  50123399357 |  57264294145 |  53323468065 |  53323077703 |  53446775382 |
|      CPU_CLK_UNHALTED_REF      |  FIXC2  | 58593947045 | 58587804182 | 58596156931 | 58592831982 | 58604904176 | 58550942220 |  46342036795 |  53520745436 |  57316866985 |  46364272390 |  53467159691 |  50303382110 | 58593280689 | 58693663338 | 58563338553 | 58583349542 | 58603700241 | 58595731569 |  57346829936 |  50246160870 |  57323090417 |  53419281764 |  53411931976 |  53542279393 |
|           FIXC1/FIXC0          |   CPI   |           0 |           0 |           0 |           0 |           0 |           0 |            0 |            0 |            0 |            0 |            0 |            0 |           0 |           0 |           0 |           0 |           0 |           0 |            0 |            0 |            0 |            0 |            0 |            0 |
|  OFFCORE_RESPONSE_0_LOCAL_DRAM |   PMC0  |     8089125 |     8193891 |     8143592 |     8617817 |     9021657 |     9013418 |     83091283 |     92386154 |    143971417 |     70516708 |    129491224 |    175042517 |     7731361 |     8015044 |     7964153 |     8020200 |     8134085 |     8240950 |    122817253 |    124820024 |    145774688 |    104405195 |    127823534 |     91096409 |
| OFFCORE_RESPONSE_1_REMOTE_DRAM |   PMC1  |       12710 |       17126 |       46166 |       10415 |       15963 |        7797 |        66580 |       110866 |        58648 |        50210 |        84998 |       183631 |       42478 |       68145 |       82238 |       39048 |       24275 |       19814 |       179095 |        82648 |       127281 |        41094 |        47839 |        95414 |
|  MEM_LOAD_UOPS_RETIRED_L3_ALL  |   PMC2  |     2942501 |     3007298 |     2870197 |     2899307 |     3038871 |     2987218 |    344945466 |    332550783 |    546031266 |    279227165 |    418454220 |    566165696 |     2997647 |     3123325 |     2981644 |     3063650 |     3106194 |     3025577 |    439313813 |    440013701 |    537521250 |    438183303 |    516710416 |    371487240 |
|  MEM_LOAD_UOPS_RETIRED_L3_MISS |   PMC3  |       94436 |      100017 |       98305 |       97274 |      112336 |      106822 |     52531943 |     52272660 |     83345442 |     42300034 |     65338807 |     87754785 |       89348 |      105406 |       91757 |      122418 |       91456 |       88647 |     68215141 |     67826468 |     83250812 |     66592577 |     78764209 |     56862065 |
|      L2_TRANS_ALL_REQUESTS     |   PMC4  |   742317782 |   743329623 |   741475721 |   743538800 |   740752264 |   741872017 |   1966255031 |   2106901971 |   3218994184 |   1663421777 |   2896533137 |   3908443775 |   741532456 |   742497963 |   745564699 |   741291161 |   743766706 |   741133672 |   2709658739 |   2804751888 |   3263733359 |   2436770701 |   2949786614 |   2125564724 |
|          L2_RQSTS_MISS         |   PMC5  |   185544027 |   185510494 |   185198887 |   185656424 |   185315831 |   185358758 |    503960114 |    544481719 |    835133390 |    426605027 |    762957896 |   1038813683 |   185202547 |   185611396 |   185847317 |   185393595 |   185392706 |   185401876 |    706452991 |    731358631 |    847970890 |    621569721 |    759837843 |    542141352 |
|        UOPS_RETIRED_ALL        |   PMC6  | 82344091467 | 82592729009 | 82702612972 | 82712513582 | 82821988838 | 82676651711 | 119575631844 | 137119118748 | 141927405603 | 117535486126 | 132786100931 | 123109835844 | 82644847819 | 82853738114 | 82577093469 | 82622549957 | 81598367135 | 82557598491 | 141171297438 | 125629184095 | 142214725473 | 131574298571 | 134481274521 | 136540567309 |
|            TEMP_CORE           |   TMP0  |          35 |          35 |          34 |          33 |          36 |          36 |           35 |           35 |           37 |           36 |           37 |           34 |          39 |          39 |          40 |          41 |          40 |          39 |           41 |           40 |           41 |           43 |           43 |           43 |
|         PWR_PKG_ENERGY         |   PWR0  |   1891.1414 |           0 |           0 |           0 |           0 |           0 |            0 |            0 |            0 |            0 |            0 |            0 |   1793.4116 |           0 |           0 |           0 |           0 |           0 |            0 |            0 |            0 |            0 |            0 |            0 |
|         PWR_PP0_ENERGY         |   PWR1  |           0 |           0 |           0 |           0 |           0 |           0 |            0 |            0 |            0 |            0 |            0 |            0 |           0 |           0 |           0 |           0 |           0 |           0 |            0 |            0 |            0 |            0 |            0 |            0 |
|         PWR_DRAM_ENERGY        |   PWR3  |    181.7151 |           0 |           0 |           0 |           0 |           0 |            0 |            0 |            0 |            0 |            0 |            0 |    199.1843 |           0 |           0 |           0 |           0 |           0 |            0 |            0 |            0 |            0 |            0 |            0 |
|          CAS_COUNT_RD          | MBOX0C0 |   261124481 |           0 |           0 |           0 |           0 |           0 |            0 |            0 |            0 |            0 |            0 |            0 |   259408966 |           0 |           0 |           0 |           0 |           0 |            0 |            0 |            0 |            0 |            0 |            0 |
|          CAS_COUNT_WR          | MBOX0C1 |   211224199 |           0 |           0 |           0 |           0 |           0 |            0 |            0 |            0 |            0 |            0 |            0 |   213727443 |           0 |           0 |           0 |           0 |           0 |            0 |            0 |            0 |            0 |            0 |            0 |
|          CAS_COUNT_RD          | MBOX1C0 |   260119378 |           0 |           0 |           0 |           0 |           0 |            0 |            0 |            0 |            0 |            0 |            0 |   258549287 |           0 |           0 |           0 |           0 |           0 |            0 |            0 |            0 |            0 |            0 |            0 |
|          CAS_COUNT_WR          | MBOX1C1 |   210177716 |           0 |           0 |           0 |           0 |           0 |            0 |            0 |            0 |            0 |            0 |            0 |   212584073 |           0 |           0 |           0 |           0 |           0 |            0 |            0 |            0 |            0 |            0 |            0 |
|          CAS_COUNT_RD          | MBOX2C0 |           0 |           0 |           0 |           0 |           0 |           0 |            0 |            0 |            0 |            0 |            0 |            0 |           0 |           0 |           0 |           0 |           0 |           0 |            0 |            0 |            0 |            0 |            0 |            0 |
|          CAS_COUNT_WR          | MBOX2C1 |           0 |           0 |           0 |           0 |           0 |           0 |            0 |            0 |            0 |            0 |            0 |            0 |           0 |           0 |           0 |           0 |           0 |           0 |            0 |            0 |            0 |            0 |            0 |            0 |
|          CAS_COUNT_RD          | MBOX3C0 |           0 |           0 |           0 |           0 |           0 |           0 |            0 |            0 |            0 |            0 |            0 |            0 |           0 |           0 |           0 |           0 |           0 |           0 |            0 |            0 |            0 |            0 |            0 |            0 |
|          CAS_COUNT_WR          | MBOX3C1 |           0 |           0 |           0 |           0 |           0 |           0 |            0 |            0 |            0 |            0 |            0 |            0 |           0 |           0 |           0 |           0 |           0 |           0 |            0 |            0 |            0 |            0 |            0 |            0 |
|          CAS_COUNT_RD          | MBOX4C0 |   261379306 |           0 |           0 |           0 |           0 |           0 |            0 |            0 |            0 |            0 |            0 |            0 |   259379949 |           0 |           0 |           0 |           0 |           0 |            0 |            0 |            0 |            0 |            0 |            0 |
|          CAS_COUNT_WR          | MBOX4C1 |   211275611 |           0 |           0 |           0 |           0 |           0 |            0 |            0 |            0 |            0 |            0 |            0 |   213781809 |           0 |           0 |           0 |           0 |           0 |            0 |            0 |            0 |            0 |            0 |            0 |
|          CAS_COUNT_RD          | MBOX5C0 |   260741105 |           0 |           0 |           0 |           0 |           0 |            0 |            0 |            0 |            0 |            0 |            0 |   258206565 |           0 |           0 |           0 |           0 |           0 |            0 |            0 |            0 |            0 |            0 |            0 |
|          CAS_COUNT_WR          | MBOX5C1 |   210271401 |           0 |           0 |           0 |           0 |           0 |            0 |            0 |            0 |            0 |            0 |            0 |   212486510 |           0 |           0 |           0 |           0 |           0 |            0 |            0 |            0 |            0 |            0 |            0 |
|          CAS_COUNT_RD          | MBOX6C0 |           0 |           0 |           0 |           0 |           0 |           0 |            0 |            0 |            0 |            0 |            0 |            0 |           0 |           0 |           0 |           0 |           0 |           0 |            0 |            0 |            0 |            0 |            0 |            0 |
|          CAS_COUNT_WR          | MBOX6C1 |           0 |           0 |           0 |           0 |           0 |           0 |            0 |            0 |            0 |            0 |            0 |            0 |           0 |           0 |           0 |           0 |           0 |           0 |            0 |            0 |            0 |            0 |            0 |            0 |
|          CAS_COUNT_RD          | MBOX7C0 |           0 |           0 |           0 |           0 |           0 |           0 |            0 |            0 |            0 |            0 |            0 |            0 |           0 |           0 |           0 |           0 |           0 |           0 |            0 |            0 |            0 |            0 |            0 |            0 |
|          CAS_COUNT_WR          | MBOX7C1 |           0 |           0 |           0 |           0 |           0 |           0 |            0 |            0 |            0 |            0 |            0 |            0 |           0 |           0 |           0 |           0 |           0 |           0 |            0 |            0 |            0 |            0 |            0 |            0 |
+--------------------------------+---------+-------------+-------------+-------------+-------------+-------------+-------------+--------------+--------------+--------------+--------------+--------------+--------------+-------------+-------------+-------------+-------------+-------------+-------------+--------------+--------------+--------------+--------------+--------------+--------------+
+-------------------------------------+---------+---------------+-------------+--------------+--------------+
|                Event                | Counter |      Sum      |     Min     |      Max     |      Avg     |
+-------------------------------------+---------+---------------+-------------+--------------+--------------+
|        INSTR_RETIRED_ANY STAT       |  FIXC0  | 1994466491075 | 68884836227 | 103443967736 | 8.310277e+10 |
|      CPU_CLK_UNHALTED_CORE STAT     |  FIXC1  | 1334213433021 | 46208971175 |  58669061008 | 5.559223e+10 |
|      CPU_CLK_UNHALTED_REF STAT      |  FIXC2  | 1335763688231 | 46342036795 |  58693663338 | 5.565682e+10 |
|           FIXC1/FIXC0 STAT          |   CPI   |             0 |           0 |            0 |            0 |
|  OFFCORE_RESPONSE_0_LOCAL_DRAM STAT |   PMC0  |    1510421699 |     7731361 |    175042517 | 6.293424e+07 |
| OFFCORE_RESPONSE_1_REMOTE_DRAM STAT |   PMC1  |       1514479 |        7797 |       183631 |   63103.2917 |
|  MEM_LOAD_UOPS_RETIRED_L3_ALL STAT  |   PMC2  |    5266647748 |     2870197 |    566165696 | 2.194437e+08 |
|  MEM_LOAD_UOPS_RETIRED_L3_MISS STAT |   PMC3  |     806253165 |       88647 |     87754785 | 3.359388e+07 |
|      L2_TRANS_ALL_REQUESTS STAT     |   PMC4  |   40959888764 |   740752264 |   3908443775 | 1.706662e+09 |
|          L2_RQSTS_MISS STAT         |   PMC5  |   10546717115 |   185198887 |   1038813683 | 4.394465e+08 |
|        UOPS_RETIRED_ALL STAT        |   PMC6  | 2574369709067 | 81598367135 | 142214725473 | 1.072654e+11 |
|            TEMP_CORE STAT           |   TMP0  |           912 |          33 |           43 |           38 |
|         PWR_PKG_ENERGY STAT         |   PWR0  |     3684.5530 |           0 |    1891.1414 |     153.5230 |
|         PWR_PP0_ENERGY STAT         |   PWR1  |             0 |           0 |            0 |            0 |
|         PWR_DRAM_ENERGY STAT        |   PWR3  |      380.8994 |           0 |     199.1843 |      15.8708 |
|          CAS_COUNT_RD STAT          | MBOX0C0 |     520533447 |           0 |    261124481 | 2.168889e+07 |
|          CAS_COUNT_WR STAT          | MBOX0C1 |     424951642 |           0 |    213727443 | 1.770632e+07 |
|          CAS_COUNT_RD STAT          | MBOX1C0 |     518668665 |           0 |    260119378 | 2.161119e+07 |
|          CAS_COUNT_WR STAT          | MBOX1C1 |     422761789 |           0 |    212584073 | 1.761507e+07 |
|          CAS_COUNT_RD STAT          | MBOX2C0 |             0 |           0 |            0 |            0 |
|          CAS_COUNT_WR STAT          | MBOX2C1 |             0 |           0 |            0 |            0 |
|          CAS_COUNT_RD STAT          | MBOX3C0 |             0 |           0 |            0 |            0 |
|          CAS_COUNT_WR STAT          | MBOX3C1 |             0 |           0 |            0 |            0 |
|          CAS_COUNT_RD STAT          | MBOX4C0 |     520759255 |           0 |    261379306 | 2.169830e+07 |
|          CAS_COUNT_WR STAT          | MBOX4C1 |     425057420 |           0 |    213781809 | 1.771073e+07 |
|          CAS_COUNT_RD STAT          | MBOX5C0 |     518947670 |           0 |    260741105 | 2.162282e+07 |
|          CAS_COUNT_WR STAT          | MBOX5C1 |     422757911 |           0 |    212486510 | 1.761491e+07 |
|          CAS_COUNT_RD STAT          | MBOX6C0 |             0 |           0 |            0 |            0 |
|          CAS_COUNT_WR STAT          | MBOX6C1 |             0 |           0 |            0 |            0 |
|          CAS_COUNT_RD STAT          | MBOX7C0 |             0 |           0 |            0 |            0 |
|          CAS_COUNT_WR STAT          | MBOX7C1 |             0 |           0 |            0 |            0 |
+-------------------------------------+---------+---------------+-------------+--------------+--------------+
+-----------------------------------+-----------+-----------+-----------+-----------+-----------+-----------+-----------+-----------+-----------+-----------+-----------+-----------+-----------+-----------+-----------+-----------+-----------+-----------+-----------+-----------+-----------+-----------+-----------+-----------+
|               Metric              |   Core 0  |   Core 1  |   Core 2  |   Core 3  |   Core 4  |   Core 5  |   Core 6  |   Core 7  |   Core 8  |   Core 9  |  Core 10  |  Core 11  |  Core 12  |  Core 13  |  Core 14  |  Core 15  |  Core 16  |  Core 17  |  Core 18  |  Core 19  |  Core 20  |  Core 21  |  Core 22  |  Core 23  |
+-----------------------------------+-----------+-----------+-----------+-----------+-----------+-----------+-----------+-----------+-----------+-----------+-----------+-----------+-----------+-----------+-----------+-----------+-----------+-----------+-----------+-----------+-----------+-----------+-----------+-----------+
|        Runtime (RDTSC) [s]        |   25.8392 |   25.8392 |   25.8392 |   25.8392 |   25.8392 |   25.8392 |   25.8392 |   25.8392 |   25.8392 |   25.8392 |   25.8392 |   25.8392 |   25.8392 |   25.8392 |   25.8392 |   25.8392 |   25.8392 |   25.8392 |   25.8392 |   25.8392 |   25.8392 |   25.8392 |   25.8392 |   25.8392 |
|        Runtime unhalted [s]       |   25.4567 |   25.4536 |   25.4584 |   25.4593 |   25.4787 |   25.4419 |   20.0990 |   23.2439 |   24.8946 |   20.0912 |   23.2173 |   21.8162 |   25.4559 |   25.5088 |   25.4514 |   25.4549 |   25.4589 |   25.4580 |   24.9065 |   21.7932 |   24.8980 |   23.1845 |   23.1844 |   23.2382 |
|            Clock [MHz]            | 2298.2099 | 2298.1705 | 2298.2722 | 2298.4868 | 2299.7629 | 2298.5610 | 2294.2355 | 2297.3491 | 2297.5380 | 2292.2538 | 2297.0138 | 2294.1520 | 2298.1600 | 2298.9936 | 2298.9256 | 2298.4557 | 2298.0241 | 2298.2568 | 2297.4318 | 2294.3384 | 2297.5986 | 2295.8324 | 2296.1316 | 2295.8552 |
|                CPI                |    0.8436 |    0.8414 |    0.8407 |    0.8406 |    0.8403 |    0.8403 |    0.5282 |    0.5299 |    0.5584 |    0.5334 |    0.5501 |    0.5447 |    0.8411 |    0.8410 |    0.8415 |    0.8412 |    0.8500 |    0.8419 |    0.5616 |    0.5410 |    0.5536 |    0.5629 |    0.5356 |    0.5306 |
|   Local DRAM data volume [GByte]  |    0.5177 |    0.5244 |    0.5212 |    0.5515 |    0.5774 |    0.5769 |    5.3178 |    5.9127 |    9.2142 |    4.5131 |    8.2874 |   11.2027 |    0.4948 |    0.5130 |    0.5097 |    0.5133 |    0.5206 |    0.5274 |    7.8603 |    7.9885 |    9.3296 |    6.6819 |    8.1807 |    5.8302 |
|   Local DRAM bandwidth [MByte/s]  |   20.0356 |   20.2951 |   20.1705 |   21.3451 |   22.3454 |   22.3250 |  205.8054 |  228.8275 |  356.5969 |  174.6599 |  320.7315 |  433.5556 |   19.1495 |   19.8521 |   19.7261 |   19.8649 |   20.1470 |   20.4117 |  304.2010 |  309.1616 |  361.0633 |  258.5969 |  316.6009 |  225.6330 |
|  Remote DRAM data volume [GByte]  |    0.0008 |    0.0011 |    0.0030 |    0.0007 |    0.0010 |    0.0005 |    0.0043 |    0.0071 |    0.0038 |    0.0032 |    0.0054 |    0.0118 |    0.0027 |    0.0044 |    0.0053 |    0.0025 |    0.0016 |    0.0013 |    0.0115 |    0.0053 |    0.0081 |    0.0026 |    0.0031 |    0.0061 |
|  Remote DRAM bandwidth [MByte/s]  |    0.0315 |    0.0424 |    0.1143 |    0.0258 |    0.0395 |    0.0193 |    0.1649 |    0.2746 |    0.1453 |    0.1244 |    0.2105 |    0.4548 |    0.1052 |    0.1688 |    0.2037 |    0.0967 |    0.0601 |    0.0491 |    0.4436 |    0.2047 |    0.3153 |    0.1018 |    0.1185 |    0.2363 |
|     Memory data volume [GByte]    |    0.5185 |    0.5255 |    0.5241 |    0.5522 |    0.5784 |    0.5774 |    5.3221 |    5.9198 |    9.2179 |    4.5163 |    8.2929 |   11.2145 |    0.4975 |    0.5173 |    0.5150 |    0.5158 |    0.5221 |    0.5287 |    7.8718 |    7.9938 |    9.3377 |    6.6846 |    8.1838 |    5.8363 |
|     Memory bandwidth [MByte/s]    |   20.0671 |   20.3375 |   20.2849 |   21.3709 |   22.3849 |   22.3443 |  205.9703 |  229.1021 |  356.7422 |  174.7843 |  320.9420 |  434.0105 |   19.2547 |   20.0209 |   19.9298 |   19.9616 |   20.2071 |   20.4607 |  304.6446 |  309.3663 |  361.3786 |  258.6987 |  316.7194 |  225.8693 |
|          L3 request rate          |   31.1587 |   30.0679 |   29.1969 |   29.8056 |   27.0516 |   27.9644 |    6.5664 |    6.3618 |    6.5514 |    6.6011 |    6.4044 |    6.4517 |   33.5502 |   29.6314 |   32.4950 |   25.0261 |   33.9638 |   34.1306 |    6.4401 |    6.4873 |    6.4566 |    6.5801 |    6.5602 |    6.5331 |
|            L3 miss rate           |    0.0043 |    0.0057 |    0.0161 |    0.0036 |    0.0053 |    0.0026 |    0.0002 |    0.0003 |    0.0001 |    0.0002 |    0.0002 |    0.0003 |    0.0142 |    0.0218 |    0.0276 |    0.0127 |    0.0078 |    0.0065 |    0.0004 |    0.0002 |    0.0002 |    0.0001 |    0.0001 |    0.0003 |
|           L3 miss ratio           |    0.0016 |    0.0021 |    0.0057 |    0.0012 |    0.0018 |    0.0009 |    0.0008 |    0.0012 |    0.0004 |    0.0007 |    0.0007 |    0.0010 |    0.0055 |    0.0085 |    0.0103 |    0.0049 |    0.0030 |    0.0024 |    0.0015 |    0.0007 |    0.0009 |    0.0004 |    0.0004 |    0.0010 |
|          L2 request rate          |    0.0107 |    0.0107 |    0.0106 |    0.0107 |    0.0106 |    0.0107 |    0.0225 |    0.0209 |    0.0314 |    0.0192 |    0.0298 |    0.0424 |    0.0107 |    0.0106 |    0.0107 |    0.0107 |    0.0108 |    0.0107 |    0.0266 |    0.0303 |    0.0316 |    0.0257 |    0.0296 |    0.0211 |
|            L2 miss rate           |    0.0027 |    0.0027 |    0.0027 |    0.0027 |    0.0027 |    0.0027 |    0.0058 |    0.0054 |    0.0081 |    0.0049 |    0.0079 |    0.0113 |    0.0027 |    0.0027 |    0.0027 |    0.0027 |    0.0027 |    0.0027 |    0.0069 |    0.0079 |    0.0082 |    0.0066 |    0.0076 |    0.0054 |
|           L2 miss ratio           |    0.2500 |    0.2496 |    0.2498 |    0.2497 |    0.2502 |    0.2499 |    0.2563 |    0.2584 |    0.2594 |    0.2565 |    0.2634 |    0.2658 |    0.2498 |    0.2500 |    0.2493 |    0.2501 |    0.2493 |    0.2502 |    0.2607 |    0.2608 |    0.2598 |    0.2551 |    0.2576 |    0.2551 |
|  Memory read bandwidth [MBytes/s] | 2584.2662 |         0 |         0 |         0 |         0 |         0 |         0 |         0 |         0 |         0 |         0 |         0 | 2564.8984 |         0 |         0 |         0 |         0 |         0 |         0 |         0 |         0 |         0 |         0 |         0 |
|  Memory read data volume [GBytes] |   66.7753 |         0 |         0 |         0 |         0 |         0 |         0 |         0 |         0 |         0 |         0 |         0 |   66.2749 |         0 |         0 |         0 |         0 |         0 |         0 |         0 |         0 |         0 |         0 |         0 |
| Memory write bandwidth [MBytes/s] | 2087.8656 |         0 |         0 |         0 |         0 |         0 |         0 |         0 |         0 |         0 |         0 |         0 | 2111.7200 |         0 |         0 |         0 |         0 |         0 |         0 |         0 |         0 |         0 |         0 |         0 |
| Memory write data volume [GBytes] |   53.9487 |         0 |         0 |         0 |         0 |         0 |         0 |         0 |         0 |         0 |         0 |         0 |   54.5651 |         0 |         0 |         0 |         0 |         0 |         0 |         0 |         0 |         0 |         0 |         0 |
|    Memory bandwidth [MBytes/s]    | 4672.1318 |         0 |         0 |         0 |         0 |         0 |         0 |         0 |         0 |         0 |         0 |         0 | 4676.6184 |         0 |         0 |         0 |         0 |         0 |         0 |         0 |         0 |         0 |         0 |         0 |
|    Memory data volume [GBytes]    |  120.7240 |         0 |         0 |         0 |         0 |         0 |         0 |         0 |         0 |         0 |         0 |         0 |  120.8400 |         0 |         0 |         0 |         0 |         0 |         0 |         0 |         0 |         0 |         0 |         0 |
|          Temperature [C]          |        35 |        35 |        34 |        33 |        36 |        36 |        35 |        35 |        37 |        36 |        37 |        34 |        39 |        39 |        40 |        41 |        40 |        39 |        41 |        40 |        41 |        43 |        43 |        43 |
|             Energy [J]            | 1891.1414 |         0 |         0 |         0 |         0 |         0 |         0 |         0 |         0 |         0 |         0 |         0 | 1793.4116 |         0 |         0 |         0 |         0 |         0 |         0 |         0 |         0 |         0 |         0 |         0 |
|             Power [W]             |   73.1889 |         0 |         0 |         0 |         0 |         0 |         0 |         0 |         0 |         0 |         0 |         0 |   69.4067 |         0 |         0 |         0 |         0 |         0 |         0 |         0 |         0 |         0 |         0 |         0 |
|           Energy PP0 [J]          |         0 |         0 |         0 |         0 |         0 |         0 |         0 |         0 |         0 |         0 |         0 |         0 |         0 |         0 |         0 |         0 |         0 |         0 |         0 |         0 |         0 |         0 |         0 |         0 |
|           Power PP0 [W]           |         0 |         0 |         0 |         0 |         0 |         0 |         0 |         0 |         0 |         0 |         0 |         0 |         0 |         0 |         0 |         0 |         0 |         0 |         0 |         0 |         0 |         0 |         0 |         0 |
|          Energy DRAM [J]          |  181.7151 |         0 |         0 |         0 |         0 |         0 |         0 |         0 |         0 |         0 |         0 |         0 |  199.1843 |         0 |         0 |         0 |         0 |         0 |         0 |         0 |         0 |         0 |         0 |         0 |
|           Power DRAM [W]          |    7.0325 |         0 |         0 |         0 |         0 |         0 |         0 |         0 |         0 |         0 |         0 |         0 |    7.7086 |         0 |         0 |         0 |         0 |         0 |         0 |         0 |         0 |         0 |         0 |         0 |
+-----------------------------------+-----------+-----------+-----------+-----------+-----------+-----------+-----------+-----------+-----------+-----------+-----------+-----------+-----------+-----------+-----------+-----------+-----------+-----------+-----------+-----------+-----------+-----------+-----------+-----------+
+----------------------------------------+------------+-----------+-----------+-----------+
|                 Metric                 |     Sum    |    Min    |    Max    |    Avg    |
+----------------------------------------+------------+-----------+-----------+-----------+
|        Runtime (RDTSC) [s] STAT        |   620.1408 |   25.8392 |   25.8392 |   25.8392 |
|        Runtime unhalted [s] STAT       |   580.1035 |   20.0912 |   25.5088 |   24.1710 |
|            Clock [MHz] STAT            | 55132.0093 | 2292.2538 | 2299.7629 | 2297.1671 |
|                CPI STAT                |    16.6336 |    0.5282 |    0.8500 |    0.6931 |
|   Local DRAM data volume [GByte] STAT  |    96.6670 |    0.4948 |   11.2027 |    4.0278 |
|   Local DRAM bandwidth [MByte/s] STAT  |  3741.1015 |   19.1495 |  433.5556 |  155.8792 |
|  Remote DRAM data volume [GByte] STAT  |     0.0972 |    0.0005 |    0.0118 |    0.0041 |
|  Remote DRAM bandwidth [MByte/s] STAT  |     3.7511 |    0.0193 |    0.4548 |    0.1563 |
|     Memory data volume [GByte] STAT    |    96.7640 |    0.4975 |   11.2145 |    4.0318 |
|     Memory bandwidth [MByte/s] STAT    |  3744.8527 |   19.2547 |  434.0105 |  156.0355 |
|          L3 request rate STAT          |   442.0364 |    6.3618 |   34.1306 |   18.4182 |
|            L3 miss rate STAT           |     0.1308 |    0.0001 |    0.0276 |    0.0054 |
|           L3 miss ratio STAT           |     0.0576 |    0.0004 |    0.0103 |    0.0024 |
|          L2 request rate STAT          |     0.4593 |    0.0106 |    0.0424 |    0.0191 |
|            L2 miss rate STAT           |     0.1184 |    0.0027 |    0.0113 |    0.0049 |
|           L2 miss ratio STAT           |     6.1068 |    0.2493 |    0.2658 |    0.2544 |
|  Memory read bandwidth [MBytes/s] STAT |  5149.1646 |         0 | 2584.2662 |  214.5485 |
|  Memory read data volume [GBytes] STAT |   133.0502 |         0 |   66.7753 |    5.5438 |
| Memory write bandwidth [MBytes/s] STAT |  4199.5856 |         0 | 2111.7200 |  174.9827 |
| Memory write data volume [GBytes] STAT |   108.5138 |         0 |   54.5651 |    4.5214 |
|    Memory bandwidth [MBytes/s] STAT    |  9348.7502 |         0 | 4676.6184 |  389.5313 |
|    Memory data volume [GBytes] STAT    |   241.5640 |         0 |  120.8400 |   10.0652 |
|          Temperature [C] STAT          |        912 |        33 |        43 |        38 |
|             Energy [J] STAT            |  3684.5530 |         0 | 1891.1414 |  153.5230 |
|             Power [W] STAT             |   142.5956 |         0 |   73.1889 |    5.9415 |
|           Energy PP0 [J] STAT          |          0 |         0 |         0 |         0 |
|           Power PP0 [W] STAT           |          0 |         0 |         0 |         0 |
|          Energy DRAM [J] STAT          |   380.8994 |         0 |  199.1843 |   15.8708 |
|           Power DRAM [W] STAT          |    14.7411 |         0 |    7.7086 |    0.6142 |
+----------------------------------------+------------+-----------+-----------+-----------+
