--------------------------------------------------------------------------------
CPU name:	Intel(R) Xeon(R) CPU E5-2670 v3 @ 2.30GHz
CPU type:	Intel Xeon Haswell EN/EP/EX processor
CPU clock:	2.30 GHz
--------------------------------------------------------------------------------
Group 1: POWERPERF
+--------------------------------+---------+-------------+-------------+-------------+-------------+-------------+-------------+-------------+-------------+-------------+-------------+-------------+-------------+-------------+-------------+-------------+-------------+-------------+-------------+-------------+-------------+-------------+-------------+-------------+-------------+
|              Event             | Counter |    Core 0   |    Core 1   |    Core 2   |    Core 3   |    Core 4   |    Core 5   |    Core 6   |    Core 7   |    Core 8   |    Core 9   |   Core 10   |   Core 11   |   Core 12   |   Core 13   |   Core 14   |   Core 15   |   Core 16   |   Core 17   |   Core 18   |   Core 19   |   Core 20   |   Core 21   |   Core 22   |   Core 23   |
+--------------------------------+---------+-------------+-------------+-------------+-------------+-------------+-------------+-------------+-------------+-------------+-------------+-------------+-------------+-------------+-------------+-------------+-------------+-------------+-------------+-------------+-------------+-------------+-------------+-------------+-------------+
|        INSTR_RETIRED_ANY       |  FIXC0  | 69612610013 | 68865309707 | 69903663171 | 69787095514 | 69956067288 | 69906531448 | 16283790682 | 16323806318 | 16082156024 | 16118493585 | 16051831316 | 16097571529 | 69870025961 | 70018439899 | 69662722280 | 70033074423 | 69689444291 | 70825678495 | 15636545417 | 15878534885 | 15479746143 | 15497131330 | 15424762771 | 15554647066 |
|      CPU_CLK_UNHALTED_CORE     |  FIXC1  | 59993897543 | 60073732741 | 60034417147 | 60088431936 | 60089519016 | 60092278033 | 59114764852 | 59146012565 | 59208680623 | 59156424500 | 59179247823 | 59164731085 | 60015883953 | 60138301462 | 60059130290 | 60070762846 | 60032048234 | 60055999938 | 59111201788 | 59234977974 | 59190260277 | 59148576789 | 59150381115 | 59225066518 |
|      CPU_CLK_UNHALTED_REF      |  FIXC2  | 60044010749 | 60098971066 | 60077018141 | 60131120719 | 60095415749 | 60140393353 | 59191769738 | 59204760184 | 59230900029 | 59214441965 | 59251259146 | 59232371569 | 60069863554 | 60161721943 | 60103121600 | 60117993147 | 60065840992 | 60109357820 | 59148956089 | 59273467946 | 59273174374 | 59223097026 | 59214811736 | 59275179928 |
|           FIXC1/FIXC0          |   CPI   |           0 |           0 |           0 |           0 |           0 |           0 |           0 |           0 |           0 |           0 |           0 |           0 |           0 |           0 |           0 |           0 |           0 |           0 |           0 |           0 |           0 |           0 |           0 |           0 |
|  OFFCORE_RESPONSE_0_LOCAL_DRAM |   PMC0  |   113438994 |   114517556 |   112936369 |   114499153 |   113263532 |   114994583 |  1465793864 |  1466128337 |  1464607600 |  1463875255 |  1464246677 |  1464818784 |   113420239 |   114077202 |   113801975 |   112934244 |   114791662 |   113165558 |  1463713334 |  1464501080 |  1461604498 |  1461520606 |  1460783658 |  1460653763 |
| OFFCORE_RESPONSE_1_REMOTE_DRAM |   PMC1  |       62805 |       55721 |       35323 |       29776 |       37125 |       62215 |       13339 |       37796 |       12680 |       36017 |       24694 |       26760 |      204213 |      436768 |      168537 |      194855 |      197588 |      267453 |       70706 |       35021 |       48926 |       15596 |       29216 |       95309 |
|  MEM_LOAD_UOPS_RETIRED_L3_ALL  |   PMC2  |     2679741 |     2877981 |     2702515 |     2737966 |     2830273 |     2782429 |  1403991674 |  1408045038 |  1407300206 |  1406022686 |  1406738528 |  1407420280 |     2825948 |     2842972 |     2758973 |     2738696 |     2866935 |     1512488 |  1405444282 |  1408480304 |  1404867359 |  1405332422 |  1403964683 |  1404446503 |
|  MEM_LOAD_UOPS_RETIRED_L3_MISS |   PMC3  |     1142274 |     1299751 |     1215851 |     1259317 |     1247525 |     1259222 |  1389566500 |  1393547983 |  1392933755 |  1391505170 |  1392370286 |  1392993883 |     1243589 |     1265874 |     1225214 |     1214226 |     1326158 |      304402 |  1391056513 |  1393876231 |  1390440444 |  1390969362 |  1389659735 |  1389922502 |
|      L2_TRANS_ALL_REQUESTS     |   PMC4  |   841915372 |   841783863 |   838039209 |   840965072 |   838685149 |   840216354 |  6039489500 |  6043134625 |  6034513522 |  6032282240 |  6034649637 |  6030050094 |   838803192 |   843841832 |   838447597 |   839032700 |   839769298 |   836096511 |  6032830559 |  6034892896 |  6024483965 |  6022504631 |  6020805051 |  6014519802 |
|          L2_RQSTS_MISS         |   PMC5  |   210579138 |   210508458 |   209753329 |   210579928 |   209743972 |   209901293 |  1508032901 |  1508676650 |  1506925335 |  1506748567 |  1506634148 |  1507186684 |   210048225 |   210540909 |   210237047 |   210048388 |   209730899 |   208987505 |  1506043141 |  1506902631 |  1504102234 |  1503737534 |  1503103623 |  1503581140 |
|        UOPS_RETIRED_ALL        |   PMC6  | 82753712464 | 81673268858 | 83174606851 | 83002173889 | 83237643861 | 83163465986 | 21784662005 | 21829400195 | 21488845980 | 21526786976 | 21436500212 | 21507962465 | 83123200907 | 83320459876 | 82817497740 | 83357705031 | 82874616378 | 84513331085 | 20850012525 | 21176537372 | 20603382650 | 20640972419 | 20538062227 | 20707394657 |
|            TEMP_CORE           |   TMP0  |          38 |          38 |          37 |          37 |          40 |          42 |          42 |          38 |          40 |          40 |          41 |          38 |          42 |          43 |          43 |          44 |          44 |          43 |          46 |          44 |          43 |          44 |          45 |          47 |
|         PWR_PKG_ENERGY         |   PWR0  |   2356.6823 |           0 |           0 |           0 |           0 |           0 |           0 |           0 |           0 |           0 |           0 |           0 |   2199.3351 |           0 |           0 |           0 |           0 |           0 |           0 |           0 |           0 |           0 |           0 |           0 |
|         PWR_PP0_ENERGY         |   PWR1  |           0 |           0 |           0 |           0 |           0 |           0 |           0 |           0 |           0 |           0 |           0 |           0 |           0 |           0 |           0 |           0 |           0 |           0 |           0 |           0 |           0 |           0 |           0 |           0 |
|         PWR_DRAM_ENERGY        |   PWR3  |    498.3700 |           0 |           0 |           0 |           0 |           0 |           0 |           0 |           0 |           0 |           0 |           0 |    511.0392 |           0 |           0 |           0 |           0 |           0 |           0 |           0 |           0 |           0 |           0 |           0 |
|          CAS_COUNT_RD          | MBOX0C0 |  2425357535 |           0 |           0 |           0 |           0 |           0 |           0 |           0 |           0 |           0 |           0 |           0 |  2417700266 |           0 |           0 |           0 |           0 |           0 |           0 |           0 |           0 |           0 |           0 |           0 |
|          CAS_COUNT_WR          | MBOX0C1 |  2339264616 |           0 |           0 |           0 |           0 |           0 |           0 |           0 |           0 |           0 |           0 |           0 |  2336087360 |           0 |           0 |           0 |           0 |           0 |           0 |           0 |           0 |           0 |           0 |           0 |
|          CAS_COUNT_RD          | MBOX1C0 |  2424107721 |           0 |           0 |           0 |           0 |           0 |           0 |           0 |           0 |           0 |           0 |           0 |  2416566334 |           0 |           0 |           0 |           0 |           0 |           0 |           0 |           0 |           0 |           0 |           0 |
|          CAS_COUNT_WR          | MBOX1C1 |  2338359377 |           0 |           0 |           0 |           0 |           0 |           0 |           0 |           0 |           0 |           0 |           0 |  2334712366 |           0 |           0 |           0 |           0 |           0 |           0 |           0 |           0 |           0 |           0 |           0 |
|          CAS_COUNT_RD          | MBOX2C0 |           0 |           0 |           0 |           0 |           0 |           0 |           0 |           0 |           0 |           0 |           0 |           0 |           0 |           0 |           0 |           0 |           0 |           0 |           0 |           0 |           0 |           0 |           0 |           0 |
|          CAS_COUNT_WR          | MBOX2C1 |           0 |           0 |           0 |           0 |           0 |           0 |           0 |           0 |           0 |           0 |           0 |           0 |           0 |           0 |           0 |           0 |           0 |           0 |           0 |           0 |           0 |           0 |           0 |           0 |
|          CAS_COUNT_RD          | MBOX3C0 |           0 |           0 |           0 |           0 |           0 |           0 |           0 |           0 |           0 |           0 |           0 |           0 |           0 |           0 |           0 |           0 |           0 |           0 |           0 |           0 |           0 |           0 |           0 |           0 |
|          CAS_COUNT_WR          | MBOX3C1 |           0 |           0 |           0 |           0 |           0 |           0 |           0 |           0 |           0 |           0 |           0 |           0 |           0 |           0 |           0 |           0 |           0 |           0 |           0 |           0 |           0 |           0 |           0 |           0 |
|          CAS_COUNT_RD          | MBOX4C0 |  2425477929 |           0 |           0 |           0 |           0 |           0 |           0 |           0 |           0 |           0 |           0 |           0 |  2417187185 |           0 |           0 |           0 |           0 |           0 |           0 |           0 |           0 |           0 |           0 |           0 |
|          CAS_COUNT_WR          | MBOX4C1 |  2339433491 |           0 |           0 |           0 |           0 |           0 |           0 |           0 |           0 |           0 |           0 |           0 |  2335888755 |           0 |           0 |           0 |           0 |           0 |           0 |           0 |           0 |           0 |           0 |           0 |
|          CAS_COUNT_RD          | MBOX5C0 |  2424217158 |           0 |           0 |           0 |           0 |           0 |           0 |           0 |           0 |           0 |           0 |           0 |  2416245057 |           0 |           0 |           0 |           0 |           0 |           0 |           0 |           0 |           0 |           0 |           0 |
|          CAS_COUNT_WR          | MBOX5C1 |  2338694809 |           0 |           0 |           0 |           0 |           0 |           0 |           0 |           0 |           0 |           0 |           0 |  2334615578 |           0 |           0 |           0 |           0 |           0 |           0 |           0 |           0 |           0 |           0 |           0 |
|          CAS_COUNT_RD          | MBOX6C0 |           0 |           0 |           0 |           0 |           0 |           0 |           0 |           0 |           0 |           0 |           0 |           0 |           0 |           0 |           0 |           0 |           0 |           0 |           0 |           0 |           0 |           0 |           0 |           0 |
|          CAS_COUNT_WR          | MBOX6C1 |           0 |           0 |           0 |           0 |           0 |           0 |           0 |           0 |           0 |           0 |           0 |           0 |           0 |           0 |           0 |           0 |           0 |           0 |           0 |           0 |           0 |           0 |           0 |           0 |
|          CAS_COUNT_RD          | MBOX7C0 |           0 |           0 |           0 |           0 |           0 |           0 |           0 |           0 |           0 |           0 |           0 |           0 |           0 |           0 |           0 |           0 |           0 |           0 |           0 |           0 |           0 |           0 |           0 |           0 |
|          CAS_COUNT_WR          | MBOX7C1 |           0 |           0 |           0 |           0 |           0 |           0 |           0 |           0 |           0 |           0 |           0 |           0 |           0 |           0 |           0 |           0 |           0 |           0 |           0 |           0 |           0 |           0 |           0 |           0 |
+--------------------------------+---------+-------------+-------------+-------------+-------------+-------------+-------------+-------------+-------------+-------------+-------------+-------------+-------------+-------------+-------------+-------------+-------------+-------------+-------------+-------------+-------------+-------------+-------------+-------------+-------------+
+-------------------------------------+---------+---------------+-------------+-------------+--------------+
|                Event                | Counter |      Sum      |     Min     |     Max     |      Avg     |
+-------------------------------------+---------+---------------+-------------+-------------+--------------+
|        INSTR_RETIRED_ANY STAT       |  FIXC0  | 1028559679556 | 15424762771 | 70825678495 | 4.285665e+10 |
|      CPU_CLK_UNHALTED_CORE STAT     |  FIXC1  | 1430774729048 | 59111201788 | 60138301462 | 5.961561e+10 |
|      CPU_CLK_UNHALTED_REF STAT      |  FIXC2  | 1431949018563 | 59148956089 | 60161721943 | 5.966454e+10 |
|           FIXC1/FIXC0 STAT          |   CPI   |             0 |           0 |           0 |            0 |
|  OFFCORE_RESPONSE_0_LOCAL_DRAM STAT |   PMC0  |   18928088523 |   112934244 |  1466128337 | 7.886704e+08 |
| OFFCORE_RESPONSE_1_REMOTE_DRAM STAT |   PMC1  |       2198439 |       12680 |      436768 |   91601.6250 |
|  MEM_LOAD_UOPS_RETIRED_L3_ALL STAT  |   PMC2  |   16904210882 |     1512488 |  1408480304 | 7.043421e+08 |
|  MEM_LOAD_UOPS_RETIRED_L3_MISS STAT |   PMC3  |   16712845767 |      304402 |  1393876231 | 6.963686e+08 |
|      L2_TRANS_ALL_REQUESTS STAT     |   PMC4  |   82441752671 |   836096511 |  6043134625 | 3.435073e+09 |
|          L2_RQSTS_MISS STAT         |   PMC5  |   20592333679 |   208987505 |  1508676650 | 8.580139e+08 |
|        UOPS_RETIRED_ALL STAT        |   PMC6  | 1251102202609 | 20538062227 | 84513331085 | 5.212926e+10 |
|            TEMP_CORE STAT           |   TMP0  |           999 |          37 |          47 |      41.6250 |
|         PWR_PKG_ENERGY STAT         |   PWR0  |     4556.0174 |           0 |   2356.6823 |     189.8341 |
|         PWR_PP0_ENERGY STAT         |   PWR1  |             0 |           0 |           0 |            0 |
|         PWR_DRAM_ENERGY STAT        |   PWR3  |     1009.4092 |           0 |    511.0392 |      42.0587 |
|          CAS_COUNT_RD STAT          | MBOX0C0 |    4843057801 |           0 |  2425357535 | 2.017941e+08 |
|          CAS_COUNT_WR STAT          | MBOX0C1 |    4675351976 |           0 |  2339264616 | 1.948063e+08 |
|          CAS_COUNT_RD STAT          | MBOX1C0 |    4840674055 |           0 |  2424107721 | 2.016948e+08 |
|          CAS_COUNT_WR STAT          | MBOX1C1 |    4673071743 |           0 |  2338359377 | 1.947113e+08 |
|          CAS_COUNT_RD STAT          | MBOX2C0 |             0 |           0 |           0 |            0 |
|          CAS_COUNT_WR STAT          | MBOX2C1 |             0 |           0 |           0 |            0 |
|          CAS_COUNT_RD STAT          | MBOX3C0 |             0 |           0 |           0 |            0 |
|          CAS_COUNT_WR STAT          | MBOX3C1 |             0 |           0 |           0 |            0 |
|          CAS_COUNT_RD STAT          | MBOX4C0 |    4842665114 |           0 |  2425477929 | 2.017777e+08 |
|          CAS_COUNT_WR STAT          | MBOX4C1 |    4675322246 |           0 |  2339433491 | 1.948051e+08 |
|          CAS_COUNT_RD STAT          | MBOX5C0 |    4840462215 |           0 |  2424217158 | 2.016859e+08 |
|          CAS_COUNT_WR STAT          | MBOX5C1 |    4673310387 |           0 |  2338694809 | 1.947213e+08 |
|          CAS_COUNT_RD STAT          | MBOX6C0 |             0 |           0 |           0 |            0 |
|          CAS_COUNT_WR STAT          | MBOX6C1 |             0 |           0 |           0 |            0 |
|          CAS_COUNT_RD STAT          | MBOX7C0 |             0 |           0 |           0 |            0 |
|          CAS_COUNT_WR STAT          | MBOX7C1 |             0 |           0 |           0 |            0 |
+-------------------------------------+---------+---------------+-------------+-------------+--------------+
+-----------------------------------+------------+-----------+-----------+-----------+-----------+-----------+--------------+--------------+--------------+--------------+--------------+--------------+------------+-----------+-----------+-----------+-----------+-----------+--------------+--------------+--------------+--------------+--------------+-----------+
|               Metric              |   Core 0   |   Core 1  |   Core 2  |   Core 3  |   Core 4  |   Core 5  |    Core 6    |    Core 7    |    Core 8    |    Core 9    |    Core 10   |    Core 11   |   Core 12  |  Core 13  |  Core 14  |  Core 15  |  Core 16  |  Core 17  |    Core 18   |    Core 19   |    Core 20   |    Core 21   |    Core 22   |  Core 23  |
+-----------------------------------+------------+-----------+-----------+-----------+-----------+-----------+--------------+--------------+--------------+--------------+--------------+--------------+------------+-----------+-----------+-----------+-----------+-----------+--------------+--------------+--------------+--------------+--------------+-----------+
|        Runtime (RDTSC) [s]        |    26.6589 |   26.6589 |   26.6589 |   26.6589 |   26.6589 |   26.6589 |      26.6589 |      26.6589 |      26.6589 |      26.6589 |      26.6589 |      26.6589 |    26.6589 |   26.6589 |   26.6589 |   26.6589 |   26.6589 |   26.6589 |      26.6589 |      26.6589 |      26.6589 |      26.6589 |      26.6589 |   26.6589 |
|        Runtime unhalted [s]       |    26.0845 |   26.1192 |   26.1021 |   26.1256 |   26.1261 |   26.1273 |      25.7022 |      25.7158 |      25.7431 |      25.7204 |      25.7303 |      25.7240 |    26.0940 |   26.1473 |   26.1128 |   26.1179 |   26.1011 |   26.1115 |      25.7007 |      25.7545 |      25.7351 |      25.7169 |      25.7177 |   25.7502 |
|            Clock [MHz]            |  2298.0652 | 2299.0189 | 2298.3539 | 2298.3520 | 2299.7591 | 2298.1447 |    2296.9927 |    2297.7026 |    2299.1220 |    2297.7313 |    2297.1895 |    2297.3583 |  2297.9180 | 2299.0894 | 2298.3014 | 2298.1779 | 2298.6908 | 2297.9431 |    2298.5167 |    2298.4913 |    2296.7675 |    2297.0907 |    2297.4822 | 2298.0403 |
|                CPI                |     0.8618 |    0.8723 |    0.8588 |    0.8610 |    0.8590 |    0.8596 |       3.6303 |       3.6233 |       3.6816 |       3.6701 |       3.6868 |       3.6754 |     0.8590 |    0.8589 |    0.8621 |    0.8577 |    0.8614 |    0.8479 |       3.7803 |       3.7305 |       3.8237 |       3.8167 |       3.8348 |    3.8075 |
|   Local DRAM data volume [GByte]  |     7.2601 |    7.3291 |    7.2279 |    7.3279 |    7.2489 |    7.3597 |      93.8108 |      93.8322 |      93.7349 |      93.6880 |      93.7118 |      93.7484 |     7.2589 |    7.3009 |    7.2833 |    7.2278 |    7.3467 |    7.2426 |      93.6777 |      93.7281 |      93.5427 |      93.5373 |      93.4902 |   93.4818 |
|   Local DRAM bandwidth [MByte/s]  |   272.3332 |  274.9225 |  271.1265 |  274.8783 |  271.9120 |  276.0677 |    3518.9338 |    3519.7367 |    3516.0859 |    3514.3278 |    3515.2194 |    3516.5929 |   272.2882 |  273.8653 |  273.2046 |  271.1214 |  275.5805 |  271.6767 |    3513.9390 |    3515.8302 |    3508.8764 |    3508.6750 |    3506.9058 | 3506.5939 |
|  Remote DRAM data volume [GByte]  |     0.0040 |    0.0036 |    0.0023 |    0.0019 |    0.0024 |    0.0040 |       0.0009 |       0.0024 |       0.0008 |       0.0023 |       0.0016 |       0.0017 |     0.0131 |    0.0280 |    0.0108 |    0.0125 |    0.0126 |    0.0171 |       0.0045 |       0.0022 |       0.0031 |       0.0010 |       0.0019 |    0.0061 |
|  Remote DRAM bandwidth [MByte/s]  |     0.1508 |    0.1338 |    0.0848 |    0.0715 |    0.0891 |    0.1494 |       0.0320 |       0.0907 |       0.0304 |       0.0865 |       0.0593 |       0.0642 |     0.4903 |    1.0485 |    0.4046 |    0.4678 |    0.4743 |    0.6421 |       0.1697 |       0.0841 |       0.1175 |       0.0374 |       0.0701 |    0.2288 |
|     Memory data volume [GByte]    |     7.2641 |    7.3327 |    7.2302 |    7.3299 |    7.2512 |    7.3636 |      93.8117 |      93.8346 |      93.7357 |      93.6903 |      93.7134 |      93.7501 |     7.2720 |    7.3289 |    7.2941 |    7.2403 |    7.3593 |    7.2597 |      93.6822 |      93.7303 |      93.5458 |      93.5383 |      93.4920 |   93.4879 |
|     Memory bandwidth [MByte/s]    |   272.4840 |  275.0563 |  271.2113 |  274.9498 |  272.0011 |  276.2170 |    3518.9658 |    3519.8275 |    3516.1164 |    3514.4142 |    3515.2787 |    3516.6571 |   272.7784 |  274.9139 |  273.6092 |  271.5892 |  276.0549 |  272.3188 |    3514.1088 |    3515.9143 |    3508.9938 |    3508.7124 |    3506.9759 | 3506.8227 |
|          L3 request rate          |     2.3460 |    2.2143 |    2.2227 |    2.1742 |    2.2687 |    2.2096 |       1.0104 |       1.0104 |       1.0103 |       1.0104 |       1.0103 |       1.0104 |     2.2724 |    2.2459 |    2.2518 |    2.2555 |    2.1618 |    4.9687 |       1.0103 |       1.0105 |       1.0104 |       1.0103 |       1.0103 |    1.0104 |
|            L3 miss rate           |     0.0234 |    0.0194 |    0.0131 |    0.0109 |    0.0131 |    0.0224 | 9.500769e-06 | 2.684289e-05 | 9.010160e-06 | 2.561623e-05 | 1.755408e-05 | 1.901351e-05 |     0.0723 |    0.1536 |    0.0611 |    0.0711 |    0.0689 |    0.1768 |       0.0001 | 2.486439e-05 | 3.482606e-05 | 1.109773e-05 | 2.080964e-05 |    0.0001 |
|           L3 miss ratio           |     0.0006 |    0.0005 |    0.0003 |    0.0003 |    0.0003 |    0.0005 | 9.100188e-06 | 2.577946e-05 | 8.657609e-06 | 2.460387e-05 | 1.686464e-05 | 1.826847e-05 |     0.0018 |    0.0038 |    0.0015 |    0.0017 |    0.0017 |    0.0024 | 4.830591e-05 | 2.391326e-05 | 3.347417e-05 | 1.067108e-05 | 2.000022e-05 |    0.0001 |
|          L2 request rate          |     0.0121 |    0.0122 |    0.0120 |    0.0121 |    0.0120 |    0.0120 |       0.3709 |       0.3702 |       0.3752 |       0.3742 |       0.3759 |       0.3746 |     0.0120 |    0.0121 |    0.0120 |    0.0120 |    0.0121 |    0.0118 |       0.3858 |       0.3801 |       0.3892 |       0.3886 |       0.3903 |    0.3867 |
|            L2 miss rate           |     0.0030 |    0.0031 |    0.0030 |    0.0030 |    0.0030 |    0.0030 |       0.0926 |       0.0924 |       0.0937 |       0.0935 |       0.0939 |       0.0936 |     0.0030 |    0.0030 |    0.0030 |    0.0030 |    0.0030 |    0.0030 |       0.0963 |       0.0949 |       0.0972 |       0.0970 |       0.0974 |    0.0967 |
|           L2 miss ratio           |     0.2501 |    0.2501 |    0.2503 |    0.2504 |    0.2501 |    0.2498 |       0.2497 |       0.2497 |       0.2497 |       0.2498 |       0.2497 |       0.2499 |     0.2504 |    0.2495 |    0.2507 |    0.2503 |    0.2497 |    0.2500 |       0.2496 |       0.2497 |       0.2497 |       0.2497 |       0.2497 |    0.2500 |
|  Memory read bandwidth [MBytes/s] | 23284.7904 |         0 |         0 |         0 |         0 |         0 |            0 |            0 |            0 |            0 |            0 |            0 | 23209.2608 |         0 |         0 |         0 |         0 |         0 |            0 |            0 |            0 |            0 |            0 |         0 |
|  Memory read data volume [GBytes] |   620.7463 |         0 |         0 |         0 |         0 |         0 |            0 |            0 |            0 |            0 |            0 |            0 |   618.7327 |         0 |         0 |         0 |         0 |         0 |            0 |            0 |            0 |            0 |            0 |         0 |
| Memory write bandwidth [MBytes/s] | 22460.3702 |         0 |         0 |         0 |         0 |         0 |            0 |            0 |            0 |            0 |            0 |            0 | 22425.6843 |         0 |         0 |         0 |         0 |         0 |            0 |            0 |            0 |            0 |            0 |         0 |
| Memory write data volume [GBytes] |   598.7681 |         0 |         0 |         0 |         0 |         0 |            0 |            0 |            0 |            0 |            0 |            0 |   597.8435 |         0 |         0 |         0 |         0 |         0 |            0 |            0 |            0 |            0 |            0 |         0 |
|    Memory bandwidth [MBytes/s]    | 45745.1606 |         0 |         0 |         0 |         0 |         0 |            0 |            0 |            0 |            0 |            0 |            0 | 45634.9450 |         0 |         0 |         0 |         0 |         0 |            0 |            0 |            0 |            0 |            0 |         0 |
|    Memory data volume [GBytes]    |  1219.5144 |         0 |         0 |         0 |         0 |         0 |            0 |            0 |            0 |            0 |            0 |            0 |  1216.5762 |         0 |         0 |         0 |         0 |         0 |            0 |            0 |            0 |            0 |            0 |         0 |
|          Temperature [C]          |         38 |        38 |        37 |        37 |        40 |        42 |           42 |           38 |           40 |           40 |           41 |           38 |         42 |        43 |        43 |        44 |        44 |        43 |           46 |           44 |           43 |           44 |           45 |        47 |
|             Energy [J]            |  2356.6823 |         0 |         0 |         0 |         0 |         0 |            0 |            0 |            0 |            0 |            0 |            0 |  2199.3351 |         0 |         0 |         0 |         0 |         0 |            0 |            0 |            0 |            0 |            0 |         0 |
|             Power [W]             |    88.4014 |         0 |         0 |         0 |         0 |         0 |            0 |            0 |            0 |            0 |            0 |            0 |    82.4992 |         0 |         0 |         0 |         0 |         0 |            0 |            0 |            0 |            0 |            0 |         0 |
|           Energy PP0 [J]          |          0 |         0 |         0 |         0 |         0 |         0 |            0 |            0 |            0 |            0 |            0 |            0 |          0 |         0 |         0 |         0 |         0 |         0 |            0 |            0 |            0 |            0 |            0 |         0 |
|           Power PP0 [W]           |          0 |         0 |         0 |         0 |         0 |         0 |            0 |            0 |            0 |            0 |            0 |            0 |          0 |         0 |         0 |         0 |         0 |         0 |            0 |            0 |            0 |            0 |            0 |         0 |
|          Energy DRAM [J]          |   498.3700 |         0 |         0 |         0 |         0 |         0 |            0 |            0 |            0 |            0 |            0 |            0 |   511.0392 |         0 |         0 |         0 |         0 |         0 |            0 |            0 |            0 |            0 |            0 |         0 |
|           Power DRAM [W]          |    18.6943 |         0 |         0 |         0 |         0 |         0 |            0 |            0 |            0 |            0 |            0 |            0 |    19.1696 |         0 |         0 |         0 |         0 |         0 |            0 |            0 |            0 |            0 |            0 |         0 |
+-----------------------------------+------------+-----------+-----------+-----------+-----------+-----------+--------------+--------------+--------------+--------------+--------------+--------------+------------+-----------+-----------+-----------+-----------+-----------+--------------+--------------+--------------+--------------+--------------+-----------+
+----------------------------------------+------------+--------------+------------+-----------+
|                 Metric                 |     Sum    |      Min     |     Max    |    Avg    |
+----------------------------------------+------------+--------------+------------+-----------+
|        Runtime (RDTSC) [s] STAT        |   639.8136 |      26.6589 |    26.6589 |   26.6589 |
|        Runtime unhalted [s] STAT       |   622.0803 |      25.7007 |    26.1473 |   25.9200 |
|            Clock [MHz] STAT            | 55154.2995 |    2296.7675 |  2299.7591 | 2298.0958 |
|                CPI STAT                |    55.0805 |       0.8479 |     3.8348 |    2.2950 |
|   Local DRAM data volume [GByte] STAT  |  1211.3977 |       7.2278 |    93.8322 |   50.4749 |
|   Local DRAM bandwidth [MByte/s] STAT  | 45440.6937 |     271.1214 |  3519.7367 | 1893.3622 |
|  Remote DRAM data volume [GByte] STAT  |     0.1408 |       0.0008 |     0.0280 |    0.0059 |
|  Remote DRAM bandwidth [MByte/s] STAT  |     5.2777 |       0.0304 |     1.0485 |    0.2199 |
|     Memory data volume [GByte] STAT    |  1211.5383 |       7.2302 |    93.8346 |   50.4808 |
|     Memory bandwidth [MByte/s] STAT    | 45445.9715 |     271.2113 |  3519.8275 | 1893.5821 |
|          L3 request rate STAT          |    41.7160 |       1.0103 |     4.9687 |    1.7382 |
|            L3 miss rate STAT           |     0.7065 | 9.010160e-06 |     0.1768 |    0.0294 |
|           L3 miss ratio STAT           |     0.0157 | 8.657609e-06 |     0.0038 |    0.0007 |
|          L2 request rate STAT          |     4.7061 |       0.0118 |     0.3903 |    0.1961 |
|            L2 miss rate STAT           |     1.1753 |       0.0030 |     0.0974 |    0.0490 |
|           L2 miss ratio STAT           |     5.9983 |       0.2495 |     0.2507 |    0.2499 |
|  Memory read bandwidth [MBytes/s] STAT | 46494.0512 |            0 | 23284.7904 | 1937.2521 |
|  Memory read data volume [GBytes] STAT |  1239.4790 |            0 |   620.7463 |   51.6450 |
| Memory write bandwidth [MBytes/s] STAT | 44886.0545 |            0 | 22460.3702 | 1870.2523 |
| Memory write data volume [GBytes] STAT |  1196.6116 |            0 |   598.7681 |   49.8588 |
|    Memory bandwidth [MBytes/s] STAT    | 91380.1056 |            0 | 45745.1606 | 3807.5044 |
|    Memory data volume [GBytes] STAT    |  2436.0906 |            0 |  1219.5144 |  101.5038 |
|          Temperature [C] STAT          |        999 |           37 |         47 |   41.6250 |
|             Energy [J] STAT            |  4556.0174 |            0 |  2356.6823 |  189.8341 |
|             Power [W] STAT             |   170.9006 |            0 |    88.4014 |    7.1209 |
|           Energy PP0 [J] STAT          |          0 |            0 |          0 |         0 |
|           Power PP0 [W] STAT           |          0 |            0 |          0 |         0 |
|          Energy DRAM [J] STAT          |  1009.4092 |            0 |   511.0392 |   42.0587 |
|           Power DRAM [W] STAT          |    37.8639 |            0 |    19.1696 |    1.5777 |
+----------------------------------------+------------+--------------+------------+-----------+
