--------------------------------------------------------------------------------
CPU name:	Intel(R) Xeon(R) CPU E5-2670 v3 @ 2.30GHz
CPU type:	Intel Xeon Haswell EN/EP/EX processor
CPU clock:	2.30 GHz
--------------------------------------------------------------------------------
Group 1: POWERPERF
+--------------------------------+---------+-------------+-------------+-------------+-------------+-------------+-------------+-------------+-------------+-------------+-------------+-------------+-------------+-------------+-------------+-------------+-------------+-------------+-------------+-------------+-------------+-------------+-------------+-------------+-------------+
|              Event             | Counter |    Core 0   |    Core 1   |    Core 2   |    Core 3   |    Core 4   |    Core 5   |    Core 6   |    Core 7   |    Core 8   |    Core 9   |   Core 10   |   Core 11   |   Core 12   |   Core 13   |   Core 14   |   Core 15   |   Core 16   |   Core 17   |   Core 18   |   Core 19   |   Core 20   |   Core 21   |   Core 22   |   Core 23   |
+--------------------------------+---------+-------------+-------------+-------------+-------------+-------------+-------------+-------------+-------------+-------------+-------------+-------------+-------------+-------------+-------------+-------------+-------------+-------------+-------------+-------------+-------------+-------------+-------------+-------------+-------------+
|        INSTR_RETIRED_ANY       |  FIXC0  | 74573499716 | 71639172681 | 71636880405 | 57544360802 | 57543799918 | 57543447309 | 72308574765 | 72397137157 | 72335114277 | 72326045913 | 67373448864 | 67363126551 | 57543728081 | 57543534251 | 57543706027 | 57543638214 | 57543572928 | 57543446849 | 67268679410 | 67331570054 | 67274714366 | 67293535317 | 67394291726 | 67451679236 |
|      CPU_CLK_UNHALTED_CORE     |  FIXC1  | 30814506469 | 29980179168 | 29972442052 | 24469122744 | 24464698709 | 24472727489 | 31366518958 | 31284532537 | 31304375059 | 31301593419 | 29685001715 | 29744588072 | 24435551947 | 24429651322 | 24450353081 | 24440034922 | 24437020627 | 24440409289 | 29948735256 | 29675542917 | 30133829133 | 29922584740 | 29557291997 | 29783923810 |
|      CPU_CLK_UNHALTED_REF      |  FIXC2  | 30938904365 | 30107870320 | 30099411932 | 24683889317 | 24680276960 | 24685378084 | 31366523217 | 31284538751 | 31304361278 | 31301575288 | 29685013549 | 29744586424 | 24655191205 | 24653080127 | 24666956855 | 24663956758 | 24655303744 | 24656995923 | 29951836434 | 29678673783 | 30136893238 | 29925690149 | 29560397870 | 29787017077 |
|           FIXC1/FIXC0          |   CPI   |           0 |           0 |           0 |           0 |           0 |           0 |           0 |           0 |           0 |           0 |           0 |           0 |           0 |           0 |           0 |           0 |           0 |           0 |           0 |           0 |           0 |           0 |           0 |           0 |
|  OFFCORE_RESPONSE_0_LOCAL_DRAM |   PMC0  |     5513715 |     5025621 |     5038199 |     3959843 |     4027295 |     3999288 |   104686467 |   108757650 |   107964586 |   108001634 |   101250722 |    97550450 |     3718245 |     3736325 |     3807956 |     3773260 |     3796027 |     3764644 |    72029636 |    80186237 |    74621176 |    78180344 |    87623452 |    82934488 |
| OFFCORE_RESPONSE_1_REMOTE_DRAM |   PMC1  |       40052 |       17419 |       10954 |        2714 |        3697 |       22889 |     9874911 |     5303566 |     5275429 |     5293229 |     4900641 |     8355220 |      235478 |      251047 |      255557 |      200625 |      196678 |      260154 |    33577035 |    26164624 |    30850689 |    27360749 |    18587693 |    20559697 |
|  MEM_LOAD_UOPS_RETIRED_L3_ALL  |   PMC2  |     3886046 |      571801 |      610739 |      460491 |      451881 |      463357 |    63709857 |    59886685 |    62014092 |    63361449 |    61042576 |    60993100 |      460711 |      475574 |      499420 |      470705 |      495895 |      480269 |    62810471 |    56762101 |    61172553 |    61539618 |    57632230 |    57944085 |
|  MEM_LOAD_UOPS_RETIRED_L3_MISS |   PMC3  |      767205 |      355583 |      385411 |      297432 |      305464 |      284369 |    12927739 |    12444177 |    12487873 |    12547177 |    11511290 |    11543494 |      289177 |      288982 |      317791 |      298585 |      305474 |      305202 |    12097798 |    12127909 |    12037383 |    11937318 |    12374031 |    12351566 |
|      L2_TRANS_ALL_REQUESTS     |   PMC4  |   159873376 |    82963443 |    79986265 |    65429383 |    61289643 |    65494944 |  3313282203 |  3270471061 |  3298753871 |  3311280136 |  3181158816 |  3181675048 |    63767993 |    60366535 |    67041407 |    63692782 |    61377164 |    66602229 |  3244415709 |  3120832606 |  3341450113 |  3217973870 |  3090736935 |  3103581755 |
|          L2_RQSTS_MISS         |   PMC5  |    18177974 |    11937680 |    12049369 |     9537343 |     9536672 |     9430739 |   423935216 |   407637532 |   418659177 |   426157055 |   430198695 |   431483648 |     9458813 |     9540688 |     9697082 |     9525321 |     9572109 |     9592798 |   428241936 |   387779174 |   474348433 |   424798544 |   387034055 |   396332159 |
|        UOPS_RETIRED_ALL        |   PMC6  | 83610588843 | 80127085143 | 80122677955 | 64567488629 | 64567157326 | 64566712421 | 86962741686 | 87141168725 | 87016774533 | 86998633506 | 81182553239 | 81160866353 | 64566701659 | 64566386790 | 64566615620 | 64566468321 | 64566412618 | 64566212695 | 80999617343 | 81124654756 | 81009078768 | 81051187726 | 81249124900 | 81361031926 |
|            TEMP_CORE           |   TMP0  |          40 |          37 |          39 |          39 |          39 |          35 |          39 |          39 |          40 |          40 |          37 |          37 |          37 |          36 |          38 |          38 |          38 |          36 |          39 |          39 |          38 |          41 |          39 |          36 |
|         PWR_PKG_ENERGY         |   PWR0  |    991.3951 |           0 |           0 |           0 |           0 |           0 |           0 |           0 |           0 |           0 |           0 |           0 |    932.6707 |           0 |           0 |           0 |           0 |           0 |           0 |           0 |           0 |           0 |           0 |           0 |
|         PWR_PP0_ENERGY         |   PWR1  |           0 |           0 |           0 |           0 |           0 |           0 |           0 |           0 |           0 |           0 |           0 |           0 |           0 |           0 |           0 |           0 |           0 |           0 |           0 |           0 |           0 |           0 |           0 |           0 |
|         PWR_DRAM_ENERGY        |   PWR3  |    124.6570 |           0 |           0 |           0 |           0 |           0 |           0 |           0 |           0 |           0 |           0 |           0 |    115.9138 |           0 |           0 |           0 |           0 |           0 |           0 |           0 |           0 |           0 |           0 |           0 |
|          CAS_COUNT_RD          | MBOX0C0 |   338927403 |           0 |           0 |           0 |           0 |           0 |           0 |           0 |           0 |           0 |           0 |           0 |   221890983 |           0 |           0 |           0 |           0 |           0 |           0 |           0 |           0 |           0 |           0 |           0 |
|          CAS_COUNT_WR          | MBOX0C1 |   137073779 |           0 |           0 |           0 |           0 |           0 |           0 |           0 |           0 |           0 |           0 |           0 |    62153540 |           0 |           0 |           0 |           0 |           0 |           0 |           0 |           0 |           0 |           0 |           0 |
|          CAS_COUNT_RD          | MBOX1C0 |   338082711 |           0 |           0 |           0 |           0 |           0 |           0 |           0 |           0 |           0 |           0 |           0 |   221148578 |           0 |           0 |           0 |           0 |           0 |           0 |           0 |           0 |           0 |           0 |           0 |
|          CAS_COUNT_WR          | MBOX1C1 |   136327559 |           0 |           0 |           0 |           0 |           0 |           0 |           0 |           0 |           0 |           0 |           0 |    61423412 |           0 |           0 |           0 |           0 |           0 |           0 |           0 |           0 |           0 |           0 |           0 |
|          CAS_COUNT_RD          | MBOX2C0 |           0 |           0 |           0 |           0 |           0 |           0 |           0 |           0 |           0 |           0 |           0 |           0 |           0 |           0 |           0 |           0 |           0 |           0 |           0 |           0 |           0 |           0 |           0 |           0 |
|          CAS_COUNT_WR          | MBOX2C1 |           0 |           0 |           0 |           0 |           0 |           0 |           0 |           0 |           0 |           0 |           0 |           0 |           0 |           0 |           0 |           0 |           0 |           0 |           0 |           0 |           0 |           0 |           0 |           0 |
|          CAS_COUNT_RD          | MBOX3C0 |           0 |           0 |           0 |           0 |           0 |           0 |           0 |           0 |           0 |           0 |           0 |           0 |           0 |           0 |           0 |           0 |           0 |           0 |           0 |           0 |           0 |           0 |           0 |           0 |
|          CAS_COUNT_WR          | MBOX3C1 |           0 |           0 |           0 |           0 |           0 |           0 |           0 |           0 |           0 |           0 |           0 |           0 |           0 |           0 |           0 |           0 |           0 |           0 |           0 |           0 |           0 |           0 |           0 |           0 |
|          CAS_COUNT_RD          | MBOX4C0 |   339433065 |           0 |           0 |           0 |           0 |           0 |           0 |           0 |           0 |           0 |           0 |           0 |   221989438 |           0 |           0 |           0 |           0 |           0 |           0 |           0 |           0 |           0 |           0 |           0 |
|          CAS_COUNT_WR          | MBOX4C1 |   137412093 |           0 |           0 |           0 |           0 |           0 |           0 |           0 |           0 |           0 |           0 |           0 |    62195783 |           0 |           0 |           0 |           0 |           0 |           0 |           0 |           0 |           0 |           0 |           0 |
|          CAS_COUNT_RD          | MBOX5C0 |   338924585 |           0 |           0 |           0 |           0 |           0 |           0 |           0 |           0 |           0 |           0 |           0 |   221125018 |           0 |           0 |           0 |           0 |           0 |           0 |           0 |           0 |           0 |           0 |           0 |
|          CAS_COUNT_WR          | MBOX5C1 |   136620374 |           0 |           0 |           0 |           0 |           0 |           0 |           0 |           0 |           0 |           0 |           0 |    61470611 |           0 |           0 |           0 |           0 |           0 |           0 |           0 |           0 |           0 |           0 |           0 |
|          CAS_COUNT_RD          | MBOX6C0 |           0 |           0 |           0 |           0 |           0 |           0 |           0 |           0 |           0 |           0 |           0 |           0 |           0 |           0 |           0 |           0 |           0 |           0 |           0 |           0 |           0 |           0 |           0 |           0 |
|          CAS_COUNT_WR          | MBOX6C1 |           0 |           0 |           0 |           0 |           0 |           0 |           0 |           0 |           0 |           0 |           0 |           0 |           0 |           0 |           0 |           0 |           0 |           0 |           0 |           0 |           0 |           0 |           0 |           0 |
|          CAS_COUNT_RD          | MBOX7C0 |           0 |           0 |           0 |           0 |           0 |           0 |           0 |           0 |           0 |           0 |           0 |           0 |           0 |           0 |           0 |           0 |           0 |           0 |           0 |           0 |           0 |           0 |           0 |           0 |
|          CAS_COUNT_WR          | MBOX7C1 |           0 |           0 |           0 |           0 |           0 |           0 |           0 |           0 |           0 |           0 |           0 |           0 |           0 |           0 |           0 |           0 |           0 |           0 |           0 |           0 |           0 |           0 |           0 |           0 |
+--------------------------------+---------+-------------+-------------+-------------+-------------+-------------+-------------+-------------+-------------+-------------+-------------+-------------+-------------+-------------+-------------+-------------+-------------+-------------+-------------+-------------+-------------+-------------+-------------+-------------+-------------+
+-------------------------------------+---------+---------------+-------------+-------------+--------------+
|                Event                | Counter |      Sum      |     Min     |     Max     |      Avg     |
+-------------------------------------+---------+---------------+-------------+-------------+--------------+
|        INSTR_RETIRED_ANY STAT       |  FIXC0  | 1563860704817 | 57543446849 | 74573499716 | 6.516086e+10 |
|      CPU_CLK_UNHALTED_CORE STAT     |  FIXC1  |  674515215432 | 24429651322 | 31366518958 |  28104800643 |
|      CPU_CLK_UNHALTED_REF STAT      |  FIXC2  |  676874322648 | 24653080127 | 31366523217 |  28203096777 |
|           FIXC1/FIXC0 STAT          |   CPI   |             0 |           0 |           0 |            0 |
|  OFFCORE_RESPONSE_0_LOCAL_DRAM STAT |   PMC0  |    1153947260 |     3718245 |   108757650 | 4.808114e+07 |
| OFFCORE_RESPONSE_1_REMOTE_DRAM STAT |   PMC1  |     197600747 |        2714 |    33577035 | 8.233364e+06 |
|  MEM_LOAD_UOPS_RETIRED_L3_ALL STAT  |   PMC2  |     738195706 |      451881 |    63709857 | 3.075815e+07 |
|  MEM_LOAD_UOPS_RETIRED_L3_MISS STAT |   PMC3  |     150588430 |      284369 |    12927739 | 6.274518e+06 |
|      L2_TRANS_ALL_REQUESTS STAT     |   PMC4  |   39573497287 |    60366535 |  3341450113 | 1.648896e+09 |
|          L2_RQSTS_MISS STAT         |   PMC5  |    5164662212 |     9430739 |   474348433 | 2.151943e+08 |
|        UOPS_RETIRED_ALL STAT        |   PMC6  | 1822217941481 | 64566212695 | 87141168725 | 7.592575e+10 |
|            TEMP_CORE STAT           |   TMP0  |           916 |          35 |          41 |      38.1667 |
|         PWR_PKG_ENERGY STAT         |   PWR0  |     1924.0658 |           0 |    991.3951 |      80.1694 |
|         PWR_PP0_ENERGY STAT         |   PWR1  |             0 |           0 |           0 |            0 |
|         PWR_DRAM_ENERGY STAT        |   PWR3  |      240.5708 |           0 |    124.6570 |      10.0238 |
|          CAS_COUNT_RD STAT          | MBOX0C0 |     560818386 |           0 |   338927403 | 2.336743e+07 |
|          CAS_COUNT_WR STAT          | MBOX0C1 |     199227319 |           0 |   137073779 | 8.301138e+06 |
|          CAS_COUNT_RD STAT          | MBOX1C0 |     559231289 |           0 |   338082711 | 2.330130e+07 |
|          CAS_COUNT_WR STAT          | MBOX1C1 |     197750971 |           0 |   136327559 | 8.239624e+06 |
|          CAS_COUNT_RD STAT          | MBOX2C0 |             0 |           0 |           0 |            0 |
|          CAS_COUNT_WR STAT          | MBOX2C1 |             0 |           0 |           0 |            0 |
|          CAS_COUNT_RD STAT          | MBOX3C0 |             0 |           0 |           0 |            0 |
|          CAS_COUNT_WR STAT          | MBOX3C1 |             0 |           0 |           0 |            0 |
|          CAS_COUNT_RD STAT          | MBOX4C0 |     561422503 |           0 |   339433065 | 2.339260e+07 |
|          CAS_COUNT_WR STAT          | MBOX4C1 |     199607876 |           0 |   137412093 | 8.316995e+06 |
|          CAS_COUNT_RD STAT          | MBOX5C0 |     560049603 |           0 |   338924585 | 2.333540e+07 |
|          CAS_COUNT_WR STAT          | MBOX5C1 |     198090985 |           0 |   136620374 | 8.253791e+06 |
|          CAS_COUNT_RD STAT          | MBOX6C0 |             0 |           0 |           0 |            0 |
|          CAS_COUNT_WR STAT          | MBOX6C1 |             0 |           0 |           0 |            0 |
|          CAS_COUNT_RD STAT          | MBOX7C0 |             0 |           0 |           0 |            0 |
|          CAS_COUNT_WR STAT          | MBOX7C1 |             0 |           0 |           0 |            0 |
+-------------------------------------+---------+---------------+-------------+-------------+--------------+
+-----------------------------------+-----------+-----------+-----------+-----------+-----------+-----------+-----------+-----------+-----------+-----------+-----------+-----------+-----------+-----------+-----------+-----------+-----------+-----------+-----------+-----------+-----------+-----------+-----------+-----------+
|               Metric              |   Core 0  |   Core 1  |   Core 2  |   Core 3  |   Core 4  |   Core 5  |   Core 6  |   Core 7  |   Core 8  |   Core 9  |  Core 10  |  Core 11  |  Core 12  |  Core 13  |  Core 14  |  Core 15  |  Core 16  |  Core 17  |  Core 18  |  Core 19  |  Core 20  |  Core 21  |  Core 22  |  Core 23  |
+-----------------------------------+-----------+-----------+-----------+-----------+-----------+-----------+-----------+-----------+-----------+-----------+-----------+-----------+-----------+-----------+-----------+-----------+-----------+-----------+-----------+-----------+-----------+-----------+-----------+-----------+
|        Runtime (RDTSC) [s]        |   13.8271 |   13.8271 |   13.8271 |   13.8271 |   13.8271 |   13.8271 |   13.8271 |   13.8271 |   13.8271 |   13.8271 |   13.8271 |   13.8271 |   13.8271 |   13.8271 |   13.8271 |   13.8271 |   13.8271 |   13.8271 |   13.8271 |   13.8271 |   13.8271 |   13.8271 |   13.8271 |   13.8271 |
|        Runtime unhalted [s]       |   13.3977 |   13.0350 |   13.0316 |   10.6388 |   10.6369 |   10.6404 |   13.6377 |   13.6021 |   13.6107 |   13.6095 |   12.9066 |   12.9325 |   10.6242 |   10.6217 |   10.6307 |   10.6262 |   10.6249 |   10.6263 |   13.0213 |   12.9025 |   13.1018 |   13.0099 |   12.8511 |   12.9496 |
|            Clock [MHz]            | 2290.7353 | 2290.2284 | 2290.2808 | 2279.9715 | 2279.8930 | 2280.1699 | 2299.9826 | 2299.9825 | 2299.9840 | 2299.9843 | 2299.9820 | 2299.9831 | 2279.4937 | 2279.1384 | 2279.7865 | 2279.1016 | 2279.6203 | 2279.7799 | 2299.7448 | 2299.7403 | 2299.7491 | 2299.7443 | 2299.7413 | 2299.7441 |
|                CPI                |    0.4132 |    0.4185 |    0.4184 |    0.4252 |    0.4251 |    0.4253 |    0.4338 |    0.4321 |    0.4328 |    0.4328 |    0.4406 |    0.4416 |    0.4246 |    0.4245 |    0.4249 |    0.4247 |    0.4247 |    0.4247 |    0.4452 |    0.4407 |    0.4479 |    0.4447 |    0.4386 |    0.4416 |
|   Local DRAM data volume [GByte]  |    0.3529 |    0.3216 |    0.3224 |    0.2534 |    0.2577 |    0.2560 |    6.6999 |    6.9605 |    6.9097 |    6.9121 |    6.4800 |    6.2432 |    0.2380 |    0.2391 |    0.2437 |    0.2415 |    0.2429 |    0.2409 |    4.6099 |    5.1319 |    4.7758 |    5.0035 |    5.6079 |    5.3078 |
|   Local DRAM bandwidth [MByte/s]  |   25.5208 |   23.2616 |   23.3198 |   18.3285 |   18.6407 |   18.5111 |  484.5520 |  503.3959 |  499.7251 |  499.8966 |  468.6493 |  451.5222 |   17.2103 |   17.2940 |   17.6255 |   17.4649 |   17.5703 |   17.4250 |  333.3965 |  371.1502 |  345.3917 |  361.8657 |  405.5741 |  383.8708 |
|  Remote DRAM data volume [GByte]  |    0.0026 |    0.0011 |    0.0007 |    0.0002 |    0.0002 |    0.0015 |    0.6320 |    0.3394 |    0.3376 |    0.3388 |    0.3136 |    0.5347 |    0.0151 |    0.0161 |    0.0164 |    0.0128 |    0.0126 |    0.0166 |    2.1489 |    1.6745 |    1.9744 |    1.7511 |    1.1896 |    1.3158 |
|  Remote DRAM bandwidth [MByte/s]  |    0.1854 |    0.0806 |    0.0507 |    0.0126 |    0.0171 |    0.1059 |   45.7070 |   24.5481 |   24.4179 |   24.5003 |   22.6831 |   38.6730 |    1.0899 |    1.1620 |    1.1829 |    0.9286 |    0.9103 |    1.2041 |  155.4147 |  121.1056 |  142.7956 |  126.6420 |   86.0350 |   95.1627 |
|     Memory data volume [GByte]    |    0.3554 |    0.3228 |    0.3231 |    0.2536 |    0.2580 |    0.2574 |    7.3319 |    7.2999 |    7.2474 |    7.2509 |    6.7937 |    6.7780 |    0.2530 |    0.2552 |    0.2601 |    0.2543 |    0.2555 |    0.2576 |    6.7588 |    6.8065 |    6.7502 |    6.7546 |    6.7975 |    6.6236 |
|     Memory bandwidth [MByte/s]    |   25.7062 |   23.3422 |   23.3705 |   18.3411 |   18.6579 |   18.6171 |  530.2591 |  527.9440 |  524.1430 |  524.3969 |  491.3324 |  490.1952 |   18.3002 |   18.4560 |   18.8084 |   18.3935 |   18.4806 |   18.6292 |  488.8113 |  492.2558 |  488.1873 |  488.5077 |  491.6091 |  479.0334 |
|          L3 request rate          |    5.0652 |    1.6081 |    1.5846 |    1.5482 |    1.4793 |    1.6294 |    4.9282 |    4.8124 |    4.9659 |    5.0499 |    5.3028 |    5.2838 |    1.5932 |    1.6457 |    1.5715 |    1.5765 |    1.6234 |    1.5736 |    5.1919 |    4.6803 |    5.0819 |    5.1552 |    4.6575 |    4.6912 |
|            L3 miss rate           |    0.0103 |    0.0305 |    0.0179 |    0.0059 |    0.0082 |    0.0494 |    0.1550 |    0.0886 |    0.0851 |    0.0835 |    0.0803 |    0.1370 |    0.5111 |    0.5279 |    0.5117 |    0.4262 |    0.3966 |    0.5417 |    0.5346 |    0.4610 |    0.5043 |    0.4446 |    0.3225 |    0.3548 |
|           L3 miss ratio           |    0.0073 |    0.0035 |    0.0022 |    0.0007 |    0.0009 |    0.0057 |    0.0943 |    0.0488 |    0.0489 |    0.0490 |    0.0484 |    0.0857 |    0.0633 |    0.0672 |    0.0671 |    0.0532 |    0.0518 |    0.0691 |    0.4662 |    0.3263 |    0.4134 |    0.3500 |    0.2121 |    0.2479 |
|          L2 request rate          |    0.0021 |    0.0012 |    0.0011 |    0.0011 |    0.0011 |    0.0011 |    0.0458 |    0.0452 |    0.0456 |    0.0458 |    0.0472 |    0.0472 |    0.0011 |    0.0010 |    0.0012 |    0.0011 |    0.0011 |    0.0012 |    0.0482 |    0.0464 |    0.0497 |    0.0478 |    0.0459 |    0.0460 |
|            L2 miss rate           |    0.0002 |    0.0002 |    0.0002 |    0.0002 |    0.0002 |    0.0002 |    0.0059 |    0.0056 |    0.0058 |    0.0059 |    0.0064 |    0.0064 |    0.0002 |    0.0002 |    0.0002 |    0.0002 |    0.0002 |    0.0002 |    0.0064 |    0.0058 |    0.0071 |    0.0063 |    0.0057 |    0.0059 |
|           L2 miss ratio           |    0.1137 |    0.1439 |    0.1506 |    0.1458 |    0.1556 |    0.1440 |    0.1280 |    0.1246 |    0.1269 |    0.1287 |    0.1352 |    0.1356 |    0.1483 |    0.1580 |    0.1446 |    0.1496 |    0.1560 |    0.1440 |    0.1320 |    0.1243 |    0.1420 |    0.1320 |    0.1252 |    0.1277 |
|  Memory read bandwidth [MBytes/s] | 6273.4583 |         0 |         0 |         0 |         0 |         0 |         0 |         0 |         0 |         0 |         0 |         0 | 4101.6545 |         0 |         0 |         0 |         0 |         0 |         0 |         0 |         0 |         0 |         0 |         0 |
|  Memory read data volume [GBytes] |   86.7435 |         0 |         0 |         0 |         0 |         0 |         0 |         0 |         0 |         0 |         0 |         0 |   56.7139 |         0 |         0 |         0 |         0 |         0 |         0 |         0 |         0 |         0 |         0 |         0 |
| Memory write bandwidth [MBytes/s] | 2533.8534 |         0 |         0 |         0 |         0 |         0 |         0 |         0 |         0 |         0 |         0 |         0 | 1144.3911 |         0 |         0 |         0 |         0 |         0 |         0 |         0 |         0 |         0 |         0 |         0 |
| Memory write data volume [GBytes] |   35.0358 |         0 |         0 |         0 |         0 |         0 |         0 |         0 |         0 |         0 |         0 |         0 |   15.8236 |         0 |         0 |         0 |         0 |         0 |         0 |         0 |         0 |         0 |         0 |         0 |
|    Memory bandwidth [MBytes/s]    | 8807.3117 |         0 |         0 |         0 |         0 |         0 |         0 |         0 |         0 |         0 |         0 |         0 | 5246.0456 |         0 |         0 |         0 |         0 |         0 |         0 |         0 |         0 |         0 |         0 |         0 |
|    Memory data volume [GBytes]    |  121.7793 |         0 |         0 |         0 |         0 |         0 |         0 |         0 |         0 |         0 |         0 |         0 |   72.5374 |         0 |         0 |         0 |         0 |         0 |         0 |         0 |         0 |         0 |         0 |         0 |
|          Temperature [C]          |        40 |        37 |        39 |        39 |        39 |        35 |        39 |        39 |        40 |        40 |        37 |        37 |        37 |        36 |        38 |        38 |        38 |        36 |        39 |        39 |        38 |        41 |        39 |        36 |
|             Energy [J]            |  991.3951 |         0 |         0 |         0 |         0 |         0 |         0 |         0 |         0 |         0 |         0 |         0 |  932.6707 |         0 |         0 |         0 |         0 |         0 |         0 |         0 |         0 |         0 |         0 |         0 |
|             Power [W]             |   71.6996 |         0 |         0 |         0 |         0 |         0 |         0 |         0 |         0 |         0 |         0 |         0 |   67.4525 |         0 |         0 |         0 |         0 |         0 |         0 |         0 |         0 |         0 |         0 |         0 |
|           Energy PP0 [J]          |         0 |         0 |         0 |         0 |         0 |         0 |         0 |         0 |         0 |         0 |         0 |         0 |         0 |         0 |         0 |         0 |         0 |         0 |         0 |         0 |         0 |         0 |         0 |         0 |
|           Power PP0 [W]           |         0 |         0 |         0 |         0 |         0 |         0 |         0 |         0 |         0 |         0 |         0 |         0 |         0 |         0 |         0 |         0 |         0 |         0 |         0 |         0 |         0 |         0 |         0 |         0 |
|          Energy DRAM [J]          |  124.6570 |         0 |         0 |         0 |         0 |         0 |         0 |         0 |         0 |         0 |         0 |         0 |  115.9138 |         0 |         0 |         0 |         0 |         0 |         0 |         0 |         0 |         0 |         0 |         0 |
|           Power DRAM [W]          |    9.0154 |         0 |         0 |         0 |         0 |         0 |         0 |         0 |         0 |         0 |         0 |         0 |    8.3831 |         0 |         0 |         0 |         0 |         0 |         0 |         0 |         0 |         0 |         0 |         0 |
+-----------------------------------+-----------+-----------+-----------+-----------+-----------+-----------+-----------+-----------+-----------+-----------+-----------+-----------+-----------+-----------+-----------+-----------+-----------+-----------+-----------+-----------+-----------+-----------+-----------+-----------+
+----------------------------------------+------------+-----------+-----------+-----------+
|                 Metric                 |     Sum    |    Min    |    Max    |    Avg    |
+----------------------------------------+------------+-----------+-----------+-----------+
|        Runtime (RDTSC) [s] STAT        |   331.8504 |   13.8271 |   13.8271 |   13.8271 |
|        Runtime unhalted [s] STAT       |   293.2697 |   10.6217 |   13.6377 |   12.2196 |
|            Clock [MHz] STAT            | 54986.5617 | 2279.1016 | 2299.9843 | 2291.1067 |
|                CPI STAT                |    10.3462 |    0.4132 |    0.4479 |    0.4311 |
|   Local DRAM data volume [GByte] STAT  |    73.8523 |    0.2380 |    6.9605 |    3.0772 |
|   Local DRAM bandwidth [MByte/s] STAT  |  5341.1626 |   17.2103 |  503.3959 |  222.5484 |
|  Remote DRAM data volume [GByte] STAT  |    12.6463 |    0.0002 |    2.1489 |    0.5269 |
|  Remote DRAM bandwidth [MByte/s] STAT  |   914.6151 |    0.0126 |  155.4147 |   38.1090 |
|     Memory data volume [GByte] STAT    |    86.4990 |    0.2530 |    7.3319 |    3.6041 |
|     Memory bandwidth [MByte/s] STAT    |  6255.7781 |   18.3002 |  530.2591 |  260.6574 |
|          L3 request rate STAT          |    82.2997 |    1.4793 |    5.3028 |    3.4292 |
|            L3 miss rate STAT           |     6.2887 |    0.0059 |    0.5417 |    0.2620 |
|           L3 miss ratio STAT           |     2.7830 |    0.0007 |    0.4662 |    0.1160 |
|          L2 request rate STAT          |     0.5752 |    0.0010 |    0.0497 |    0.0240 |
|            L2 miss rate STAT           |     0.0756 |    0.0002 |    0.0071 |    0.0032 |
|           L2 miss ratio STAT           |     3.3163 |    0.1137 |    0.1580 |    0.1382 |
|  Memory read bandwidth [MBytes/s] STAT | 10375.1128 |         0 | 6273.4583 |  432.2964 |
|  Memory read data volume [GBytes] STAT |   143.4574 |         0 |   86.7435 |    5.9774 |
| Memory write bandwidth [MBytes/s] STAT |  3678.2445 |         0 | 2533.8534 |  153.2602 |
| Memory write data volume [GBytes] STAT |    50.8594 |         0 |   35.0358 |    2.1191 |
|    Memory bandwidth [MBytes/s] STAT    | 14053.3573 |         0 | 8807.3117 |  585.5566 |
|    Memory data volume [GBytes] STAT    |   194.3167 |         0 |  121.7793 |    8.0965 |
|          Temperature [C] STAT          |        916 |        35 |        41 |   38.1667 |
|             Energy [J] STAT            |  1924.0658 |         0 |  991.3951 |   80.1694 |
|             Power [W] STAT             |   139.1521 |         0 |   71.6996 |    5.7980 |
|           Energy PP0 [J] STAT          |          0 |         0 |         0 |         0 |
|           Power PP0 [W] STAT           |          0 |         0 |         0 |         0 |
|          Energy DRAM [J] STAT          |   240.5708 |         0 |  124.6570 |   10.0238 |
|           Power DRAM [W] STAT          |    17.3985 |         0 |    9.0154 |    0.7249 |
+----------------------------------------+------------+-----------+-----------+-----------+
