--------------------------------------------------------------------------------
CPU name:	Intel(R) Xeon(R) CPU E5-2670 v3 @ 2.30GHz
CPU type:	Intel Xeon Haswell EN/EP/EX processor
CPU clock:	2.30 GHz
--------------------------------------------------------------------------------
Group 1: POWERPERF
+--------------------------------+---------+-------------+-------------+-------------+-------------+-------------+-------------+-------------+-------------+-------------+-------------+-------------+-------------+-------------+-------------+-------------+-------------+-------------+-------------+-------------+-------------+-------------+-------------+-------------+-------------+
|              Event             | Counter |    Core 0   |    Core 1   |    Core 2   |    Core 3   |    Core 4   |    Core 5   |    Core 6   |    Core 7   |    Core 8   |    Core 9   |   Core 10   |   Core 11   |   Core 12   |   Core 13   |   Core 14   |   Core 15   |   Core 16   |   Core 17   |   Core 18   |   Core 19   |   Core 20   |   Core 21   |   Core 22   |   Core 23   |
+--------------------------------+---------+-------------+-------------+-------------+-------------+-------------+-------------+-------------+-------------+-------------+-------------+-------------+-------------+-------------+-------------+-------------+-------------+-------------+-------------+-------------+-------------+-------------+-------------+-------------+-------------+
|        INSTR_RETIRED_ANY       |  FIXC0  | 11783455721 | 11793544543 | 12018200382 | 11764063363 | 11765233027 | 11911733268 | 24759693593 | 24794426833 | 24779274393 | 24783869463 | 24554617208 | 24546534802 | 11884007859 | 11865437624 | 11828054555 | 11917986181 | 11759788219 | 11881889510 | 24560081901 | 24542784760 | 24497074014 | 24464241895 | 24466946505 | 24495608328 |
|      CPU_CLK_UNHALTED_CORE     |  FIXC1  | 11771591150 | 11764426528 | 11778754453 | 11780045953 | 11781578566 | 11782824641 | 11816095925 | 11699299387 | 11695511075 | 11689847756 | 11613476736 | 11611626519 | 11774259217 | 11760965004 | 11774679325 | 11776326973 | 11773782831 | 11753102034 | 11605032173 | 11591011289 | 11592018373 | 11578122486 | 11575160726 | 11591996803 |
|      CPU_CLK_UNHALTED_REF      |  FIXC2  | 22562216574 | 22548482515 | 22575942284 | 22578412484 | 22581352137 | 22583738870 | 22647516536 | 22423651694 | 22416396068 | 22405539309 | 22259162456 | 22255613556 | 22567330785 | 22541845842 | 22568128034 | 22571292328 | 22566409267 | 22526777622 | 22242977172 | 22216099993 | 22218033994 | 22191401006 | 22185722651 | 22217990800 |
|           FIXC1/FIXC0          |   CPI   |           0 |           0 |           0 |           0 |           0 |           0 |           0 |           0 |           0 |           0 |           0 |           0 |           0 |           0 |           0 |           0 |           0 |           0 |           0 |           0 |           0 |           0 |           0 |           0 |
|  OFFCORE_RESPONSE_0_LOCAL_DRAM |   PMC0  |   357600744 |   363595381 |   360250999 |   360391514 |   363361593 |   359951331 |   380355347 |   378743350 |   376754409 |   377290010 |   373676998 |   370744073 |   362998851 |   357550413 |   358201118 |   357944153 |   363586573 |   359656308 |   372538024 |   374702675 |   372208536 |   371963237 |   371697997 |   371208699 |
| OFFCORE_RESPONSE_1_REMOTE_DRAM |   PMC1  |       20646 |      111484 |       33025 |       21681 |       28435 |       30982 |     2846977 |      178089 |      119538 |      118849 |      154911 |     2550625 |      138447 |       30022 |       25069 |       19097 |       25544 |      139582 |     2579763 |      148944 |      121883 |      122199 |      185137 |      592035 |
|  MEM_LOAD_UOPS_RETIRED_L3_ALL  |   PMC2  |    68462048 |    96203630 |    96523041 |    78052701 |    80370303 |    68187949 |    12765903 |    12285323 |    12570917 |    12467785 |    12432295 |    12479268 |    94781906 |    67568481 |    68193961 |    68970820 |    78208042 |    67896450 |    12293602 |    12269090 |    12409621 |    12336418 |    12339488 |    12427281 |
|  MEM_LOAD_UOPS_RETIRED_L3_MISS |   PMC3  |    45748354 |    60829647 |    59662870 |    51217561 |    51705294 |    45444057 |     6579118 |     6379242 |     6429693 |     6396724 |     6346758 |     6351765 |    60378097 |    44704237 |    45484184 |    45623015 |    50415394 |    45493821 |     6396290 |     6376558 |     6340094 |     6326884 |     6333885 |     6315574 |
|      L2_TRANS_ALL_REQUESTS     |   PMC4  |  2226645418 |  2296962704 |  2285792444 |  2290908925 |  2301182226 |  2233008397 |  3517171789 |  3391293268 |  3389736388 |  3391291386 |  3364895783 |  3359270740 |  2291541723 |  2218612586 |  2227065323 |  2232504781 |  2298075056 |  2225604693 |  3360802898 |  3357010204 |  3350072722 |  3347500837 |  3346237360 |  3350224624 |
|          L2_RQSTS_MISS         |   PMC5  |   615659034 |   618068957 |   620103855 |   613718192 |   614931692 |   616328411 |   539379080 |   528378031 |   529967684 |   529427687 |   525731724 |   525364212 |   616886835 |   616628732 |   616764979 |   616247787 |   615495467 |   614698803 |   523023580 |   522854830 |   523662453 |   522424550 |   522182518 |   523636707 |
|        UOPS_RETIRED_ALL        |   PMC6  | 15476923532 | 15485860477 | 15782514078 | 15448586391 | 15429590288 | 15627575125 | 31249380014 | 31314118515 | 31287557635 | 31295672377 | 31014724179 | 31004249771 | 15617891930 | 15593129110 | 15524291607 | 15643684179 | 15421048804 | 15593184235 | 31026284788 | 31004022163 | 30945116867 | 30904507021 | 30909153856 | 30938172954 |
|            TEMP_CORE           |   TMP0  |          36 |          39 |          37 |          35 |          38 |          39 |          38 |          36 |          37 |          37 |          36 |          34 |          39 |          39 |          39 |          41 |          41 |          41 |          39 |          43 |          41 |          40 |          38 |          40 |
|         PWR_PKG_ENERGY         |   PWR0  |    656.7534 |           0 |           0 |           0 |           0 |           0 |           0 |           0 |           0 |           0 |           0 |           0 |    642.5193 |           0 |           0 |           0 |           0 |           0 |           0 |           0 |           0 |           0 |           0 |           0 |
|         PWR_PP0_ENERGY         |   PWR1  |           0 |           0 |           0 |           0 |           0 |           0 |           0 |           0 |           0 |           0 |           0 |           0 |           0 |           0 |           0 |           0 |           0 |           0 |           0 |           0 |           0 |           0 |           0 |           0 |
|         PWR_DRAM_ENERGY        |   PWR3  |    168.4116 |           0 |           0 |           0 |           0 |           0 |           0 |           0 |           0 |           0 |           0 |           0 |    169.8038 |           0 |           0 |           0 |           0 |           0 |           0 |           0 |           0 |           0 |           0 |           0 |
|          CAS_COUNT_RD          | MBOX0C0 |  1392392941 |           0 |           0 |           0 |           0 |           0 |           0 |           0 |           0 |           0 |           0 |           0 |  1386997357 |           0 |           0 |           0 |           0 |           0 |           0 |           0 |           0 |           0 |           0 |           0 |
|          CAS_COUNT_WR          | MBOX0C1 |   234378268 |           0 |           0 |           0 |           0 |           0 |           0 |           0 |           0 |           0 |           0 |           0 |   232913801 |           0 |           0 |           0 |           0 |           0 |           0 |           0 |           0 |           0 |           0 |           0 |
|          CAS_COUNT_RD          | MBOX1C0 |  1393505156 |           0 |           0 |           0 |           0 |           0 |           0 |           0 |           0 |           0 |           0 |           0 |  1386672752 |           0 |           0 |           0 |           0 |           0 |           0 |           0 |           0 |           0 |           0 |           0 |
|          CAS_COUNT_WR          | MBOX1C1 |   235084098 |           0 |           0 |           0 |           0 |           0 |           0 |           0 |           0 |           0 |           0 |           0 |   232447486 |           0 |           0 |           0 |           0 |           0 |           0 |           0 |           0 |           0 |           0 |           0 |
|          CAS_COUNT_RD          | MBOX2C0 |           0 |           0 |           0 |           0 |           0 |           0 |           0 |           0 |           0 |           0 |           0 |           0 |           0 |           0 |           0 |           0 |           0 |           0 |           0 |           0 |           0 |           0 |           0 |           0 |
|          CAS_COUNT_WR          | MBOX2C1 |           0 |           0 |           0 |           0 |           0 |           0 |           0 |           0 |           0 |           0 |           0 |           0 |           0 |           0 |           0 |           0 |           0 |           0 |           0 |           0 |           0 |           0 |           0 |           0 |
|          CAS_COUNT_RD          | MBOX3C0 |           0 |           0 |           0 |           0 |           0 |           0 |           0 |           0 |           0 |           0 |           0 |           0 |           0 |           0 |           0 |           0 |           0 |           0 |           0 |           0 |           0 |           0 |           0 |           0 |
|          CAS_COUNT_WR          | MBOX3C1 |           0 |           0 |           0 |           0 |           0 |           0 |           0 |           0 |           0 |           0 |           0 |           0 |           0 |           0 |           0 |           0 |           0 |           0 |           0 |           0 |           0 |           0 |           0 |           0 |
|          CAS_COUNT_RD          | MBOX4C0 |  1392670280 |           0 |           0 |           0 |           0 |           0 |           0 |           0 |           0 |           0 |           0 |           0 |  1387039097 |           0 |           0 |           0 |           0 |           0 |           0 |           0 |           0 |           0 |           0 |           0 |
|          CAS_COUNT_WR          | MBOX4C1 |   234597261 |           0 |           0 |           0 |           0 |           0 |           0 |           0 |           0 |           0 |           0 |           0 |   233122344 |           0 |           0 |           0 |           0 |           0 |           0 |           0 |           0 |           0 |           0 |           0 |
|          CAS_COUNT_RD          | MBOX5C0 |  1392921673 |           0 |           0 |           0 |           0 |           0 |           0 |           0 |           0 |           0 |           0 |           0 |  1386755265 |           0 |           0 |           0 |           0 |           0 |           0 |           0 |           0 |           0 |           0 |           0 |
|          CAS_COUNT_WR          | MBOX5C1 |   235052544 |           0 |           0 |           0 |           0 |           0 |           0 |           0 |           0 |           0 |           0 |           0 |   232607780 |           0 |           0 |           0 |           0 |           0 |           0 |           0 |           0 |           0 |           0 |           0 |
|          CAS_COUNT_RD          | MBOX6C0 |           0 |           0 |           0 |           0 |           0 |           0 |           0 |           0 |           0 |           0 |           0 |           0 |           0 |           0 |           0 |           0 |           0 |           0 |           0 |           0 |           0 |           0 |           0 |           0 |
|          CAS_COUNT_WR          | MBOX6C1 |           0 |           0 |           0 |           0 |           0 |           0 |           0 |           0 |           0 |           0 |           0 |           0 |           0 |           0 |           0 |           0 |           0 |           0 |           0 |           0 |           0 |           0 |           0 |           0 |
|          CAS_COUNT_RD          | MBOX7C0 |           0 |           0 |           0 |           0 |           0 |           0 |           0 |           0 |           0 |           0 |           0 |           0 |           0 |           0 |           0 |           0 |           0 |           0 |           0 |           0 |           0 |           0 |           0 |           0 |
|          CAS_COUNT_WR          | MBOX7C1 |           0 |           0 |           0 |           0 |           0 |           0 |           0 |           0 |           0 |           0 |           0 |           0 |           0 |           0 |           0 |           0 |           0 |           0 |           0 |           0 |           0 |           0 |           0 |           0 |
+--------------------------------+---------+-------------+-------------+-------------+-------------+-------------+-------------+-------------+-------------+-------------+-------------+-------------+-------------+-------------+-------------+-------------+-------------+-------------+-------------+-------------+-------------+-------------+-------------+-------------+-------------+
+-------------------------------------+---------+--------------+-------------+-------------+--------------+
|                Event                | Counter |      Sum     |     Min     |     Max     |      Avg     |
+-------------------------------------+---------+--------------+-------------+-------------+--------------+
|        INSTR_RETIRED_ANY STAT       |  FIXC0  | 437418547947 | 11759788219 | 24794426833 | 1.822577e+10 |
|      CPU_CLK_UNHALTED_CORE STAT     |  FIXC1  | 280931535923 | 11575160726 | 11816095925 | 1.170548e+10 |
|      CPU_CLK_UNHALTED_REF STAT      |  FIXC2  | 538452033977 | 22185722651 | 22647516536 | 2.243550e+10 |
|           FIXC1/FIXC0 STAT          |   CPI   |            0 |           0 |           0 |            0 |
|  OFFCORE_RESPONSE_0_LOCAL_DRAM STAT |   PMC0  |   8816972333 |   357550413 |   380355347 | 3.673738e+08 |
| OFFCORE_RESPONSE_1_REMOTE_DRAM STAT |   PMC1  |     10342964 |       19097 |     2846977 |  430956.8333 |
|  MEM_LOAD_UOPS_RETIRED_L3_ALL STAT  |   PMC2  |   1082496323 |    12269090 |    96523041 | 4.510401e+07 |
|  MEM_LOAD_UOPS_RETIRED_L3_MISS STAT |   PMC3  |    683279116 |     6315574 |    60829647 | 2.846996e+07 |
|      L2_TRANS_ALL_REQUESTS STAT     |   PMC4  |  67653412275 |  2218612586 |  3517171789 | 2.818892e+09 |
|          L2_RQSTS_MISS STAT         |   PMC5  |  13711565800 |   522182518 |   620103855 | 5.713152e+08 |
|        UOPS_RETIRED_ALL STAT        |   PMC6  | 559537239896 | 15421048804 | 31314118515 | 2.331405e+10 |
|            TEMP_CORE STAT           |   TMP0  |          923 |          34 |          43 |      38.4583 |
|         PWR_PKG_ENERGY STAT         |   PWR0  |    1299.2727 |           0 |    656.7534 |      54.1364 |
|         PWR_PP0_ENERGY STAT         |   PWR1  |            0 |           0 |           0 |            0 |
|         PWR_DRAM_ENERGY STAT        |   PWR3  |     338.2154 |           0 |    169.8038 |      14.0923 |
|          CAS_COUNT_RD STAT          | MBOX0C0 |   2779390298 |           0 |  1392392941 | 1.158079e+08 |
|          CAS_COUNT_WR STAT          | MBOX0C1 |    467292069 |           0 |   234378268 | 1.947050e+07 |
|          CAS_COUNT_RD STAT          | MBOX1C0 |   2780177908 |           0 |  1393505156 | 1.158407e+08 |
|          CAS_COUNT_WR STAT          | MBOX1C1 |    467531584 |           0 |   235084098 | 1.948048e+07 |
|          CAS_COUNT_RD STAT          | MBOX2C0 |            0 |           0 |           0 |            0 |
|          CAS_COUNT_WR STAT          | MBOX2C1 |            0 |           0 |           0 |            0 |
|          CAS_COUNT_RD STAT          | MBOX3C0 |            0 |           0 |           0 |            0 |
|          CAS_COUNT_WR STAT          | MBOX3C1 |            0 |           0 |           0 |            0 |
|          CAS_COUNT_RD STAT          | MBOX4C0 |   2779709377 |           0 |  1392670280 | 1.158212e+08 |
|          CAS_COUNT_WR STAT          | MBOX4C1 |    467719605 |           0 |   234597261 | 1.948832e+07 |
|          CAS_COUNT_RD STAT          | MBOX5C0 |   2779676938 |           0 |  1392921673 | 1.158199e+08 |
|          CAS_COUNT_WR STAT          | MBOX5C1 |    467660324 |           0 |   235052544 | 1.948585e+07 |
|          CAS_COUNT_RD STAT          | MBOX6C0 |            0 |           0 |           0 |            0 |
|          CAS_COUNT_WR STAT          | MBOX6C1 |            0 |           0 |           0 |            0 |
|          CAS_COUNT_RD STAT          | MBOX7C0 |            0 |           0 |           0 |            0 |
|          CAS_COUNT_WR STAT          | MBOX7C1 |            0 |           0 |           0 |            0 |
+-------------------------------------+---------+--------------+-------------+-------------+--------------+
+-----------------------------------+------------+-----------+-----------+-----------+-----------+-----------+-----------+-----------+-----------+-----------+-----------+-----------+------------+-----------+-----------+-----------+-----------+-----------+-----------+-----------+-----------+-----------+-----------+-----------+
|               Metric              |   Core 0   |   Core 1  |   Core 2  |   Core 3  |   Core 4  |   Core 5  |   Core 6  |   Core 7  |   Core 8  |   Core 9  |  Core 10  |  Core 11  |   Core 12  |  Core 13  |  Core 14  |  Core 15  |  Core 16  |  Core 17  |  Core 18  |  Core 19  |  Core 20  |  Core 21  |  Core 22  |  Core 23  |
+-----------------------------------+------------+-----------+-----------+-----------+-----------+-----------+-----------+-----------+-----------+-----------+-----------+-----------+------------+-----------+-----------+-----------+-----------+-----------+-----------+-----------+-----------+-----------+-----------+-----------+
|        Runtime (RDTSC) [s]        |    10.0007 |   10.0007 |   10.0007 |   10.0007 |   10.0007 |   10.0007 |   10.0007 |   10.0007 |   10.0007 |   10.0007 |   10.0007 |   10.0007 |    10.0007 |   10.0007 |   10.0007 |   10.0007 |   10.0007 |   10.0007 |   10.0007 |   10.0007 |   10.0007 |   10.0007 |   10.0007 |   10.0007 |
|        Runtime unhalted [s]       |     5.1181 |    5.1150 |    5.1212 |    5.1217 |    5.1224 |    5.1230 |    5.1374 |    5.0866 |    5.0850 |    5.0825 |    5.0493 |    5.0485 |     5.1192 |    5.1135 |    5.1194 |    5.1201 |    5.1190 |    5.1100 |    5.0457 |    5.0396 |    5.0400 |    5.0340 |    5.0327 |    5.0400 |
|            Clock [MHz]            |  1200.0023 | 1200.0024 | 1200.0025 | 1200.0027 | 1200.0026 | 1200.0027 | 1200.0023 | 1200.0026 | 1200.0023 | 1200.0024 | 1200.0023 | 1200.0025 |  1200.0022 | 1200.0025 | 1200.0027 | 1200.0023 | 1200.0027 | 1200.0023 | 1200.0023 | 1200.0025 | 1200.0023 | 1200.0023 | 1200.0024 | 1200.0024 |
|                CPI                |     0.9990 |    0.9975 |    0.9801 |    1.0014 |    1.0014 |    0.9892 |    0.4772 |    0.4719 |    0.4720 |    0.4717 |    0.4730 |    0.4730 |     0.9908 |    0.9912 |    0.9955 |    0.9881 |    1.0012 |    0.9892 |    0.4725 |    0.4723 |    0.4732 |    0.4733 |    0.4731 |    0.4732 |
|   Local DRAM data volume [GByte]  |    22.8864 |   23.2701 |   23.0561 |   23.0651 |   23.2551 |   23.0369 |   24.3427 |   24.2396 |   24.1123 |   24.1466 |   23.9153 |   23.7276 |    23.2319 |   22.8832 |   22.9249 |   22.9084 |   23.2695 |   23.0180 |   23.8424 |   23.9810 |   23.8213 |   23.8056 |   23.7887 |   23.7574 |
|   Local DRAM bandwidth [MByte/s]  |  2288.4784 | 2326.8413 | 2305.4388 | 2306.3381 | 2325.3452 | 2303.5211 | 2434.0973 | 2423.7813 | 2411.0530 | 2414.4806 | 2391.3590 | 2372.5896 |  2323.0238 | 2288.1563 | 2292.3206 | 2290.6761 | 2326.7850 | 2301.6331 | 2384.0701 | 2397.9228 | 2381.9615 | 2380.3917 | 2378.6943 | 2375.5630 |
|  Remote DRAM data volume [GByte]  |     0.0013 |    0.0071 |    0.0021 |    0.0014 |    0.0018 |    0.0020 |    0.1822 |    0.0114 |    0.0077 |    0.0076 |    0.0099 |    0.1632 |     0.0089 |    0.0019 |    0.0016 |    0.0012 |    0.0016 |    0.0089 |    0.1651 |    0.0095 |    0.0078 |    0.0078 |    0.0118 |    0.0379 |
|  Remote DRAM bandwidth [MByte/s]  |     0.1321 |    0.7134 |    0.2113 |    0.1387 |    0.1820 |    0.1983 |   18.2193 |    1.1397 |    0.7650 |    0.7606 |    0.9914 |   16.3228 |     0.8860 |    0.1921 |    0.1604 |    0.1222 |    0.1635 |    0.8933 |   16.5093 |    0.9532 |    0.7800 |    0.7820 |    1.1848 |    3.7887 |
|     Memory data volume [GByte]    |    22.8878 |   23.2772 |   23.0582 |   23.0664 |   23.2570 |   23.0389 |   24.5249 |   24.2510 |   24.1199 |   24.1542 |   23.9252 |   23.8909 |    23.2408 |   22.8851 |   22.9265 |   22.9096 |   23.2712 |   23.0269 |   24.0075 |   23.9905 |   23.8291 |   23.8135 |   23.8005 |   23.7952 |
|     Memory bandwidth [MByte/s]    |  2288.6106 | 2327.5548 | 2305.6502 | 2306.4768 | 2325.5272 | 2303.7194 | 2452.3166 | 2424.9210 | 2411.8180 | 2415.2412 | 2392.3504 | 2388.9125 |  2323.9098 | 2288.3485 | 2292.4810 | 2290.7983 | 2326.9484 | 2302.5264 | 2400.5794 | 2398.8760 | 2382.7415 | 2381.1737 | 2379.8791 | 2379.3518 |
|          L3 request rate          |     1.4965 |    1.5815 |    1.6178 |    1.5239 |    1.5544 |    1.5005 |    1.9404 |    1.9258 |    1.9551 |    1.9491 |    1.9588 |    1.9647 |     1.5698 |    1.5115 |    1.4993 |    1.5118 |    1.5513 |    1.4924 |    1.9220 |    1.9241 |    1.9573 |    1.9498 |    1.9482 |    1.9677 |
|            L3 miss rate           |     0.0003 |    0.0012 |    0.0003 |    0.0003 |    0.0004 |    0.0005 |    0.2230 |    0.0145 |    0.0095 |    0.0095 |    0.0125 |    0.2044 |     0.0015 |    0.0004 |    0.0004 |    0.0003 |    0.0003 |    0.0021 |    0.2098 |    0.0121 |    0.0098 |    0.0099 |    0.0150 |    0.0476 |
|           L3 miss ratio           |     0.0001 |    0.0003 |    0.0001 |    0.0001 |    0.0001 |    0.0001 |    0.0075 |    0.0005 |    0.0003 |    0.0003 |    0.0004 |    0.0069 |     0.0004 |    0.0001 |    0.0001 |    0.0001 |    0.0001 |    0.0004 |    0.0069 |    0.0004 |    0.0003 |    0.0003 |    0.0005 |    0.0016 |
|          L2 request rate          |     0.1890 |    0.1948 |    0.1902 |    0.1947 |    0.1956 |    0.1875 |    0.1421 |    0.1368 |    0.1368 |    0.1368 |    0.1370 |    0.1369 |     0.1928 |    0.1870 |    0.1883 |    0.1873 |    0.1954 |    0.1873 |    0.1368 |    0.1368 |    0.1368 |    0.1368 |    0.1368 |    0.1368 |
|            L2 miss rate           |     0.0522 |    0.0524 |    0.0516 |    0.0522 |    0.0523 |    0.0517 |    0.0218 |    0.0213 |    0.0214 |    0.0214 |    0.0214 |    0.0214 |     0.0519 |    0.0520 |    0.0521 |    0.0517 |    0.0523 |    0.0517 |    0.0213 |    0.0213 |    0.0214 |    0.0214 |    0.0213 |    0.0214 |
|           L2 miss ratio           |     0.2765 |    0.2691 |    0.2713 |    0.2679 |    0.2672 |    0.2760 |    0.1534 |    0.1558 |    0.1563 |    0.1561 |    0.1562 |    0.1564 |     0.2692 |    0.2779 |    0.2769 |    0.2760 |    0.2678 |    0.2762 |    0.1556 |    0.1558 |    0.1563 |    0.1561 |    0.1561 |    0.1563 |
|  Memory read bandwidth [MBytes/s] | 35654.9451 |         0 |         0 |         0 |         0 |         0 |         0 |         0 |         0 |         0 |         0 |         0 | 35501.1925 |         0 |         0 |         0 |         0 |         0 |         0 |         0 |         0 |         0 |         0 |         0 |
|  Memory read data volume [GBytes] |   356.5754 |         0 |         0 |         0 |         0 |         0 |         0 |         0 |         0 |         0 |         0 |         0 |   355.0377 |         0 |         0 |         0 |         0 |         0 |         0 |         0 |         0 |         0 |         0 |         0 |
| Memory write bandwidth [MBytes/s] |  6009.8811 |         0 |         0 |         0 |         0 |         0 |         0 |         0 |         0 |         0 |         0 |         0 |  5958.5520 |         0 |         0 |         0 |         0 |         0 |         0 |         0 |         0 |         0 |         0 |         0 |
| Memory write data volume [GBytes] |    60.1032 |         0 |         0 |         0 |         0 |         0 |         0 |         0 |         0 |         0 |         0 |         0 |    59.5899 |         0 |         0 |         0 |         0 |         0 |         0 |         0 |         0 |         0 |         0 |         0 |
|    Memory bandwidth [MBytes/s]    | 41664.8262 |         0 |         0 |         0 |         0 |         0 |         0 |         0 |         0 |         0 |         0 |         0 | 41459.7445 |         0 |         0 |         0 |         0 |         0 |         0 |         0 |         0 |         0 |         0 |         0 |
|    Memory data volume [GBytes]    |   416.6785 |         0 |         0 |         0 |         0 |         0 |         0 |         0 |         0 |         0 |         0 |         0 |   414.6276 |         0 |         0 |         0 |         0 |         0 |         0 |         0 |         0 |         0 |         0 |         0 |
|          Temperature [C]          |         36 |        39 |        37 |        35 |        38 |        39 |        38 |        36 |        37 |        37 |        36 |        34 |         39 |        39 |        39 |        41 |        41 |        41 |        39 |        43 |        41 |        40 |        38 |        40 |
|             Energy [J]            |   656.7534 |         0 |         0 |         0 |         0 |         0 |         0 |         0 |         0 |         0 |         0 |         0 |   642.5193 |         0 |         0 |         0 |         0 |         0 |         0 |         0 |         0 |         0 |         0 |         0 |
|             Power [W]             |    65.6706 |         0 |         0 |         0 |         0 |         0 |         0 |         0 |         0 |         0 |         0 |         0 |    64.2473 |         0 |         0 |         0 |         0 |         0 |         0 |         0 |         0 |         0 |         0 |         0 |
|           Energy PP0 [J]          |          0 |         0 |         0 |         0 |         0 |         0 |         0 |         0 |         0 |         0 |         0 |         0 |          0 |         0 |         0 |         0 |         0 |         0 |         0 |         0 |         0 |         0 |         0 |         0 |
|           Power PP0 [W]           |          0 |         0 |         0 |         0 |         0 |         0 |         0 |         0 |         0 |         0 |         0 |         0 |          0 |         0 |         0 |         0 |         0 |         0 |         0 |         0 |         0 |         0 |         0 |         0 |
|          Energy DRAM [J]          |   168.4116 |         0 |         0 |         0 |         0 |         0 |         0 |         0 |         0 |         0 |         0 |         0 |   169.8038 |         0 |         0 |         0 |         0 |         0 |         0 |         0 |         0 |         0 |         0 |         0 |
|           Power DRAM [W]          |    16.8399 |         0 |         0 |         0 |         0 |         0 |         0 |         0 |         0 |         0 |         0 |         0 |    16.9791 |         0 |         0 |         0 |         0 |         0 |         0 |         0 |         0 |         0 |         0 |         0 |
+-----------------------------------+------------+-----------+-----------+-----------+-----------+-----------+-----------+-----------+-----------+-----------+-----------+-----------+------------+-----------+-----------+-----------+-----------+-----------+-----------+-----------+-----------+-----------+-----------+-----------+
+----------------------------------------+------------+-----------+------------+-----------+
|                 Metric                 |     Sum    |    Min    |     Max    |    Avg    |
+----------------------------------------+------------+-----------+------------+-----------+
|        Runtime (RDTSC) [s] STAT        |   240.0168 |   10.0007 |    10.0007 |   10.0007 |
|        Runtime unhalted [s] STAT       |   122.1439 |    5.0327 |     5.1374 |    5.0893 |
|            Clock [MHz] STAT            | 28800.0585 | 1200.0022 |  1200.0027 | 1200.0024 |
|                CPI STAT                |    17.6010 |    0.4717 |     1.0014 |    0.7334 |
|   Local DRAM data volume [GByte] STAT  |   564.2861 |   22.8832 |    24.3427 |   23.5119 |
|   Local DRAM bandwidth [MByte/s] STAT  | 56424.5220 | 2288.1563 |  2434.0973 | 2351.0217 |
|  Remote DRAM data volume [GByte] STAT  |     0.6617 |    0.0012 |     0.1822 |    0.0276 |
|  Remote DRAM bandwidth [MByte/s] STAT  |    66.1901 |    0.1222 |    18.2193 |    2.7579 |
|     Memory data volume [GByte] STAT    |   564.9480 |   22.8851 |    24.5249 |   23.5395 |
|     Memory bandwidth [MByte/s] STAT    | 56490.7126 | 2288.3485 |  2452.3166 | 2353.7797 |
|          L3 request rate STAT          |    41.7737 |    1.4924 |     1.9677 |    1.7406 |
|            L3 miss rate STAT           |     0.7856 |    0.0003 |     0.2230 |    0.0327 |
|           L3 miss ratio STAT           |     0.0279 |    0.0001 |     0.0075 |    0.0012 |
|          L2 request rate STAT          |     3.9371 |    0.1368 |     0.1956 |    0.1640 |
|            L2 miss rate STAT           |     0.8809 |    0.0213 |     0.0524 |    0.0367 |
|           L2 miss ratio STAT           |     5.1424 |    0.1534 |     0.2779 |    0.2143 |
|  Memory read bandwidth [MBytes/s] STAT | 71156.1376 |         0 | 35654.9451 | 2964.8391 |
|  Memory read data volume [GBytes] STAT |   711.6131 |         0 |   356.5754 |   29.6505 |
| Memory write bandwidth [MBytes/s] STAT | 11968.4331 |         0 |  6009.8811 |  498.6847 |
| Memory write data volume [GBytes] STAT |   119.6931 |         0 |    60.1032 |    4.9872 |
|    Memory bandwidth [MBytes/s] STAT    | 83124.5707 |         0 | 41664.8262 | 3463.5238 |
|    Memory data volume [GBytes] STAT    |   831.3061 |         0 |   416.6785 |   34.6378 |
|          Temperature [C] STAT          |        923 |        34 |         43 |   38.4583 |
|             Energy [J] STAT            |  1299.2727 |         0 |   656.7534 |   54.1364 |
|             Power [W] STAT             |   129.9179 |         0 |    65.6706 |    5.4132 |
|           Energy PP0 [J] STAT          |          0 |         0 |          0 |         0 |
|           Power PP0 [W] STAT           |          0 |         0 |          0 |         0 |
|          Energy DRAM [J] STAT          |   338.2154 |         0 |   169.8038 |   14.0923 |
|           Power DRAM [W] STAT          |    33.8190 |         0 |    16.9791 |    1.4091 |
+----------------------------------------+------------+-----------+------------+-----------+
