--------------------------------------------------------------------------------
CPU name:	Intel(R) Xeon(R) CPU E5-2670 v3 @ 2.30GHz
CPU type:	Intel Xeon Haswell EN/EP/EX processor
CPU clock:	2.30 GHz
--------------------------------------------------------------------------------
Group 1: POWERPERF
+--------------------------------+---------+---------------+---------------+---------------+---------------+---------------+---------------+---------------+--------------+--------------+--------------+--------------+--------------+---------------+---------------+---------------+---------------+---------------+---------------+--------------+--------------+--------------+--------------+--------------+--------------+
|              Event             | Counter |     Core 0    |     Core 1    |     Core 2    |     Core 3    |     Core 4    |     Core 5    |     Core 6    |    Core 7    |    Core 8    |    Core 9    |    Core 10   |    Core 11   |    Core 12    |    Core 13    |    Core 14    |    Core 15    |    Core 16    |    Core 17    |    Core 18   |    Core 19   |    Core 20   |    Core 21   |    Core 22   |    Core 23   |
+--------------------------------+---------+---------------+---------------+---------------+---------------+---------------+---------------+---------------+--------------+--------------+--------------+--------------+--------------+---------------+---------------+---------------+---------------+---------------+---------------+--------------+--------------+--------------+--------------+--------------+--------------+
|        INSTR_RETIRED_ANY       |  FIXC0  | 1265815872322 | 1407535977629 | 1405796035509 | 1412147536615 | 1417422608745 | 1412518544283 |  958420263445 | 650767272935 | 650313760653 | 650398725175 | 650362185942 | 650435937608 | 1407719155193 | 1414705500239 | 1411474150735 | 1410607891508 | 1412839294159 | 1264950657701 | 650601686947 | 650568503125 | 649862331756 | 650228497018 | 650109597737 | 645237825948 |
|      CPU_CLK_UNHALTED_CORE     |  FIXC1  |  551788577469 |  613802402548 |  613412051667 |  615343761921 |  617486958622 |  615285171141 |  466169948910 | 355391819893 | 357861153331 | 357211674467 | 357480008547 | 357524090910 |  612629790892 |  615565496457 |  614146447759 |  613737691892 |  614666785557 |  550457565259 | 417390403699 | 435829436900 | 437846577440 | 430554902808 | 433461625406 | 429135579651 |
|      CPU_CLK_UNHALTED_REF      |  FIXC2  |  551904574771 |  613917815183 |  613526720285 |  615458353205 |  617601622189 |  615399780623 |  466316363224 | 355864008117 | 358293976770 | 357588547358 | 357865641077 | 357903742049 |  612749154271 |  615680663270 |  614262612622 |  613854712498 |  614782782048 |  550577176162 | 417796284757 | 436197582072 | 438189908818 | 430927349905 | 433813998071 | 429471684620 |
|           FIXC1/FIXC0          |   CPI   |             0 |             0 |             0 |             0 |             0 |             0 |             0 |            0 |            0 |            0 |            0 |            0 |             0 |             0 |             0 |             0 |             0 |             0 |            0 |            0 |            0 |            0 |            0 |            0 |
|  OFFCORE_RESPONSE_0_LOCAL_DRAM |   PMC0  |      45883764 |      51652441 |      51290377 |      51750096 |      52411440 |      47390500 |   10283077741 |   9287753095 |   9104508676 |   9148831999 |   9147736736 |   9084472169 |      38906728 |      39376155 |      40821677 |      39283871 |      39298692 |      32638237 |   7956415447 |   7437057111 |   7333807747 |   7481971979 |   7370963822 |   7540620298 |
| OFFCORE_RESPONSE_1_REMOTE_DRAM |   PMC1  |       1090570 |        879970 |        961702 |        953836 |       1091811 |       5457201 |       1104321 |       257028 |       126489 |       117789 |       118012 |     31506173 |       5692653 |       5903613 |       5597895 |       5517660 |       5330872 |       6651088 |   1189190356 |   1653682798 |   1599553758 |   1462649378 |   1558884544 |   1359655475 |
|  MEM_LOAD_UOPS_RETIRED_L3_ALL  |   PMC2  |      17941717 |      20383047 |      20417752 |      20538094 |      20805985 |      20419586 |     168023084 |    163788732 |    165080593 |    164521252 |    164763579 |    164965873 |      18516075 |      18752082 |      19185466 |      18714451 |      18704039 |      16458919 |    169224185 |    171786207 |    172826942 |    171684406 |    172525102 |    172378130 |
|  MEM_LOAD_UOPS_RETIRED_L3_MISS |   PMC3  |      10343403 |      11674793 |      11731273 |      11819405 |      12096890 |      11674722 |      52871387 |     52195914 |     52343689 |     52477037 |     52462997 |     52292807 |      10253838 |      10406111 |      10866895 |      10368788 |      10383089 |       9123767 |     52220946 |     52977738 |     52995313 |     52871719 |     53019130 |     53033821 |
|      L2_TRANS_ALL_REQUESTS     |   PMC4  |     495268379 |     511285052 |     526127206 |     511874820 |     521606505 |     517487748 |  103928221519 |  93096692792 |  93267575258 |  93216456565 |  93225335792 |  93250937684 |     476179460 |     480345942 |     484527699 |     476418678 |     479733501 |     421910695 |  98783554512 |  99843639684 | 100115617055 |  99652155549 |  99808872880 |  98989771171 |
|          L2_RQSTS_MISS         |   PMC5  |      83021680 |      83890982 |      83671304 |      83900740 |      84948499 |      84191233 |   33365333915 |  31152594174 |  31386065748 |  31327128980 |  31331767539 |  31371030690 |      76395468 |      77446317 |      78319004 |      76517701 |      76594751 |      67537655 |  31225738601 |  31307784675 |  31513840564 |  31496319326 |  31521903345 |  31213433775 |
|        UOPS_RETIRED_ALL        |   PMC6  | 1512448860111 | 1681129850148 | 1679122728072 | 1686522137300 | 1692805556446 | 1686952518740 | 1054541708117 | 736787921900 | 735938680754 | 736110707303 | 736023070306 | 736186598082 | 1681279436172 | 1689595577258 | 1685710051852 | 1684697416211 | 1687371982271 | 1510770416289 | 736386812640 | 736330448110 | 734986633842 | 735701154484 | 735441340159 | 730056869755 |
|            TEMP_CORE           |   TMP0  |            40 |            38 |            40 |            41 |            44 |            41 |            47 |           45 |           45 |           43 |           43 |           42 |            40 |            40 |            43 |            43 |            44 |            43 |           46 |           46 |           44 |           47 |           44 |           43 |
|         PWR_PKG_ENERGY         |   PWR0  |    21937.8707 |             0 |             0 |             0 |             0 |             0 |             0 |            0 |            0 |            0 |            0 |            0 |    21421.5640 |             0 |             0 |             0 |             0 |             0 |            0 |            0 |            0 |            0 |            0 |            0 |
|         PWR_PP0_ENERGY         |   PWR1  |             0 |             0 |             0 |             0 |             0 |             0 |             0 |            0 |            0 |            0 |            0 |            0 |             0 |             0 |             0 |             0 |             0 |             0 |            0 |            0 |            0 |            0 |            0 |            0 |
|         PWR_DRAM_ENERGY        |   PWR3  |     3930.5945 |             0 |             0 |             0 |             0 |             0 |             0 |            0 |            0 |            0 |            0 |            0 |     3371.1228 |             0 |             0 |             0 |             0 |             0 |            0 |            0 |            0 |            0 |            0 |            0 |
|          CAS_COUNT_RD          | MBOX0C0 |   34756347477 |             0 |             0 |             0 |             0 |             0 |             0 |            0 |            0 |            0 |            0 |            0 |   24145641323 |             0 |             0 |             0 |             0 |             0 |            0 |            0 |            0 |            0 |            0 |            0 |
|          CAS_COUNT_WR          | MBOX0C1 |    2717505074 |             0 |             0 |             0 |             0 |             0 |             0 |            0 |            0 |            0 |            0 |            0 |    2262177029 |             0 |             0 |             0 |             0 |             0 |            0 |            0 |            0 |            0 |            0 |            0 |
|          CAS_COUNT_RD          | MBOX1C0 |   34736195821 |             0 |             0 |             0 |             0 |             0 |             0 |            0 |            0 |            0 |            0 |            0 |   24157656516 |             0 |             0 |             0 |             0 |             0 |            0 |            0 |            0 |            0 |            0 |            0 |
|          CAS_COUNT_WR          | MBOX1C1 |    2698233617 |             0 |             0 |             0 |             0 |             0 |             0 |            0 |            0 |            0 |            0 |            0 |    2274674047 |             0 |             0 |             0 |             0 |             0 |            0 |            0 |            0 |            0 |            0 |            0 |
|          CAS_COUNT_RD          | MBOX2C0 |             0 |             0 |             0 |             0 |             0 |             0 |             0 |            0 |            0 |            0 |            0 |            0 |             0 |             0 |             0 |             0 |             0 |             0 |            0 |            0 |            0 |            0 |            0 |            0 |
|          CAS_COUNT_WR          | MBOX2C1 |             0 |             0 |             0 |             0 |             0 |             0 |             0 |            0 |            0 |            0 |            0 |            0 |             0 |             0 |             0 |             0 |             0 |             0 |            0 |            0 |            0 |            0 |            0 |            0 |
|          CAS_COUNT_RD          | MBOX3C0 |             0 |             0 |             0 |             0 |             0 |             0 |             0 |            0 |            0 |            0 |            0 |            0 |             0 |             0 |             0 |             0 |             0 |             0 |            0 |            0 |            0 |            0 |            0 |            0 |
|          CAS_COUNT_WR          | MBOX3C1 |             0 |             0 |             0 |             0 |             0 |             0 |             0 |            0 |            0 |            0 |            0 |            0 |             0 |             0 |             0 |             0 |             0 |             0 |            0 |            0 |            0 |            0 |            0 |            0 |
|          CAS_COUNT_RD          | MBOX4C0 |   34761398962 |             0 |             0 |             0 |             0 |             0 |             0 |            0 |            0 |            0 |            0 |            0 |   24149043168 |             0 |             0 |             0 |             0 |             0 |            0 |            0 |            0 |            0 |            0 |            0 |
|          CAS_COUNT_WR          | MBOX4C1 |    2723248264 |             0 |             0 |             0 |             0 |             0 |             0 |            0 |            0 |            0 |            0 |            0 |    2267240409 |             0 |             0 |             0 |             0 |             0 |            0 |            0 |            0 |            0 |            0 |            0 |
|          CAS_COUNT_RD          | MBOX5C0 |   34746690516 |             0 |             0 |             0 |             0 |             0 |             0 |            0 |            0 |            0 |            0 |            0 |   24163611470 |             0 |             0 |             0 |             0 |             0 |            0 |            0 |            0 |            0 |            0 |            0 |
|          CAS_COUNT_WR          | MBOX5C1 |    2705689137 |             0 |             0 |             0 |             0 |             0 |             0 |            0 |            0 |            0 |            0 |            0 |    2282825953 |             0 |             0 |             0 |             0 |             0 |            0 |            0 |            0 |            0 |            0 |            0 |
|          CAS_COUNT_RD          | MBOX6C0 |             0 |             0 |             0 |             0 |             0 |             0 |             0 |            0 |            0 |            0 |            0 |            0 |             0 |             0 |             0 |             0 |             0 |             0 |            0 |            0 |            0 |            0 |            0 |            0 |
|          CAS_COUNT_WR          | MBOX6C1 |             0 |             0 |             0 |             0 |             0 |             0 |             0 |            0 |            0 |            0 |            0 |            0 |             0 |             0 |             0 |             0 |             0 |             0 |            0 |            0 |            0 |            0 |            0 |            0 |
|          CAS_COUNT_RD          | MBOX7C0 |             0 |             0 |             0 |             0 |             0 |             0 |             0 |            0 |            0 |            0 |            0 |            0 |             0 |             0 |             0 |             0 |             0 |             0 |            0 |            0 |            0 |            0 |            0 |            0 |
|          CAS_COUNT_WR          | MBOX7C1 |             0 |             0 |             0 |             0 |             0 |             0 |             0 |            0 |            0 |            0 |            0 |            0 |             0 |             0 |             0 |             0 |             0 |             0 |            0 |            0 |            0 |            0 |            0 |            0 |
+--------------------------------+---------+---------------+---------------+---------------+---------------+---------------+---------------+---------------+--------------+--------------+--------------+--------------+--------------+---------------+---------------+---------------+---------------+---------------+---------------+--------------+--------------+--------------+--------------+--------------+--------------+
+-------------------------------------+---------+----------------+--------------+---------------+--------------+
|                Event                | Counter |       Sum      |      Min     |      Max      |      Avg     |
+-------------------------------------+---------+----------------+--------------+---------------+--------------+
|        INSTR_RETIRED_ANY STAT       |  FIXC0  | 24750839812927 | 645237825948 | 1417422608745 | 1.031285e+12 |
|      CPU_CLK_UNHALTED_CORE STAT     |  FIXC1  | 12084179923146 | 355391819893 |  617486958622 | 5.035075e+11 |
|      CPU_CLK_UNHALTED_REF STAT      |  FIXC2  | 12089945053965 | 355864008117 |  617601622189 | 5.037477e+11 |
|           FIXC1/FIXC0 STAT          |   CPI   |              0 |            0 |             0 |            0 |
|  OFFCORE_RESPONSE_0_LOCAL_DRAM STAT |   PMC0  |   101707920798 |     32638237 |   10283077741 | 4.237830e+09 |
| OFFCORE_RESPONSE_1_REMOTE_DRAM STAT |   PMC1  |     8901974992 |       117789 |    1653682798 | 3.709156e+08 |
|  MEM_LOAD_UOPS_RETIRED_L3_ALL STAT  |   PMC2  |     2252405298 |     16458919 |     172826942 | 9.385022e+07 |
|  MEM_LOAD_UOPS_RETIRED_L3_MISS STAT |   PMC3  |      762505472 |      9123767 |      53033821 | 3.177106e+07 |
|      L2_TRANS_ALL_REQUESTS STAT     |   PMC4  |  1173081596146 |    421910695 |  103928221519 | 4.887840e+10 |
|          L2_RQSTS_MISS STAT         |   PMC5  |   379169376666 |     67537655 |   33365333915 | 1.579872e+10 |
|        UOPS_RETIRED_ALL STAT        |   PMC6  | 29022898476322 | 730056869755 | 1692805556446 | 1.209287e+12 |
|            TEMP_CORE STAT           |   TMP0  |           1032 |           38 |            47 |           43 |
|         PWR_PKG_ENERGY STAT         |   PWR0  |     43359.4347 |            0 |    21937.8707 |    1806.6431 |
|         PWR_PP0_ENERGY STAT         |   PWR1  |              0 |            0 |             0 |            0 |
|         PWR_DRAM_ENERGY STAT        |   PWR3  |      7301.7173 |            0 |     3930.5945 |     304.2382 |
|          CAS_COUNT_RD STAT          | MBOX0C0 |    58901988800 |            0 |   34756347477 | 2.454250e+09 |
|          CAS_COUNT_WR STAT          | MBOX0C1 |     4979682103 |            0 |    2717505074 | 2.074868e+08 |
|          CAS_COUNT_RD STAT          | MBOX1C0 |    58893852337 |            0 |   34736195821 | 2.453911e+09 |
|          CAS_COUNT_WR STAT          | MBOX1C1 |     4972907664 |            0 |    2698233617 |    207204486 |
|          CAS_COUNT_RD STAT          | MBOX2C0 |              0 |            0 |             0 |            0 |
|          CAS_COUNT_WR STAT          | MBOX2C1 |              0 |            0 |             0 |            0 |
|          CAS_COUNT_RD STAT          | MBOX3C0 |              0 |            0 |             0 |            0 |
|          CAS_COUNT_WR STAT          | MBOX3C1 |              0 |            0 |             0 |            0 |
|          CAS_COUNT_RD STAT          | MBOX4C0 |    58910442130 |            0 |   34761398962 | 2.454602e+09 |
|          CAS_COUNT_WR STAT          | MBOX4C1 |     4990488673 |            0 |    2723248264 | 2.079370e+08 |
|          CAS_COUNT_RD STAT          | MBOX5C0 |    58910301986 |            0 |   34746690516 | 2.454596e+09 |
|          CAS_COUNT_WR STAT          | MBOX5C1 |     4988515090 |            0 |    2705689137 | 2.078548e+08 |
|          CAS_COUNT_RD STAT          | MBOX6C0 |              0 |            0 |             0 |            0 |
|          CAS_COUNT_WR STAT          | MBOX6C1 |              0 |            0 |             0 |            0 |
|          CAS_COUNT_RD STAT          | MBOX7C0 |              0 |            0 |             0 |            0 |
|          CAS_COUNT_WR STAT          | MBOX7C1 |              0 |            0 |             0 |            0 |
+-------------------------------------+---------+----------------+--------------+---------------+--------------+
+-----------------------------------+------------+-----------+-----------+-----------+-----------+-----------+-----------+--------------+--------------+--------------+--------------+-----------+------------+-----------+-----------+-----------+-----------+-----------+-----------+-----------+-----------+-----------+-----------+-----------+
|               Metric              |   Core 0   |   Core 1  |   Core 2  |   Core 3  |   Core 4  |   Core 5  |   Core 6  |    Core 7    |    Core 8    |    Core 9    |    Core 10   |  Core 11  |   Core 12  |  Core 13  |  Core 14  |  Core 15  |  Core 16  |  Core 17  |  Core 18  |  Core 19  |  Core 20  |  Core 21  |  Core 22  |  Core 23  |
+-----------------------------------+------------+-----------+-----------+-----------+-----------+-----------+-----------+--------------+--------------+--------------+--------------+-----------+------------+-----------+-----------+-----------+-----------+-----------+-----------+-----------+-----------+-----------+-----------+-----------+
|        Runtime (RDTSC) [s]        |   271.0320 |  271.0320 |  271.0320 |  271.0320 |  271.0320 |  271.0320 |  271.0320 |     271.0320 |     271.0320 |     271.0320 |     271.0320 |  271.0320 |   271.0320 |  271.0320 |  271.0320 |  271.0320 |  271.0320 |  271.0320 |  271.0320 |  271.0320 |  271.0320 |  271.0320 |  271.0320 |  271.0320 |
|        Runtime unhalted [s]       |   239.9093 |  266.8720 |  266.7023 |  267.5422 |  268.4740 |  267.5167 |  202.6837 |     154.5190 |     155.5926 |     155.3102 |     155.4269 |  155.4461 |   266.3622 |  267.6386 |  267.0216 |  266.8439 |  267.2478 |  239.3306 |  181.4750 |  189.4921 |  190.3691 |  187.1988 |  188.4626 |  186.5817 |
|            Clock [MHz]            |  2299.5044 | 2299.5555 | 2299.5580 | 2299.5596 | 2299.5608 | 2299.5595 | 2299.2657 |    2296.9360 |    2297.2094 |    2297.5638 |    2297.5094 | 2297.5481 |  2299.5398 | 2299.5576 | 2299.5529 | 2299.5494 | 2299.5539 | 2299.4882 | 2297.7534 | 2298.0467 | 2298.1858 | 2298.0000 | 2298.1196 | 2298.1879 |
|                CPI                |     0.4359 |    0.4361 |    0.4363 |    0.4358 |    0.4356 |    0.4356 |    0.4864 |       0.5461 |       0.5503 |       0.5492 |       0.5497 |    0.5497 |     0.4352 |    0.4351 |    0.4351 |    0.4351 |    0.4351 |    0.4352 |    0.6415 |    0.6699 |    0.6738 |    0.6622 |    0.6668 |    0.6651 |
|   Local DRAM data volume [GByte]  |     2.9366 |    3.3058 |    3.2826 |    3.3120 |    3.3543 |    3.0330 |  658.1170 |     594.4162 |     582.6886 |     585.5252 |     585.4552 |  581.4062 |     2.4900 |    2.5201 |    2.6126 |    2.5142 |    2.5151 |    2.0888 |  509.2106 |  475.9717 |  469.3637 |  478.8462 |  471.7417 |  482.5997 |
|   Local DRAM bandwidth [MByte/s]  |    10.8347 |   12.1969 |   12.1114 |   12.2200 |   12.3761 |   11.1905 | 2428.1895 |    2193.1590 |    2149.8887 |    2160.3550 |    2160.0963 | 2145.1574 |     9.1872 |    9.2981 |    9.6394 |    9.2763 |    9.2798 |    7.7070 | 1878.7843 | 1756.1458 | 1731.7651 | 1766.7518 | 1740.5389 | 1780.6007 |
|  Remote DRAM data volume [GByte]  |     0.0698 |    0.0563 |    0.0615 |    0.0610 |    0.0699 |    0.3493 |    0.0707 |       0.0164 |       0.0081 |       0.0075 |       0.0076 |    2.0164 |     0.3643 |    0.3778 |    0.3583 |    0.3531 |    0.3412 |    0.4257 |   76.1082 |  105.8357 |  102.3714 |   93.6096 |   99.7686 |   87.0180 |
|  Remote DRAM bandwidth [MByte/s]  |     0.2575 |    0.2078 |    0.2271 |    0.2252 |    0.2578 |    1.2886 |    0.2608 |       0.0607 |       0.0299 |       0.0278 |       0.0279 |    7.4397 |     1.3442 |    1.3940 |    1.3219 |    1.3029 |    1.2588 |    1.5706 |  280.8089 |  390.4916 |  377.7098 |  345.3820 |  368.1064 |  321.0616 |
|     Memory data volume [GByte]    |     3.0064 |    3.3621 |    3.3441 |    3.3731 |    3.4242 |    3.3823 |  658.1877 |     594.4326 |     582.6967 |     585.5328 |     585.4627 |  583.4226 |     2.8544 |    2.8979 |    2.9709 |    2.8673 |    2.8563 |    2.5145 |  585.3188 |  581.8074 |  571.7351 |  572.4558 |  571.5103 |  569.6176 |
|     Memory bandwidth [MByte/s]    |    11.0923 |   12.4047 |   12.3385 |   12.4452 |   12.6340 |   12.4792 | 2428.4503 |    2193.2197 |    2149.9186 |    2160.3828 |    2160.1242 | 2152.5971 |    10.5315 |   10.6921 |   10.9613 |   10.5792 |   10.5386 |    9.2776 | 2159.5931 | 2146.6374 | 2109.4749 | 2112.1338 | 2108.6454 | 2101.6623 |
|          L3 request rate          |     1.7346 |    1.7459 |    1.7405 |    1.7377 |    1.7199 |    1.7490 |    3.1780 |       3.1380 |       3.1538 |       3.1351 |       3.1406 |    3.1547 |     1.8058 |    1.8020 |    1.7655 |    1.8049 |    1.8014 |    1.8040 |    3.2405 |    3.2426 |    3.2612 |    3.2472 |    3.2540 |    3.2503 |
|            L3 miss rate           |     0.0608 |    0.0432 |    0.0471 |    0.0464 |    0.0525 |    0.2673 |    0.0066 |       0.0016 |       0.0008 |       0.0007 |       0.0007 |    0.1910 |     0.3074 |    0.3148 |    0.2918 |    0.2948 |    0.2850 |    0.4041 |    7.0273 |    9.6264 |    9.2552 |    8.5194 |    9.0357 |    7.8876 |
|           L3 miss ratio           |     0.0238 |    0.0170 |    0.0188 |    0.0184 |    0.0208 |    0.1152 |    0.0001 | 2.767386e-05 | 1.389301e-05 | 1.287476e-05 | 1.290068e-05 |    0.0035 |     0.1463 |    0.1499 |    0.1371 |    0.1405 |    0.1357 |    0.2038 |    0.1495 |    0.2224 |    0.2181 |    0.1955 |    0.2115 |    0.1803 |
|          L2 request rate          |     0.0004 |    0.0004 |    0.0004 |    0.0004 |    0.0004 |    0.0004 |    0.1084 |       0.1431 |       0.1434 |       0.1433 |       0.1433 |    0.1434 |     0.0003 |    0.0003 |    0.0003 |    0.0003 |    0.0003 |    0.0003 |    0.1518 |    0.1535 |    0.1541 |    0.1533 |    0.1535 |    0.1534 |
|            L2 miss rate           |     0.0001 |    0.0001 |    0.0001 |    0.0001 |    0.0001 |    0.0001 |    0.0348 |       0.0479 |       0.0483 |       0.0482 |       0.0482 |    0.0482 |     0.0001 |    0.0001 |    0.0001 |    0.0001 |    0.0001 |    0.0001 |    0.0480 |    0.0481 |    0.0485 |    0.0484 |    0.0485 |    0.0484 |
|           L2 miss ratio           |     0.1676 |    0.1641 |    0.1590 |    0.1639 |    0.1629 |    0.1627 |    0.3210 |       0.3346 |       0.3365 |       0.3361 |       0.3361 |    0.3364 |     0.1604 |    0.1612 |    0.1616 |    0.1606 |    0.1597 |    0.1601 |    0.3161 |    0.3136 |    0.3148 |    0.3161 |    0.3158 |    0.3153 |
|  Memory read bandwidth [MBytes/s] | 32822.8464 |         0 |         0 |         0 |         0 |         0 |         0 |            0 |            0 |            0 |            0 |         0 | 22814.3606 |         0 |         0 |         0 |         0 |         0 |         0 |         0 |         0 |         0 |         0 |         0 |
|  Memory read data volume [GBytes] |  8896.0405 |         0 |         0 |         0 |         0 |         0 |         0 |            0 |            0 |            0 |            0 |         0 |  6183.4210 |         0 |         0 |         0 |         0 |         0 |         0 |         0 |         0 |         0 |         0 |         0 |
| Memory write bandwidth [MBytes/s] |  2560.8023 |         0 |         0 |         0 |         0 |         0 |         0 |            0 |            0 |            0 |            0 |         0 |  2145.7348 |         0 |         0 |         0 |         0 |         0 |         0 |         0 |         0 |         0 |         0 |         0 |
| Memory write data volume [GBytes] |   694.0593 |         0 |         0 |         0 |         0 |         0 |         0 |            0 |            0 |            0 |            0 |         0 |   581.5627 |         0 |         0 |         0 |         0 |         0 |         0 |         0 |         0 |         0 |         0 |         0 |
|    Memory bandwidth [MBytes/s]    | 35383.6486 |         0 |         0 |         0 |         0 |         0 |         0 |            0 |            0 |            0 |            0 |         0 | 24960.0954 |         0 |         0 |         0 |         0 |         0 |         0 |         0 |         0 |         0 |         0 |         0 |
|    Memory data volume [GBytes]    |  9590.0998 |         0 |         0 |         0 |         0 |         0 |         0 |            0 |            0 |            0 |            0 |         0 |  6764.9837 |         0 |         0 |         0 |         0 |         0 |         0 |         0 |         0 |         0 |         0 |         0 |
|          Temperature [C]          |         40 |        38 |        40 |        41 |        44 |        41 |        47 |           45 |           45 |           43 |           43 |        42 |         40 |        40 |        43 |        43 |        44 |        43 |        46 |        46 |        44 |        47 |        44 |        43 |
|             Energy [J]            | 21937.8707 |         0 |         0 |         0 |         0 |         0 |         0 |            0 |            0 |            0 |            0 |         0 | 21421.5640 |         0 |         0 |         0 |         0 |         0 |         0 |         0 |         0 |         0 |         0 |         0 |
|             Power [W]             |    80.9420 |         0 |         0 |         0 |         0 |         0 |         0 |            0 |            0 |            0 |            0 |         0 |    79.0370 |         0 |         0 |         0 |         0 |         0 |         0 |         0 |         0 |         0 |         0 |         0 |
|           Energy PP0 [J]          |          0 |         0 |         0 |         0 |         0 |         0 |         0 |            0 |            0 |            0 |            0 |         0 |          0 |         0 |         0 |         0 |         0 |         0 |         0 |         0 |         0 |         0 |         0 |         0 |
|           Power PP0 [W]           |          0 |         0 |         0 |         0 |         0 |         0 |         0 |            0 |            0 |            0 |            0 |         0 |          0 |         0 |         0 |         0 |         0 |         0 |         0 |         0 |         0 |         0 |         0 |         0 |
|          Energy DRAM [J]          |  3930.5945 |         0 |         0 |         0 |         0 |         0 |         0 |            0 |            0 |            0 |            0 |         0 |  3371.1228 |         0 |         0 |         0 |         0 |         0 |         0 |         0 |         0 |         0 |         0 |         0 |
|           Power DRAM [W]          |    14.5023 |         0 |         0 |         0 |         0 |         0 |         0 |            0 |            0 |            0 |            0 |         0 |    12.4381 |         0 |         0 |         0 |         0 |         0 |         0 |         0 |         0 |         0 |         0 |         0 |
+-----------------------------------+------------+-----------+-----------+-----------+-----------+-----------+-----------+--------------+--------------+--------------+--------------+-----------+------------+-----------+-----------+-----------+-----------+-----------+-----------+-----------+-----------+-----------+-----------+-----------+
+----------------------------------------+------------+--------------+------------+-----------+
|                 Metric                 |     Sum    |      Min     |     Max    |    Avg    |
+----------------------------------------+------------+--------------+------------+-----------+
|        Runtime (RDTSC) [s] STAT        |  6504.7680 |     271.0320 |   271.0320 |  271.0320 |
|        Runtime unhalted [s] STAT       |  5254.0190 |     154.5190 |   268.4740 |  218.9175 |
|            Clock [MHz] STAT            | 55168.8654 |    2296.9360 |  2299.5608 | 2298.7027 |
|                CPI STAT                |    12.4368 |       0.4351 |     0.6738 |    0.5182 |
|   Local DRAM data volume [GByte] STAT  |  6509.3071 |       2.0888 |   658.1170 |  271.2211 |
|   Local DRAM bandwidth [MByte/s] STAT  | 24016.7499 |       7.7070 |  2428.1895 | 1000.6979 |
|  Remote DRAM data volume [GByte] STAT  |   569.7264 |       0.0075 |   105.8357 |   23.7386 |
|  Remote DRAM bandwidth [MByte/s] STAT  |  2102.0635 |       0.0278 |   390.4916 |   87.5860 |
|     Memory data volume [GByte] STAT    |  7079.0336 |       2.5145 |   658.1877 |  294.9597 |
|     Memory bandwidth [MByte/s] STAT    | 26118.8138 |       9.2776 |  2428.4503 | 1088.2839 |
|          L3 request rate STAT          |    59.6072 |       1.7199 |     3.2612 |    2.4836 |
|            L3 miss rate STAT           |    53.9682 |       0.0007 |     9.6264 |    2.2487 |
|           L3 miss ratio STAT           |     2.3083 | 1.287476e-05 |     0.2224 |    0.0962 |
|          L2 request rate STAT          |     1.7487 |       0.0003 |     0.1541 |    0.0729 |
|            L2 miss rate STAT           |     0.5667 |       0.0001 |     0.0485 |    0.0236 |
|           L2 miss ratio STAT           |     5.8362 |       0.1590 |     0.3365 |    0.2432 |
|  Memory read bandwidth [MBytes/s] STAT | 55637.2070 |            0 | 32822.8464 | 2318.2170 |
|  Memory read data volume [GBytes] STAT | 15079.4615 |            0 |  8896.0405 |  628.3109 |
| Memory write bandwidth [MBytes/s] STAT |  4706.5371 |            0 |  2560.8023 |  196.1057 |
| Memory write data volume [GBytes] STAT |  1275.6220 |            0 |   694.0593 |   53.1509 |
|    Memory bandwidth [MBytes/s] STAT    | 60343.7440 |            0 | 35383.6486 | 2514.3227 |
|    Memory data volume [GBytes] STAT    | 16355.0835 |            0 |  9590.0998 |  681.4618 |
|          Temperature [C] STAT          |       1032 |           38 |         47 |        43 |
|             Energy [J] STAT            | 43359.4347 |            0 | 21937.8707 | 1806.6431 |
|             Power [W] STAT             |   159.9790 |            0 |    80.9420 |    6.6658 |
|           Energy PP0 [J] STAT          |          0 |            0 |          0 |         0 |
|           Power PP0 [W] STAT           |          0 |            0 |          0 |         0 |
|          Energy DRAM [J] STAT          |  7301.7173 |            0 |  3930.5945 |  304.2382 |
|           Power DRAM [W] STAT          |    26.9404 |            0 |    14.5023 |    1.1225 |
+----------------------------------------+------------+--------------+------------+-----------+
