--------------------------------------------------------------------------------
CPU name:	Intel(R) Xeon(R) CPU E5-2670 v3 @ 2.30GHz
CPU type:	Intel Xeon Haswell EN/EP/EX processor
CPU clock:	2.30 GHz
--------------------------------------------------------------------------------
Group 1: POWERPERF
+--------------------------------+---------+---------------+---------------+---------------+---------------+---------------+---------------+---------------+---------------+---------------+---------------+---------------+---------------+---------------+---------------+---------------+---------------+---------------+---------------+---------------+---------------+---------------+---------------+---------------+---------------+
|              Event             | Counter |     Core 0    |     Core 1    |     Core 2    |     Core 3    |     Core 4    |     Core 5    |     Core 6    |     Core 7    |     Core 8    |     Core 9    |    Core 10    |    Core 11    |    Core 12    |    Core 13    |    Core 14    |    Core 15    |    Core 16    |    Core 17    |    Core 18    |    Core 19    |    Core 20    |    Core 21    |    Core 22    |    Core 23    |
+--------------------------------+---------+---------------+---------------+---------------+---------------+---------------+---------------+---------------+---------------+---------------+---------------+---------------+---------------+---------------+---------------+---------------+---------------+---------------+---------------+---------------+---------------+---------------+---------------+---------------+---------------+
|        INSTR_RETIRED_ANY       |  FIXC0  | 1267953399272 | 1411615992615 | 1409408483321 | 1412726179852 | 1413813266936 | 1409722077150 |  822039833955 |  832315211341 |  816346041274 |  838678793804 |  821719145111 |  820147791823 | 1408785720383 | 1406851034620 | 1406614689707 | 1409012315254 | 1412666374033 | 1263302624997 |  839423701955 |  839338657772 |  845503340336 |  826845544117 |  845705972845 |  859303085522 |
|      CPU_CLK_UNHALTED_CORE     |  FIXC1  |  544673959684 |  606212718441 |  605078306130 |  606274258290 |  606925114318 |  605152298352 |  543618024373 |  545233605270 |  543287173645 |  546043604340 |  544175796356 |  543800917221 |  604491922128 |  603953007802 |  603817402297 |  604569959444 |  606082544629 |  542322481153 |  544913679712 |  546150408179 |  546208822934 |  543266077109 |  545340770075 |  551424339445 |
|      CPU_CLK_UNHALTED_REF      |  FIXC2  |  544818016711 |  606329341210 |  605196839610 |  606390824580 |  607041493499 |  605269952976 |  546825904061 |  548525401822 |  546618525527 |  549307326336 |  547338881663 |  547307480982 |  604613713388 |  604073848188 |  603939677021 |  604690218219 |  606199597336 |  542554154081 |  548436234387 |  549420919794 |  549800130891 |  546935895190 |  548781325605 |  552370885373 |
|           FIXC1/FIXC0          |   CPI   |             0 |             0 |             0 |             0 |             0 |             0 |             0 |             0 |             0 |             0 |             0 |             0 |             0 |             0 |             0 |             0 |             0 |             0 |             0 |             0 |             0 |             0 |             0 |             0 |
|  OFFCORE_RESPONSE_0_LOCAL_DRAM |   PMC0  |      21175815 |      23709501 |      22233811 |      22174449 |      22275380 |      19325925 |    2823833893 |    2639015906 |    2784102240 |    2418893572 |    2769273703 |    2701724230 |      19025041 |      18772557 |      19469156 |      19087791 |      19521579 |      15721064 |    2535202120 |    2583241327 |    2294831405 |    2689767367 |    2279382637 |    2232625693 |
| OFFCORE_RESPONSE_1_REMOTE_DRAM |   PMC1  |        599236 |        428070 |        426356 |        433980 |        409618 |       3169533 |      41638531 |      21637259 |      23409596 |      22178712 |      24102728 |      46226201 |       1854310 |       2157066 |       1525511 |       1916273 |       1653537 |       2657046 |      24704810 |      13085200 |       8386186 |      11915815 |       8989226 |      14245027 |
|  MEM_LOAD_UOPS_RETIRED_L3_ALL  |   PMC2  |       5645276 |       6229607 |       6162629 |       6151829 |       6210715 |       6095513 |    2559209628 |    2370580850 |    2579114397 |    2225764977 |    2554026744 |    2528762660 |       5467644 |       5436426 |       5516394 |       5555774 |       5511666 |       4883479 |    2308275035 |    2335218050 |    2134410302 |    2494239880 |    2101852806 |    2092181989 |
|  MEM_LOAD_UOPS_RETIRED_L3_MISS |   PMC3  |       3390949 |       3777414 |       3808209 |       3796243 |       3825231 |       3705341 |     854123829 |     793778048 |     847100903 |     735200982 |     841031428 |     832623779 |       3379732 |       3346766 |       3436506 |       3444267 |       3433892 |       2953096 |     770078071 |     781420638 |     698291332 |     824334367 |     692647001 |     687634780 |
|      L2_TRANS_ALL_REQUESTS     |   PMC4  |     310121073 |     288476441 |     273585803 |     277652231 |     294041368 |     291690798 |   40998237234 |   38064847084 |   41021573694 |   35471826514 |   40575979222 |   40113590651 |     266225961 |     261056336 |     274928539 |     266117079 |     280743574 |     248189087 |   36539494009 |   37067066810 |   33588406423 |   39181627212 |   33167554435 |   32800772806 |
|          L2_RQSTS_MISS         |   PMC5  |      38466968 |      35101304 |      32175166 |      32136040 |      32257348 |      32107796 |   12391170358 |   11497772869 |   12429087655 |   10736569358 |   12291037105 |   12152763822 |      29407697 |      29498649 |      29704086 |      29409805 |      29518927 |      26385028 |   11083487160 |   11222478558 |   10200992210 |   11902503817 |   10071529016 |    9953289140 |
|        UOPS_RETIRED_ALL        |   PMC6  | 1514117272585 | 1684981360863 | 1682297168026 | 1686217892495 | 1687542837353 | 1682662359915 | 1029359734783 | 1056573474892 | 1021496077042 | 1076122470280 | 1030707814355 | 1030676328107 | 1681524695722 | 1679284298267 | 1678986484626 | 1681788851327 | 1686149638678 | 1507951060092 | 1071585072408 | 1069115126025 | 1091049972220 | 1041367244017 | 1093596073986 | 1114927664306 |
|            TEMP_CORE           |   TMP0  |            39 |            36 |            38 |            40 |            43 |            39 |            41 |            43 |            44 |            42 |            41 |            39 |            38 |            39 |            42 |            43 |            41 |            40 |            43 |            42 |            43 |            46 |            43 |            42 |
|         PWR_PKG_ENERGY         |   PWR0  |    19622.9606 |             0 |             0 |             0 |             0 |             0 |             0 |             0 |             0 |             0 |             0 |             0 |    19498.9303 |             0 |             0 |             0 |             0 |             0 |             0 |             0 |             0 |             0 |             0 |             0 |
|         PWR_PP0_ENERGY         |   PWR1  |             0 |             0 |             0 |             0 |             0 |             0 |             0 |             0 |             0 |             0 |             0 |             0 |             0 |             0 |             0 |             0 |             0 |             0 |             0 |             0 |             0 |             0 |             0 |             0 |
|         PWR_DRAM_ENERGY        |   PWR3  |     2367.0712 |             0 |             0 |             0 |             0 |             0 |             0 |             0 |             0 |             0 |             0 |             0 |     2503.0745 |             0 |             0 |             0 |             0 |             0 |             0 |             0 |             0 |             0 |             0 |             0 |
|          CAS_COUNT_RD          | MBOX0C0 |    7299280096 |             0 |             0 |             0 |             0 |             0 |             0 |             0 |             0 |             0 |             0 |             0 |    6959061366 |             0 |             0 |             0 |             0 |             0 |             0 |             0 |             0 |             0 |             0 |             0 |
|          CAS_COUNT_WR          | MBOX0C1 |    3799058423 |             0 |             0 |             0 |             0 |             0 |             0 |             0 |             0 |             0 |             0 |             0 |    3458195547 |             0 |             0 |             0 |             0 |             0 |             0 |             0 |             0 |             0 |             0 |             0 |
|          CAS_COUNT_RD          | MBOX1C0 |    7286387949 |             0 |             0 |             0 |             0 |             0 |             0 |             0 |             0 |             0 |             0 |             0 |    6996704492 |             0 |             0 |             0 |             0 |             0 |             0 |             0 |             0 |             0 |             0 |             0 |
|          CAS_COUNT_WR          | MBOX1C1 |    3784657053 |             0 |             0 |             0 |             0 |             0 |             0 |             0 |             0 |             0 |             0 |             0 |    3473689684 |             0 |             0 |             0 |             0 |             0 |             0 |             0 |             0 |             0 |             0 |             0 |
|          CAS_COUNT_RD          | MBOX2C0 |             0 |             0 |             0 |             0 |             0 |             0 |             0 |             0 |             0 |             0 |             0 |             0 |             0 |             0 |             0 |             0 |             0 |             0 |             0 |             0 |             0 |             0 |             0 |             0 |
|          CAS_COUNT_WR          | MBOX2C1 |             0 |             0 |             0 |             0 |             0 |             0 |             0 |             0 |             0 |             0 |             0 |             0 |             0 |             0 |             0 |             0 |             0 |             0 |             0 |             0 |             0 |             0 |             0 |             0 |
|          CAS_COUNT_RD          | MBOX3C0 |             0 |             0 |             0 |             0 |             0 |             0 |             0 |             0 |             0 |             0 |             0 |             0 |             0 |             0 |             0 |             0 |             0 |             0 |             0 |             0 |             0 |             0 |             0 |             0 |
|          CAS_COUNT_WR          | MBOX3C1 |             0 |             0 |             0 |             0 |             0 |             0 |             0 |             0 |             0 |             0 |             0 |             0 |             0 |             0 |             0 |             0 |             0 |             0 |             0 |             0 |             0 |             0 |             0 |             0 |
|          CAS_COUNT_RD          | MBOX4C0 |    7306692440 |             0 |             0 |             0 |             0 |             0 |             0 |             0 |             0 |             0 |             0 |             0 |    6955795218 |             0 |             0 |             0 |             0 |             0 |             0 |             0 |             0 |             0 |             0 |             0 |
|          CAS_COUNT_WR          | MBOX4C1 |    3804192955 |             0 |             0 |             0 |             0 |             0 |             0 |             0 |             0 |             0 |             0 |             0 |    3458761296 |             0 |             0 |             0 |             0 |             0 |             0 |             0 |             0 |             0 |             0 |             0 |
|          CAS_COUNT_RD          | MBOX5C0 |    7298047515 |             0 |             0 |             0 |             0 |             0 |             0 |             0 |             0 |             0 |             0 |             0 |    7012995007 |             0 |             0 |             0 |             0 |             0 |             0 |             0 |             0 |             0 |             0 |             0 |
|          CAS_COUNT_WR          | MBOX5C1 |    3791040454 |             0 |             0 |             0 |             0 |             0 |             0 |             0 |             0 |             0 |             0 |             0 |    3485388986 |             0 |             0 |             0 |             0 |             0 |             0 |             0 |             0 |             0 |             0 |             0 |
|          CAS_COUNT_RD          | MBOX6C0 |             0 |             0 |             0 |             0 |             0 |             0 |             0 |             0 |             0 |             0 |             0 |             0 |             0 |             0 |             0 |             0 |             0 |             0 |             0 |             0 |             0 |             0 |             0 |             0 |
|          CAS_COUNT_WR          | MBOX6C1 |             0 |             0 |             0 |             0 |             0 |             0 |             0 |             0 |             0 |             0 |             0 |             0 |             0 |             0 |             0 |             0 |             0 |             0 |             0 |             0 |             0 |             0 |             0 |             0 |
|          CAS_COUNT_RD          | MBOX7C0 |             0 |             0 |             0 |             0 |             0 |             0 |             0 |             0 |             0 |             0 |             0 |             0 |             0 |             0 |             0 |             0 |             0 |             0 |             0 |             0 |             0 |             0 |             0 |             0 |
|          CAS_COUNT_WR          | MBOX7C1 |             0 |             0 |             0 |             0 |             0 |             0 |             0 |             0 |             0 |             0 |             0 |             0 |             0 |             0 |             0 |             0 |             0 |             0 |             0 |             0 |             0 |             0 |             0 |             0 |
+--------------------------------+---------+---------------+---------------+---------------+---------------+---------------+---------------+---------------+---------------+---------------+---------------+---------------+---------------+---------------+---------------+---------------+---------------+---------------+---------------+---------------+---------------+---------------+---------------+---------------+---------------+
+-------------------------------------+---------+----------------+---------------+---------------+--------------+
|                Event                | Counter |       Sum      |      Min      |      Max      |      Avg     |
+-------------------------------------+---------+----------------+---------------+---------------+--------------+
|        INSTR_RETIRED_ANY STAT       |  FIXC0  | 26639839277995 |  816346041274 | 1413813266936 | 1.109993e+12 |
|      CPU_CLK_UNHALTED_CORE STAT     |  FIXC1  | 13683017191327 |  542322481153 |  606925114318 | 5.701257e+11 |
|      CPU_CLK_UNHALTED_REF STAT      |  FIXC2  | 13722786588450 |  542554154081 |  607041493499 | 5.717828e+11 |
|           FIXC1/FIXC0 STAT          |   CPI   |              0 |             0 |             0 |            0 |
|  OFFCORE_RESPONSE_0_LOCAL_DRAM STAT |   PMC0  |    30994386162 |      15721064 |    2823833893 | 1.291433e+09 |
| OFFCORE_RESPONSE_1_REMOTE_DRAM STAT |   PMC1  |      277749827 |        409618 |      46226201 | 1.157291e+07 |
|  MEM_LOAD_UOPS_RETIRED_L3_ALL STAT  |   PMC2  |    28352504270 |       4883479 |    2579114397 | 1.181354e+09 |
|  MEM_LOAD_UOPS_RETIRED_L3_MISS STAT |   PMC3  |     9400562804 |       2953096 |     854123829 | 3.916901e+08 |
|      L2_TRANS_ALL_REQUESTS STAT     |   PMC4  |   451923804384 |     248189087 |   41021573694 |  18830158516 |
|          L2_RQSTS_MISS STAT         |   PMC5  |   136308849882 |      26385028 |   12429087655 | 5.679535e+09 |
|        UOPS_RETIRED_ALL STAT        |   PMC6  | 32580080972370 | 1021496077042 | 1687542837353 | 1.357503e+12 |
|            TEMP_CORE STAT           |   TMP0  |            987 |            36 |            46 |      41.1250 |
|         PWR_PKG_ENERGY STAT         |   PWR0  |     39121.8909 |             0 |    19622.9606 |    1630.0788 |
|         PWR_PP0_ENERGY STAT         |   PWR1  |              0 |             0 |             0 |            0 |
|         PWR_DRAM_ENERGY STAT        |   PWR3  |      4870.1457 |             0 |     2503.0745 |     202.9227 |
|          CAS_COUNT_RD STAT          | MBOX0C0 |    14258341462 |             0 |    7299280096 | 5.940976e+08 |
|          CAS_COUNT_WR STAT          | MBOX0C1 |     7257253970 |             0 |    3799058423 | 3.023856e+08 |
|          CAS_COUNT_RD STAT          | MBOX1C0 |    14283092441 |             0 |    7286387949 | 5.951289e+08 |
|          CAS_COUNT_WR STAT          | MBOX1C1 |     7258346737 |             0 |    3784657053 | 3.024311e+08 |
|          CAS_COUNT_RD STAT          | MBOX2C0 |              0 |             0 |             0 |            0 |
|          CAS_COUNT_WR STAT          | MBOX2C1 |              0 |             0 |             0 |            0 |
|          CAS_COUNT_RD STAT          | MBOX3C0 |              0 |             0 |             0 |            0 |
|          CAS_COUNT_WR STAT          | MBOX3C1 |              0 |             0 |             0 |            0 |
|          CAS_COUNT_RD STAT          | MBOX4C0 |    14262487658 |             0 |    7306692440 | 5.942703e+08 |
|          CAS_COUNT_WR STAT          | MBOX4C1 |     7262954251 |             0 |    3804192955 | 3.026231e+08 |
|          CAS_COUNT_RD STAT          | MBOX5C0 |    14311042522 |             0 |    7298047515 | 5.962934e+08 |
|          CAS_COUNT_WR STAT          | MBOX5C1 |     7276429440 |             0 |    3791040454 |    303184560 |
|          CAS_COUNT_RD STAT          | MBOX6C0 |              0 |             0 |             0 |            0 |
|          CAS_COUNT_WR STAT          | MBOX6C1 |              0 |             0 |             0 |            0 |
|          CAS_COUNT_RD STAT          | MBOX7C0 |              0 |             0 |             0 |            0 |
|          CAS_COUNT_WR STAT          | MBOX7C1 |              0 |             0 |             0 |            0 |
+-------------------------------------+---------+----------------+---------------+---------------+--------------+
+-----------------------------------+--------------+--------------+--------------+--------------+--------------+--------------+-----------+-----------+-----------+-----------+-----------+-----------+--------------+--------------+--------------+--------------+--------------+--------------+-----------+-----------+-----------+-----------+-----------+-----------+
|               Metric              |    Core 0    |    Core 1    |    Core 2    |    Core 3    |    Core 4    |    Core 5    |   Core 6  |   Core 7  |   Core 8  |   Core 9  |  Core 10  |  Core 11  |    Core 12   |    Core 13   |    Core 14   |    Core 15   |    Core 16   |    Core 17   |  Core 18  |  Core 19  |  Core 20  |  Core 21  |  Core 22  |  Core 23  |
+-----------------------------------+--------------+--------------+--------------+--------------+--------------+--------------+-----------+-----------+-----------+-----------+-----------+-----------+--------------+--------------+--------------+--------------+--------------+--------------+-----------+-----------+-----------+-----------+-----------+-----------+
|        Runtime (RDTSC) [s]        |     266.6203 |     266.6203 |     266.6203 |     266.6203 |     266.6203 |     266.6203 |  266.6203 |  266.6203 |  266.6203 |  266.6203 |  266.6203 |  266.6203 |     266.6203 |     266.6203 |     266.6203 |     266.6203 |     266.6203 |     266.6203 |  266.6203 |  266.6203 |  266.6203 |  266.6203 |  266.6203 |  266.6203 |
|        Runtime unhalted [s]       |     236.8186 |     263.5750 |     263.0818 |     263.6017 |     263.8847 |     263.1139 |  236.3595 |  237.0619 |  236.2156 |  237.4141 |  236.6020 |  236.4390 |     262.8268 |     262.5925 |     262.5335 |     262.8607 |     263.5184 |     235.7962 |  236.9228 |  237.4605 |  237.4859 |  236.2064 |  237.1085 |  239.7536 |
|            Clock [MHz]            |    2299.3549 |    2299.5207 |    2299.5126 |    2299.5209 |    2299.5221 |    2299.5160 | 2286.4706 | 2286.1606 | 2285.9460 | 2286.2978 | 2286.6715 | 2285.2273 |    2299.4997 |    2299.5030 |    2299.4974 |    2299.5056 |    2299.5189 |    2298.9809 | 2285.1906 | 2286.2722 | 2284.9396 | 2284.5308 | 2285.5435 | 2296.0218 |
|                CPI                |       0.4296 |       0.4294 |       0.4293 |       0.4292 |       0.4293 |       0.4293 |    0.6613 |    0.6551 |    0.6655 |    0.6511 |    0.6622 |    0.6631 |       0.4291 |       0.4293 |       0.4293 |       0.4291 |       0.4290 |       0.4293 |    0.6492 |    0.6507 |    0.6460 |    0.6570 |    0.6448 |    0.6417 |
|   Local DRAM data volume [GByte]  |       1.3553 |       1.5174 |       1.4230 |       1.4192 |       1.4256 |       1.2369 |  180.7254 |  168.8970 |  178.1825 |  154.8092 |  177.2335 |  172.9104 |       1.2176 |       1.2014 |       1.2460 |       1.2216 |       1.2494 |       1.0061 |  162.2529 |  165.3274 |  146.8692 |  172.1451 |  145.8805 |  142.8880 |
|   Local DRAM bandwidth [MByte/s]  |       5.0831 |       5.6913 |       5.3370 |       5.3228 |       5.3470 |       4.6390 |  677.8380 |  633.4739 |  668.3007 |  580.6354 |  664.7412 |  648.5266 |       4.5668 |       4.5062 |       4.6734 |       4.5819 |       4.6860 |       3.7737 |  608.5543 |  620.0857 |  550.8553 |  645.6564 |  547.1469 |  535.9233 |
|  Remote DRAM data volume [GByte]  |       0.0384 |       0.0274 |       0.0273 |       0.0278 |       0.0262 |       0.2029 |    2.6649 |    1.3848 |    1.4982 |    1.4194 |    1.5426 |    2.9585 |       0.1187 |       0.1381 |       0.0976 |       0.1226 |       0.1058 |       0.1701 |    1.5811 |    0.8375 |    0.5367 |    0.7626 |    0.5753 |    0.9117 |
|  Remote DRAM bandwidth [MByte/s]  |       0.1438 |       0.1028 |       0.1023 |       0.1042 |       0.0983 |       0.7608 |    9.9950 |    5.1938 |    5.6193 |    5.3238 |    5.7857 |   11.0962 |       0.4451 |       0.5178 |       0.3662 |       0.4600 |       0.3969 |       0.6378 |    5.9302 |    3.1410 |    2.0130 |    2.8603 |    2.1578 |    3.4194 |
|     Memory data volume [GByte]    |       1.3936 |       1.5448 |       1.4503 |       1.4469 |       1.4518 |       1.4397 |  183.3902 |  170.2818 |  179.6808 |  156.2286 |  178.7761 |  175.8688 |       1.3363 |       1.3395 |       1.3437 |       1.3443 |       1.3552 |       1.1762 |  163.8340 |  166.1649 |  147.4059 |  172.9077 |  146.4558 |  143.7997 |
|     Memory bandwidth [MByte/s]    |       5.2269 |       5.7940 |       5.4394 |       5.4270 |       5.4453 |       5.3998 |  687.8330 |  638.6678 |  673.9200 |  585.9592 |  670.5269 |  659.6228 |       5.0119 |       5.0240 |       5.0396 |       5.0419 |       5.0829 |       4.4115 |  614.4845 |  623.2267 |  552.8683 |  648.5167 |  549.3047 |  539.3427 |
|          L3 request rate          |       1.6648 |       1.6492 |       1.6182 |       1.6205 |       1.6236 |       1.6451 |    2.9963 |    2.9865 |    3.0446 |    3.0274 |    3.0368 |    3.0371 |       1.6178 |       1.6244 |       1.6052 |       1.6130 |       1.6051 |       1.6537 |    2.9975 |    2.9884 |    3.0566 |    3.0258 |    3.0345 |    3.0426 |
|            L3 miss rate           |       0.1061 |       0.0687 |       0.0692 |       0.0705 |       0.0660 |       0.5200 |    0.0163 |    0.0091 |    0.0091 |    0.0100 |    0.0094 |    0.0183 |       0.3391 |       0.3968 |       0.2765 |       0.3449 |       0.3000 |       0.5441 |    0.0107 |    0.0056 |    0.0039 |    0.0048 |    0.0043 |    0.0068 |
|           L3 miss ratio           |       0.0283 |       0.0181 |       0.0192 |       0.0196 |       0.0184 |       0.1640 |    0.0147 |    0.0082 |    0.0084 |    0.0092 |    0.0087 |    0.0171 |       0.0975 |       0.1149 |       0.0784 |       0.1004 |       0.0847 |       0.1690 |    0.0097 |    0.0051 |    0.0037 |    0.0044 |    0.0039 |    0.0064 |
|          L2 request rate          |       0.0002 |       0.0002 |       0.0002 |       0.0002 |       0.0002 |       0.0002 |    0.0499 |    0.0457 |    0.0503 |    0.0423 |    0.0494 |    0.0489 |       0.0002 |       0.0002 |       0.0002 |       0.0002 |       0.0002 |       0.0002 |    0.0435 |    0.0442 |    0.0397 |    0.0474 |    0.0392 |    0.0382 |
|            L2 miss rate           | 3.033784e-05 | 2.486604e-05 | 2.282884e-05 | 2.274754e-05 | 2.281585e-05 | 2.277598e-05 |    0.0151 |    0.0138 |    0.0152 |    0.0128 |    0.0150 |    0.0148 | 2.087450e-05 | 2.096786e-05 | 2.111743e-05 | 2.087264e-05 | 2.089589e-05 | 2.088575e-05 |    0.0132 |    0.0134 |    0.0121 |    0.0144 |    0.0119 |    0.0116 |
|           L2 miss ratio           |       0.1240 |       0.1217 |       0.1176 |       0.1157 |       0.1097 |       0.1101 |    0.3022 |    0.3021 |    0.3030 |    0.3027 |    0.3029 |    0.3030 |       0.1105 |       0.1130 |       0.1080 |       0.1105 |       0.1051 |       0.1063 |    0.3033 |    0.3028 |    0.3037 |    0.3038 |    0.3037 |    0.3034 |
|  Memory read bandwidth [MBytes/s] |    7006.9160 |            0 |            0 |            0 |            0 |            0 |         0 |         0 |         0 |         0 |         0 |         0 |    6703.0587 |            0 |            0 |            0 |            0 |            0 |         0 |         0 |         0 |         0 |         0 |         0 |
|  Memory read data volume [GBytes] |    1868.1861 |            0 |            0 |            0 |            0 |            0 |         0 |         0 |         0 |         0 |         0 |         0 |    1787.1716 |            0 |            0 |            0 |            0 |            0 |         0 |         0 |         0 |         0 |         0 |         0 |
| Memory write bandwidth [MBytes/s] |    3643.5811 |            0 |            0 |            0 |            0 |            0 |         0 |         0 |         0 |         0 |         0 |         0 |    3330.8276 |            0 |            0 |            0 |            0 |            0 |         0 |         0 |         0 |         0 |         0 |         0 |
| Memory write data volume [GBytes] |     971.4527 |            0 |            0 |            0 |            0 |            0 |         0 |         0 |         0 |         0 |         0 |         0 |     888.0663 |            0 |            0 |            0 |            0 |            0 |         0 |         0 |         0 |         0 |         0 |         0 |
|    Memory bandwidth [MBytes/s]    |   10650.4971 |            0 |            0 |            0 |            0 |            0 |         0 |         0 |         0 |         0 |         0 |         0 |   10033.8863 |            0 |            0 |            0 |            0 |            0 |         0 |         0 |         0 |         0 |         0 |         0 |
|    Memory data volume [GBytes]    |    2839.6388 |            0 |            0 |            0 |            0 |            0 |         0 |         0 |         0 |         0 |         0 |         0 |    2675.2379 |            0 |            0 |            0 |            0 |            0 |         0 |         0 |         0 |         0 |         0 |         0 |
|          Temperature [C]          |           39 |           36 |           38 |           40 |           43 |           39 |        41 |        43 |        44 |        42 |        41 |        39 |           38 |           39 |           42 |           43 |           41 |           40 |        43 |        42 |        43 |        46 |        43 |        42 |
|             Energy [J]            |   19622.9606 |            0 |            0 |            0 |            0 |            0 |         0 |         0 |         0 |         0 |         0 |         0 |   19498.9303 |            0 |            0 |            0 |            0 |            0 |         0 |         0 |         0 |         0 |         0 |         0 |
|             Power [W]             |      73.5989 |            0 |            0 |            0 |            0 |            0 |         0 |         0 |         0 |         0 |         0 |         0 |      73.1337 |            0 |            0 |            0 |            0 |            0 |         0 |         0 |         0 |         0 |         0 |         0 |
|           Energy PP0 [J]          |            0 |            0 |            0 |            0 |            0 |            0 |         0 |         0 |         0 |         0 |         0 |         0 |            0 |            0 |            0 |            0 |            0 |            0 |         0 |         0 |         0 |         0 |         0 |         0 |
|           Power PP0 [W]           |            0 |            0 |            0 |            0 |            0 |            0 |         0 |         0 |         0 |         0 |         0 |         0 |            0 |            0 |            0 |            0 |            0 |            0 |         0 |         0 |         0 |         0 |         0 |         0 |
|          Energy DRAM [J]          |    2367.0712 |            0 |            0 |            0 |            0 |            0 |         0 |         0 |         0 |         0 |         0 |         0 |    2503.0745 |            0 |            0 |            0 |            0 |            0 |         0 |         0 |         0 |         0 |         0 |         0 |
|           Power DRAM [W]          |       8.8781 |            0 |            0 |            0 |            0 |            0 |         0 |         0 |         0 |         0 |         0 |         0 |       9.3882 |            0 |            0 |            0 |            0 |            0 |         0 |         0 |         0 |         0 |         0 |         0 |
+-----------------------------------+--------------+--------------+--------------+--------------+--------------+--------------+-----------+-----------+-----------+-----------+-----------+-----------+--------------+--------------+--------------+--------------+--------------+--------------+-----------+-----------+-----------+-----------+-----------+-----------+
+----------------------------------------+------------+--------------+------------+-----------+
|                 Metric                 |     Sum    |      Min     |     Max    |    Avg    |
+----------------------------------------+------------+--------------+------------+-----------+
|        Runtime (RDTSC) [s] STAT        |  6398.8872 |     266.6203 |   266.6203 |  266.6203 |
|        Runtime unhalted [s] STAT       |  5949.2336 |     235.7962 |   263.8847 |  247.8847 |
|            Clock [MHz] STAT            | 55032.7250 |    2284.5308 |  2299.5221 | 2293.0302 |
|                CPI STAT                |    12.9989 |       0.4290 |     0.6655 |    0.5416 |
|   Local DRAM data volume [GByte] STAT  |  1983.6406 |       1.0061 |   180.7254 |   82.6517 |
|   Local DRAM bandwidth [MByte/s] STAT  |  7439.9459 |       3.7737 |   677.8380 |  309.9977 |
|  Remote DRAM data volume [GByte] STAT  |    17.7762 |       0.0262 |     2.9585 |    0.7407 |
|  Remote DRAM bandwidth [MByte/s] STAT  |    66.6715 |       0.0983 |    11.0962 |    2.7780 |
|     Memory data volume [GByte] STAT    |  2001.4166 |       1.1762 |   183.3902 |   83.3924 |
|     Memory bandwidth [MByte/s] STAT    |  7506.6175 |       4.4115 |   687.8330 |  312.7757 |
|          L3 request rate STAT          |    55.8147 |       1.6051 |     3.0566 |    2.3256 |
|            L3 miss rate STAT           |     3.2102 |       0.0039 |     0.5441 |    0.1338 |
|           L3 miss ratio STAT           |     1.0120 |       0.0037 |     0.1690 |    0.0422 |
|          L2 request rate STAT          |     0.5411 |       0.0002 |     0.0503 |    0.0225 |
|            L2 miss rate STAT           |     0.1636 | 2.087264e-05 |     0.0152 |    0.0068 |
|           L2 miss ratio STAT           |     4.9888 |       0.1051 |     0.3038 |    0.2079 |
|  Memory read bandwidth [MBytes/s] STAT | 13709.9747 |            0 |  7006.9160 |  571.2489 |
|  Memory read data volume [GBytes] STAT |  3655.3577 |            0 |  1868.1861 |  152.3066 |
| Memory write bandwidth [MBytes/s] STAT |  6974.4087 |            0 |  3643.5811 |  290.6004 |
| Memory write data volume [GBytes] STAT |  1859.5190 |            0 |   971.4527 |   77.4800 |
|    Memory bandwidth [MBytes/s] STAT    | 20684.3834 |            0 | 10650.4971 |  861.8493 |
|    Memory data volume [GBytes] STAT    |  5514.8767 |            0 |  2839.6388 |  229.7865 |
|          Temperature [C] STAT          |        987 |           36 |         46 |   41.1250 |
|             Energy [J] STAT            | 39121.8909 |            0 | 19622.9606 | 1630.0788 |
|             Power [W] STAT             |   146.7326 |            0 |    73.5989 |    6.1139 |
|           Energy PP0 [J] STAT          |          0 |            0 |          0 |         0 |
|           Power PP0 [W] STAT           |          0 |            0 |          0 |         0 |
|          Energy DRAM [J] STAT          |  4870.1457 |            0 |  2503.0745 |  202.9227 |
|           Power DRAM [W] STAT          |    18.2663 |            0 |     9.3882 |    0.7611 |
+----------------------------------------+------------+--------------+------------+-----------+
