--------------------------------------------------------------------------------
CPU name:	Intel(R) Xeon(R) CPU E5-2670 v3 @ 2.30GHz
CPU type:	Intel Xeon Haswell EN/EP/EX processor
CPU clock:	2.30 GHz
--------------------------------------------------------------------------------
Group 1: POWERPERF
+--------------------------------+---------+---------------+---------------+---------------+---------------+---------------+---------------+--------------+--------------+--------------+--------------+--------------+--------------+---------------+---------------+---------------+---------------+---------------+---------------+--------------+--------------+--------------+--------------+--------------+--------------+
|              Event             | Counter |     Core 0    |     Core 1    |     Core 2    |     Core 3    |     Core 4    |     Core 5    |    Core 6    |    Core 7    |    Core 8    |    Core 9    |    Core 10   |    Core 11   |    Core 12    |    Core 13    |    Core 14    |    Core 15    |    Core 16    |    Core 17    |    Core 18   |    Core 19   |    Core 20   |    Core 21   |    Core 22   |    Core 23   |
+--------------------------------+---------+---------------+---------------+---------------+---------------+---------------+---------------+--------------+--------------+--------------+--------------+--------------+--------------+---------------+---------------+---------------+---------------+---------------+---------------+--------------+--------------+--------------+--------------+--------------+--------------+
|        INSTR_RETIRED_ANY       |  FIXC0  | 1271960108721 | 1407237938728 | 1408707533212 | 1407520273139 | 1411956774859 | 1409581231691 | 468305209901 | 469256826699 | 463276334359 | 463166988577 | 462299811490 | 462382720280 | 1409536003389 | 1412093794041 | 1408129223554 | 1409040569154 | 1408832585044 | 1270870929244 | 461465220849 | 467204563400 | 459583671731 | 463302800132 | 461570236225 | 459677200622 |
|      CPU_CLK_UNHALTED_CORE     |  FIXC1  |  546253640253 |  604974214999 |  605103511382 |  604766292995 |  606574022845 |  605642993599 | 608590394588 | 609045208302 | 609381060338 | 609367401157 | 609643492923 | 609945205211 |  607806859135 |  608883002195 |  607356954309 |  607579800675 |  607746425045 |  547733237970 | 608828404817 | 609149416051 | 609257936894 | 609428140100 | 609374362461 | 609409651431 |
|      CPU_CLK_UNHALTED_REF      |  FIXC2  |  546380746375 |  605096739792 |  605225468285 |  604888297255 |  606696120002 |  605765021996 | 608590311084 | 609045031825 | 609381034340 | 609368575884 | 609643388992 | 609945212104 |  607928847414 |  609005786327 |  607479260756 |  607702058306 |  607868578122 |  547860938262 | 608828258297 | 609151373636 | 609259403762 | 609428019269 | 609374358015 | 609409465123 |
|           FIXC1/FIXC0          |   CPI   |             0 |             0 |             0 |             0 |             0 |             0 |            0 |            0 |            0 |            0 |            0 |            0 |             0 |             0 |             0 |             0 |             0 |             0 |            0 |            0 |            0 |            0 |            0 |            0 |
|  OFFCORE_RESPONSE_0_LOCAL_DRAM |   PMC0  |      19917299 |      21676061 |      21921401 |      23524125 |      22086712 |      19613071 |   9197911405 |   9214443708 |   9247046621 |   9184337753 |   9178445611 |   9191804771 |      27215368 |      27541347 |      28068065 |      26643488 |      27317244 |      25826333 |   8651395883 |   9161779969 |   9151635019 |   9202024630 |   9153830700 |   9130427408 |
| OFFCORE_RESPONSE_1_REMOTE_DRAM |   PMC1  |        219914 |        188892 |        189027 |        186290 |        210441 |       2745881 |     14936616 |      6596866 |      6282793 |      7057349 |      6358744 |     35037709 |       2928888 |       2804717 |       3181543 |       2932684 |       3155790 |       1728059 |    557352693 |     46803469 |     49053692 |     49313094 |     50251331 |     55465066 |
|  MEM_LOAD_UOPS_RETIRED_L3_ALL  |   PMC2  |       3962774 |       4389723 |       4547106 |       4520536 |       4488449 |       4512214 |  42623070927 |  42691074047 |  42929212521 |  42603135835 |  42570824445 |  42777107967 |       8223633 |       8155519 |       8804639 |       8207959 |       8316378 |       7271130 |  42515143334 |  42546610682 |  42610637178 |  42839522320 |  42571186282 |  42521336138 |
|  MEM_LOAD_UOPS_RETIRED_L3_MISS |   PMC3  |       2726321 |       2980729 |       3184006 |       3074589 |       3096542 |       3138441 |   4247571849 |   4262352101 |   4314134014 |   4293923698 |   4304939964 |   4372890136 |       5199783 |       5135363 |       5810818 |       5202503 |       5315014 |       4556725 |   4173911535 |   4228533974 |   4254422726 |   4301624091 |   4294022426 |   4335337230 |
|      L2_TRANS_ALL_REQUESTS     |   PMC4  |     302915446 |     292333644 |     279515003 |     296124461 |     510240572 |     508175952 | 116189162917 | 116330213463 | 116744271119 | 115940997879 | 115878522745 | 116386590635 |     333388783 |     337322625 |     335334337 |     330975476 |     545949269 |     494052602 | 116090070543 | 116118183979 | 116054998243 | 116699148342 | 116034466277 | 115823849239 |
|          L2_RQSTS_MISS         |   PMC5  |      35483037 |      29872636 |      29939391 |      32853696 |      30448085 |      30291325 |  49022006151 |  49094863726 |  49269746125 |  48928871126 |  48899876380 |  49117247824 |      43650062 |      43919067 |      44649639 |      42977387 |      44013609 |      39912315 |  48987504966 |  49001799964 |  48986894963 |  49269896320 |  48977103080 |  48895539468 |
|        UOPS_RETIRED_ALL        |   PMC6  | 1518923003733 | 1679918156790 | 1681570466258 | 1680206598316 | 1685466391790 | 1682630421669 | 516846817352 | 517926320685 | 503806249844 | 506760889036 | 504731969697 | 502181663493 | 1682848271778 | 1685910414087 | 1681184593116 | 1682261816224 | 1682064079308 | 1517262763286 | 501634835576 | 512581319713 | 497153737370 | 501580382074 | 500492973404 | 497099803877 |
|            TEMP_CORE           |   TMP0  |            39 |            37 |            39 |            40 |            42 |            39 |           42 |           42 |           43 |           42 |           41 |           38 |            41 |            42 |            42 |            42 |            42 |            41 |           43 |           43 |           41 |           44 |           43 |           43 |
|         PWR_PKG_ENERGY         |   PWR0  |  1.070125e+06 |             0 |             0 |             0 |             0 |             0 |            0 |            0 |            0 |            0 |            0 |            0 |    21134.5834 |             0 |             0 |             0 |             0 |             0 |            0 |            0 |            0 |            0 |            0 |            0 |
|         PWR_PP0_ENERGY         |   PWR1  |             0 |             0 |             0 |             0 |             0 |             0 |            0 |            0 |            0 |            0 |            0 |            0 |             0 |             0 |             0 |             0 |             0 |             0 |            0 |            0 |            0 |            0 |            0 |            0 |
|         PWR_DRAM_ENERGY        |   PWR3  |     3056.2039 |             0 |             0 |             0 |             0 |             0 |            0 |            0 |            0 |            0 |            0 |            0 |     3201.8514 |             0 |             0 |             0 |             0 |             0 |            0 |            0 |            0 |            0 |            0 |            0 |
|          CAS_COUNT_RD          | MBOX0C0 |   14319507469 |             0 |             0 |             0 |             0 |             0 |            0 |            0 |            0 |            0 |            0 |            0 |   13791966471 |             0 |             0 |             0 |             0 |             0 |            0 |            0 |            0 |            0 |            0 |            0 |
|          CAS_COUNT_WR          | MBOX0C1 |     315158034 |             0 |             0 |             0 |             0 |             0 |            0 |            0 |            0 |            0 |            0 |            0 |     200816405 |             0 |             0 |             0 |             0 |             0 |            0 |            0 |            0 |            0 |            0 |            0 |
|          CAS_COUNT_RD          | MBOX1C0 |   14332890715 |             0 |             0 |             0 |             0 |             0 |            0 |            0 |            0 |            0 |            0 |            0 |   13776774905 |             0 |             0 |             0 |             0 |             0 |            0 |            0 |            0 |            0 |            0 |            0 |
|          CAS_COUNT_WR          | MBOX1C1 |     328361587 |             0 |             0 |             0 |             0 |             0 |            0 |            0 |            0 |            0 |            0 |            0 |     186354493 |             0 |             0 |             0 |             0 |             0 |            0 |            0 |            0 |            0 |            0 |            0 |
|          CAS_COUNT_RD          | MBOX2C0 |             0 |             0 |             0 |             0 |             0 |             0 |            0 |            0 |            0 |            0 |            0 |            0 |             0 |             0 |             0 |             0 |             0 |             0 |            0 |            0 |            0 |            0 |            0 |            0 |
|          CAS_COUNT_WR          | MBOX2C1 |             0 |             0 |             0 |             0 |             0 |             0 |            0 |            0 |            0 |            0 |            0 |            0 |             0 |             0 |             0 |             0 |             0 |             0 |            0 |            0 |            0 |            0 |            0 |            0 |
|          CAS_COUNT_RD          | MBOX3C0 |             0 |             0 |             0 |             0 |             0 |             0 |            0 |            0 |            0 |            0 |            0 |            0 |             0 |             0 |             0 |             0 |             0 |             0 |            0 |            0 |            0 |            0 |            0 |            0 |
|          CAS_COUNT_WR          | MBOX3C1 |             0 |             0 |             0 |             0 |             0 |             0 |            0 |            0 |            0 |            0 |            0 |            0 |             0 |             0 |             0 |             0 |             0 |             0 |            0 |            0 |            0 |            0 |            0 |            0 |
|          CAS_COUNT_RD          | MBOX4C0 |   14326966466 |             0 |             0 |             0 |             0 |             0 |            0 |            0 |            0 |            0 |            0 |            0 |   13792505881 |             0 |             0 |             0 |             0 |             0 |            0 |            0 |            0 |            0 |            0 |            0 |
|          CAS_COUNT_WR          | MBOX4C1 |     319431730 |             0 |             0 |             0 |             0 |             0 |            0 |            0 |            0 |            0 |            0 |            0 |     201935902 |             0 |             0 |             0 |             0 |             0 |            0 |            0 |            0 |            0 |            0 |            0 |
|          CAS_COUNT_RD          | MBOX5C0 |   14344069545 |             0 |             0 |             0 |             0 |             0 |            0 |            0 |            0 |            0 |            0 |            0 |   13778448756 |             0 |             0 |             0 |             0 |             0 |            0 |            0 |            0 |            0 |            0 |            0 |
|          CAS_COUNT_WR          | MBOX5C1 |     334851788 |             0 |             0 |             0 |             0 |             0 |            0 |            0 |            0 |            0 |            0 |            0 |     187912275 |             0 |             0 |             0 |             0 |             0 |            0 |            0 |            0 |            0 |            0 |            0 |
|          CAS_COUNT_RD          | MBOX6C0 |             0 |             0 |             0 |             0 |             0 |             0 |            0 |            0 |            0 |            0 |            0 |            0 |             0 |             0 |             0 |             0 |             0 |             0 |            0 |            0 |            0 |            0 |            0 |            0 |
|          CAS_COUNT_WR          | MBOX6C1 |             0 |             0 |             0 |             0 |             0 |             0 |            0 |            0 |            0 |            0 |            0 |            0 |             0 |             0 |             0 |             0 |             0 |             0 |            0 |            0 |            0 |            0 |            0 |            0 |
|          CAS_COUNT_RD          | MBOX7C0 |             0 |             0 |             0 |             0 |             0 |             0 |            0 |            0 |            0 |            0 |            0 |            0 |             0 |             0 |             0 |             0 |             0 |             0 |            0 |            0 |            0 |            0 |            0 |            0 |
|          CAS_COUNT_WR          | MBOX7C1 |             0 |             0 |             0 |             0 |             0 |             0 |            0 |            0 |            0 |            0 |            0 |            0 |             0 |             0 |             0 |             0 |             0 |             0 |            0 |            0 |            0 |            0 |            0 |            0 |
+--------------------------------+---------+---------------+---------------+---------------+---------------+---------------+---------------+--------------+--------------+--------------+--------------+--------------+--------------+---------------+---------------+---------------+---------------+---------------+---------------+--------------+--------------+--------------+--------------+--------------+--------------+
+-------------------------------------+---------+----------------+--------------+---------------+--------------+
|                Event                | Counter |       Sum      |      Min     |      Max      |      Avg     |
+-------------------------------------+---------+----------------+--------------+---------------+--------------+
|        INSTR_RETIRED_ANY STAT       |  FIXC0  | 22196958549041 | 459583671731 | 1412093794041 | 9.248733e+11 |
|      CPU_CLK_UNHALTED_CORE STAT     |  FIXC1  | 14471841629675 | 546253640253 |  609945205211 | 6.029934e+11 |
|      CPU_CLK_UNHALTED_REF STAT      |  FIXC2  | 14473322295223 | 546380746375 |  609945212104 | 6.030551e+11 |
|           FIXC1/FIXC0 STAT          |   CPI   |              0 |            0 |             0 |            0 |
|  OFFCORE_RESPONSE_0_LOCAL_DRAM STAT |   PMC0  |   109956433992 |     19613071 |    9247046621 |   4581518083 |
| OFFCORE_RESPONSE_1_REMOTE_DRAM STAT |   PMC1  |      904981548 |       186290 |     557352693 | 3.770756e+07 |
|  MEM_LOAD_UOPS_RETIRED_L3_ALL STAT  |   PMC2  |   511874261736 |      3962774 |   42929212521 |  21328094239 |
|  MEM_LOAD_UOPS_RETIRED_L3_MISS STAT |   PMC3  |    51433084578 |      2726321 |    4372890136 | 2.143045e+09 |
|      L2_TRANS_ALL_REQUESTS STAT     |   PMC4  |  1398856803551 |    279515003 |  116744271119 | 5.828570e+10 |
|          L2_RQSTS_MISS STAT         |   PMC5  |   588899360342 |     29872636 |   49269896320 | 2.453747e+10 |
|        UOPS_RETIRED_ALL STAT        |   PMC6  | 25923043938476 | 497099803877 | 1685910414087 | 1.080127e+12 |
|            TEMP_CORE STAT           |   TMP0  |            991 |           37 |            44 |      41.2917 |
|         PWR_PKG_ENERGY STAT         |   PWR0  |   1.091260e+06 |            0 |       1070125 |   45469.1493 |
|         PWR_PP0_ENERGY STAT         |   PWR1  |              0 |            0 |             0 |            0 |
|         PWR_DRAM_ENERGY STAT        |   PWR3  |      6258.0553 |            0 |     3201.8514 |     260.7523 |
|          CAS_COUNT_RD STAT          | MBOX0C0 |    28111473940 |            0 |   14319507469 | 1.171311e+09 |
|          CAS_COUNT_WR STAT          | MBOX0C1 |      515974439 |            0 |     315158034 | 2.149893e+07 |
|          CAS_COUNT_RD STAT          | MBOX1C0 |    28109665620 |            0 |   14332890715 | 1.171236e+09 |
|          CAS_COUNT_WR STAT          | MBOX1C1 |      514716080 |            0 |     328361587 | 2.144650e+07 |
|          CAS_COUNT_RD STAT          | MBOX2C0 |              0 |            0 |             0 |            0 |
|          CAS_COUNT_WR STAT          | MBOX2C1 |              0 |            0 |             0 |            0 |
|          CAS_COUNT_RD STAT          | MBOX3C0 |              0 |            0 |             0 |            0 |
|          CAS_COUNT_WR STAT          | MBOX3C1 |              0 |            0 |             0 |            0 |
|          CAS_COUNT_RD STAT          | MBOX4C0 |    28119472347 |            0 |   14326966466 | 1.171645e+09 |
|          CAS_COUNT_WR STAT          | MBOX4C1 |      521367632 |            0 |     319431730 | 2.172365e+07 |
|          CAS_COUNT_RD STAT          | MBOX5C0 |    28122518301 |            0 |   14344069545 | 1.171772e+09 |
|          CAS_COUNT_WR STAT          | MBOX5C1 |      522764063 |            0 |     334851788 | 2.178184e+07 |
|          CAS_COUNT_RD STAT          | MBOX6C0 |              0 |            0 |             0 |            0 |
|          CAS_COUNT_WR STAT          | MBOX6C1 |              0 |            0 |             0 |            0 |
|          CAS_COUNT_RD STAT          | MBOX7C0 |              0 |            0 |             0 |            0 |
|          CAS_COUNT_WR STAT          | MBOX7C1 |              0 |            0 |             0 |            0 |
+-------------------------------------+---------+----------------+--------------+---------------+--------------+
+-----------------------------------+--------------+--------------+--------------+--------------+--------------+--------------+-----------+-----------+-----------+-----------+-----------+-----------+--------------+--------------+--------------+--------------+--------------+--------------+-----------+-----------+-----------+-----------+-----------+-----------+
|               Metric              |    Core 0    |    Core 1    |    Core 2    |    Core 3    |    Core 4    |    Core 5    |   Core 6  |   Core 7  |   Core 8  |   Core 9  |  Core 10  |  Core 11  |    Core 12   |    Core 13   |    Core 14   |    Core 15   |    Core 16   |    Core 17   |  Core 18  |  Core 19  |  Core 20  |  Core 21  |  Core 22  |  Core 23  |
+-----------------------------------+--------------+--------------+--------------+--------------+--------------+--------------+-----------+-----------+-----------+-----------+-----------+-----------+--------------+--------------+--------------+--------------+--------------+--------------+-----------+-----------+-----------+-----------+-----------+-----------+
|        Runtime (RDTSC) [s]        |     267.5127 |     267.5127 |     267.5127 |     267.5127 |     267.5127 |     267.5127 |  267.5127 |  267.5127 |  267.5127 |  267.5127 |  267.5127 |  267.5127 |     267.5127 |     267.5127 |     267.5127 |     267.5127 |     267.5127 |     267.5127 |  267.5127 |  267.5127 |  267.5127 |  267.5127 |  267.5127 |  267.5127 |
|        Runtime unhalted [s]       |     237.5062 |     263.0374 |     263.0936 |     262.9470 |     263.7330 |     263.3282 |  264.6097 |  264.8075 |  264.9535 |  264.9475 |  265.0676 |  265.1988 |     264.2690 |     264.7369 |     264.0734 |     264.1703 |     264.2428 |     238.1496 |  264.7132 |  264.8528 |  264.8999 |  264.9739 |  264.9506 |  264.9659 |
|            Clock [MHz]            |    2299.4199 |    2299.4892 |    2299.4915 |    2299.4910 |    2299.4921 |    2299.4916 | 2299.9553 | 2299.9556 | 2299.9550 | 2299.9505 | 2299.9553 | 2299.9549 |    2299.4934 |    2299.4912 |    2299.4919 |    2299.4922 |    2299.4928 |    2299.4188 | 2299.9555 | 2299.9475 | 2299.9494 | 2299.9554 | 2299.9550 | 2299.9556 |
|                CPI                |       0.4295 |       0.4299 |       0.4295 |       0.4297 |       0.4296 |       0.4297 |    1.2996 |    1.2979 |    1.3154 |    1.3157 |    1.3187 |    1.3191 |       0.4312 |       0.4312 |       0.4313 |       0.4312 |       0.4314 |       0.4310 |    1.3193 |    1.3038 |    1.3257 |    1.3154 |    1.3202 |    1.3257 |
|   Local DRAM data volume [GByte]  |       1.2747 |       1.3873 |       1.4030 |       1.5055 |       1.4135 |       1.2552 |  588.6663 |  589.7244 |  591.8110 |  587.7976 |  587.4205 |  588.2755 |       1.7418 |       1.7626 |       1.7964 |       1.7052 |       1.7483 |       1.6529 |  553.6893 |  586.3539 |  585.7046 |  588.9296 |  585.8452 |  584.3474 |
|   Local DRAM bandwidth [MByte/s]  |       4.7650 |       5.1858 |       5.2445 |       5.6279 |       5.2840 |       4.6923 | 2200.5176 | 2204.4728 | 2212.2727 | 2197.2702 | 2195.8606 | 2199.0566 |       6.5110 |       6.5890 |       6.7150 |       6.3742 |       6.5354 |       6.1787 | 2069.7686 | 2191.8734 | 2189.4464 | 2201.5016 | 2189.9717 | 2184.3726 |
|  Remote DRAM data volume [GByte]  |       0.0141 |       0.0121 |       0.0121 |       0.0119 |       0.0135 |       0.1757 |    0.9559 |    0.4222 |    0.4021 |    0.4517 |    0.4070 |    2.2424 |       0.1874 |       0.1795 |       0.2036 |       0.1877 |       0.2020 |       0.1106 |   35.6706 |    2.9954 |    3.1394 |    3.1560 |    3.2161 |    3.5498 |
|  Remote DRAM bandwidth [MByte/s]  |       0.0526 |       0.0452 |       0.0452 |       0.0446 |       0.0503 |       0.6569 |    3.5735 |    1.5782 |    1.5031 |    1.6884 |    1.5213 |    8.3825 |       0.7007 |       0.6710 |       0.7612 |       0.7016 |       0.7550 |       0.4134 |  133.3416 |   11.1973 |   11.7357 |   11.7977 |   12.0222 |   13.2695 |
|     Memory data volume [GByte]    |       1.2888 |       1.3994 |       1.4151 |       1.5175 |       1.4270 |       1.4310 |  589.6223 |  590.1466 |  592.2131 |  588.2493 |  587.8275 |  590.5179 |       1.9292 |       1.9421 |       2.0000 |       1.8929 |       1.9503 |       1.7635 |  589.3599 |  589.3493 |  588.8441 |  592.0856 |  589.0612 |  587.8971 |
|     Memory bandwidth [MByte/s]    |       4.8176 |       5.2310 |       5.2897 |       5.6725 |       5.3344 |       5.3492 | 2204.0910 | 2206.0510 | 2213.7758 | 2198.9586 | 2197.3818 | 2207.4391 |       7.2117 |       7.2600 |       7.4762 |       7.0758 |       7.2904 |       6.5921 | 2203.1103 | 2203.0708 | 2201.1820 | 2213.2993 | 2201.9938 | 2197.6421 |
|          L3 request rate          |       1.4535 |       1.4727 |       1.4281 |       1.4703 |       1.4495 |       1.4377 |   10.0347 |   10.0158 |    9.9508 |    9.9217 |    9.8888 |    9.7823 |       1.5815 |       1.5881 |       1.5152 |       1.5777 |       1.5647 |       1.5957 |   10.1859 |   10.0618 |   10.0156 |    9.9589 |    9.9141 |    9.8081 |
|            L3 miss rate           |       0.0555 |       0.0430 |       0.0416 |       0.0412 |       0.0469 |       0.6085 |    0.0004 |    0.0002 |    0.0001 |    0.0002 |    0.0001 |    0.0008 |       0.3562 |       0.3439 |       0.3613 |       0.3573 |       0.3795 |       0.2377 |    0.0131 |    0.0011 |    0.0012 |    0.0012 |    0.0012 |    0.0013 |
|           L3 miss ratio           |       0.0110 |       0.0087 |       0.0086 |       0.0079 |       0.0095 |       0.1400 |    0.0016 |    0.0007 |    0.0007 |    0.0008 |    0.0007 |    0.0038 |       0.1076 |       0.1018 |       0.1134 |       0.1101 |       0.1155 |       0.0669 |    0.0644 |    0.0051 |    0.0054 |    0.0054 |    0.0055 |    0.0061 |
|          L2 request rate          |       0.0002 |       0.0002 |       0.0002 |       0.0002 |       0.0004 |       0.0004 |    0.2481 |    0.2479 |    0.2520 |    0.2503 |    0.2507 |    0.2517 |       0.0002 |       0.0002 |       0.0002 |       0.0002 |       0.0004 |       0.0004 |    0.2516 |    0.2485 |    0.2525 |    0.2519 |    0.2514 |    0.2520 |
|            L2 miss rate           | 2.789634e-05 | 2.122785e-05 | 2.125309e-05 | 2.334154e-05 | 2.156446e-05 | 2.148959e-05 |    0.1047 |    0.1046 |    0.1064 |    0.1056 |    0.1058 |    0.1062 | 3.096768e-05 | 3.110209e-05 | 3.170848e-05 | 3.050117e-05 | 3.124119e-05 | 3.140548e-05 |    0.1062 |    0.1049 |    0.1066 |    0.1063 |    0.1061 |    0.1064 |
|           L2 miss ratio           |       0.1171 |       0.1022 |       0.1071 |       0.1109 |       0.0597 |       0.0596 |    0.4219 |    0.4220 |    0.4220 |    0.4220 |    0.4220 |    0.4220 |       0.1309 |       0.1302 |       0.1331 |       0.1299 |       0.0806 |       0.0808 |    0.4220 |    0.4220 |    0.4221 |    0.4222 |    0.4221 |    0.4222 |
|  Memory read bandwidth [MBytes/s] |   13714.1160 |            0 |            0 |            0 |            0 |            0 |         0 |         0 |         0 |         0 |         0 |         0 |   13191.6763 |            0 |            0 |            0 |            0 |            0 |         0 |         0 |         0 |         0 |         0 |         0 |
|  Memory read data volume [GBytes] |    3668.6998 |            0 |            0 |            0 |            0 |            0 |         0 |         0 |         0 |         0 |         0 |         0 |    3528.9405 |            0 |            0 |            0 |            0 |            0 |         0 |         0 |         0 |         0 |         0 |         0 |
| Memory write bandwidth [MBytes/s] |     310.4877 |            0 |            0 |            0 |            0 |            0 |         0 |         0 |         0 |         0 |         0 |         0 |     185.8948 |            0 |            0 |            0 |            0 |            0 |         0 |         0 |         0 |         0 |         0 |         0 |
| Memory write data volume [GBytes] |      83.0594 |            0 |            0 |            0 |            0 |            0 |         0 |         0 |         0 |         0 |         0 |         0 |      49.7292 |            0 |            0 |            0 |            0 |            0 |         0 |         0 |         0 |         0 |         0 |         0 |
|    Memory bandwidth [MBytes/s]    |   14024.6037 |            0 |            0 |            0 |            0 |            0 |         0 |         0 |         0 |         0 |         0 |         0 |   13377.5711 |            0 |            0 |            0 |            0 |            0 |         0 |         0 |         0 |         0 |         0 |         0 |
|    Memory data volume [GBytes]    |    3751.7592 |            0 |            0 |            0 |            0 |            0 |         0 |         0 |         0 |         0 |         0 |         0 |    3578.6698 |            0 |            0 |            0 |            0 |            0 |         0 |         0 |         0 |         0 |         0 |         0 |
|          Temperature [C]          |           39 |           37 |           39 |           40 |           42 |           39 |        42 |        42 |        43 |        42 |        41 |        38 |           41 |           42 |           42 |           42 |           42 |           41 |        43 |        43 |        41 |        44 |        43 |        43 |
|             Energy [J]            | 1.070125e+06 |            0 |            0 |            0 |            0 |            0 |         0 |         0 |         0 |         0 |         0 |         0 |   21134.5834 |            0 |            0 |            0 |            0 |            0 |         0 |         0 |         0 |         0 |         0 |         0 |
|             Power [W]             |    4000.2784 |            0 |            0 |            0 |            0 |            0 |         0 |         0 |         0 |         0 |         0 |         0 |      79.0040 |            0 |            0 |            0 |            0 |            0 |         0 |         0 |         0 |         0 |         0 |         0 |
|           Energy PP0 [J]          |            0 |            0 |            0 |            0 |            0 |            0 |         0 |         0 |         0 |         0 |         0 |         0 |            0 |            0 |            0 |            0 |            0 |            0 |         0 |         0 |         0 |         0 |         0 |         0 |
|           Power PP0 [W]           |            0 |            0 |            0 |            0 |            0 |            0 |         0 |         0 |         0 |         0 |         0 |         0 |            0 |            0 |            0 |            0 |            0 |            0 |         0 |         0 |         0 |         0 |         0 |         0 |
|          Energy DRAM [J]          |    3056.2039 |            0 |            0 |            0 |            0 |            0 |         0 |         0 |         0 |         0 |         0 |         0 |    3201.8514 |            0 |            0 |            0 |            0 |            0 |         0 |         0 |         0 |         0 |         0 |         0 |
|           Power DRAM [W]          |      11.4245 |            0 |            0 |            0 |            0 |            0 |         0 |         0 |         0 |         0 |         0 |         0 |      11.9690 |            0 |            0 |            0 |            0 |            0 |         0 |         0 |         0 |         0 |         0 |         0 |
+-----------------------------------+--------------+--------------+--------------+--------------+--------------+--------------+-----------+-----------+-----------+-----------+-----------+-----------+--------------+--------------+--------------+--------------+--------------+--------------+-----------+-----------+-----------+-----------+-----------+-----------+
+----------------------------------------+--------------+--------------+------------+------------+
|                 Metric                 |      Sum     |      Min     |     Max    |     Avg    |
+----------------------------------------+--------------+--------------+------------+------------+
|        Runtime (RDTSC) [s] STAT        |    6420.3048 |     267.5127 |   267.5127 |   267.5127 |
|        Runtime unhalted [s] STAT       |    6292.2283 |     237.5062 |   265.1988 |   262.1762 |
|            Clock [MHz] STAT            |   55193.2006 |    2299.4188 |  2299.9556 |  2299.7167 |
|                CPI STAT                |      20.9417 |       0.4295 |     1.3257 |     0.8726 |
|   Local DRAM data volume [GByte] STAT  |    7037.2117 |       1.2552 |   591.8110 |   293.2172 |
|   Local DRAM bandwidth [MByte/s] STAT  |   26306.0876 |       4.6923 |  2212.2727 |  1096.0870 |
|  Remote DRAM data volume [GByte] STAT  |      57.9188 |       0.0119 |    35.6706 |     2.4133 |
|  Remote DRAM bandwidth [MByte/s] STAT  |     216.5087 |       0.0446 |   133.3416 |     9.0212 |
|     Memory data volume [GByte] STAT    |    7095.1307 |       1.2888 |   592.2131 |   295.6304 |
|     Memory bandwidth [MByte/s] STAT    |   26522.5962 |       4.8176 |  2213.7758 |  1105.1082 |
|          L3 request rate STAT          |     137.6732 |       1.4281 |    10.1859 |     5.7364 |
|            L3 miss rate STAT           |       2.8935 |       0.0001 |     0.6085 |     0.1206 |
|           L3 miss ratio STAT           |       0.9012 |       0.0007 |     0.1400 |     0.0375 |
|          L2 request rate STAT          |       3.0118 |       0.0002 |     0.2525 |     0.1255 |
|            L2 miss rate STAT           |       1.2701 | 2.122785e-05 |     0.1066 |     0.0529 |
|           L2 miss ratio STAT           |       6.3066 |       0.0596 |     0.4222 |     0.2628 |
|  Memory read bandwidth [MBytes/s] STAT |   26905.7923 |            0 | 13714.1160 |  1121.0747 |
|  Memory read data volume [GBytes] STAT |    7197.6403 |            0 |  3668.6998 |   299.9017 |
| Memory write bandwidth [MBytes/s] STAT |     496.3825 |            0 |   310.4877 |    20.6826 |
| Memory write data volume [GBytes] STAT |     132.7886 |            0 |    83.0594 |     5.5329 |
|    Memory bandwidth [MBytes/s] STAT    |   27402.1748 |            0 | 14024.6037 |  1141.7573 |
|    Memory data volume [GBytes] STAT    |    7330.4290 |            0 |  3751.7592 |   305.4345 |
|          Temperature [C] STAT          |          991 |           37 |         44 |    41.2917 |
|             Energy [J] STAT            | 1.091260e+06 |            0 |    1070125 | 45469.1493 |
|             Power [W] STAT             |    4079.2824 |            0 |  4000.2784 |   169.9701 |
|           Energy PP0 [J] STAT          |            0 |            0 |          0 |          0 |
|           Power PP0 [W] STAT           |            0 |            0 |          0 |          0 |
|          Energy DRAM [J] STAT          |    6258.0553 |            0 |  3201.8514 |   260.7523 |
|           Power DRAM [W] STAT          |      23.3935 |            0 |    11.9690 |     0.9747 |
+----------------------------------------+--------------+--------------+------------+------------+
