--------------------------------------------------------------------------------
CPU name:	Intel(R) Xeon(R) CPU E5-2670 v3 @ 2.30GHz
CPU type:	Intel Xeon Haswell EN/EP/EX processor
CPU clock:	2.30 GHz
--------------------------------------------------------------------------------
Group 1: POWERPERF
+--------------------------------+---------+---------------+---------------+---------------+---------------+---------------+---------------+---------------+---------------+---------------+---------------+---------------+---------------+---------------+---------------+---------------+---------------+---------------+---------------+---------------+---------------+---------------+---------------+---------------+---------------+
|              Event             | Counter |     Core 0    |     Core 1    |     Core 2    |     Core 3    |     Core 4    |     Core 5    |     Core 6    |     Core 7    |     Core 8    |     Core 9    |    Core 10    |    Core 11    |    Core 12    |    Core 13    |    Core 14    |    Core 15    |    Core 16    |    Core 17    |    Core 18    |    Core 19    |    Core 20    |    Core 21    |    Core 22    |    Core 23    |
+--------------------------------+---------+---------------+---------------+---------------+---------------+---------------+---------------+---------------+---------------+---------------+---------------+---------------+---------------+---------------+---------------+---------------+---------------+---------------+---------------+---------------+---------------+---------------+---------------+---------------+---------------+
|        INSTR_RETIRED_ANY       |  FIXC0  | 1269883152540 | 1411881209796 | 1409241990109 | 1402511642573 | 1413192930144 | 1409558373283 |  953847529164 |  949284008982 |  945791212963 |  943940728311 |  943442249922 |  937356092064 | 1410162243484 | 1413473772339 | 1409094708601 | 1402912936138 | 1411971128571 | 1268626147697 |  937018956997 |  939458368541 |  938577674596 |  941560972514 |  945371727456 |  948354058888 |
|      CPU_CLK_UNHALTED_CORE     |  FIXC1  |  547120985246 |  608419274050 |  607104590275 |  605355692327 |  608861004007 |  607227100775 |  606359826592 |  604485576552 |  604890563940 |  605124085123 |  605195777238 |  605466927211 |  607454393836 |  608865002816 |  606984464504 |  604798023812 |  608227596412 |  546449579358 |  605352526478 |  605321112779 |  605384660530 |  605074987228 |  604982707888 |  604798514571 |
|      CPU_CLK_UNHALTED_REF      |  FIXC2  |  547248907572 |  608537884539 |  607223591376 |  605476425379 |  608978848658 |  607346177880 |  606535743440 |  604867306742 |  605220938711 |  605365892646 |  605427972590 |  605678649314 |  607572347322 |  608982840745 |  607101747887 |  604916237218 |  608345891441 |  546569171023 |  605427143072 |  605442039206 |  605562741481 |  605252576315 |  605037179705 |  604809670858 |
|           FIXC1/FIXC0          |   CPI   |             0 |             0 |             0 |             0 |             0 |             0 |             0 |             0 |             0 |             0 |             0 |             0 |             0 |             0 |             0 |             0 |             0 |             0 |             0 |             0 |             0 |             0 |             0 |             0 |
|  OFFCORE_RESPONSE_0_LOCAL_DRAM |   PMC0  |      33511911 |      34837372 |      35392301 |      34782092 |      36116189 |      30052663 |    6607317813 |    6520837119 |    6344865929 |    6204360067 |    5829923342 |    4581799214 |      31277765 |      30408478 |      30313781 |      31167072 |      30225207 |      28153424 |    4808013145 |    5557685994 |    5885090427 |    6039460760 |    6233094455 |    6349154466 |
| OFFCORE_RESPONSE_1_REMOTE_DRAM |   PMC1  |       1432140 |        503944 |        540372 |        448077 |        519954 |       4740827 |      58134910 |      71653792 |     140021243 |     278512656 |     622715362 |    1694404734 |       2379606 |       2920476 |       2477573 |       2307077 |       2438943 |       1287022 |    1635175228 |     930140303 |     577236546 |     420274715 |     248714997 |     116907596 |
|  MEM_LOAD_UOPS_RETIRED_L3_ALL  |   PMC2  |       9206997 |      10543808 |      10275599 |      10748796 |      10582731 |      10156380 |     721910603 |     704670327 |     726629428 |     723141939 |     726424168 |     746630409 |       9695926 |       9817350 |       9716522 |       9690308 |       9649014 |       8786721 |     723916059 |     701928849 |     721861585 |     713954880 |     699585785 |     693965177 |
|  MEM_LOAD_UOPS_RETIRED_L3_MISS |   PMC3  |       6105892 |       7103573 |       6890195 |       7352051 |       7196096 |       6771343 |     126730665 |     125257053 |     124948859 |     125735049 |     125942048 |     127800898 |       6161420 |       6287504 |       6214072 |       6214670 |       6146786 |       5568450 |     129205655 |     125964043 |     126610854 |     126785205 |     124736042 |     125167206 |
|      L2_TRANS_ALL_REQUESTS     |   PMC4  |     375411190 |     358922435 |     365827923 |     373511669 |     396958570 |     384726166 |   82523825838 |   81795995915 |   82246998191 |   81986998211 |   82170894117 |   82233759061 |     354476722 |     347938383 |     346623804 |     354978132 |     378432020 |     338955454 |   82904931077 |   82395067823 |   82982070636 |   82437823923 |   81847277925 |   81201128174 |
|          L2_RQSTS_MISS         |   PMC5  |      57554582 |      51241687 |      51738159 |      50649409 |      52312809 |      50625034 |   16774875510 |   16625877299 |   16752773904 |   16754194582 |   16632697823 |   16950598541 |      49876222 |      49595159 |      48867854 |      49676572 |      48759483 |      44138294 |   16696435253 |   16592825183 |   16773275661 |   16723815874 |   16512806247 |   16449618645 |
|        UOPS_RETIRED_ALL        |   PMC6  | 1516575624198 | 1685448192179 | 1682274979475 | 1674432003209 | 1686985427583 | 1682644840592 | 1217162390046 | 1211923440716 | 1206379387747 | 1203433995048 | 1202410908974 | 1192987389864 | 1683386820923 | 1687333373832 | 1682120509154 | 1674821818080 | 1685563026760 | 1514429187359 | 1192566766281 | 1196381871497 | 1194940963716 | 1199782217079 | 1206320744891 | 1211390994524 |
|            TEMP_CORE           |   TMP0  |            41 |            39 |            38 |            41 |            42 |            43 |            46 |            44 |            43 |            45 |            43 |            45 |            43 |            44 |            43 |            44 |            47 |            45 |            46 |            50 |            49 |            48 |            50 |            50 |
|         PWR_PKG_ENERGY         |   PWR0  |    22046.4066 |             0 |             0 |             0 |             0 |             0 |             0 |             0 |             0 |             0 |             0 |             0 |    21644.1160 |             0 |             0 |             0 |             0 |             0 |             0 |             0 |             0 |             0 |             0 |             0 |
|         PWR_PP0_ENERGY         |   PWR1  |             0 |             0 |             0 |             0 |             0 |             0 |             0 |             0 |             0 |             0 |             0 |             0 |             0 |             0 |             0 |             0 |             0 |             0 |             0 |             0 |             0 |             0 |             0 |             0 |
|         PWR_DRAM_ENERGY        |   PWR3  |     3442.6889 |             0 |             0 |             0 |             0 |             0 |             0 |             0 |             0 |             0 |             0 |             0 |     3510.2890 |             0 |             0 |             0 |             0 |             0 |             0 |             0 |             0 |             0 |             0 |             0 |
|          CAS_COUNT_RD          | MBOX0C0 |   14777727009 |             0 |             0 |             0 |             0 |             0 |             0 |             0 |             0 |             0 |             0 |             0 |   13812491229 |             0 |             0 |             0 |             0 |             0 |             0 |             0 |             0 |             0 |             0 |             0 |
|          CAS_COUNT_WR          | MBOX0C1 |    8316404793 |             0 |             0 |             0 |             0 |             0 |             0 |             0 |             0 |             0 |             0 |             0 |    8189248152 |             0 |             0 |             0 |             0 |             0 |             0 |             0 |             0 |             0 |             0 |             0 |
|          CAS_COUNT_RD          | MBOX1C0 |   14770079395 |             0 |             0 |             0 |             0 |             0 |             0 |             0 |             0 |             0 |             0 |             0 |   13834314245 |             0 |             0 |             0 |             0 |             0 |             0 |             0 |             0 |             0 |             0 |             0 |
|          CAS_COUNT_WR          | MBOX1C1 |    8300563540 |             0 |             0 |             0 |             0 |             0 |             0 |             0 |             0 |             0 |             0 |             0 |    8205209583 |             0 |             0 |             0 |             0 |             0 |             0 |             0 |             0 |             0 |             0 |             0 |
|          CAS_COUNT_RD          | MBOX2C0 |             0 |             0 |             0 |             0 |             0 |             0 |             0 |             0 |             0 |             0 |             0 |             0 |             0 |             0 |             0 |             0 |             0 |             0 |             0 |             0 |             0 |             0 |             0 |             0 |
|          CAS_COUNT_WR          | MBOX2C1 |             0 |             0 |             0 |             0 |             0 |             0 |             0 |             0 |             0 |             0 |             0 |             0 |             0 |             0 |             0 |             0 |             0 |             0 |             0 |             0 |             0 |             0 |             0 |             0 |
|          CAS_COUNT_RD          | MBOX3C0 |             0 |             0 |             0 |             0 |             0 |             0 |             0 |             0 |             0 |             0 |             0 |             0 |             0 |             0 |             0 |             0 |             0 |             0 |             0 |             0 |             0 |             0 |             0 |             0 |
|          CAS_COUNT_WR          | MBOX3C1 |             0 |             0 |             0 |             0 |             0 |             0 |             0 |             0 |             0 |             0 |             0 |             0 |             0 |             0 |             0 |             0 |             0 |             0 |             0 |             0 |             0 |             0 |             0 |             0 |
|          CAS_COUNT_RD          | MBOX4C0 |   14778522025 |             0 |             0 |             0 |             0 |             0 |             0 |             0 |             0 |             0 |             0 |             0 |   13818164745 |             0 |             0 |             0 |             0 |             0 |             0 |             0 |             0 |             0 |             0 |             0 |
|          CAS_COUNT_WR          | MBOX4C1 |    8317385074 |             0 |             0 |             0 |             0 |             0 |             0 |             0 |             0 |             0 |             0 |             0 |    8193695762 |             0 |             0 |             0 |             0 |             0 |             0 |             0 |             0 |             0 |             0 |             0 |
|          CAS_COUNT_RD          | MBOX5C0 |   14781218278 |             0 |             0 |             0 |             0 |             0 |             0 |             0 |             0 |             0 |             0 |             0 |   13837220492 |             0 |             0 |             0 |             0 |             0 |             0 |             0 |             0 |             0 |             0 |             0 |
|          CAS_COUNT_WR          | MBOX5C1 |    8309462227 |             0 |             0 |             0 |             0 |             0 |             0 |             0 |             0 |             0 |             0 |             0 |    8209217833 |             0 |             0 |             0 |             0 |             0 |             0 |             0 |             0 |             0 |             0 |             0 |
|          CAS_COUNT_RD          | MBOX6C0 |             0 |             0 |             0 |             0 |             0 |             0 |             0 |             0 |             0 |             0 |             0 |             0 |             0 |             0 |             0 |             0 |             0 |             0 |             0 |             0 |             0 |             0 |             0 |             0 |
|          CAS_COUNT_WR          | MBOX6C1 |             0 |             0 |             0 |             0 |             0 |             0 |             0 |             0 |             0 |             0 |             0 |             0 |             0 |             0 |             0 |             0 |             0 |             0 |             0 |             0 |             0 |             0 |             0 |             0 |
|          CAS_COUNT_RD          | MBOX7C0 |             0 |             0 |             0 |             0 |             0 |             0 |             0 |             0 |             0 |             0 |             0 |             0 |             0 |             0 |             0 |             0 |             0 |             0 |             0 |             0 |             0 |             0 |             0 |             0 |
|          CAS_COUNT_WR          | MBOX7C1 |             0 |             0 |             0 |             0 |             0 |             0 |             0 |             0 |             0 |             0 |             0 |             0 |             0 |             0 |             0 |             0 |             0 |             0 |             0 |             0 |             0 |             0 |             0 |             0 |
+--------------------------------+---------+---------------+---------------+---------------+---------------+---------------+---------------+---------------+---------------+---------------+---------------+---------------+---------------+---------------+---------------+---------------+---------------+---------------+---------------+---------------+---------------+---------------+---------------+---------------+---------------+
+-------------------------------------+---------+----------------+---------------+---------------+--------------+
|                Event                | Counter |       Sum      |      Min      |      Max      |      Avg     |
+-------------------------------------+---------+----------------+---------------+---------------+--------------+
|        INSTR_RETIRED_ANY STAT       |  FIXC0  | 27956513815673 |  937018956997 | 1413473772339 | 1.164855e+12 |
|      CPU_CLK_UNHALTED_CORE STAT     |  FIXC1  | 14429304973548 |  546449579358 |  608865002816 | 6.012210e+11 |
|      CPU_CLK_UNHALTED_REF STAT      |  FIXC2  | 14432927925120 |  546569171023 |  608982840745 | 601371996880 |
|           FIXC1/FIXC0 STAT          |   CPI   |              0 |             0 |             0 |            0 |
|  OFFCORE_RESPONSE_0_LOCAL_DRAM STAT |   PMC0  |    71347840986 |      28153424 |    6607317813 | 2.972827e+09 |
| OFFCORE_RESPONSE_1_REMOTE_DRAM STAT |   PMC1  |     6815888093 |        448077 |    1694404734 | 2.839953e+08 |
|  MEM_LOAD_UOPS_RETIRED_L3_ALL STAT  |   PMC2  |     8723489361 |       8786721 |     746630409 | 3.634787e+08 |
|  MEM_LOAD_UOPS_RETIRED_L3_MISS STAT |   PMC3  |     1592895629 |       5568450 |     129205655 | 6.637065e+07 |
|      L2_TRANS_ALL_REQUESTS STAT     |   PMC4  |   991103533359 |     338955454 |   82982070636 | 4.129598e+10 |
|          L2_RQSTS_MISS STAT         |   PMC5  |   200844829786 |      44138294 |   16950598541 | 8.368535e+09 |
|        UOPS_RETIRED_ALL STAT        |   PMC6  | 34291696873727 | 1192566766281 | 1687333373832 |      nil     |
|            TEMP_CORE STAT           |   TMP0  |           1069 |            38 |            50 |      44.5417 |
|         PWR_PKG_ENERGY STAT         |   PWR0  |     43690.5226 |             0 |    22046.4066 |    1820.4384 |
|         PWR_PP0_ENERGY STAT         |   PWR1  |              0 |             0 |             0 |            0 |
|         PWR_DRAM_ENERGY STAT        |   PWR3  |      6952.9779 |             0 |     3510.2890 |     289.7074 |
|          CAS_COUNT_RD STAT          | MBOX0C0 |    28590218238 |             0 |   14777727009 | 1.191259e+09 |
|          CAS_COUNT_WR STAT          | MBOX0C1 |    16505652945 |             0 |    8316404793 | 6.877355e+08 |
|          CAS_COUNT_RD STAT          | MBOX1C0 |    28604393640 |             0 |   14770079395 |   1191849735 |
|          CAS_COUNT_WR STAT          | MBOX1C1 |    16505773123 |             0 |    8300563540 | 6.877405e+08 |
|          CAS_COUNT_RD STAT          | MBOX2C0 |              0 |             0 |             0 |            0 |
|          CAS_COUNT_WR STAT          | MBOX2C1 |              0 |             0 |             0 |            0 |
|          CAS_COUNT_RD STAT          | MBOX3C0 |              0 |             0 |             0 |            0 |
|          CAS_COUNT_WR STAT          | MBOX3C1 |              0 |             0 |             0 |            0 |
|          CAS_COUNT_RD STAT          | MBOX4C0 |    28596686770 |             0 |   14778522025 | 1.191529e+09 |
|          CAS_COUNT_WR STAT          | MBOX4C1 |    16511080836 |             0 |    8317385074 | 6.879617e+08 |
|          CAS_COUNT_RD STAT          | MBOX5C0 |    28618438770 |             0 |   14781218278 | 1.192435e+09 |
|          CAS_COUNT_WR STAT          | MBOX5C1 |    16518680060 |             0 |    8309462227 | 6.882783e+08 |
|          CAS_COUNT_RD STAT          | MBOX6C0 |              0 |             0 |             0 |            0 |
|          CAS_COUNT_WR STAT          | MBOX6C1 |              0 |             0 |             0 |            0 |
|          CAS_COUNT_RD STAT          | MBOX7C0 |              0 |             0 |             0 |            0 |
|          CAS_COUNT_WR STAT          | MBOX7C1 |              0 |             0 |             0 |            0 |
+-------------------------------------+---------+----------------+---------------+---------------+--------------+
+-----------------------------------+--------------+--------------+--------------+--------------+--------------+--------------+-----------+-----------+-----------+-----------+-----------+-----------+--------------+--------------+--------------+--------------+--------------+--------------+-----------+-----------+-----------+-----------+-----------+-----------+
|               Metric              |    Core 0    |    Core 1    |    Core 2    |    Core 3    |    Core 4    |    Core 5    |   Core 6  |   Core 7  |   Core 8  |   Core 9  |  Core 10  |  Core 11  |    Core 12   |    Core 13   |    Core 14   |    Core 15   |    Core 16   |    Core 17   |  Core 18  |  Core 19  |  Core 20  |  Core 21  |  Core 22  |  Core 23  |
+-----------------------------------+--------------+--------------+--------------+--------------+--------------+--------------+-----------+-----------+-----------+-----------+-----------+-----------+--------------+--------------+--------------+--------------+--------------+--------------+-----------+-----------+-----------+-----------+-----------+-----------+
|        Runtime (RDTSC) [s]        |     267.7080 |     267.7080 |     267.7080 |     267.7080 |     267.7080 |     267.7080 |  267.7080 |  267.7080 |  267.7080 |  267.7080 |  267.7080 |  267.7080 |     267.7080 |     267.7080 |     267.7080 |     267.7080 |     267.7080 |     267.7080 |  267.7080 |  267.7080 |  267.7080 |  267.7080 |  267.7080 |  267.7080 |
|        Runtime unhalted [s]       |     237.8963 |     264.5498 |     263.9781 |     263.2177 |     264.7418 |     264.0314 |  263.6543 |  262.8393 |  263.0154 |  263.1170 |  263.1481 |  263.2660 |     264.1302 |     264.7436 |     263.9259 |     262.9752 |     264.4664 |     237.6044 |  263.2163 |  263.2026 |  263.2303 |  263.0956 |  263.0555 |  262.9754 |
|            Clock [MHz]            |    2299.2917 |    2299.3811 |    2299.3786 |    2299.3707 |    2299.3843 |    2299.3784 | 2299.1623 | 2298.3779 | 2298.5739 | 2298.9107 | 2298.9473 | 2299.0254 |    2299.3828 |    2299.3843 |    2299.3850 |    2299.3799 |    2299.3821 |    2299.3261 | 2299.5459 | 2299.3700 | 2299.1530 | 2299.1545 | 2299.6223 | 2299.7869 |
|                CPI                |       0.4308 |       0.4309 |       0.4308 |       0.4316 |       0.4308 |       0.4308 |    0.6357 |    0.6368 |    0.6396 |    0.6411 |    0.6415 |    0.6459 |       0.4308 |       0.4308 |       0.4308 |       0.4311 |       0.4308 |       0.4307 |    0.6460 |    0.6443 |    0.6450 |    0.6426 |    0.6399 |    0.6377 |
|   Local DRAM data volume [GByte]  |       2.1448 |       2.2296 |       2.2651 |       2.2261 |       2.3114 |       1.9234 |  422.8683 |  417.3336 |  406.0714 |  397.0790 |  373.1151 |  293.2351 |       2.0018 |       1.9461 |       1.9401 |       1.9947 |       1.9344 |       1.8018 |  307.7128 |  355.6919 |  376.6458 |  386.5255 |  398.9180 |  406.3459 |
|   Local DRAM bandwidth [MByte/s]  |       8.0116 |       8.3284 |       8.4611 |       8.3152 |       8.6342 |       7.1846 | 1579.5881 | 1558.9135 | 1516.8447 | 1483.2544 | 1393.7392 | 1095.3545 |       7.4775 |       7.2696 |       7.2470 |       7.4510 |       7.2258 |       6.7305 | 1149.4347 | 1328.6563 | 1406.9278 | 1443.8325 | 1490.1238 | 1517.8699 |
|  Remote DRAM data volume [GByte]  |       0.0917 |       0.0323 |       0.0346 |       0.0287 |       0.0333 |       0.3034 |    3.7206 |    4.5858 |    8.9614 |   17.8248 |   39.8538 |  108.4419 |       0.1523 |       0.1869 |       0.1586 |       0.1477 |       0.1561 |       0.0824 |  104.6512 |   59.5290 |   36.9431 |   26.8976 |   15.9178 |    7.4821 |
|  Remote DRAM bandwidth [MByte/s]  |       0.3424 |       0.1205 |       0.1292 |       0.1071 |       0.1243 |       1.1334 |   13.8981 |   17.1300 |   33.4744 |   66.5830 |  148.8704 |  405.0753 |       0.5689 |       0.6982 |       0.5923 |       0.5515 |       0.5831 |       0.3077 |  390.9156 |  222.3654 |  137.9979 |  100.4736 |   59.4594 |   27.9487 |
|     Memory data volume [GByte]    |       2.2364 |       2.2618 |       2.2997 |       2.2547 |       2.3447 |       2.2268 |  426.5890 |  421.9194 |  415.0328 |  414.9039 |  412.9689 |  401.6771 |       2.1541 |       2.1331 |       2.0986 |       2.1423 |       2.0905 |       1.8842 |  412.3641 |  415.2209 |  413.5889 |  413.4231 |  414.8358 |  413.8280 |
|     Memory bandwidth [MByte/s]    |       8.3540 |       8.4489 |       8.5903 |       8.4224 |       8.7585 |       8.3180 | 1593.4862 | 1576.0435 | 1550.3190 | 1549.8375 | 1542.6095 | 1500.4299 |       8.0463 |       7.9678 |       7.8393 |       8.0025 |       7.8089 |       7.0382 | 1540.3503 | 1551.0217 | 1544.9257 | 1544.3061 | 1549.5833 | 1545.8186 |
|          L3 request rate          |       1.5079 |       1.4843 |       1.4913 |       1.4620 |       1.4706 |       1.4999 |    5.6964 |    5.6258 |    5.8154 |    5.7513 |    5.7679 |    5.8421 |       1.5737 |       1.5614 |       1.5636 |       1.5593 |       1.5698 |       1.5779 |    5.6028 |    5.5725 |    5.7014 |    5.6312 |    5.6085 |    5.5443 |
|            L3 miss rate           |       0.1555 |       0.0478 |       0.0526 |       0.0417 |       0.0491 |       0.4668 |    0.0805 |    0.1017 |    0.1927 |    0.3851 |    0.8572 |    2.2694 |       0.2454 |       0.2975 |       0.2550 |       0.2381 |       0.2528 |       0.1465 |    2.2588 |    1.3251 |    0.7996 |    0.5887 |    0.3555 |    0.1685 |
|           L3 miss ratio           |       0.0427 |       0.0145 |       0.0153 |       0.0129 |       0.0144 |       0.1578 |    0.0088 |    0.0110 |    0.0221 |    0.0449 |    0.1068 |    0.3698 |       0.0761 |       0.0960 |       0.0817 |       0.0740 |       0.0807 |       0.0457 |    0.3401 |    0.1674 |    0.0981 |    0.0696 |    0.0399 |    0.0184 |
|          L2 request rate          |       0.0003 |       0.0003 |       0.0003 |       0.0003 |       0.0003 |       0.0003 |    0.0865 |    0.0862 |    0.0870 |    0.0869 |    0.0871 |    0.0877 |       0.0003 |       0.0002 |       0.0002 |       0.0003 |       0.0003 |       0.0003 |    0.0885 |    0.0877 |    0.0884 |    0.0876 |    0.0866 |    0.0856 |
|            L2 miss rate           | 4.532274e-05 | 3.629320e-05 | 3.671347e-05 | 3.611336e-05 | 3.701746e-05 | 3.591553e-05 |    0.0176 |    0.0175 |    0.0177 |    0.0177 |    0.0176 |    0.0181 | 3.536914e-05 | 3.508743e-05 | 3.468032e-05 | 3.540959e-05 | 3.453292e-05 | 3.479220e-05 |    0.0178 |    0.0177 |    0.0179 |    0.0178 |    0.0175 |    0.0173 |
|           L2 miss ratio           |       0.1533 |       0.1428 |       0.1414 |       0.1356 |       0.1318 |       0.1316 |    0.2033 |    0.2033 |    0.2037 |    0.2044 |    0.2024 |    0.2061 |       0.1407 |       0.1425 |       0.1410 |       0.1399 |       0.1288 |       0.1302 |    0.2014 |    0.2014 |    0.2021 |    0.2029 |    0.2018 |    0.2026 |
|  Memory read bandwidth [MBytes/s] |   14130.6322 |            0 |            0 |            0 |            0 |            0 |         0 |         0 |         0 |         0 |         0 |         0 |   13220.8992 |            0 |            0 |            0 |            0 |            0 |         0 |         0 |         0 |         0 |         0 |         0 |
|  Memory read data volume [GBytes] |    3782.8830 |            0 |            0 |            0 |            0 |            0 |         0 |         0 |         0 |         0 |         0 |         0 |    3539.3402 |            0 |            0 |            0 |            0 |            0 |         0 |         0 |         0 |         0 |         0 |         0 |
| Memory write bandwidth [MBytes/s] |    7947.4814 |            0 |            0 |            0 |            0 |            0 |         0 |         0 |         0 |         0 |         0 |         0 |    7840.7516 |            0 |            0 |            0 |            0 |            0 |         0 |         0 |         0 |         0 |         0 |         0 |
| Memory write data volume [GBytes] |    2127.6042 |            0 |            0 |            0 |            0 |            0 |         0 |         0 |         0 |         0 |         0 |         0 |    2099.0318 |            0 |            0 |            0 |            0 |            0 |         0 |         0 |         0 |         0 |         0 |         0 |
|    Memory bandwidth [MBytes/s]    |   22078.1136 |            0 |            0 |            0 |            0 |            0 |         0 |         0 |         0 |         0 |         0 |         0 |   21061.6507 |            0 |            0 |            0 |            0 |            0 |         0 |         0 |         0 |         0 |         0 |         0 |
|    Memory data volume [GBytes]    |    5910.4872 |            0 |            0 |            0 |            0 |            0 |         0 |         0 |         0 |         0 |         0 |         0 |    5638.3720 |            0 |            0 |            0 |            0 |            0 |         0 |         0 |         0 |         0 |         0 |         0 |
|          Temperature [C]          |           41 |           39 |           38 |           41 |           42 |           43 |        46 |        44 |        43 |        45 |        43 |        45 |           43 |           44 |           43 |           44 |           47 |           45 |        46 |        50 |        49 |        48 |        50 |        50 |
|             Energy [J]            |   22046.4066 |            0 |            0 |            0 |            0 |            0 |         0 |         0 |         0 |         0 |         0 |         0 |   21644.1160 |            0 |            0 |            0 |            0 |            0 |         0 |         0 |         0 |         0 |         0 |         0 |
|             Power [W]             |      82.3524 |            0 |            0 |            0 |            0 |            0 |         0 |         0 |         0 |         0 |         0 |         0 |      80.8497 |            0 |            0 |            0 |            0 |            0 |         0 |         0 |         0 |         0 |         0 |         0 |
|           Energy PP0 [J]          |            0 |            0 |            0 |            0 |            0 |            0 |         0 |         0 |         0 |         0 |         0 |         0 |            0 |            0 |            0 |            0 |            0 |            0 |         0 |         0 |         0 |         0 |         0 |         0 |
|           Power PP0 [W]           |            0 |            0 |            0 |            0 |            0 |            0 |         0 |         0 |         0 |         0 |         0 |         0 |            0 |            0 |            0 |            0 |            0 |            0 |         0 |         0 |         0 |         0 |         0 |         0 |
|          Energy DRAM [J]          |    3442.6889 |            0 |            0 |            0 |            0 |            0 |         0 |         0 |         0 |         0 |         0 |         0 |    3510.2890 |            0 |            0 |            0 |            0 |            0 |         0 |         0 |         0 |         0 |         0 |         0 |
|           Power DRAM [W]          |      12.8599 |            0 |            0 |            0 |            0 |            0 |         0 |         0 |         0 |         0 |         0 |         0 |      13.1124 |            0 |            0 |            0 |            0 |            0 |         0 |         0 |         0 |         0 |         0 |         0 |
+-----------------------------------+--------------+--------------+--------------+--------------+--------------+--------------+-----------+-----------+-----------+-----------+-----------+-----------+--------------+--------------+--------------+--------------+--------------+--------------+-----------+-----------+-----------+-----------+-----------+-----------+
+----------------------------------------+------------+--------------+------------+-----------+
|                 Metric                 |     Sum    |      Min     |     Max    |    Avg    |
+----------------------------------------+------------+--------------+------------+-----------+
|        Runtime (RDTSC) [s] STAT        |  6424.9920 |     267.7080 |   267.7080 |  267.7080 |
|        Runtime unhalted [s] STAT       |  6274.0766 |     237.6044 |   264.7436 |  261.4199 |
|            Clock [MHz] STAT            | 55182.0551 |    2298.3779 |  2299.7869 | 2299.2523 |
|                CPI STAT                |    12.8668 |       0.4307 |     0.6460 |    0.5361 |
|   Local DRAM data volume [GByte] STAT  |  4566.2617 |       1.8018 |   422.8683 |  190.2609 |
|   Local DRAM bandwidth [MByte/s] STAT  | 17056.8759 |       6.7305 |  1579.5881 |  710.7032 |
|  Remote DRAM data volume [GByte] STAT  |   436.2171 |       0.0287 |   108.4419 |   18.1757 |
|  Remote DRAM bandwidth [MByte/s] STAT  |  1629.4504 |       0.1071 |   405.0753 |   67.8938 |
|     Memory data volume [GByte] STAT    |  5002.4788 |       1.8842 |   426.5890 |  208.4366 |
|     Memory bandwidth [MByte/s] STAT    | 18686.3264 |       7.0382 |  1593.4862 |  778.5969 |
|          L3 request rate STAT          |    86.4813 |       1.4620 |     5.8421 |    3.6034 |
|            L3 miss rate STAT           |    11.6316 |       0.0417 |     2.2694 |    0.4846 |
|           L3 miss ratio STAT           |     2.0087 |       0.0088 |     0.3698 |    0.0837 |
|          L2 request rate STAT          |     1.0492 |       0.0002 |     0.0885 |    0.0437 |
|            L2 miss rate STAT           |     0.2126 | 3.453292e-05 |     0.0181 |    0.0089 |
|           L2 miss ratio STAT           |     4.0950 |       0.1288 |     0.2061 |    0.1706 |
|  Memory read bandwidth [MBytes/s] STAT | 27351.5314 |            0 | 14130.6322 | 1139.6471 |
|  Memory read data volume [GBytes] STAT |  7322.2232 |            0 |  3782.8830 |  305.0926 |
| Memory write bandwidth [MBytes/s] STAT | 15788.2330 |            0 |  7947.4814 |  657.8430 |
| Memory write data volume [GBytes] STAT |  4226.6360 |            0 |  2127.6042 |  176.1098 |
|    Memory bandwidth [MBytes/s] STAT    | 43139.7643 |            0 | 22078.1136 | 1797.4902 |
|    Memory data volume [GBytes] STAT    | 11548.8592 |            0 |  5910.4872 |  481.2025 |
|          Temperature [C] STAT          |       1069 |           38 |         50 |   44.5417 |
|             Energy [J] STAT            | 43690.5226 |            0 | 22046.4066 | 1820.4384 |
|             Power [W] STAT             |   163.2021 |            0 |    82.3524 |    6.8001 |
|           Energy PP0 [J] STAT          |          0 |            0 |          0 |         0 |
|           Power PP0 [W] STAT           |          0 |            0 |          0 |         0 |
|          Energy DRAM [J] STAT          |  6952.9779 |            0 |  3510.2890 |  289.7074 |
|           Power DRAM [W] STAT          |    25.9723 |            0 |    13.1124 |    1.0822 |
+----------------------------------------+------------+--------------+------------+-----------+
