--------------------------------------------------------------------------------
CPU name:	Intel(R) Xeon(R) CPU E5-2670 v3 @ 2.30GHz
CPU type:	Intel Xeon Haswell EN/EP/EX processor
CPU clock:	2.30 GHz
--------------------------------------------------------------------------------
Group 1: POWERPERF
+--------------------------------+---------+--------+--------+--------+--------+--------+--------+----------+----------+----------+----------+---------+---------+---------+---------+---------+---------+---------+---------+---------+---------+---------+---------+---------+---------+
|              Event             | Counter | Core 0 | Core 1 | Core 2 | Core 3 | Core 4 | Core 5 |  Core 6  |  Core 7  |  Core 8  |  Core 9  | Core 10 | Core 11 | Core 12 | Core 13 | Core 14 | Core 15 | Core 16 | Core 17 | Core 18 | Core 19 | Core 20 | Core 21 | Core 22 | Core 23 |
+--------------------------------+---------+--------+--------+--------+--------+--------+--------+----------+----------+----------+----------+---------+---------+---------+---------+---------+---------+---------+---------+---------+---------+---------+---------+---------+---------+
|        INSTR_RETIRED_ANY       |  FIXC0  |  42913 |   1613 | 339870 |      0 |      0 |      0 | 52185512 | 52050272 | 52909010 |  8957064 | 7739227 | 6005092 |       0 |       0 |  113174 |       0 |       0 |       0 |  639950 |  704500 |  366820 |       0 |       0 |       0 |
|      CPU_CLK_UNHALTED_CORE     |  FIXC1  | 133823 |  40006 | 571477 |      0 |      0 |      0 | 21649061 | 21667976 | 21720643 |  7266745 | 6755597 | 6025355 |       0 |       0 |  216382 |       0 |       0 |       0 | 1318743 | 1409289 |  734118 |       0 |       0 |       0 |
|      CPU_CLK_UNHALTED_REF      |  FIXC2  | 256772 |  76659 | 975959 |      0 |      0 |      0 | 21649118 | 21668024 | 21720809 |  7266735 | 6755583 | 6025333 |       0 |       0 |  414805 |       0 |       0 |       0 | 1318751 | 1409302 |  734114 |       0 |       0 |       0 |
|           FIXC1/FIXC0          |   CPI   |      0 |      0 |      0 |      0 |      0 |      0 |        0 |        0 |        0 |        0 |       0 |       0 |       0 |       0 |       0 |       0 |       0 |       0 |       0 |       0 |       0 |       0 |       0 |       0 |
|  OFFCORE_RESPONSE_0_LOCAL_DRAM |   PMC0  |     20 |     26 |    309 |      0 |      0 |      0 |      482 |      516 |      232 |       36 |      46 |      60 |       0 |       0 |     106 |       0 |       0 |       0 |       0 |       0 |       0 |       0 |       0 |       0 |
| OFFCORE_RESPONSE_1_REMOTE_DRAM |   PMC1  |      0 |     22 |    268 |      0 |      0 |      0 |        3 |        3 |        5 |        1 |       0 |       0 |       0 |       0 |      21 |       0 |       0 |       0 |       2 |       1 |       2 |       0 |       0 |       0 |
|  MEM_LOAD_UOPS_RETIRED_L3_ALL  |   PMC2  |     69 |     99 |   1992 |      0 |      0 |      0 |      590 |      547 |      386 |      122 |     105 |      78 |       0 |       0 |     503 |       0 |       0 |       0 |       5 |       2 |       2 |       0 |       0 |       0 |
|  MEM_LOAD_UOPS_RETIRED_L3_MISS |   PMC3  |      0 |     56 |   1145 |      0 |      0 |      0 |       96 |       79 |       62 |       16 |      14 |       5 |       0 |       0 |      20 |       0 |       0 |       0 |       3 |       1 |       1 |       0 |       0 |       0 |
|      L2_TRANS_ALL_REQUESTS     |   PMC4  |  16851 |    937 |  26048 |      0 |      0 |      0 |   109428 |    57855 |    28171 |    10499 |    8688 |    6736 |       0 |       0 |   18715 |       0 |       0 |       0 |      87 |      53 |      42 |       0 |       0 |       0 |
|          L2_RQSTS_MISS         |   PMC5  |    138 |    294 |   7127 |      0 |      0 |      0 |    15940 |    10381 |     5352 |     1636 |    1317 |    1005 |       0 |       0 |    1733 |       0 |       0 |       0 |       4 |       1 |       1 |       0 |       0 |       0 |
|        UOPS_RETIRED_ALL        |   PMC6  | 107495 |  12271 | 473544 |      0 |      0 |      0 | 57414201 | 57309231 | 58292935 | 10909344 | 9727766 | 8045215 |       0 |       0 |  183237 |       0 |       0 |       0 | 1280106 | 1409062 |  733702 |       0 |       0 |       0 |
|            TEMP_CORE           |   TMP0  |     35 |     32 |     35 |     36 |     38 |     35 |       38 |       37 |       40 |       37 |      36 |      33 |      34 |      36 |      36 |      37 |      35 |      33 |      35 |      35 |      35 |      38 |      36 |      35 |
|         PWR_PKG_ENERGY         |   PWR0  | 0.4410 |      0 |      0 |      0 |      0 |      0 |        0 |        0 |        0 |        0 |       0 |       0 |  0.4150 |       0 |       0 |       0 |       0 |       0 |       0 |       0 |       0 |       0 |       0 |       0 |
|         PWR_PP0_ENERGY         |   PWR1  |      0 |      0 |      0 |      0 |      0 |      0 |        0 |        0 |        0 |        0 |       0 |       0 |       0 |       0 |       0 |       0 |       0 |       0 |       0 |       0 |       0 |       0 |       0 |       0 |
|         PWR_DRAM_ENERGY        |   PWR3  | 0.0510 |      0 |      0 |      0 |      0 |      0 |        0 |        0 |        0 |        0 |       0 |       0 |  0.0631 |       0 |       0 |       0 |       0 |       0 |       0 |       0 |       0 |       0 |       0 |       0 |
|          CAS_COUNT_RD          | MBOX0C0 |  13679 |      0 |      0 |      0 |      0 |      0 |        0 |        0 |        0 |        0 |       0 |       0 |   10204 |       0 |       0 |       0 |       0 |       0 |       0 |       0 |       0 |       0 |       0 |       0 |
|          CAS_COUNT_WR          | MBOX0C1 |   5427 |      0 |      0 |      0 |      0 |      0 |        0 |        0 |        0 |        0 |       0 |       0 |    2391 |       0 |       0 |       0 |       0 |       0 |       0 |       0 |       0 |       0 |       0 |       0 |
|          CAS_COUNT_RD          | MBOX1C0 |  12124 |      0 |      0 |      0 |      0 |      0 |        0 |        0 |        0 |        0 |       0 |       0 |   16422 |       0 |       0 |       0 |       0 |       0 |       0 |       0 |       0 |       0 |       0 |       0 |
|          CAS_COUNT_WR          | MBOX1C1 |   5452 |      0 |      0 |      0 |      0 |      0 |        0 |        0 |        0 |        0 |       0 |       0 |    3824 |       0 |       0 |       0 |       0 |       0 |       0 |       0 |       0 |       0 |       0 |       0 |
|          CAS_COUNT_RD          | MBOX2C0 |      0 |      0 |      0 |      0 |      0 |      0 |        0 |        0 |        0 |        0 |       0 |       0 |       0 |       0 |       0 |       0 |       0 |       0 |       0 |       0 |       0 |       0 |       0 |       0 |
|          CAS_COUNT_WR          | MBOX2C1 |      0 |      0 |      0 |      0 |      0 |      0 |        0 |        0 |        0 |        0 |       0 |       0 |       0 |       0 |       0 |       0 |       0 |       0 |       0 |       0 |       0 |       0 |       0 |       0 |
|          CAS_COUNT_RD          | MBOX3C0 |      0 |      0 |      0 |      0 |      0 |      0 |        0 |        0 |        0 |        0 |       0 |       0 |       0 |       0 |       0 |       0 |       0 |       0 |       0 |       0 |       0 |       0 |       0 |       0 |
|          CAS_COUNT_WR          | MBOX3C1 |      0 |      0 |      0 |      0 |      0 |      0 |        0 |        0 |        0 |        0 |       0 |       0 |       0 |       0 |       0 |       0 |       0 |       0 |       0 |       0 |       0 |       0 |       0 |       0 |
|          CAS_COUNT_RD          | MBOX4C0 |  12032 |      0 |      0 |      0 |      0 |      0 |        0 |        0 |        0 |        0 |       0 |       0 |   14662 |       0 |       0 |       0 |       0 |       0 |       0 |       0 |       0 |       0 |       0 |       0 |
|          CAS_COUNT_WR          | MBOX4C1 |   4420 |      0 |      0 |      0 |      0 |      0 |        0 |        0 |        0 |        0 |       0 |       0 |    3531 |       0 |       0 |       0 |       0 |       0 |       0 |       0 |       0 |       0 |       0 |       0 |
|          CAS_COUNT_RD          | MBOX5C0 |  17482 |      0 |      0 |      0 |      0 |      0 |        0 |        0 |        0 |        0 |       0 |       0 |   10770 |       0 |       0 |       0 |       0 |       0 |       0 |       0 |       0 |       0 |       0 |       0 |
|          CAS_COUNT_WR          | MBOX5C1 |   6760 |      0 |      0 |      0 |      0 |      0 |        0 |        0 |        0 |        0 |       0 |       0 |    2536 |       0 |       0 |       0 |       0 |       0 |       0 |       0 |       0 |       0 |       0 |       0 |
|          CAS_COUNT_RD          | MBOX6C0 |      0 |      0 |      0 |      0 |      0 |      0 |        0 |        0 |        0 |        0 |       0 |       0 |       0 |       0 |       0 |       0 |       0 |       0 |       0 |       0 |       0 |       0 |       0 |       0 |
|          CAS_COUNT_WR          | MBOX6C1 |      0 |      0 |      0 |      0 |      0 |      0 |        0 |        0 |        0 |        0 |       0 |       0 |       0 |       0 |       0 |       0 |       0 |       0 |       0 |       0 |       0 |       0 |       0 |       0 |
|          CAS_COUNT_RD          | MBOX7C0 |      0 |      0 |      0 |      0 |      0 |      0 |        0 |        0 |        0 |        0 |       0 |       0 |       0 |       0 |       0 |       0 |       0 |       0 |       0 |       0 |       0 |       0 |       0 |       0 |
|          CAS_COUNT_WR          | MBOX7C1 |      0 |      0 |      0 |      0 |      0 |      0 |        0 |        0 |        0 |        0 |       0 |       0 |       0 |       0 |       0 |       0 |       0 |       0 |       0 |       0 |       0 |       0 |       0 |       0 |
+--------------------------------+---------+--------+--------+--------+--------+--------+--------+----------+----------+----------+----------+---------+---------+---------+---------+---------+---------+---------+---------+---------+---------+---------+---------+---------+---------+
+-------------------------------------+---------+-----------+-----+----------+--------------+
|                Event                | Counter |    Sum    | Min |    Max   |      Avg     |
+-------------------------------------+---------+-----------+-----+----------+--------------+
|        INSTR_RETIRED_ANY STAT       |  FIXC0  | 182055017 |   0 | 52909010 | 7.585626e+06 |
|      CPU_CLK_UNHALTED_CORE STAT     |  FIXC1  |  89509215 |   0 | 21720643 | 3.729551e+06 |
|      CPU_CLK_UNHALTED_REF STAT      |  FIXC2  |  90271964 |   0 | 21720809 | 3.761332e+06 |
|           FIXC1/FIXC0 STAT          |   CPI   |         0 |   0 |        0 |            0 |
|  OFFCORE_RESPONSE_0_LOCAL_DRAM STAT |   PMC0  |      1833 |   0 |      516 |      76.3750 |
| OFFCORE_RESPONSE_1_REMOTE_DRAM STAT |   PMC1  |       328 |   0 |      268 |      13.6667 |
|  MEM_LOAD_UOPS_RETIRED_L3_ALL STAT  |   PMC2  |      4500 |   0 |     1992 |     187.5000 |
|  MEM_LOAD_UOPS_RETIRED_L3_MISS STAT |   PMC3  |      1498 |   0 |     1145 |      62.4167 |
|      L2_TRANS_ALL_REQUESTS STAT     |   PMC4  |    284110 |   0 |   109428 |   11837.9167 |
|          L2_RQSTS_MISS STAT         |   PMC5  |     44929 |   0 |    15940 |    1872.0417 |
|        UOPS_RETIRED_ALL STAT        |   PMC6  | 205898109 |   0 | 58292935 | 8.579088e+06 |
|            TEMP_CORE STAT           |   TMP0  |       857 |  32 |       40 |      35.7083 |
|         PWR_PKG_ENERGY STAT         |   PWR0  |    0.8560 |   0 |   0.4410 |       0.0357 |
|         PWR_PP0_ENERGY STAT         |   PWR1  |         0 |   0 |        0 |            0 |
|         PWR_DRAM_ENERGY STAT        |   PWR3  |    0.1141 |   0 |   0.0631 |       0.0048 |
|          CAS_COUNT_RD STAT          | MBOX0C0 |     23883 |   0 |    13679 |     995.1250 |
|          CAS_COUNT_WR STAT          | MBOX0C1 |      7818 |   0 |     5427 |     325.7500 |
|          CAS_COUNT_RD STAT          | MBOX1C0 |     28546 |   0 |    16422 |    1189.4167 |
|          CAS_COUNT_WR STAT          | MBOX1C1 |      9276 |   0 |     5452 |     386.5000 |
|          CAS_COUNT_RD STAT          | MBOX2C0 |         0 |   0 |        0 |            0 |
|          CAS_COUNT_WR STAT          | MBOX2C1 |         0 |   0 |        0 |            0 |
|          CAS_COUNT_RD STAT          | MBOX3C0 |         0 |   0 |        0 |            0 |
|          CAS_COUNT_WR STAT          | MBOX3C1 |         0 |   0 |        0 |            0 |
|          CAS_COUNT_RD STAT          | MBOX4C0 |     26694 |   0 |    14662 |    1112.2500 |
|          CAS_COUNT_WR STAT          | MBOX4C1 |      7951 |   0 |     4420 |     331.2917 |
|          CAS_COUNT_RD STAT          | MBOX5C0 |     28252 |   0 |    17482 |    1177.1667 |
|          CAS_COUNT_WR STAT          | MBOX5C1 |      9296 |   0 |     6760 |     387.3333 |
|          CAS_COUNT_RD STAT          | MBOX6C0 |         0 |   0 |        0 |            0 |
|          CAS_COUNT_WR STAT          | MBOX6C1 |         0 |   0 |        0 |            0 |
|          CAS_COUNT_RD STAT          | MBOX7C0 |         0 |   0 |        0 |            0 |
|          CAS_COUNT_WR STAT          | MBOX7C1 |         0 |   0 |        0 |            0 |
+-------------------------------------+---------+-----------+-----+----------+--------------+
+-----------------------------------+--------------+--------------+--------------+--------+--------+--------+--------------+--------------+--------------+--------------+--------------+--------------+-----------+---------+--------------+---------+---------+---------+--------------+--------------+--------------+---------+---------+---------+
|               Metric              |    Core 0    |    Core 1    |    Core 2    | Core 3 | Core 4 | Core 5 |    Core 6    |    Core 7    |    Core 8    |    Core 9    |    Core 10   |    Core 11   |  Core 12  | Core 13 |    Core 14   | Core 15 | Core 16 | Core 17 |    Core 18   |    Core 19   |    Core 20   | Core 21 | Core 22 | Core 23 |
+-----------------------------------+--------------+--------------+--------------+--------+--------+--------+--------------+--------------+--------------+--------------+--------------+--------------+-----------+---------+--------------+---------+---------+---------+--------------+--------------+--------------+---------+---------+---------+
|        Runtime (RDTSC) [s]        |       0.0012 |       0.0012 |       0.0012 | 0.0012 | 0.0012 | 0.0012 |       0.0012 |       0.0012 |       0.0012 |       0.0012 |       0.0012 |       0.0012 |    0.0012 |  0.0012 |       0.0012 |  0.0012 |  0.0012 |  0.0012 |       0.0012 |       0.0012 |       0.0012 |  0.0012 |  0.0012 |  0.0012 |
|        Runtime unhalted [s]       |       0.0001 | 1.739415e-05 |       0.0002 |      0 |      0 |      0 |       0.0094 |       0.0094 |       0.0094 |       0.0032 |       0.0029 |       0.0026 |         0 |       0 |       0.0001 |       0 |       0 |       0 |       0.0006 |       0.0006 |       0.0003 |       0 |       0 |       0 |
|            Clock [MHz]            |    1198.6848 |    1200.2836 |    1346.7565 |   nan  |   nan  |   nan  |    2299.9625 |    2299.9634 |    2299.9510 |    2299.9717 |    2299.9733 |    2299.9769 |    nan    |   nan   |    1199.7729 |   nan   |   nan   |   nan   |    2299.9546 |    2299.9473 |    2299.9811 |   nan   |   nan   |   nan   |
|                CPI                |       3.1185 |      24.8022 |       1.6815 |   nan  |   nan  |   nan  |       0.4148 |       0.4163 |       0.4105 |       0.8113 |       0.8729 |       1.0034 |    nan    |   nan   |       1.9119 |   nan   |   nan   |   nan   |       2.0607 |       2.0004 |       2.0013 |   nan   |   nan   |   nan   |
|   Local DRAM data volume [GByte]  | 1.280000e-06 | 1.664000e-06 | 1.977600e-05 |      0 |      0 |      0 | 3.084800e-05 | 3.302400e-05 | 1.484800e-05 | 2.304000e-06 | 2.944000e-06 | 3.840000e-06 |         0 |       0 | 6.784000e-06 |       0 |       0 |       0 |            0 |            0 |            0 |       0 |       0 |       0 |
|   Local DRAM bandwidth [MByte/s]  |       1.0795 |       1.4033 |      16.6776 |      0 |      0 |      0 |      26.0149 |      27.8500 |      12.5217 |       1.9430 |       2.4828 |       3.2384 |         0 |       0 |       5.7211 |       0 |       0 |       0 |            0 |            0 |            0 |       0 |       0 |       0 |
|  Remote DRAM data volume [GByte]  |            0 | 1.408000e-06 | 1.715200e-05 |      0 |      0 |      0 | 1.920000e-07 | 1.920000e-07 | 3.200000e-07 | 6.400000e-08 |            0 |            0 |         0 |       0 | 1.344000e-06 |       0 |       0 |       0 | 1.280000e-07 | 6.400000e-08 | 1.280000e-07 |       0 |       0 |       0 |
|  Remote DRAM bandwidth [MByte/s]  |            0 |       1.1874 |      14.4647 |      0 |      0 |      0 |       0.1619 |       0.1619 |       0.2699 |       0.0540 |            0 |            0 |         0 |       0 |       1.1334 |       0 |       0 |       0 |       0.1079 |       0.0540 |       0.1079 |       0 |       0 |       0 |
|     Memory data volume [GByte]    | 1.280000e-06 | 3.072000e-06 | 3.692800e-05 |      0 |      0 |      0 | 3.104000e-05 | 3.321600e-05 | 1.516800e-05 | 2.368000e-06 | 2.944000e-06 | 3.840000e-06 |         0 |       0 | 8.128000e-06 |       0 |       0 |       0 | 1.280000e-07 | 6.400000e-08 | 1.280000e-07 |       0 |       0 |       0 |
|     Memory bandwidth [MByte/s]    |       1.0795 |       2.5907 |      31.1424 |      0 |      0 |      0 |      26.1769 |      28.0119 |      12.7916 |       1.9970 |       2.4828 |       3.2384 |         0 |       0 |       6.8546 |       0 |       0 |       0 |       0.1079 |       0.0540 |       0.1079 |       0 |       0 |       0 |
|          L3 request rate          |      nan     |       1.7679 |       1.7397 |   nan  |   nan  |   nan  |       6.1458 |       6.9241 |       6.2258 |       7.6250 |       7.5000 |      15.6000 |    nan    |   nan   |      25.1500 |   nan   |   nan   |   nan   |       1.6667 |            2 |            2 |   nan   |   nan   |   nan   |
|            L3 miss rate           |            0 |       0.2222 |       0.1345 |   nan  |   nan  |   nan  |       0.0051 |       0.0055 |       0.0130 |       0.0082 |            0 |            0 |    nan    |   nan   |       0.0417 |   nan   |   nan   |   nan   |       0.4000 |       0.5000 |            1 |   nan   |   nan   |   nan   |
|           L3 miss ratio           |            0 |       0.8462 |       0.8673 |   nan  |   nan  |   nan  |       0.0062 |       0.0058 |       0.0216 |       0.0278 |            0 |            0 |    nan    |   nan   |       0.1981 |   nan   |   nan   |   nan   |      nan     |      nan     |      nan     |   nan   |   nan   |   nan   |
|          L2 request rate          |       0.3927 |       0.5809 |       0.0766 |   nan  |   nan  |   nan  |       0.0021 |       0.0011 |       0.0005 |       0.0012 |       0.0011 |       0.0011 |    nan    |   nan   |       0.1654 |   nan   |   nan   |   nan   |       0.0001 |       0.0001 |       0.0001 |   nan   |   nan   |   nan   |
|            L2 miss rate           |       0.0032 |       0.1823 |       0.0210 |   nan  |   nan  |   nan  |       0.0003 |       0.0002 |       0.0001 |       0.0002 |       0.0002 |       0.0002 |    nan    |   nan   |       0.0153 |   nan   |   nan   |   nan   | 6.250488e-06 | 1.419446e-06 | 2.726133e-06 |   nan   |   nan   |   nan   |
|           L2 miss ratio           |       0.0082 |       0.3138 |       0.2736 |   nan  |   nan  |   nan  |       0.1457 |       0.1794 |       0.1900 |       0.1558 |       0.1516 |       0.1492 |    nan    |   nan   |       0.0926 |   nan   |   nan   |   nan   |       0.0460 |       0.0189 |       0.0238 |   nan   |   nan   |   nan   |
|  Memory read bandwidth [MBytes/s] |    2985.6193 |            0 |            0 |      0 |      0 |      0 |            0 |            0 |            0 |            0 |            0 |            0 | 2809.7216 |       0 |            0 |       0 |       0 |       0 |            0 |            0 |            0 |       0 |       0 |       0 |
|  Memory read data volume [GBytes] |       0.0035 |            0 |            0 |      0 |      0 |      0 |            0 |            0 |            0 |            0 |            0 |            0 |    0.0033 |       0 |            0 |       0 |       0 |       0 |            0 |            0 |            0 |       0 |       0 |       0 |
| Memory write bandwidth [MBytes/s] |    1190.5883 |            0 |            0 |      0 |      0 |      0 |            0 |            0 |            0 |            0 |            0 |            0 |  662.8952 |       0 |            0 |       0 |       0 |       0 |            0 |            0 |            0 |       0 |       0 |       0 |
| Memory write data volume [GBytes] |       0.0014 |            0 |            0 |      0 |      0 |      0 |            0 |            0 |            0 |            0 |            0 |            0 |    0.0008 |       0 |            0 |       0 |       0 |       0 |            0 |            0 |            0 |       0 |       0 |       0 |
|    Memory bandwidth [MBytes/s]    |    4176.2076 |            0 |            0 |      0 |      0 |      0 |            0 |            0 |            0 |            0 |            0 |            0 | 3472.6168 |       0 |            0 |       0 |       0 |       0 |            0 |            0 |            0 |       0 |       0 |       0 |
|    Memory data volume [GBytes]    |       0.0050 |            0 |            0 |      0 |      0 |      0 |            0 |            0 |            0 |            0 |            0 |            0 |    0.0041 |       0 |            0 |       0 |       0 |       0 |            0 |            0 |            0 |       0 |       0 |       0 |
|          Temperature [C]          |           35 |           32 |           35 |     36 |     38 |     35 |           38 |           37 |           40 |           37 |           36 |           33 |        34 |      36 |           36 |      37 |      35 |      33 |           35 |           35 |           35 |      38 |      36 |      35 |
|             Energy [J]            |       0.4410 |            0 |            0 |      0 |      0 |      0 |            0 |            0 |            0 |            0 |            0 |            0 |    0.4150 |       0 |            0 |       0 |       0 |       0 |            0 |            0 |            0 |       0 |       0 |       0 |
|             Power [W]             |     371.9408 |            0 |            0 |      0 |      0 |      0 |            0 |            0 |            0 |            0 |            0 |            0 |  350.0135 |       0 |            0 |       0 |       0 |       0 |            0 |            0 |            0 |       0 |       0 |       0 |
|           Energy PP0 [J]          |            0 |            0 |            0 |      0 |      0 |      0 |            0 |            0 |            0 |            0 |            0 |            0 |         0 |       0 |            0 |       0 |       0 |       0 |            0 |            0 |            0 |       0 |       0 |       0 |
|           Power PP0 [W]           |            0 |            0 |            0 |      0 |      0 |      0 |            0 |            0 |            0 |            0 |            0 |            0 |         0 |       0 |            0 |       0 |       0 |       0 |            0 |            0 |            0 |       0 |       0 |       0 |
|          Energy DRAM [J]          |       0.0510 |            0 |            0 |      0 |      0 |      0 |            0 |            0 |            0 |            0 |            0 |            0 |    0.0631 |       0 |            0 |       0 |       0 |       0 |            0 |            0 |            0 |       0 |       0 |       0 |
|           Power DRAM [W]          |      43.0183 |            0 |            0 |      0 |      0 |      0 |            0 |            0 |            0 |            0 |            0 |            0 |   53.1986 |       0 |            0 |       0 |       0 |       0 |            0 |            0 |            0 |       0 |       0 |       0 |
+-----------------------------------+--------------+--------------+--------------+--------+--------+--------+--------------+--------------+--------------+--------------+--------------+--------------+-----------+---------+--------------+---------+---------+---------+--------------+--------------+--------------+---------+---------+---------+
+----------------------------------------+--------------+--------+--------------+--------------+
|                 Metric                 |      Sum     |   Min  |      Max     |      Avg     |
+----------------------------------------+--------------+--------+--------------+--------------+
|        Runtime (RDTSC) [s] STAT        |       0.0288 | 0.0012 |       0.0012 |       0.0012 |
|        Runtime unhalted [s] STAT       |       0.0388 |      0 |       0.0094 |       0.0016 |
|            Clock [MHz] STAT            |            0 |      0 |            0 |            0 |
|                CPI STAT                |            0 |      0 |            0 |            0 |
|   Local DRAM data volume [GByte] STAT  |       0.0001 |      0 | 3.302400e-05 | 4.888000e-06 |
|   Local DRAM bandwidth [MByte/s] STAT  |      98.9323 |      0 |      27.8500 |       4.1222 |
|  Remote DRAM data volume [GByte] STAT  | 2.099200e-05 |      0 | 1.715200e-05 | 8.746667e-07 |
|  Remote DRAM bandwidth [MByte/s] STAT  |      17.7030 |      0 |      14.4647 |       0.7376 |
|     Memory data volume [GByte] STAT    |       0.0001 |      0 | 3.692800e-05 | 5.762667e-06 |
|     Memory bandwidth [MByte/s] STAT    |     116.6356 |      0 |      31.1424 |       4.8598 |
|          L3 request rate STAT          |            0 |      0 |            0 |            0 |
|            L3 miss rate STAT           |            0 |      0 |            0 |            0 |
|           L3 miss ratio STAT           |            0 |      0 |            0 |            0 |
|          L2 request rate STAT          |            0 |      0 |            0 |            0 |
|            L2 miss rate STAT           |            0 |      0 |            0 |            0 |
|           L2 miss ratio STAT           |            0 |      0 |            0 |            0 |
|  Memory read bandwidth [MBytes/s] STAT |    5795.3409 |      0 |    2985.6193 |     241.4725 |
|  Memory read data volume [GBytes] STAT |       0.0068 |      0 |       0.0035 |       0.0003 |
| Memory write bandwidth [MBytes/s] STAT |    1853.4835 |      0 |    1190.5883 |      77.2285 |
| Memory write data volume [GBytes] STAT |       0.0022 |      0 |       0.0014 |       0.0001 |
|    Memory bandwidth [MBytes/s] STAT    |    7648.8244 |      0 |    4176.2076 |     318.7010 |
|    Memory data volume [GBytes] STAT    |       0.0091 |      0 |       0.0050 |       0.0004 |
|          Temperature [C] STAT          |          857 |     32 |           40 |      35.7083 |
|             Energy [J] STAT            |       0.8560 |      0 |       0.4410 |       0.0357 |
|             Power [W] STAT             |     721.9543 |      0 |     371.9408 |      30.0814 |
|           Energy PP0 [J] STAT          |            0 |      0 |            0 |            0 |
|           Power PP0 [W] STAT           |            0 |      0 |            0 |            0 |
|          Energy DRAM [J] STAT          |       0.1141 |      0 |       0.0631 |       0.0048 |
|           Power DRAM [W] STAT          |      96.2169 |      0 |      53.1986 |       4.0090 |
+----------------------------------------+--------------+--------+--------------+--------------+
