--------------------------------------------------------------------------------
CPU name:	Intel(R) Xeon(R) CPU E5-2670 v3 @ 2.30GHz
CPU type:	Intel Xeon Haswell EN/EP/EX processor
CPU clock:	2.30 GHz
--------------------------------------------------------------------------------
Group 1: POWERPERF
+--------------------------------+---------+--------------+--------------+--------------+--------------+--------------+--------------+--------------+--------------+--------------+--------------+--------------+--------------+--------------+--------------+--------------+--------------+--------------+--------------+--------------+--------------+--------------+--------------+--------------+--------------+
|              Event             | Counter |    Core 0    |    Core 1    |    Core 2    |    Core 3    |    Core 4    |    Core 5    |    Core 6    |    Core 7    |    Core 8    |    Core 9    |    Core 10   |    Core 11   |    Core 12   |    Core 13   |    Core 14   |    Core 15   |    Core 16   |    Core 17   |    Core 18   |    Core 19   |    Core 20   |    Core 21   |    Core 22   |    Core 23   |
+--------------------------------+---------+--------------+--------------+--------------+--------------+--------------+--------------+--------------+--------------+--------------+--------------+--------------+--------------+--------------+--------------+--------------+--------------+--------------+--------------+--------------+--------------+--------------+--------------+--------------+--------------+
|        INSTR_RETIRED_ANY       |  FIXC0  | 648624269103 | 650850173076 | 517510429215 | 512582665225 | 512614098245 | 502431918452 | 320459728967 | 316956212475 | 306667182500 | 310091271178 | 313578501233 | 307846992100 | 498826363350 | 494249719885 | 484455806698 | 474720031242 | 463861637659 | 463567886884 | 306129482199 | 308188073461 | 303463321211 | 308183523005 | 302032934136 | 306069730265 |
|      CPU_CLK_UNHALTED_CORE     |  FIXC1  | 278496584007 | 279108916364 | 279171328538 | 279102052030 | 279162614222 | 279178552897 | 279078486995 | 279104230919 | 279088236091 | 279055985235 | 279057295001 | 278920999551 | 278528445277 | 278490337128 | 278476795863 | 278464087936 | 278505441335 | 278452440257 | 278980426238 | 278946374896 | 278950931545 | 278970484058 | 278886902431 | 278903702122 |
|      CPU_CLK_UNHALTED_REF      |  FIXC2  | 278599901462 | 279233495319 | 279294080079 | 279204453840 | 279262205897 | 279277458784 | 279078512694 | 279104274419 | 279088323712 | 279055994613 | 279057314606 | 278921023506 | 278643953155 | 278612387909 | 278587708564 | 278575097549 | 278598419066 | 278544682924 | 278980446973 | 278946409986 | 278951015713 | 278970484247 | 278887000756 | 278903755543 |
|           FIXC1/FIXC0          |   CPI   |            0 |            0 |            0 |            0 |            0 |            0 |            0 |            0 |            0 |            0 |            0 |            0 |            0 |            0 |            0 |            0 |            0 |            0 |            0 |            0 |            0 |            0 |            0 |            0 |
|  OFFCORE_RESPONSE_0_LOCAL_DRAM |   PMC0  |    156559622 |    124032802 |    111390327 |    113364652 |    101138179 |    105507932 |   9066365838 |   9106006464 |   9076698014 |   9044925724 |   8975707599 |   9181546476 |    187404983 |    182011179 |    182145187 |    179005785 |    179790816 |    195627886 |   9073576211 |   9220144649 |   8937219462 |   9040172639 |   9094538256 |   9128439802 |
| OFFCORE_RESPONSE_1_REMOTE_DRAM |   PMC1  |    241575347 |    232992834 |    191870263 |    188123051 |    160203825 |    163297119 |       708166 |       539228 |       413344 |       582973 |       174129 |       366250 |     80970346 |     75963579 |     74064245 |     71673862 |     69658589 |     72168245 |       555884 |       625707 |       468954 |       466447 |       704228 |       661819 |
|  MEM_LOAD_UOPS_RETIRED_L3_ALL  |   PMC2  |    177867750 |    162525393 |    138198019 |    137441266 |    128366380 |    127995389 |   2470619508 |   2440215441 |   2466868466 |   2531005170 |   2500794418 |   3544127667 |    142882949 |    126420349 |    123585295 |    120239465 |    106015742 |    115049002 |   2542695318 |   3542946981 |   2501265688 |   3549438966 |   2962941428 |   3532271229 |
|  MEM_LOAD_UOPS_RETIRED_L3_MISS |   PMC3  |     76860154 |     66202964 |     57344610 |     56345923 |     54385752 |     57206653 |   1463601653 |   1464820063 |   1479038286 |   1506704594 |   1480471970 |   2035318168 |     63707137 |     56504626 |     54446717 |     51830179 |     49662336 |     54773411 |   1513270052 |   2018704795 |   1475714585 |   1993739623 |   1743658669 |   1990562270 |
|      L2_TRANS_ALL_REQUESTS     |   PMC4  |  16650353238 |  16290053735 |  12551949557 |  12461014317 |  12030888817 |  11877757766 |  63192954546 |  63175459417 |  63142563099 |  63065523338 |  62964144715 |  64939127544 |  11568681563 |  11370234291 |  11157241551 |  11003335080 |  10504753645 |  10518439942 |  63165619501 |  65006414254 |  62978767948 |  64840277352 |  63347109721 |  65107747805 |
|          L2_RQSTS_MISS         |   PMC5  |   1991896939 |   1864098397 |   1419793580 |   1431560310 |   1328054873 |   1368582675 |  19065070956 |  19020780722 |  19027332136 |  19026727886 |  19050952564 |  19067364263 |   1355874482 |   1291511079 |   1281061379 |   1270194234 |   1206161979 |   1261743486 |  18968899738 |  19043329366 |  19055629548 |  19229885454 |  18948071690 |  19223049254 |
|        UOPS_RETIRED_ALL        |   PMC6  | 787910631360 | 792936903082 | 655521492847 | 650468045058 | 651670215491 | 640896107239 | 368414063370 | 363997731900 | 350994481663 | 355871864137 | 360373149498 | 352917514296 | 638535126236 | 634183431642 | 624185986194 | 614300104871 | 603364830412 | 602781084742 | 350909513500 | 353574470591 | 347258736570 | 353559454226 | 345554756183 | 350245937139 |
|            TEMP_CORE           |   TMP0  |           44 |           43 |           44 |           45 |           46 |           43 |           47 |           48 |           45 |           44 |           45 |           42 |           46 |           45 |           49 |           48 |           47 |           47 |           50 |           48 |           46 |           48 |           46 |           46 |
|         PWR_PKG_ENERGY         |   PWR0  |   11876.2447 |            0 |            0 |            0 |            0 |            0 |            0 |            0 |            0 |            0 |            0 |            0 |   11546.8148 |            0 |            0 |            0 |            0 |            0 |            0 |            0 |            0 |            0 |            0 |            0 |
|         PWR_PP0_ENERGY         |   PWR1  |            0 |            0 |            0 |            0 |            0 |            0 |            0 |            0 |            0 |            0 |            0 |            0 |            0 |            0 |            0 |            0 |            0 |            0 |            0 |            0 |            0 |            0 |            0 |            0 |
|         PWR_DRAM_ENERGY        |   PWR3  |    1838.7653 |            0 |            0 |            0 |            0 |            0 |            0 |            0 |            0 |            0 |            0 |            0 |   67743.0074 |            0 |            0 |            0 |            0 |            0 |            0 |            0 |            0 |            0 |            0 |            0 |
|          CAS_COUNT_RD          | MBOX0C0 |  20910883734 |            0 |            0 |            0 |            0 |            0 |            0 |            0 |            0 |            0 |            0 |            0 |  21354289767 |            0 |            0 |            0 |            0 |            0 |            0 |            0 |            0 |            0 |            0 |            0 |
|          CAS_COUNT_WR          | MBOX0C1 |    680073751 |            0 |            0 |            0 |            0 |            0 |            0 |            0 |            0 |            0 |            0 |            0 |    906140069 |            0 |            0 |            0 |            0 |            0 |            0 |            0 |            0 |            0 |            0 |            0 |
|          CAS_COUNT_RD          | MBOX1C0 |  20923206424 |            0 |            0 |            0 |            0 |            0 |            0 |            0 |            0 |            0 |            0 |            0 |  21349311372 |            0 |            0 |            0 |            0 |            0 |            0 |            0 |            0 |            0 |            0 |            0 |
|          CAS_COUNT_WR          | MBOX1C1 |    678297412 |            0 |            0 |            0 |            0 |            0 |            0 |            0 |            0 |            0 |            0 |            0 |    898949974 |            0 |            0 |            0 |            0 |            0 |            0 |            0 |            0 |            0 |            0 |            0 |
|          CAS_COUNT_RD          | MBOX2C0 |            0 |            0 |            0 |            0 |            0 |            0 |            0 |            0 |            0 |            0 |            0 |            0 |            0 |            0 |            0 |            0 |            0 |            0 |            0 |            0 |            0 |            0 |            0 |            0 |
|          CAS_COUNT_WR          | MBOX2C1 |            0 |            0 |            0 |            0 |            0 |            0 |            0 |            0 |            0 |            0 |            0 |            0 |            0 |            0 |            0 |            0 |            0 |            0 |            0 |            0 |            0 |            0 |            0 |            0 |
|          CAS_COUNT_RD          | MBOX3C0 |            0 |            0 |            0 |            0 |            0 |            0 |            0 |            0 |            0 |            0 |            0 |            0 |            0 |            0 |            0 |            0 |            0 |            0 |            0 |            0 |            0 |            0 |            0 |            0 |
|          CAS_COUNT_WR          | MBOX3C1 |            0 |            0 |            0 |            0 |            0 |            0 |            0 |            0 |            0 |            0 |            0 |            0 |            0 |            0 |            0 |            0 |            0 |            0 |            0 |            0 |            0 |            0 |            0 |            0 |
|          CAS_COUNT_RD          | MBOX4C0 |  20908616546 |            0 |            0 |            0 |            0 |            0 |            0 |            0 |            0 |            0 |            0 |            0 |  21353238769 |            0 |            0 |            0 |            0 |            0 |            0 |            0 |            0 |            0 |            0 |            0 |
|          CAS_COUNT_WR          | MBOX4C1 |    683348513 |            0 |            0 |            0 |            0 |            0 |            0 |            0 |            0 |            0 |            0 |            0 |    908401368 |            0 |            0 |            0 |            0 |            0 |            0 |            0 |            0 |            0 |            0 |            0 |
|          CAS_COUNT_RD          | MBOX5C0 |  20912200970 |            0 |            0 |            0 |            0 |            0 |            0 |            0 |            0 |            0 |            0 |            0 |  21350031631 |            0 |            0 |            0 |            0 |            0 |            0 |            0 |            0 |            0 |            0 |            0 |
|          CAS_COUNT_WR          | MBOX5C1 |    678745183 |            0 |            0 |            0 |            0 |            0 |            0 |            0 |            0 |            0 |            0 |            0 |    902025428 |            0 |            0 |            0 |            0 |            0 |            0 |            0 |            0 |            0 |            0 |            0 |
|          CAS_COUNT_RD          | MBOX6C0 |            0 |            0 |            0 |            0 |            0 |            0 |            0 |            0 |            0 |            0 |            0 |            0 |            0 |            0 |            0 |            0 |            0 |            0 |            0 |            0 |            0 |            0 |            0 |            0 |
|          CAS_COUNT_WR          | MBOX6C1 |            0 |            0 |            0 |            0 |            0 |            0 |            0 |            0 |            0 |            0 |            0 |            0 |            0 |            0 |            0 |            0 |            0 |            0 |            0 |            0 |            0 |            0 |            0 |            0 |
|          CAS_COUNT_RD          | MBOX7C0 |            0 |            0 |            0 |            0 |            0 |            0 |            0 |            0 |            0 |            0 |            0 |            0 |            0 |            0 |            0 |            0 |            0 |            0 |            0 |            0 |            0 |            0 |            0 |            0 |
|          CAS_COUNT_WR          | MBOX7C1 |            0 |            0 |            0 |            0 |            0 |            0 |            0 |            0 |            0 |            0 |            0 |            0 |            0 |            0 |            0 |            0 |            0 |            0 |            0 |            0 |            0 |            0 |            0 |            0 |
+--------------------------------+---------+--------------+--------------+--------------+--------------+--------------+--------------+--------------+--------------+--------------+--------------+--------------+--------------+--------------+--------------+--------------+--------------+--------------+--------------+--------------+--------------+--------------+--------------+--------------+--------------+
+-------------------------------------+---------+----------------+--------------+--------------+--------------+
|                Event                | Counter |       Sum      |      Min     |      Max     |      Avg     |
+-------------------------------------+---------+----------------+--------------+--------------+--------------+
|        INSTR_RETIRED_ANY STAT       |  FIXC0  |  9933961951764 | 302032934136 | 650850173076 | 4.139151e+11 |
|      CPU_CLK_UNHALTED_CORE STAT     |  FIXC1  |  6693081650936 | 278452440257 | 279178552897 | 2.788784e+11 |
|      CPU_CLK_UNHALTED_REF STAT      |  FIXC2  |  6694378401316 | 278544682924 | 279294080079 | 2.789324e+11 |
|           FIXC1/FIXC0 STAT          |   CPI   |              0 |            0 |            0 |            0 |
|  OFFCORE_RESPONSE_0_LOCAL_DRAM STAT |   PMC0  |   110763320484 |    101138179 |   9220144649 | 4.615138e+09 |
| OFFCORE_RESPONSE_1_REMOTE_DRAM STAT |   PMC1  |     1628828434 |       174129 |    241575347 | 6.786785e+07 |
|  MEM_LOAD_UOPS_RETIRED_L3_ALL STAT  |   PMC2  |    36191777279 |    106015742 |   3549438966 | 1.507991e+09 |
|  MEM_LOAD_UOPS_RETIRED_L3_MISS STAT |   PMC3  |    20864875190 |     49662336 |   2035318168 | 8.693698e+08 |
|      L2_TRANS_ALL_REQUESTS STAT     |   PMC4  |   912910412742 |  10504753645 |  65107747805 | 3.803793e+10 |
|          L2_RQSTS_MISS STAT         |   PMC5  |   245797626990 |   1206161979 |  19229885454 | 1.024157e+10 |
|        UOPS_RETIRED_ALL STAT        |   PMC6  | 12150425632247 | 345554756183 | 792936903082 | 5.062677e+11 |
|            TEMP_CORE STAT           |   TMP0  |           1102 |           42 |           50 |      45.9167 |
|         PWR_PKG_ENERGY STAT         |   PWR0  |     23423.0595 |            0 |   11876.2447 |     975.9608 |
|         PWR_PP0_ENERGY STAT         |   PWR1  |              0 |            0 |            0 |            0 |
|         PWR_DRAM_ENERGY STAT        |   PWR3  |     69581.7727 |            0 |   67743.0074 |    2899.2405 |
|          CAS_COUNT_RD STAT          | MBOX0C0 |    42265173501 |            0 |  21354289767 | 1.761049e+09 |
|          CAS_COUNT_WR STAT          | MBOX0C1 |     1586213820 |            0 |    906140069 | 6.609224e+07 |
|          CAS_COUNT_RD STAT          | MBOX1C0 |    42272517796 |            0 |  21349311372 | 1.761355e+09 |
|          CAS_COUNT_WR STAT          | MBOX1C1 |     1577247386 |            0 |    898949974 | 6.571864e+07 |
|          CAS_COUNT_RD STAT          | MBOX2C0 |              0 |            0 |            0 |            0 |
|          CAS_COUNT_WR STAT          | MBOX2C1 |              0 |            0 |            0 |            0 |
|          CAS_COUNT_RD STAT          | MBOX3C0 |              0 |            0 |            0 |            0 |
|          CAS_COUNT_WR STAT          | MBOX3C1 |              0 |            0 |            0 |            0 |
|          CAS_COUNT_RD STAT          | MBOX4C0 |    42261855315 |            0 |  21353238769 | 1.760911e+09 |
|          CAS_COUNT_WR STAT          | MBOX4C1 |     1591749881 |            0 |    908401368 | 6.632291e+07 |
|          CAS_COUNT_RD STAT          | MBOX5C0 |    42262232601 |            0 |  21350031631 | 1.760926e+09 |
|          CAS_COUNT_WR STAT          | MBOX5C1 |     1580770611 |            0 |    902025428 | 6.586544e+07 |
|          CAS_COUNT_RD STAT          | MBOX6C0 |              0 |            0 |            0 |            0 |
|          CAS_COUNT_WR STAT          | MBOX6C1 |              0 |            0 |            0 |            0 |
|          CAS_COUNT_RD STAT          | MBOX7C0 |              0 |            0 |            0 |            0 |
|          CAS_COUNT_WR STAT          | MBOX7C1 |              0 |            0 |            0 |            0 |
+-------------------------------------+---------+----------------+--------------+--------------+--------------+
+-----------------------------------+------------+-----------+-----------+-----------+-----------+-----------+-----------+-----------+--------------+-----------+--------------+--------------+------------+-----------+-----------+-----------+-----------+-----------+-----------+-----------+-----------+-----------+-----------+-----------+
|               Metric              |   Core 0   |   Core 1  |   Core 2  |   Core 3  |   Core 4  |   Core 5  |   Core 6  |   Core 7  |    Core 8    |   Core 9  |    Core 10   |    Core 11   |   Core 12  |  Core 13  |  Core 14  |  Core 15  |  Core 16  |  Core 17  |  Core 18  |  Core 19  |  Core 20  |  Core 21  |  Core 22  |  Core 23  |
+-----------------------------------+------------+-----------+-----------+-----------+-----------+-----------+-----------+-----------+--------------+-----------+--------------+--------------+------------+-----------+-----------+-----------+-----------+-----------+-----------+-----------+-----------+-----------+-----------+-----------+
|        Runtime (RDTSC) [s]        |   122.6010 |  122.6010 |  122.6010 |  122.6010 |  122.6010 |  122.6010 |  122.6010 |  122.6010 |     122.6010 |  122.6010 |     122.6010 |     122.6010 |   122.6010 |  122.6010 |  122.6010 |  122.6010 |  122.6010 |  122.6010 |  122.6010 |  122.6010 |  122.6010 |  122.6010 |  122.6010 |  122.6010 |
|        Runtime unhalted [s]       |   121.0862 |  121.3524 |  121.3795 |  121.3494 |  121.3757 |  121.3827 |  121.3392 |  121.3504 |     121.3434 |  121.3294 |     121.3300 |     121.2707 |   121.1000 |  121.0835 |  121.0776 |  121.0720 |  121.0900 |  121.0670 |  121.2965 |  121.2817 |  121.2837 |  121.2922 |  121.2559 |  121.2632 |
|            Clock [MHz]            |  2299.1338 | 2298.9606 | 2298.9759 | 2299.1432 | 2299.1665 | 2299.1722 | 2299.9865 | 2299.9864 |    2299.9860 | 2299.9867 |    2299.9866 |    2299.9866 |  2299.0333 | 2298.9792 | 2299.0711 | 2299.0702 | 2299.2192 | 2299.2251 | 2299.9866 | 2299.9865 | 2299.9861 | 2299.9868 | 2299.9859 | 2299.9863 |
|                CPI                |     0.4294 |    0.4288 |    0.5395 |    0.5445 |    0.5446 |    0.5557 |    0.8709 |    0.8806 |       0.9101 |    0.8999 |       0.8899 |       0.9060 |     0.5584 |    0.5635 |    0.5748 |    0.5866 |    0.6004 |    0.6007 |    0.9113 |    0.9051 |    0.9192 |    0.9052 |    0.9234 |    0.9112 |
|   Local DRAM data volume [GByte]  |    10.0198 |    7.9381 |    7.1290 |    7.2553 |    6.4728 |    6.7525 |  580.2474 |  582.7844 |     580.9087 |  578.8752 |     574.4453 |     587.6190 |    11.9939 |   11.6487 |   11.6573 |   11.4564 |   11.5066 |   12.5202 |  580.7089 |  590.0893 |  571.9820 |  578.5710 |  582.0504 |  584.2201 |
|   Local DRAM bandwidth [MByte/s]  |    81.7270 |   64.7474 |   58.1478 |   59.1784 |   52.7960 |   55.0771 | 4732.8106 | 4753.5038 |    4738.2042 | 4721.6185 |    4685.4853 |    4792.9370 |    97.8289 |   95.0132 |   95.0832 |   93.4443 |   93.8541 |  102.1214 | 4736.5746 | 4813.0860 | 4665.3938 | 4719.1373 | 4747.5171 | 4765.2144 |
|  Remote DRAM data volume [GByte]  |    15.4608 |   14.9115 |   12.2797 |   12.0399 |   10.2530 |   10.4510 |    0.0453 |    0.0345 |       0.0265 |    0.0373 |       0.0111 |       0.0234 |     5.1821 |    4.8617 |    4.7401 |    4.5871 |    4.4581 |    4.6188 |    0.0356 |    0.0400 |    0.0300 |    0.0299 |    0.0451 |    0.0424 |
|  Remote DRAM bandwidth [MByte/s]  |   126.1068 |  121.6266 |  100.1598 |   98.2037 |   83.6294 |   85.2441 |    0.3697 |    0.2815 |       0.2158 |    0.3043 |       0.0909 |       0.1912 |    42.2680 |   39.6544 |   38.6629 |   37.4151 |   36.3631 |   37.6732 |    0.2902 |    0.3266 |    0.2448 |    0.2435 |    0.3676 |    0.3455 |
|     Memory data volume [GByte]    |    25.4806 |   22.8496 |   19.4087 |   19.2952 |   16.7259 |   17.2035 |  580.2927 |  582.8189 |     580.9351 |  578.9126 |     574.4564 |     587.6424 |    17.1760 |   16.5104 |   16.3974 |   16.0435 |   15.9648 |   17.1390 |  580.7445 |  590.1293 |  572.0121 |  578.6009 |  582.0955 |  584.2625 |
|     Memory bandwidth [MByte/s]    |   207.8338 |  186.3740 |  158.3076 |  157.3822 |  136.4254 |  140.3212 | 4733.1803 | 4753.7852 |    4738.4200 | 4721.9228 |    4685.5762 |    4793.1282 |   140.0969 |  134.6676 |  133.7461 |  130.8594 |  130.2172 |  139.7945 | 4736.8647 | 4813.4126 | 4665.6386 | 4719.3808 | 4747.8848 | 4765.5598 |
|          L3 request rate          |     2.3142 |    2.4550 |    2.4100 |    2.4392 |    2.3603 |    2.2374 |    1.6880 |    1.6659 |       1.6679 |    1.6798 |       1.6892 |       1.7413 |     2.2428 |    2.2373 |    2.2698 |    2.3199 |    2.1347 |    2.1005 |    1.6803 |    1.7551 |    1.6950 |    1.7803 |    1.6993 |    1.7745 |
|            L3 miss rate           |     1.3582 |    1.4336 |    1.3884 |    1.3688 |    1.2480 |    1.2758 |    0.0003 |    0.0002 |       0.0002 |    0.0002 |       0.0001 |       0.0001 |     0.5667 |    0.6009 |    0.5993 |    0.5961 |    0.6571 |    0.6273 |    0.0002 |    0.0002 |    0.0002 |    0.0001 |    0.0002 |    0.0002 |
|           L3 miss ratio           |     1.5430 |    1.8785 |    1.7225 |    1.6595 |    1.5840 |    1.5477 |    0.0001 |    0.0001 | 4.553903e-05 |    0.0001 | 1.940003e-05 | 3.988979e-05 |     0.4321 |    0.4174 |    0.4066 |    0.4004 |    0.3874 |    0.3689 |    0.0001 |    0.0001 |    0.0001 |    0.0001 |    0.0001 |    0.0001 |
|          L2 request rate          |     0.0257 |    0.0250 |    0.0243 |    0.0243 |    0.0235 |    0.0236 |    0.1972 |    0.1993 |       0.2059 |    0.2034 |       0.2008 |       0.2109 |     0.0232 |    0.0230 |    0.0230 |    0.0232 |    0.0226 |    0.0227 |    0.2063 |    0.2109 |    0.2075 |    0.2104 |    0.2097 |    0.2127 |
|            L2 miss rate           |     0.0031 |    0.0029 |    0.0027 |    0.0028 |    0.0026 |    0.0027 |    0.0595 |    0.0600 |       0.0620 |    0.0614 |       0.0608 |       0.0619 |     0.0027 |    0.0026 |    0.0026 |    0.0027 |    0.0026 |    0.0027 |    0.0620 |    0.0618 |    0.0628 |    0.0624 |    0.0627 |    0.0628 |
|           L2 miss ratio           |     0.1196 |    0.1144 |    0.1131 |    0.1149 |    0.1104 |    0.1152 |    0.3017 |    0.3011 |       0.3013 |    0.3017 |       0.3026 |       0.2936 |     0.1172 |    0.1136 |    0.1148 |    0.1154 |    0.1148 |    0.1200 |    0.3003 |    0.2929 |    0.3026 |    0.2966 |    0.2991 |    0.2952 |
|  Memory read bandwidth [MBytes/s] | 43669.4086 |         0 |         0 |         0 |         0 |         0 |         0 |         0 |            0 |         0 |            0 |            0 | 44583.9662 |         0 |         0 |         0 |         0 |         0 |         0 |         0 |         0 |         0 |         0 |         0 |
|  Memory read data volume [GBytes] |  5353.9141 |         0 |         0 |         0 |         0 |         0 |         0 |         0 |            0 |         0 |            0 |            0 |  5466.0398 |         0 |         0 |         0 |         0 |         0 |         0 |         0 |         0 |         0 |         0 |         0 |
| Memory write bandwidth [MBytes/s] |  1420.1330 |         0 |         0 |         0 |         0 |         0 |         0 |         0 |            0 |         0 |            0 |            0 |  1887.3666 |         0 |         0 |         0 |         0 |         0 |         0 |         0 |         0 |         0 |         0 |         0 |
| Memory write data volume [GBytes] |   174.1098 |         0 |         0 |         0 |         0 |         0 |         0 |         0 |            0 |         0 |            0 |            0 |   231.3931 |         0 |         0 |         0 |         0 |         0 |         0 |         0 |         0 |         0 |         0 |         0 |
|    Memory bandwidth [MBytes/s]    | 45089.5416 |         0 |         0 |         0 |         0 |         0 |         0 |         0 |            0 |         0 |            0 |            0 | 46471.3328 |         0 |         0 |         0 |         0 |         0 |         0 |         0 |         0 |         0 |         0 |         0 |
|    Memory data volume [GBytes]    |  5528.0238 |         0 |         0 |         0 |         0 |         0 |         0 |         0 |            0 |         0 |            0 |            0 |  5697.4329 |         0 |         0 |         0 |         0 |         0 |         0 |         0 |         0 |         0 |         0 |         0 |
|          Temperature [C]          |         44 |        43 |        44 |        45 |        46 |        43 |        47 |        48 |           45 |        44 |           45 |           42 |         46 |        45 |        49 |        48 |        47 |        47 |        50 |        48 |        46 |        48 |        46 |        46 |
|             Energy [J]            | 11876.2447 |         0 |         0 |         0 |         0 |         0 |         0 |         0 |            0 |         0 |            0 |            0 | 11546.8148 |         0 |         0 |         0 |         0 |         0 |         0 |         0 |         0 |         0 |         0 |         0 |
|             Power [W]             |    96.8691 |         0 |         0 |         0 |         0 |         0 |         0 |         0 |            0 |         0 |            0 |            0 |    94.1820 |         0 |         0 |         0 |         0 |         0 |         0 |         0 |         0 |         0 |         0 |         0 |
|           Energy PP0 [J]          |          0 |         0 |         0 |         0 |         0 |         0 |         0 |         0 |            0 |         0 |            0 |            0 |          0 |         0 |         0 |         0 |         0 |         0 |         0 |         0 |         0 |         0 |         0 |         0 |
|           Power PP0 [W]           |          0 |         0 |         0 |         0 |         0 |         0 |         0 |         0 |            0 |         0 |            0 |            0 |          0 |         0 |         0 |         0 |         0 |         0 |         0 |         0 |         0 |         0 |         0 |         0 |
|          Energy DRAM [J]          |  1838.7653 |         0 |         0 |         0 |         0 |         0 |         0 |         0 |            0 |         0 |            0 |            0 | 67743.0074 |         0 |         0 |         0 |         0 |         0 |         0 |         0 |         0 |         0 |         0 |         0 |
|           Power DRAM [W]          |    14.9980 |         0 |         0 |         0 |         0 |         0 |         0 |         0 |            0 |         0 |            0 |            0 |   552.5485 |         0 |         0 |         0 |         0 |         0 |         0 |         0 |         0 |         0 |         0 |         0 |
+-----------------------------------+------------+-----------+-----------+-----------+-----------+-----------+-----------+-----------+--------------+-----------+--------------+--------------+------------+-----------+-----------+-----------+-----------+-----------+-----------+-----------+-----------+-----------+-----------+-----------+
+----------------------------------------+------------+--------------+------------+-----------+
|                 Metric                 |     Sum    |      Min     |     Max    |    Avg    |
+----------------------------------------+------------+--------------+------------+-----------+
|        Runtime (RDTSC) [s] STAT        |  2942.4240 |     122.6010 |   122.6010 |  122.6010 |
|        Runtime unhalted [s] STAT       |  2910.0523 |     121.0670 |   121.3827 |  121.2522 |
|            Clock [MHz] STAT            | 55188.9873 |    2298.9606 |  2299.9868 | 2299.5411 |
|                CPI STAT                |    17.3597 |       0.4288 |     0.9234 |    0.7233 |
|   Local DRAM data volume [GByte] STAT  |  7088.8523 |       6.4728 |   590.0893 |  295.3688 |
|   Local DRAM bandwidth [MByte/s] STAT  | 57820.5014 |      52.7960 |  4813.0860 | 2409.1876 |
|  Remote DRAM data volume [GByte] STAT  |   104.2449 |       0.0111 |    15.4608 |    4.3435 |
|  Remote DRAM bandwidth [MByte/s] STAT  |   850.2787 |       0.0909 |   126.1068 |   35.4283 |
|     Memory data volume [GByte] STAT    |  7193.0975 |      15.9648 |   590.1293 |  299.7124 |
|     Memory bandwidth [MByte/s] STAT    | 58670.7799 |     130.2172 |  4813.4126 | 2444.6158 |
|          L3 request rate STAT          |    48.0377 |       1.6659 |     2.4550 |    2.0016 |
|            L3 miss rate STAT           |    11.7224 |       0.0001 |     1.4336 |    0.4884 |
|           L3 miss ratio STAT           |    12.3490 | 1.940003e-05 |     1.8785 |    0.5145 |
|          L2 request rate STAT          |     2.7591 |       0.0226 |     0.2127 |    0.1150 |
|            L2 miss rate STAT           |     0.7728 |       0.0026 |     0.0628 |    0.0322 |
|           L2 miss ratio STAT           |     4.9721 |       0.1104 |     0.3026 |    0.2072 |
|  Memory read bandwidth [MBytes/s] STAT | 88253.3748 |            0 | 44583.9662 | 3677.2240 |
|  Memory read data volume [GBytes] STAT | 10819.9539 |            0 |  5466.0398 |  450.8314 |
| Memory write bandwidth [MBytes/s] STAT |  3307.4996 |            0 |  1887.3666 |  137.8125 |
| Memory write data volume [GBytes] STAT |   405.5029 |            0 |   231.3931 |   16.8960 |
|    Memory bandwidth [MBytes/s] STAT    | 91560.8744 |            0 | 46471.3328 | 3815.0364 |
|    Memory data volume [GBytes] STAT    | 11225.4567 |            0 |  5697.4329 |  467.7274 |
|          Temperature [C] STAT          |       1102 |           42 |         50 |   45.9167 |
|             Energy [J] STAT            | 23423.0595 |            0 | 11876.2447 |  975.9608 |
|             Power [W] STAT             |   191.0511 |            0 |    96.8691 |    7.9605 |
|           Energy PP0 [J] STAT          |          0 |            0 |          0 |         0 |
|           Power PP0 [W] STAT           |          0 |            0 |          0 |         0 |
|          Energy DRAM [J] STAT          | 69581.7727 |            0 | 67743.0074 | 2899.2405 |
|           Power DRAM [W] STAT          |   567.5465 |            0 |   552.5485 |   23.6478 |
+----------------------------------------+------------+--------------+------------+-----------+
