--------------------------------------------------------------------------------
CPU name:	Intel(R) Xeon(R) CPU E5-2670 v3 @ 2.30GHz
CPU type:	Intel Xeon Haswell EN/EP/EX processor
CPU clock:	2.30 GHz
--------------------------------------------------------------------------------
Group 1: POWERPERF
+--------------------------------+---------+--------------+--------------+--------------+--------------+--------------+--------------+--------------+--------------+--------------+--------------+--------------+--------------+--------------+--------------+--------------+--------------+--------------+--------------+--------------+--------------+--------------+--------------+--------------+--------------+
|              Event             | Counter |    Core 0    |    Core 1    |    Core 2    |    Core 3    |    Core 4    |    Core 5    |    Core 6    |    Core 7    |    Core 8    |    Core 9    |    Core 10   |    Core 11   |    Core 12   |    Core 13   |    Core 14   |    Core 15   |    Core 16   |    Core 17   |    Core 18   |    Core 19   |    Core 20   |    Core 21   |    Core 22   |    Core 23   |
+--------------------------------+---------+--------------+--------------+--------------+--------------+--------------+--------------+--------------+--------------+--------------+--------------+--------------+--------------+--------------+--------------+--------------+--------------+--------------+--------------+--------------+--------------+--------------+--------------+--------------+--------------+
|        INSTR_RETIRED_ANY       |  FIXC0  | 648830944195 | 650742621336 | 516732990138 | 511917655967 | 511972024792 | 501364808252 | 313147106994 | 325073441498 | 330538185013 | 331287838194 | 332609883885 | 328588766437 | 498150146434 | 493750996518 | 483908576265 | 474093905620 | 463272744825 | 462898188600 | 329803402574 | 330615498125 | 328599806874 | 328119579467 | 327364431423 | 318254954632 |
|      CPU_CLK_UNHALTED_CORE     |  FIXC1  | 278028515737 | 278535449022 | 278546339722 | 278542651276 | 278438547396 | 278394954674 | 252193999120 | 265634900448 | 270160826499 | 270623120790 | 271779948867 | 272577698219 | 278319558919 | 278382904133 | 278320047521 | 278292759960 | 278382079095 | 278238906104 | 272021522549 | 271267923042 | 269792950111 | 268758375159 | 267605909288 | 255974700444 |
|      CPU_CLK_UNHALTED_REF      |  FIXC2  | 278153099506 | 278658233303 | 278663632116 | 278637751757 | 278551901106 | 278488027346 | 252314464047 | 265669518030 | 270190722123 | 270652448158 | 271803604759 | 272606134927 | 278410005343 | 278498015786 | 278405984506 | 278377624011 | 278466209017 | 278321580831 | 272033934280 | 271291232057 | 269815364262 | 268768236431 | 267639282558 | 256030941909 |
|           FIXC1/FIXC0          |   CPI   |            0 |            0 |            0 |            0 |            0 |            0 |            0 |            0 |            0 |            0 |            0 |            0 |            0 |            0 |            0 |            0 |            0 |            0 |            0 |            0 |            0 |            0 |            0 |            0 |
|  OFFCORE_RESPONSE_0_LOCAL_DRAM |   PMC0  |    105003165 |     83035834 |     76038504 |     77469292 |     66008417 |     73782185 |   2111092104 |   2146734077 |   2136777642 |   2151989904 |   2142979187 |   1696124792 |    128783026 |    121071913 |    121138576 |    121033561 |    122570823 |    132170175 |   2009047936 |   2166316987 |   2139282373 |   2151447585 |   2158505062 |   2130913863 |
| OFFCORE_RESPONSE_1_REMOTE_DRAM |   PMC1  |    159222348 |    157947101 |    136630091 |    134504238 |    107802272 |    117532195 |    107870088 |     46744301 |      7341452 |      8165694 |     12600882 |    451752497 |     62975554 |     56683343 |     55119013 |     53478013 |     52597287 |     54959732 |    185361700 |     32737351 |     27651350 |     27733252 |     32367514 |     81215019 |
|  MEM_LOAD_UOPS_RETIRED_L3_ALL  |   PMC2  |    183179447 |    165783790 |    141536320 |    140533685 |    130873194 |    133256147 |    322052734 |    320020878 |    314341875 |    314695708 |    314801108 |    315095681 |    147685396 |    128365427 |    125765277 |    122539730 |    106463996 |    116480352 |    315877753 |    313656390 |    315843884 |    315198777 |    317380060 |    325258241 |
|  MEM_LOAD_UOPS_RETIRED_L3_MISS |   PMC3  |     60975400 |     50049378 |     43525446 |     42957083 |     41191040 |     46774380 |     93315858 |     88854509 |     86139712 |     86530330 |     85838086 |     86388679 |     52837515 |     45190300 |     42901840 |     41286120 |     39124522 |     44497121 |     88131206 |     87533987 |     86989643 |     87497281 |     88853782 |     90134207 |
|      L2_TRANS_ALL_REQUESTS     |   PMC4  |  16756796256 |  16135265832 |  12453251099 |  12282683058 |  11871973508 |  11820841842 |  21761151757 |  21477443845 |  21204983327 |  21185369869 |  21174808519 |  21612455210 |  11389078628 |  11135866153 |  11006430243 |  10809082184 |  10423803506 |  10339226659 |  21371208962 |  21367030135 |  21372959060 |  21401747657 |  21482290020 |  21744349533 |
|          L2_RQSTS_MISS         |   PMC5  |   2008552461 |   1881943325 |   1429725950 |   1433560119 |   1326061543 |   1377918927 |   6634727751 |   6602999452 |   6654824070 |   6641296280 |   6638641552 |   6644840351 |   1358863052 |   1290502296 |   1282478192 |   1267482956 |   1205873380 |   1251815672 |   6605498533 |   6609761442 |   6661110806 |   6660954061 |   6672454303 |   6737847671 |
|        UOPS_RETIRED_ALL        |   PMC6  | 788090117116 | 792482654547 | 653733577854 | 648869414538 | 650145672991 | 638525789870 | 452274423600 | 467214091350 | 474713111678 | 475458900400 | 477165381171 | 468808478608 | 636935219334 | 632889557778 | 622797393321 | 612747553951 | 601884549896 | 601132122699 | 471320311212 | 473102581058 | 470230528028 | 469937226610 | 469257991604 | 458219235560 |
|            TEMP_CORE           |   TMP0  |           43 |           40 |           41 |           41 |           43 |           40 |           43 |           43 |           43 |           42 |           42 |           38 |           41 |           42 |           42 |           44 |           43 |           41 |           46 |           44 |           42 |           46 |           42 |           42 |
|         PWR_PKG_ENERGY         |   PWR0  |    9183.9639 |            0 |            0 |            0 |            0 |            0 |            0 |            0 |            0 |            0 |            0 |            0 |    9039.6008 |            0 |            0 |            0 |            0 |            0 |            0 |            0 |            0 |            0 |            0 |            0 |
|         PWR_PP0_ENERGY         |   PWR1  |            0 |            0 |            0 |            0 |            0 |            0 |            0 |            0 |            0 |            0 |            0 |            0 |            0 |            0 |            0 |            0 |            0 |            0 |            0 |            0 |            0 |            0 |            0 |            0 |
|         PWR_DRAM_ENERGY        |   PWR3  |    1382.3631 |            0 |            0 |            0 |            0 |            0 |            0 |            0 |            0 |            0 |            0 |            0 |    1530.2172 |            0 |            0 |            0 |            0 |            0 |            0 |            0 |            0 |            0 |            0 |            0 |
|          CAS_COUNT_RD          | MBOX0C0 |   6544081735 |            0 |            0 |            0 |            0 |            0 |            0 |            0 |            0 |            0 |            0 |            0 |   7181350867 |            0 |            0 |            0 |            0 |            0 |            0 |            0 |            0 |            0 |            0 |            0 |
|          CAS_COUNT_WR          | MBOX0C1 |   2108243732 |            0 |            0 |            0 |            0 |            0 |            0 |            0 |            0 |            0 |            0 |            0 |   2383140143 |            0 |            0 |            0 |            0 |            0 |            0 |            0 |            0 |            0 |            0 |            0 |
|          CAS_COUNT_RD          | MBOX1C0 |   6537669051 |            0 |            0 |            0 |            0 |            0 |            0 |            0 |            0 |            0 |            0 |            0 |   7192636798 |            0 |            0 |            0 |            0 |            0 |            0 |            0 |            0 |            0 |            0 |            0 |
|          CAS_COUNT_WR          | MBOX1C1 |   2109661128 |            0 |            0 |            0 |            0 |            0 |            0 |            0 |            0 |            0 |            0 |            0 |   2391402945 |            0 |            0 |            0 |            0 |            0 |            0 |            0 |            0 |            0 |            0 |            0 |
|          CAS_COUNT_RD          | MBOX2C0 |            0 |            0 |            0 |            0 |            0 |            0 |            0 |            0 |            0 |            0 |            0 |            0 |            0 |            0 |            0 |            0 |            0 |            0 |            0 |            0 |            0 |            0 |            0 |            0 |
|          CAS_COUNT_WR          | MBOX2C1 |            0 |            0 |            0 |            0 |            0 |            0 |            0 |            0 |            0 |            0 |            0 |            0 |            0 |            0 |            0 |            0 |            0 |            0 |            0 |            0 |            0 |            0 |            0 |            0 |
|          CAS_COUNT_RD          | MBOX3C0 |            0 |            0 |            0 |            0 |            0 |            0 |            0 |            0 |            0 |            0 |            0 |            0 |            0 |            0 |            0 |            0 |            0 |            0 |            0 |            0 |            0 |            0 |            0 |            0 |
|          CAS_COUNT_WR          | MBOX3C1 |            0 |            0 |            0 |            0 |            0 |            0 |            0 |            0 |            0 |            0 |            0 |            0 |            0 |            0 |            0 |            0 |            0 |            0 |            0 |            0 |            0 |            0 |            0 |            0 |
|          CAS_COUNT_RD          | MBOX4C0 |   6536992783 |            0 |            0 |            0 |            0 |            0 |            0 |            0 |            0 |            0 |            0 |            0 |   7180831327 |            0 |            0 |            0 |            0 |            0 |            0 |            0 |            0 |            0 |            0 |            0 |
|          CAS_COUNT_WR          | MBOX4C1 |   2105679436 |            0 |            0 |            0 |            0 |            0 |            0 |            0 |            0 |            0 |            0 |            0 |   2384112284 |            0 |            0 |            0 |            0 |            0 |            0 |            0 |            0 |            0 |            0 |            0 |
|          CAS_COUNT_RD          | MBOX5C0 |   6536443022 |            0 |            0 |            0 |            0 |            0 |            0 |            0 |            0 |            0 |            0 |            0 |   7188007634 |            0 |            0 |            0 |            0 |            0 |            0 |            0 |            0 |            0 |            0 |            0 |
|          CAS_COUNT_WR          | MBOX5C1 |   2112126130 |            0 |            0 |            0 |            0 |            0 |            0 |            0 |            0 |            0 |            0 |            0 |   2391010976 |            0 |            0 |            0 |            0 |            0 |            0 |            0 |            0 |            0 |            0 |            0 |
|          CAS_COUNT_RD          | MBOX6C0 |            0 |            0 |            0 |            0 |            0 |            0 |            0 |            0 |            0 |            0 |            0 |            0 |            0 |            0 |            0 |            0 |            0 |            0 |            0 |            0 |            0 |            0 |            0 |            0 |
|          CAS_COUNT_WR          | MBOX6C1 |            0 |            0 |            0 |            0 |            0 |            0 |            0 |            0 |            0 |            0 |            0 |            0 |            0 |            0 |            0 |            0 |            0 |            0 |            0 |            0 |            0 |            0 |            0 |            0 |
|          CAS_COUNT_RD          | MBOX7C0 |            0 |            0 |            0 |            0 |            0 |            0 |            0 |            0 |            0 |            0 |            0 |            0 |            0 |            0 |            0 |            0 |            0 |            0 |            0 |            0 |            0 |            0 |            0 |            0 |
|          CAS_COUNT_WR          | MBOX7C1 |            0 |            0 |            0 |            0 |            0 |            0 |            0 |            0 |            0 |            0 |            0 |            0 |            0 |            0 |            0 |            0 |            0 |            0 |            0 |            0 |            0 |            0 |            0 |            0 |
+--------------------------------+---------+--------------+--------------+--------------+--------------+--------------+--------------+--------------+--------------+--------------+--------------+--------------+--------------+--------------+--------------+--------------+--------------+--------------+--------------+--------------+--------------+--------------+--------------+--------------+--------------+
+-------------------------------------+---------+----------------+--------------+--------------+--------------+
|                Event                | Counter |       Sum      |      Min     |      Max     |      Avg     |
+-------------------------------------+---------+----------------+--------------+--------------+--------------+
|        INSTR_RETIRED_ANY STAT       |  FIXC0  | 10141638498058 | 313147106994 | 650742621336 | 4.225683e+11 |
|      CPU_CLK_UNHALTED_CORE STAT     |  FIXC1  |  6548814588095 | 252193999120 | 278546339722 | 2.728673e+11 |
|      CPU_CLK_UNHALTED_REF STAT      |  FIXC2  |  6550447948169 | 252314464047 | 278663632116 | 2.729353e+11 |
|           FIXC1/FIXC0 STAT          |   CPI   |              0 |            0 |            0 |            0 |
|  OFFCORE_RESPONSE_0_LOCAL_DRAM STAT |   PMC0  |    26369316983 |     66008417 |   2166316987 | 1.098722e+09 |
| OFFCORE_RESPONSE_1_REMOTE_DRAM STAT |   PMC1  |     2170992287 |      7341452 |    451752497 | 9.045801e+07 |
|  MEM_LOAD_UOPS_RETIRED_L3_ALL STAT  |   PMC2  |     5446685850 |    106463996 |    325258241 | 2.269452e+08 |
|  MEM_LOAD_UOPS_RETIRED_L3_MISS STAT |   PMC3  |     1607517425 |     39124522 |     93315858 | 6.697989e+07 |
|      L2_TRANS_ALL_REQUESTS STAT     |   PMC4  |   403580096862 |  10339226659 |  21761151757 | 1.681584e+10 |
|          L2_RQSTS_MISS STAT         |   PMC5  |    96879734145 |   1205873380 |   6737847671 | 4.036656e+09 |
|        UOPS_RETIRED_ALL STAT        |   PMC6  | 13507935884774 | 452274423600 | 792482654547 | 5.628307e+11 |
|            TEMP_CORE STAT           |   TMP0  |           1014 |           38 |           46 |      42.2500 |
|         PWR_PKG_ENERGY STAT         |   PWR0  |     18223.5647 |            0 |    9183.9639 |     759.3152 |
|         PWR_PP0_ENERGY STAT         |   PWR1  |              0 |            0 |            0 |            0 |
|         PWR_DRAM_ENERGY STAT        |   PWR3  |      2912.5803 |            0 |    1530.2172 |     121.3575 |
|          CAS_COUNT_RD STAT          | MBOX0C0 |    13725432602 |            0 |   7181350867 | 5.718930e+08 |
|          CAS_COUNT_WR STAT          | MBOX0C1 |     4491383875 |            0 |   2383140143 | 1.871410e+08 |
|          CAS_COUNT_RD STAT          | MBOX1C0 |    13730305849 |            0 |   7192636798 | 5.720961e+08 |
|          CAS_COUNT_WR STAT          | MBOX1C1 |     4501064073 |            0 |   2391402945 | 1.875443e+08 |
|          CAS_COUNT_RD STAT          | MBOX2C0 |              0 |            0 |            0 |            0 |
|          CAS_COUNT_WR STAT          | MBOX2C1 |              0 |            0 |            0 |            0 |
|          CAS_COUNT_RD STAT          | MBOX3C0 |              0 |            0 |            0 |            0 |
|          CAS_COUNT_WR STAT          | MBOX3C1 |              0 |            0 |            0 |            0 |
|          CAS_COUNT_RD STAT          | MBOX4C0 |    13717824110 |            0 |   7180831327 | 5.715760e+08 |
|          CAS_COUNT_WR STAT          | MBOX4C1 |     4489791720 |            0 |   2384112284 |    187074655 |
|          CAS_COUNT_RD STAT          | MBOX5C0 |    13724450656 |            0 |   7188007634 | 5.718521e+08 |
|          CAS_COUNT_WR STAT          | MBOX5C1 |     4503137106 |            0 |   2391010976 | 1.876307e+08 |
|          CAS_COUNT_RD STAT          | MBOX6C0 |              0 |            0 |            0 |            0 |
|          CAS_COUNT_WR STAT          | MBOX6C1 |              0 |            0 |            0 |            0 |
|          CAS_COUNT_RD STAT          | MBOX7C0 |              0 |            0 |            0 |            0 |
|          CAS_COUNT_WR STAT          | MBOX7C1 |              0 |            0 |            0 |            0 |
+-------------------------------------+---------+----------------+--------------+--------------+--------------+
+-----------------------------------+------------+-----------+-----------+-----------+-----------+-----------+-----------+-----------+-----------+-----------+-----------+-----------+------------+-----------+-----------+-----------+-----------+-----------+-----------+-----------+-----------+-----------+-----------+-----------+
|               Metric              |   Core 0   |   Core 1  |   Core 2  |   Core 3  |   Core 4  |   Core 5  |   Core 6  |   Core 7  |   Core 8  |   Core 9  |  Core 10  |  Core 11  |   Core 12  |  Core 13  |  Core 14  |  Core 15  |  Core 16  |  Core 17  |  Core 18  |  Core 19  |  Core 20  |  Core 21  |  Core 22  |  Core 23  |
+-----------------------------------+------------+-----------+-----------+-----------+-----------+-----------+-----------+-----------+-----------+-----------+-----------+-----------+------------+-----------+-----------+-----------+-----------+-----------+-----------+-----------+-----------+-----------+-----------+-----------+
|        Runtime (RDTSC) [s]        |   122.7159 |  122.7159 |  122.7159 |  122.7159 |  122.7159 |  122.7159 |  122.7159 |  122.7159 |  122.7159 |  122.7159 |  122.7159 |  122.7159 |   122.7159 |  122.7159 |  122.7159 |  122.7159 |  122.7159 |  122.7159 |  122.7159 |  122.7159 |  122.7159 |  122.7159 |  122.7159 |  122.7159 |
|        Runtime unhalted [s]       |   120.8829 |  121.1033 |  121.1081 |  121.1064 |  121.0612 |  121.0422 |  109.6504 |  115.4943 |  117.4621 |  117.6631 |  118.1661 |  118.5130 |   121.0095 |  121.0370 |  121.0097 |  120.9978 |  121.0366 |  120.9744 |  118.2712 |  117.9435 |  117.3022 |  116.8524 |  116.3513 |  111.2942 |
|            Clock [MHz]            |  2298.9518 | 2298.9685 | 2299.0139 | 2299.1970 | 2299.0460 | 2299.2133 | 2298.8839 | 2299.6823 | 2299.7275 | 2299.7327 | 2299.7818 | 2299.7420 |  2299.2348 | 2299.0313 | 2299.2720 | 2299.2808 | 2299.2871 | 2299.2988 | 2299.8770 | 2299.7844 | 2299.7909 | 2299.8976 | 2299.6952 | 2299.4767 |
|                CPI                |     0.4285 |    0.4280 |    0.5391 |    0.5441 |    0.5439 |    0.5553 |    0.8054 |    0.8172 |    0.8173 |    0.8169 |    0.8171 |    0.8295 |     0.5587 |    0.5638 |    0.5752 |    0.5870 |    0.6009 |    0.6011 |    0.8248 |    0.8205 |    0.8210 |    0.8191 |    0.8175 |    0.8043 |
|   Local DRAM data volume [GByte]  |     6.7202 |    5.3143 |    4.8665 |    4.9580 |    4.2245 |    4.7221 |  135.1099 |  137.3910 |  136.7538 |  137.7274 |  137.1507 |  108.5520 |     8.2421 |    7.7486 |    7.7529 |    7.7461 |    7.8445 |    8.4589 |  128.5791 |  138.6443 |  136.9141 |  137.6926 |  138.1443 |  136.3785 |
|   Local DRAM bandwidth [MByte/s]  |    54.7623 |   43.3057 |   39.6564 |   40.4026 |   34.4254 |   38.4796 | 1100.9978 | 1119.5862 | 1114.3936 | 1122.3273 | 1117.6279 |  884.5799 |    67.1642 |   63.1426 |   63.1774 |   63.1226 |   63.9244 |   68.9307 | 1047.7787 | 1129.7993 | 1115.6999 | 1122.0444 | 1125.7251 | 1111.3355 |
|  Remote DRAM data volume [GByte]  |    10.1902 |   10.1086 |    8.7443 |    8.6083 |    6.8993 |    7.5221 |    6.9037 |    2.9916 |    0.4699 |    0.5226 |    0.8065 |   28.9122 |     4.0304 |    3.6277 |    3.5276 |    3.4226 |    3.3662 |    3.5174 |   11.8631 |    2.0952 |    1.7697 |    1.7749 |    2.0715 |    5.1978 |
|  Remote DRAM bandwidth [MByte/s]  |    83.0392 |   82.3741 |   71.2567 |   70.1480 |   56.2221 |   61.2966 |   56.2575 |   24.3786 |    3.8288 |    4.2587 |    6.5717 |  235.6025 |    32.8436 |   29.5621 |   28.7462 |   27.8904 |   27.4311 |   28.6631 |   96.6717 |   17.0735 |   14.4210 |   14.4637 |   16.8806 |   42.3561 |
|     Memory data volume [GByte]    |    16.9104 |   15.4229 |   13.6108 |   13.5663 |   11.1239 |   12.2441 |  142.0136 |  140.3826 |  137.2236 |  138.2500 |  137.9571 |  137.4641 |    12.2725 |   11.3763 |   11.2805 |   11.1687 |   11.2108 |   11.9763 |  140.4422 |  140.7395 |  138.6838 |  139.4676 |  140.2158 |  141.5762 |
|     Memory bandwidth [MByte/s]    |   137.8015 |  125.6798 |  110.9130 |  110.5506 |   90.6475 |   99.7762 | 1157.2553 | 1143.9647 | 1118.2224 | 1126.5859 | 1124.1996 | 1120.1824 |   100.0078 |   92.7047 |   91.9236 |   91.0130 |   91.3554 |   97.5939 | 1144.4504 | 1146.8728 | 1130.1209 | 1136.5081 | 1142.6057 | 1153.6915 |
|          L3 request rate          |     3.0042 |    3.3124 |    3.2518 |    3.2715 |    3.1772 |    2.8489 |    3.4512 |    3.6016 |    3.6492 |    3.6368 |    3.6674 |    3.6474 |     2.7951 |    2.8406 |    2.9315 |    2.9681 |    2.7212 |    2.6177 |    3.5842 |    3.5833 |    3.6308 |    3.6024 |    3.5719 |    3.6086 |
|            L3 miss rate           |     0.8692 |    0.9527 |    0.9653 |    0.9571 |    0.8237 |    0.8820 |    0.3349 |    0.1461 |    0.0234 |    0.0259 |    0.0400 |    1.4337 |     0.4264 |    0.4416 |    0.4383 |    0.4364 |    0.4940 |    0.4718 |    0.5868 |    0.1044 |    0.0875 |    0.0880 |    0.1020 |    0.2497 |
|           L3 miss ratio           |     1.5164 |    1.9022 |    1.7969 |    1.7362 |    1.6332 |    1.5930 |    0.0511 |    0.0218 |    0.0034 |    0.0038 |    0.0059 |    0.2663 |     0.4890 |    0.4682 |    0.4550 |    0.4418 |    0.4291 |    0.4158 |    0.0923 |    0.0151 |    0.0129 |    0.0129 |    0.0150 |    0.0381 |
|          L2 request rate          |     0.0258 |    0.0248 |    0.0241 |    0.0240 |    0.0232 |    0.0236 |    0.0695 |    0.0661 |    0.0642 |    0.0639 |    0.0637 |    0.0658 |     0.0229 |    0.0226 |    0.0227 |    0.0228 |    0.0225 |    0.0223 |    0.0648 |    0.0646 |    0.0650 |    0.0652 |    0.0656 |    0.0683 |
|            L2 miss rate           |     0.0031 |    0.0029 |    0.0028 |    0.0028 |    0.0026 |    0.0027 |    0.0212 |    0.0203 |    0.0201 |    0.0200 |    0.0200 |    0.0202 |     0.0027 |    0.0026 |    0.0027 |    0.0027 |    0.0026 |    0.0027 |    0.0200 |    0.0200 |    0.0203 |    0.0203 |    0.0204 |    0.0212 |
|           L2 miss ratio           |     0.1199 |    0.1166 |    0.1148 |    0.1167 |    0.1117 |    0.1166 |    0.3049 |    0.3074 |    0.3138 |    0.3135 |    0.3135 |    0.3075 |     0.1193 |    0.1159 |    0.1165 |    0.1173 |    0.1157 |    0.1211 |    0.3091 |    0.3093 |    0.3117 |    0.3112 |    0.3106 |    0.3099 |
|  Memory read bandwidth [MBytes/s] | 13640.7140 |         0 |         0 |         0 |         0 |         0 |         0 |         0 |         0 |         0 |         0 |         0 | 14990.2459 |         0 |         0 |         0 |         0 |         0 |         0 |         0 |         0 |         0 |         0 |         0 |
|  Memory read data volume [GBytes] |  1673.9319 |         0 |         0 |         0 |         0 |         0 |         0 |         0 |         0 |         0 |         0 |         0 |  1839.5409 |         0 |         0 |         0 |         0 |         0 |         0 |         0 |         0 |         0 |         0 |         0 |
| Memory write bandwidth [MBytes/s] |  4399.4759 |         0 |         0 |         0 |         0 |         0 |         0 |         0 |         0 |         0 |         0 |         0 |  4980.4373 |         0 |         0 |         0 |         0 |         0 |         0 |         0 |         0 |         0 |         0 |         0 |
| Memory write data volume [GBytes] |   539.8855 |         0 |         0 |         0 |         0 |         0 |         0 |         0 |         0 |         0 |         0 |         0 |   611.1786 |         0 |         0 |         0 |         0 |         0 |         0 |         0 |         0 |         0 |         0 |         0 |
|    Memory bandwidth [MBytes/s]    | 18040.1900 |         0 |         0 |         0 |         0 |         0 |         0 |         0 |         0 |         0 |         0 |         0 | 19970.6832 |         0 |         0 |         0 |         0 |         0 |         0 |         0 |         0 |         0 |         0 |         0 |
|    Memory data volume [GBytes]    |  2213.8174 |         0 |         0 |         0 |         0 |         0 |         0 |         0 |         0 |         0 |         0 |         0 |  2450.7196 |         0 |         0 |         0 |         0 |         0 |         0 |         0 |         0 |         0 |         0 |         0 |
|          Temperature [C]          |         43 |        40 |        41 |        41 |        43 |        40 |        43 |        43 |        43 |        42 |        42 |        38 |         41 |        42 |        42 |        44 |        43 |        41 |        46 |        44 |        42 |        46 |        42 |        42 |
|             Energy [J]            |  9183.9639 |         0 |         0 |         0 |         0 |         0 |         0 |         0 |         0 |         0 |         0 |         0 |  9039.6008 |         0 |         0 |         0 |         0 |         0 |         0 |         0 |         0 |         0 |         0 |         0 |
|             Power [W]             |    74.8393 |         0 |         0 |         0 |         0 |         0 |         0 |         0 |         0 |         0 |         0 |         0 |    73.6629 |         0 |         0 |         0 |         0 |         0 |         0 |         0 |         0 |         0 |         0 |         0 |
|           Energy PP0 [J]          |          0 |         0 |         0 |         0 |         0 |         0 |         0 |         0 |         0 |         0 |         0 |         0 |          0 |         0 |         0 |         0 |         0 |         0 |         0 |         0 |         0 |         0 |         0 |         0 |
|           Power PP0 [W]           |          0 |         0 |         0 |         0 |         0 |         0 |         0 |         0 |         0 |         0 |         0 |         0 |          0 |         0 |         0 |         0 |         0 |         0 |         0 |         0 |         0 |         0 |         0 |         0 |
|          Energy DRAM [J]          |  1382.3631 |         0 |         0 |         0 |         0 |         0 |         0 |         0 |         0 |         0 |         0 |         0 |  1530.2172 |         0 |         0 |         0 |         0 |         0 |         0 |         0 |         0 |         0 |         0 |         0 |
|           Power DRAM [W]          |    11.2647 |         0 |         0 |         0 |         0 |         0 |         0 |         0 |         0 |         0 |         0 |         0 |    12.4696 |         0 |         0 |         0 |         0 |         0 |         0 |         0 |         0 |         0 |         0 |         0 |
+-----------------------------------+------------+-----------+-----------+-----------+-----------+-----------+-----------+-----------+-----------+-----------+-----------+-----------+------------+-----------+-----------+-----------+-----------+-----------+-----------+-----------+-----------+-----------+-----------+-----------+
+----------------------------------------+------------+-----------+------------+-----------+
|                 Metric                 |     Sum    |    Min    |     Max    |    Avg    |
+----------------------------------------+------------+-----------+------------+-----------+
|        Runtime (RDTSC) [s] STAT        |  2945.1816 |  122.7159 |   122.7159 |  122.7159 |
|        Runtime unhalted [s] STAT       |  2847.3329 |  109.6504 |   121.1081 |  118.6389 |
|            Clock [MHz] STAT            | 55185.8673 | 2298.8839 |  2299.8976 | 2299.4111 |
|                CPI STAT                |    16.3362 |    0.4280 |     0.8295 |    0.6807 |
|   Local DRAM data volume [GByte] STAT  |  1687.6364 |    4.2245 |   138.6443 |   70.3182 |
|   Local DRAM bandwidth [MByte/s] STAT  | 13752.3895 |   34.4254 |  1129.7993 |  573.0162 |
|  Remote DRAM data volume [GByte] STAT  |   138.9434 |    0.4699 |    28.9122 |    5.7893 |
|  Remote DRAM bandwidth [MByte/s] STAT  |  1132.2376 |    3.8288 |   235.6025 |   47.1766 |
|     Memory data volume [GByte] STAT    |  1826.5796 |   11.1239 |   142.0136 |   76.1075 |
|     Memory bandwidth [MByte/s] STAT    | 14884.6267 |   90.6475 |  1157.2553 |  620.1928 |
|          L3 request rate STAT          |    78.9750 |    2.6177 |     3.6674 |    3.2906 |
|            L3 miss rate STAT           |    11.3809 |    0.0234 |     1.4337 |    0.4742 |
|           L3 miss ratio STAT           |    13.4154 |    0.0034 |     1.9022 |    0.5590 |
|          L2 request rate STAT          |     1.0680 |    0.0223 |     0.0695 |    0.0445 |
|            L2 miss rate STAT           |     0.2769 |    0.0026 |     0.0212 |    0.0115 |
|           L2 miss ratio STAT           |     5.1245 |    0.1117 |     0.3138 |    0.2135 |
|  Memory read bandwidth [MBytes/s] STAT | 28630.9599 |         0 | 14990.2459 | 1192.9567 |
|  Memory read data volume [GBytes] STAT |  3513.4728 |         0 |  1839.5409 |  146.3947 |
| Memory write bandwidth [MBytes/s] STAT |  9379.9132 |         0 |  4980.4373 |  390.8297 |
| Memory write data volume [GBytes] STAT |  1151.0641 |         0 |   611.1786 |   47.9610 |
|    Memory bandwidth [MBytes/s] STAT    | 38010.8732 |         0 | 19970.6832 | 1583.7864 |
|    Memory data volume [GBytes] STAT    |  4664.5370 |         0 |  2450.7196 |  194.3557 |
|          Temperature [C] STAT          |       1014 |        38 |         46 |   42.2500 |
|             Energy [J] STAT            | 18223.5647 |         0 |  9183.9639 |  759.3152 |
|             Power [W] STAT             |   148.5022 |         0 |    74.8393 |    6.1876 |
|           Energy PP0 [J] STAT          |          0 |         0 |          0 |         0 |
|           Power PP0 [W] STAT           |          0 |         0 |          0 |         0 |
|          Energy DRAM [J] STAT          |  2912.5803 |         0 |  1530.2172 |  121.3575 |
|           Power DRAM [W] STAT          |    23.7343 |         0 |    12.4696 |    0.9889 |
+----------------------------------------+------------+-----------+------------+-----------+
