--------------------------------------------------------------------------------
CPU name:	Intel(R) Xeon(R) CPU E5-2670 v3 @ 2.30GHz
CPU type:	Intel Xeon Haswell EN/EP/EX processor
CPU clock:	2.30 GHz
--------------------------------------------------------------------------------
Group 1: POWERPERF
+--------------------------------+---------+--------------+--------------+--------------+--------------+--------------+--------------+--------------+--------------+--------------+--------------+--------------+--------------+--------------+--------------+--------------+--------------+--------------+--------------+--------------+--------------+--------------+--------------+--------------+--------------+
|              Event             | Counter |    Core 0    |    Core 1    |    Core 2    |    Core 3    |    Core 4    |    Core 5    |    Core 6    |    Core 7    |    Core 8    |    Core 9    |    Core 10   |    Core 11   |    Core 12   |    Core 13   |    Core 14   |    Core 15   |    Core 16   |    Core 17   |    Core 18   |    Core 19   |    Core 20   |    Core 21   |    Core 22   |    Core 23   |
+--------------------------------+---------+--------------+--------------+--------------+--------------+--------------+--------------+--------------+--------------+--------------+--------------+--------------+--------------+--------------+--------------+--------------+--------------+--------------+--------------+--------------+--------------+--------------+--------------+--------------+--------------+
|        INSTR_RETIRED_ANY       |  FIXC0  | 117555641096 | 117519733541 | 117473589831 | 117576333229 | 117588895662 | 117591335893 | 137350828471 | 137123207414 | 137250860111 | 136884921878 | 137169768328 | 137282885551 | 117510456058 | 117565848311 | 114864800514 | 114864073599 | 114864446582 | 114861848740 | 136903442748 | 137011664677 | 136761405962 | 137019089974 | 136922776728 | 136958662173 |
|      CPU_CLK_UNHALTED_CORE     |  FIXC1  |  57473423528 |  57921520231 |  57987649640 |  57659434546 |  56774972609 |  56358989110 |  58884883999 |  58905204685 |  58897820862 |  58821996382 |  58895178914 |  58915101222 |  57780405527 |  57762704194 |  56626698710 |  56486231322 |  54862139033 |  56005821004 |  58799910567 |  58786879809 |  58785021022 |  58804142412 |  58784449289 |  58804299820 |
|      CPU_CLK_UNHALTED_REF      |  FIXC2  |  57529335097 |  57977619288 |  58043207905 |  57703477527 |  56820292247 |  56404649932 |  58884939135 |  58905273619 |  58897785256 |  58821978567 |  58895141843 |  58915111593 |  57836718988 |  57782918469 |  56679876856 |  56513897977 |  54906508270 |  56019142654 |  58799939852 |  58786938504 |  58785020810 |  58804187676 |  58784484588 |  58804351620 |
|           FIXC1/FIXC0          |   CPI   |            0 |            0 |            0 |            0 |            0 |            0 |            0 |            0 |            0 |            0 |            0 |            0 |            0 |            0 |            0 |            0 |            0 |            0 |            0 |            0 |            0 |            0 |            0 |            0 |
|  OFFCORE_RESPONSE_0_LOCAL_DRAM |   PMC0  |    212248886 |    220783978 |    219700025 |    217064398 |    216420114 |    218137215 |      1935261 |      2002898 |      1990893 |      1947506 |      2032187 |      1940115 |    214775253 |    223225154 |    212618366 |    211069024 |    212609982 |    208128285 |      1768947 |      1816318 |      1921356 |      1779850 |      1949447 |      1857703 |
| OFFCORE_RESPONSE_1_REMOTE_DRAM |   PMC1  |     30568696 |     24123834 |     24358345 |     24457938 |     29477096 |     26271666 |       100724 |        63323 |        63579 |        60995 |        54728 |        75419 |     27493678 |     24025647 |     26842304 |     25426960 |     27691049 |     30781654 |       234308 |       227278 |       144917 |       197674 |       121332 |       125652 |
|  MEM_LOAD_UOPS_RETIRED_L3_ALL  |   PMC2  |    265272131 |    261615892 |    262195769 |    256335488 |    254873143 |    254112914 |       436610 |       438319 |       442598 |       423313 |       452098 |       417507 |    257078588 |    250214947 |    252310407 |    249721784 |    245852122 |    247331555 |       416202 |       441978 |       440421 |       417245 |       445176 |       414379 |
|  MEM_LOAD_UOPS_RETIRED_L3_MISS |   PMC3  |     47691193 |     47736777 |     46137028 |     46285649 |     47838903 |     47869726 |       289008 |       291558 |       296965 |       276426 |       306902 |       270730 |     47404250 |     45011506 |     46602460 |     46357609 |     45035048 |     47184743 |       270953 |       296901 |       298682 |       266448 |       302982 |       269851 |
|      L2_TRANS_ALL_REQUESTS     |   PMC4  |  19819634902 |  20079137778 |  19826840070 |  19729421592 |  19760805570 |  19501145602 |     26912076 |     26626122 |     25779077 |     26793333 |     25869700 |     25479910 |  19916619580 |  19589146273 |  19432441232 |  19451733361 |  18701997184 |  19227234254 |     26588769 |     26524678 |     26391300 |     25995223 |     26802954 |     25929013 |
|          L2_RQSTS_MISS         |   PMC5  |   5029761954 |   5218535638 |   5096172777 |   5000246615 |   4984454131 |   4834945625 |      2741684 |      2774329 |      2744086 |      2699148 |      2777769 |      2719343 |   5087652864 |   5042963442 |   4979558279 |   4957797312 |   4760128502 |   4886727493 |      2714554 |      2757433 |      2769230 |      2688970 |      2769391 |      2686503 |
|        UOPS_RETIRED_ALL        |   PMC6  | 131354204863 | 131284319196 | 131190433100 | 131390172558 | 131419399088 | 131416447382 | 163928580162 | 163682331410 | 163822271569 | 163401019481 | 163731242498 | 163861955689 | 131253380615 | 131374035020 | 128385704138 | 128384300745 | 128386429366 | 128380820856 | 163414751460 | 163534656008 | 163258828895 | 163548170905 | 163432997790 | 163479345045 |
|            TEMP_CORE           |   TMP0  |           40 |           40 |           40 |           41 |           39 |           39 |           42 |           44 |           43 |           45 |           41 |           42 |           42 |           42 |           42 |           45 |           45 |           44 |           46 |           48 |           43 |           45 |           44 |           45 |
|         PWR_PKG_ENERGY         |   PWR0  |    2255.4210 |            0 |            0 |            0 |            0 |            0 |            0 |            0 |            0 |            0 |            0 |            0 |    2286.3743 |            0 |            0 |            0 |            0 |            0 |            0 |            0 |            0 |            0 |            0 |            0 |
|         PWR_PP0_ENERGY         |   PWR1  |            0 |            0 |            0 |            0 |            0 |            0 |            0 |            0 |            0 |            0 |            0 |            0 |            0 |            0 |            0 |            0 |            0 |            0 |            0 |            0 |            0 |            0 |            0 |            0 |
|         PWR_DRAM_ENERGY        |   PWR3  |     231.7678 |            0 |            0 |            0 |            0 |            0 |            0 |            0 |            0 |            0 |            0 |            0 |     239.2733 |            0 |            0 |            0 |            0 |            0 |            0 |            0 |            0 |            0 |            0 |            0 |
|          CAS_COUNT_RD          | MBOX0C0 |    543991899 |            0 |            0 |            0 |            0 |            0 |            0 |            0 |            0 |            0 |            0 |            0 |    533017566 |            0 |            0 |            0 |            0 |            0 |            0 |            0 |            0 |            0 |            0 |            0 |
|          CAS_COUNT_WR          | MBOX0C1 |    480933722 |            0 |            0 |            0 |            0 |            0 |            0 |            0 |            0 |            0 |            0 |            0 |    473073862 |            0 |            0 |            0 |            0 |            0 |            0 |            0 |            0 |            0 |            0 |            0 |
|          CAS_COUNT_RD          | MBOX1C0 |    545110400 |            0 |            0 |            0 |            0 |            0 |            0 |            0 |            0 |            0 |            0 |            0 |    529591695 |            0 |            0 |            0 |            0 |            0 |            0 |            0 |            0 |            0 |            0 |            0 |
|          CAS_COUNT_WR          | MBOX1C1 |    482125150 |            0 |            0 |            0 |            0 |            0 |            0 |            0 |            0 |            0 |            0 |            0 |    470763600 |            0 |            0 |            0 |            0 |            0 |            0 |            0 |            0 |            0 |            0 |            0 |
|          CAS_COUNT_RD          | MBOX2C0 |            0 |            0 |            0 |            0 |            0 |            0 |            0 |            0 |            0 |            0 |            0 |            0 |            0 |            0 |            0 |            0 |            0 |            0 |            0 |            0 |            0 |            0 |            0 |            0 |
|          CAS_COUNT_WR          | MBOX2C1 |            0 |            0 |            0 |            0 |            0 |            0 |            0 |            0 |            0 |            0 |            0 |            0 |            0 |            0 |            0 |            0 |            0 |            0 |            0 |            0 |            0 |            0 |            0 |            0 |
|          CAS_COUNT_RD          | MBOX3C0 |            0 |            0 |            0 |            0 |            0 |            0 |            0 |            0 |            0 |            0 |            0 |            0 |            0 |            0 |            0 |            0 |            0 |            0 |            0 |            0 |            0 |            0 |            0 |            0 |
|          CAS_COUNT_WR          | MBOX3C1 |            0 |            0 |            0 |            0 |            0 |            0 |            0 |            0 |            0 |            0 |            0 |            0 |            0 |            0 |            0 |            0 |            0 |            0 |            0 |            0 |            0 |            0 |            0 |            0 |
|          CAS_COUNT_RD          | MBOX4C0 |    544279143 |            0 |            0 |            0 |            0 |            0 |            0 |            0 |            0 |            0 |            0 |            0 |    531009249 |            0 |            0 |            0 |            0 |            0 |            0 |            0 |            0 |            0 |            0 |            0 |
|          CAS_COUNT_WR          | MBOX4C1 |    481028235 |            0 |            0 |            0 |            0 |            0 |            0 |            0 |            0 |            0 |            0 |            0 |    472177225 |            0 |            0 |            0 |            0 |            0 |            0 |            0 |            0 |            0 |            0 |            0 |
|          CAS_COUNT_RD          | MBOX5C0 |    545298955 |            0 |            0 |            0 |            0 |            0 |            0 |            0 |            0 |            0 |            0 |            0 |    529626072 |            0 |            0 |            0 |            0 |            0 |            0 |            0 |            0 |            0 |            0 |            0 |
|          CAS_COUNT_WR          | MBOX5C1 |    482322897 |            0 |            0 |            0 |            0 |            0 |            0 |            0 |            0 |            0 |            0 |            0 |    470845956 |            0 |            0 |            0 |            0 |            0 |            0 |            0 |            0 |            0 |            0 |            0 |
|          CAS_COUNT_RD          | MBOX6C0 |            0 |            0 |            0 |            0 |            0 |            0 |            0 |            0 |            0 |            0 |            0 |            0 |            0 |            0 |            0 |            0 |            0 |            0 |            0 |            0 |            0 |            0 |            0 |            0 |
|          CAS_COUNT_WR          | MBOX6C1 |            0 |            0 |            0 |            0 |            0 |            0 |            0 |            0 |            0 |            0 |            0 |            0 |            0 |            0 |            0 |            0 |            0 |            0 |            0 |            0 |            0 |            0 |            0 |            0 |
|          CAS_COUNT_RD          | MBOX7C0 |            0 |            0 |            0 |            0 |            0 |            0 |            0 |            0 |            0 |            0 |            0 |            0 |            0 |            0 |            0 |            0 |            0 |            0 |            0 |            0 |            0 |            0 |            0 |            0 |
|          CAS_COUNT_WR          | MBOX7C1 |            0 |            0 |            0 |            0 |            0 |            0 |            0 |            0 |            0 |            0 |            0 |            0 |            0 |            0 |            0 |            0 |            0 |            0 |            0 |            0 |            0 |            0 |            0 |            0 |
+--------------------------------+---------+--------------+--------------+--------------+--------------+--------------+--------------+--------------+--------------+--------------+--------------+--------------+--------------+--------------+--------------+--------------+--------------+--------------+--------------+--------------+--------------+--------------+--------------+--------------+--------------+
+-------------------------------------+---------+---------------+--------------+--------------+--------------+
|                Event                | Counter |      Sum      |      Min     |      Max     |      Avg     |
+-------------------------------------+---------+---------------+--------------+--------------+--------------+
|        INSTR_RETIRED_ANY STAT       |  FIXC0  | 3044476517071 | 114861848740 | 137350828471 | 1.268532e+11 |
|      CPU_CLK_UNHALTED_CORE STAT     |  FIXC1  | 1389784878437 |  54862139033 |  58915101222 | 5.790770e+10 |
|      CPU_CLK_UNHALTED_REF STAT      |  FIXC2  | 1390302798273 |  54906508270 |  58915111593 | 5.792928e+10 |
|           FIXC1/FIXC0 STAT          |   CPI   |             0 |            0 |            0 |            0 |
|  OFFCORE_RESPONSE_0_LOCAL_DRAM STAT |   PMC0  |    2609723161 |      1768947 |    223225154 | 1.087385e+08 |
| OFFCORE_RESPONSE_1_REMOTE_DRAM STAT |   PMC1  |     322988796 |        54728 |     30781654 | 1.345787e+07 |
|  MEM_LOAD_UOPS_RETIRED_L3_ALL STAT  |   PMC2  |    3062100586 |       414379 |    265272131 | 1.275875e+08 |
|  MEM_LOAD_UOPS_RETIRED_L3_MISS STAT |   PMC3  |     564592298 |       266448 |     47869726 | 2.352468e+07 |
|      L2_TRANS_ALL_REQUESTS STAT     |   PMC4  |  235351849553 |     25479910 |  20079137778 | 9.806327e+09 |
|          L2_RQSTS_MISS STAT         |   PMC5  |   59911787072 |      2686503 |   5218535638 | 2.496324e+09 |
|        UOPS_RETIRED_ALL STAT        |   PMC6  | 3527315797839 | 128380820856 | 163928580162 | 1.469715e+11 |
|            TEMP_CORE STAT           |   TMP0  |          1027 |           39 |           48 |      42.7917 |
|         PWR_PKG_ENERGY STAT         |   PWR0  |     4541.7953 |            0 |    2286.3743 |     189.2415 |
|         PWR_PP0_ENERGY STAT         |   PWR1  |             0 |            0 |            0 |            0 |
|         PWR_DRAM_ENERGY STAT        |   PWR3  |      471.0411 |            0 |     239.2733 |      19.6267 |
|          CAS_COUNT_RD STAT          | MBOX0C0 |    1077009465 |            0 |    543991899 | 4.487539e+07 |
|          CAS_COUNT_WR STAT          | MBOX0C1 |     954007584 |            0 |    480933722 |     39750316 |
|          CAS_COUNT_RD STAT          | MBOX1C0 |    1074702095 |            0 |    545110400 | 4.477925e+07 |
|          CAS_COUNT_WR STAT          | MBOX1C1 |     952888750 |            0 |    482125150 | 3.970370e+07 |
|          CAS_COUNT_RD STAT          | MBOX2C0 |             0 |            0 |            0 |            0 |
|          CAS_COUNT_WR STAT          | MBOX2C1 |             0 |            0 |            0 |            0 |
|          CAS_COUNT_RD STAT          | MBOX3C0 |             0 |            0 |            0 |            0 |
|          CAS_COUNT_WR STAT          | MBOX3C1 |             0 |            0 |            0 |            0 |
|          CAS_COUNT_RD STAT          | MBOX4C0 |    1075288392 |            0 |    544279143 |     44803683 |
|          CAS_COUNT_WR STAT          | MBOX4C1 |     953205460 |            0 |    481028235 | 3.971689e+07 |
|          CAS_COUNT_RD STAT          | MBOX5C0 |    1074925027 |            0 |    545298955 | 4.478854e+07 |
|          CAS_COUNT_WR STAT          | MBOX5C1 |     953168853 |            0 |    482322897 | 3.971537e+07 |
|          CAS_COUNT_RD STAT          | MBOX6C0 |             0 |            0 |            0 |            0 |
|          CAS_COUNT_WR STAT          | MBOX6C1 |             0 |            0 |            0 |            0 |
|          CAS_COUNT_RD STAT          | MBOX7C0 |             0 |            0 |            0 |            0 |
|          CAS_COUNT_WR STAT          | MBOX7C1 |             0 |            0 |            0 |            0 |
+-------------------------------------+---------+---------------+--------------+--------------+--------------+
+-----------------------------------+------------+-----------+-----------+-----------+-----------+-----------+--------------+--------------+--------------+--------------+--------------+--------------+-----------+-----------+-----------+-----------+-----------+-----------+--------------+--------------+--------------+--------------+--------------+--------------+
|               Metric              |   Core 0   |   Core 1  |   Core 2  |   Core 3  |   Core 4  |   Core 5  |    Core 6    |    Core 7    |    Core 8    |    Core 9    |    Core 10   |    Core 11   |  Core 12  |  Core 13  |  Core 14  |  Core 15  |  Core 16  |  Core 17  |    Core 18   |    Core 19   |    Core 20   |    Core 21   |    Core 22   |    Core 23   |
+-----------------------------------+------------+-----------+-----------+-----------+-----------+-----------+--------------+--------------+--------------+--------------+--------------+--------------+-----------+-----------+-----------+-----------+-----------+-----------+--------------+--------------+--------------+--------------+--------------+--------------+
|        Runtime (RDTSC) [s]        |    25.7897 |   25.7897 |   25.7897 |   25.7897 |   25.7897 |   25.7897 |      25.7897 |      25.7897 |      25.7897 |      25.7897 |      25.7897 |      25.7897 |   25.7897 |   25.7897 |   25.7897 |   25.7897 |   25.7897 |   25.7897 |      25.7897 |      25.7897 |      25.7897 |      25.7897 |      25.7897 |      25.7897 |
|        Runtime unhalted [s]       |    24.9909 |   25.1857 |   25.2145 |   25.0718 |   24.6872 |   24.5063 |      25.6046 |      25.6134 |      25.6102 |      25.5773 |      25.6091 |      25.6178 |   25.1244 |   25.1167 |   24.6227 |   24.5616 |   23.8554 |   24.3527 |      25.5677 |      25.5620 |      25.5612 |      25.5695 |      25.5609 |      25.5696 |
|            Clock [MHz]            |  2297.5414 | 2297.5512 | 2297.5752 | 2298.0212 | 2297.9422 | 2297.9148 |    2299.7743 |    2299.7738 |    2299.7779 |    2299.7772 |    2299.7779 |    2299.7761 | 2297.5373 | 2298.9720 | 2297.6188 | 2298.6506 | 2297.9181 | 2299.2296 |    2299.7754 |    2299.7742 |    2299.7765 |    2299.7747 |    2299.7751 |    2299.7745 |
|                CPI                |     0.4889 |    0.4929 |    0.4936 |    0.4904 |    0.4828 |    0.4793 |       0.4287 |       0.4296 |       0.4291 |       0.4297 |       0.4294 |       0.4292 |    0.4917 |    0.4913 |    0.4930 |    0.4918 |    0.4776 |    0.4876 |       0.4295 |       0.4291 |       0.4298 |       0.4292 |       0.4293 |       0.4294 |
|   Local DRAM data volume [GByte]  |    13.5839 |   14.1302 |   14.0608 |   13.8921 |   13.8509 |   13.9608 |       0.1239 |       0.1282 |       0.1274 |       0.1246 |       0.1301 |       0.1242 |   13.7456 |   14.2864 |   13.6076 |   13.5084 |   13.6070 |   13.3202 |       0.1132 |       0.1162 |       0.1230 |       0.1139 |       0.1248 |       0.1189 |
|   Local DRAM bandwidth [MByte/s]  |   526.7190 |  547.8997 |  545.2098 |  538.6692 |  537.0703 |  541.3315 |       4.8026 |       4.9704 |       4.9406 |       4.8330 |       5.0431 |       4.8146 |  532.9884 |  553.9578 |  527.6359 |  523.7910 |  527.6151 |  516.4932 |       4.3898 |       4.5074 |       4.7681 |       4.4169 |       4.8378 |       4.6101 |
|  Remote DRAM data volume [GByte]  |     1.9564 |    1.5439 |    1.5589 |    1.5653 |    1.8865 |    1.6814 |       0.0064 |       0.0041 |       0.0041 |       0.0039 |       0.0035 |       0.0048 |    1.7596 |    1.5376 |    1.7179 |    1.6273 |    1.7722 |    1.9700 |       0.0150 |       0.0145 |       0.0093 |       0.0127 |       0.0078 |       0.0080 |
|  Remote DRAM bandwidth [MByte/s]  |    75.8596 |   59.8659 |   60.4479 |   60.6951 |   73.1507 |   65.1960 |       0.2500 |       0.1571 |       0.1578 |       0.1514 |       0.1358 |       0.1872 |   68.2286 |   59.6223 |   66.6121 |   63.0998 |   68.7184 |   76.3881 |       0.5815 |       0.5640 |       0.3596 |       0.4905 |       0.3011 |       0.3118 |
|     Memory data volume [GByte]    |    15.5403 |   15.6741 |   15.6197 |   15.4574 |   15.7374 |   15.6422 |       0.1303 |       0.1322 |       0.1315 |       0.1285 |       0.1336 |       0.1290 |   15.5052 |   15.8241 |   15.3255 |   15.1357 |   15.3793 |   15.2902 |       0.1282 |       0.1308 |       0.1322 |       0.1266 |       0.1325 |       0.1269 |
|     Memory bandwidth [MByte/s]    |   602.5785 |  607.7657 |  605.6577 |  599.3642 |  610.2210 |  606.5275 |       5.0525 |       5.1276 |       5.0984 |       4.9843 |       5.1789 |       5.0018 |  601.2170 |  613.5801 |  594.2480 |  586.8908 |  596.3334 |  592.8813 |       4.9713 |       5.0714 |       5.1277 |       4.9074 |       5.1389 |       4.9219 |
|          L3 request rate          |     5.5623 |    5.4804 |    5.6830 |    5.5381 |    5.3277 |    5.3084 |       1.5107 |       1.5034 |       1.4904 |       1.5314 |       1.4731 |       1.5422 |    5.4231 |    5.5589 |    5.4141 |    5.3869 |    5.4591 |    5.2418 |       1.5361 |       1.4886 |       1.4745 |       1.5660 |       1.4693 |       1.5356 |
|            L3 miss rate           |     0.1152 |    0.0922 |    0.0929 |    0.0954 |    0.1157 |    0.1034 |       0.2307 |       0.1445 |       0.1436 |       0.1441 |       0.1211 |       0.1806 |    0.1069 |    0.0960 |    0.1064 |    0.1018 |    0.1126 |    0.1245 |       0.5630 |       0.5142 |       0.3290 |       0.4738 |       0.2725 |       0.3032 |
|           L3 miss ratio           |     0.1440 |    0.1093 |    0.1109 |    0.1127 |    0.1362 |    0.1204 |       0.0520 |       0.0316 |       0.0319 |       0.0313 |       0.0269 |       0.0389 |    0.1280 |    0.1076 |    0.1262 |    0.1205 |    0.1302 |    0.1479 |       0.1325 |       0.1251 |       0.0754 |       0.1111 |       0.0622 |       0.0676 |
|          L2 request rate          |     0.1686 |    0.1709 |    0.1688 |    0.1678 |    0.1680 |    0.1658 |       0.0002 |       0.0002 |       0.0002 |       0.0002 |       0.0002 |       0.0002 |    0.1695 |    0.1666 |    0.1692 |    0.1693 |    0.1628 |    0.1674 |       0.0002 |       0.0002 |       0.0002 |       0.0002 |       0.0002 |       0.0002 |
|            L2 miss rate           |     0.0428 |    0.0444 |    0.0434 |    0.0425 |    0.0424 |    0.0411 | 1.996118e-05 | 2.023238e-05 | 1.999322e-05 | 1.971837e-05 | 2.025059e-05 | 1.980832e-05 |    0.0433 |    0.0429 |    0.0434 |    0.0432 |    0.0414 |    0.0425 | 1.982824e-05 | 2.012553e-05 | 2.024862e-05 | 1.962478e-05 | 2.022593e-05 | 1.961543e-05 |
|           L2 miss ratio           |     0.2538 |    0.2599 |    0.2570 |    0.2534 |    0.2522 |    0.2479 |       0.1019 |       0.1042 |       0.1064 |       0.1007 |       0.1074 |       0.1067 |    0.2554 |    0.2574 |    0.2562 |    0.2549 |    0.2545 |    0.2542 |       0.1021 |       0.1040 |       0.1049 |       0.1034 |       0.1033 |       0.1036 |
|  Memory read bandwidth [MBytes/s] |  5406.6351 |         0 |         0 |         0 |         0 |         0 |            0 |            0 |            0 |            0 |            0 |            0 | 5269.0650 |         0 |         0 |         0 |         0 |         0 |            0 |            0 |            0 |            0 |            0 |            0 |
|  Memory read data volume [GBytes] |   139.4355 |         0 |         0 |         0 |         0 |         0 |            0 |            0 |            0 |            0 |            0 |            0 |  135.8877 |         0 |         0 |         0 |         0 |         0 |            0 |            0 |            0 |            0 |            0 |            0 |
| Memory write bandwidth [MBytes/s] |  4780.5984 |         0 |         0 |         0 |         0 |         0 |            0 |            0 |            0 |            0 |            0 |            0 | 4682.4523 |         0 |         0 |         0 |         0 |         0 |            0 |            0 |            0 |            0 |            0 |            0 |
| Memory write data volume [GBytes] |   123.2902 |         0 |         0 |         0 |         0 |         0 |            0 |            0 |            0 |            0 |            0 |            0 |  120.7591 |         0 |         0 |         0 |         0 |         0 |            0 |            0 |            0 |            0 |            0 |            0 |
|    Memory bandwidth [MBytes/s]    | 10187.2335 |         0 |         0 |         0 |         0 |         0 |            0 |            0 |            0 |            0 |            0 |            0 | 9951.5173 |         0 |         0 |         0 |         0 |         0 |            0 |            0 |            0 |            0 |            0 |            0 |
|    Memory data volume [GBytes]    |   262.7258 |         0 |         0 |         0 |         0 |         0 |            0 |            0 |            0 |            0 |            0 |            0 |  256.6467 |         0 |         0 |         0 |         0 |         0 |            0 |            0 |            0 |            0 |            0 |            0 |
|          Temperature [C]          |         40 |        40 |        40 |        41 |        39 |        39 |           42 |           44 |           43 |           45 |           41 |           42 |        42 |        42 |        42 |        45 |        45 |        44 |           46 |           48 |           43 |           45 |           44 |           45 |
|             Energy [J]            |  2255.4210 |         0 |         0 |         0 |         0 |         0 |            0 |            0 |            0 |            0 |            0 |            0 | 2286.3743 |         0 |         0 |         0 |         0 |         0 |            0 |            0 |            0 |            0 |            0 |            0 |
|             Power [W]             |    87.4543 |         0 |         0 |         0 |         0 |         0 |            0 |            0 |            0 |            0 |            0 |            0 |   88.6545 |         0 |         0 |         0 |         0 |         0 |            0 |            0 |            0 |            0 |            0 |            0 |
|           Energy PP0 [J]          |          0 |         0 |         0 |         0 |         0 |         0 |            0 |            0 |            0 |            0 |            0 |            0 |         0 |         0 |         0 |         0 |         0 |         0 |            0 |            0 |            0 |            0 |            0 |            0 |
|           Power PP0 [W]           |          0 |         0 |         0 |         0 |         0 |         0 |            0 |            0 |            0 |            0 |            0 |            0 |         0 |         0 |         0 |         0 |         0 |         0 |            0 |            0 |            0 |            0 |            0 |            0 |
|          Energy DRAM [J]          |   231.7678 |         0 |         0 |         0 |         0 |         0 |            0 |            0 |            0 |            0 |            0 |            0 |  239.2733 |         0 |         0 |         0 |         0 |         0 |            0 |            0 |            0 |            0 |            0 |            0 |
|           Power DRAM [W]          |     8.9868 |         0 |         0 |         0 |         0 |         0 |            0 |            0 |            0 |            0 |            0 |            0 |    9.2779 |         0 |         0 |         0 |         0 |         0 |            0 |            0 |            0 |            0 |            0 |            0 |
+-----------------------------------+------------+-----------+-----------+-----------+-----------+-----------+--------------+--------------+--------------+--------------+--------------+--------------+-----------+-----------+-----------+-----------+-----------+-----------+--------------+--------------+--------------+--------------+--------------+--------------+
+----------------------------------------+------------+--------------+------------+-----------+
|                 Metric                 |     Sum    |      Min     |     Max    |    Avg    |
+----------------------------------------+------------+--------------+------------+-----------+
|        Runtime (RDTSC) [s] STAT        |   618.9528 |      25.7897 |    25.7897 |   25.7897 |
|        Runtime unhalted [s] STAT       |   604.3132 |      23.8554 |    25.6178 |   25.1797 |
|            Clock [MHz] STAT            | 55173.7800 |    2297.5373 |  2299.7779 | 2298.9075 |
|                CPI STAT                |    11.0129 |       0.4287 |     0.4936 |    0.4589 |
|   Local DRAM data volume [GByte] STAT  |   167.0223 |       0.1132 |    14.2864 |    6.9593 |
|   Local DRAM bandwidth [MByte/s] STAT  |  6476.3153 |       4.3898 |   553.9578 |  269.8465 |
|  Remote DRAM data volume [GByte] STAT  |    20.6711 |       0.0035 |     1.9700 |    0.8613 |
|  Remote DRAM bandwidth [MByte/s] STAT  |   801.5323 |       0.1358 |    76.3881 |   33.3972 |
|     Memory data volume [GByte] STAT    |   187.6934 |       0.1266 |    15.8241 |    7.8206 |
|     Memory bandwidth [MByte/s] STAT    |  7277.8473 |       4.9074 |   613.5801 |  303.2436 |
|          L3 request rate STAT          |    83.5051 |       1.4693 |     5.6830 |    3.4794 |
|            L3 miss rate STAT           |     4.6833 |       0.0922 |     0.5630 |    0.1951 |
|           L3 miss ratio STAT           |     2.2804 |       0.0269 |     0.1479 |    0.0950 |
|          L2 request rate STAT          |     2.0171 |       0.0002 |     0.1709 |    0.0840 |
|            L2 miss rate STAT           |     0.5135 | 1.961543e-05 |     0.0444 |    0.0214 |
|           L2 miss ratio STAT           |     4.3054 |       0.1007 |     0.2599 |    0.1794 |
|  Memory read bandwidth [MBytes/s] STAT | 10675.7001 |            0 |  5406.6351 |  444.8208 |
|  Memory read data volume [GBytes] STAT |   275.3232 |            0 |   139.4355 |   11.4718 |
| Memory write bandwidth [MBytes/s] STAT |  9463.0507 |            0 |  4780.5984 |  394.2938 |
| Memory write data volume [GBytes] STAT |   244.0493 |            0 |   123.2902 |   10.1687 |
|    Memory bandwidth [MBytes/s] STAT    | 20138.7508 |            0 | 10187.2335 |  839.1146 |
|    Memory data volume [GBytes] STAT    |   519.3725 |            0 |   262.7258 |   21.6405 |
|          Temperature [C] STAT          |       1027 |           39 |         48 |   42.7917 |
|             Energy [J] STAT            |  4541.7953 |            0 |  2286.3743 |  189.2415 |
|             Power [W] STAT             |   176.1088 |            0 |    88.6545 |    7.3379 |
|           Energy PP0 [J] STAT          |          0 |            0 |          0 |         0 |
|           Power PP0 [W] STAT           |          0 |            0 |          0 |         0 |
|          Energy DRAM [J] STAT          |   471.0411 |            0 |   239.2733 |   19.6267 |
|           Power DRAM [W] STAT          |    18.2647 |            0 |     9.2779 |    0.7610 |
+----------------------------------------+------------+--------------+------------+-----------+
