--------------------------------------------------------------------------------
CPU name:	Intel(R) Xeon(R) CPU E5-2670 v3 @ 2.30GHz
CPU type:	Intel Xeon Haswell EN/EP/EX processor
CPU clock:	2.30 GHz
--------------------------------------------------------------------------------
Group 1: POWERPERF
+--------------------------------+---------+--------------+--------------+--------------+--------------+--------------+--------------+-------------+-------------+-------------+-------------+-------------+-------------+--------------+--------------+--------------+--------------+--------------+--------------+-------------+-------------+-------------+-------------+-------------+-------------+
|              Event             | Counter |    Core 0    |    Core 1    |    Core 2    |    Core 3    |    Core 4    |    Core 5    |    Core 6   |    Core 7   |    Core 8   |    Core 9   |   Core 10   |   Core 11   |    Core 12   |    Core 13   |    Core 14   |    Core 15   |    Core 16   |    Core 17   |   Core 18   |   Core 19   |   Core 20   |   Core 21   |   Core 22   |   Core 23   |
+--------------------------------+---------+--------------+--------------+--------------+--------------+--------------+--------------+-------------+-------------+-------------+-------------+-------------+-------------+--------------+--------------+--------------+--------------+--------------+--------------+-------------+-------------+-------------+-------------+-------------+-------------+
|        INSTR_RETIRED_ANY       |  FIXC0  | 117541608168 | 117549515098 | 117534055535 | 117505783744 | 117578837460 | 117589556151 | 44351443287 | 40984854745 | 40909282015 | 40988946350 | 41052334870 | 41034209143 | 117581545932 | 117500083736 | 114862521842 | 114864831038 | 114864630390 | 114866305928 | 40631916736 | 40887169635 | 40665831065 | 40628974697 | 40575553835 | 40406653568 |
|      CPU_CLK_UNHALTED_CORE     |  FIXC1  |  58024933375 |  57930805396 |  57982272188 |  57981923270 |  57043354864 |  57060690112 | 58434252250 | 55847867902 | 55839658833 | 55813759319 | 55739137930 | 55726458670 |  57705011967 |  57870909364 |  57005147633 |  56271100410 |  55721725140 |  55138091989 | 55682020373 | 55703247212 | 55730684570 | 55749379346 | 55773083047 | 55781473003 |
|      CPU_CLK_UNHALTED_REF      |  FIXC2  |  58079645379 |  57987577828 |  58038839216 |  58026640177 |  57087744688 |  57104394388 | 58434244176 | 55990049770 | 55982266593 | 55952688432 | 55880763062 | 55867017618 |  57750109199 |  57927039666 |  57053076834 |  56324051193 |  55776095513 |  55200446890 | 55823514337 | 55843073077 | 55871581094 | 55888603900 | 55913492660 | 55921768681 |
|           FIXC1/FIXC0          |   CPI   |            0 |            0 |            0 |            0 |            0 |            0 |           0 |           0 |           0 |           0 |           0 |           0 |            0 |            0 |            0 |            0 |            0 |            0 |           0 |           0 |           0 |           0 |           0 |           0 |
|  OFFCORE_RESPONSE_0_LOCAL_DRAM |   PMC0  |    222461717 |    229570916 |    227147969 |    225045866 |    230052882 |    228387389 |   243656113 |   255360823 |   253656701 |   253132088 |   253835259 |   242514250 |    224292192 |    226366409 |    215499822 |    215495271 |    220091724 |    223122807 |   174884050 |   228551136 |   234447082 |   238105210 |   241906030 |   240267234 |
| OFFCORE_RESPONSE_1_REMOTE_DRAM |   PMC1  |     32610758 |     27030936 |     27112914 |     26927514 |     26389277 |     28582069 |    46878228 |    45705281 |    48053120 |    48679198 |    50107323 |    60851089 |     31545752 |     31117740 |     33867342 |     31170963 |     30391222 |     28258466 |   128050034 |    75584042 |    68440973 |    66082552 |    63364338 |    64286239 |
|  MEM_LOAD_UOPS_RETIRED_L3_ALL  |   PMC2  |    259272837 |    249091349 |    255623597 |    255469952 |    252435271 |    247809620 |   137967853 |   139594197 |   139557835 |   139862057 |   139271861 |   141323025 |    246319487 |    255935568 |    251427870 |    247465507 |    235949696 |    239910494 |   140398587 |   139953287 |   140980237 |   141047992 |   140613012 |   140759609 |
|  MEM_LOAD_UOPS_RETIRED_L3_MISS |   PMC3  |     50396229 |     47529850 |     49070090 |     48856505 |     49565723 |     50790623 |    93906612 |    95517256 |    95743508 |    95873178 |    95647107 |    97431506 |     49350404 |     48470463 |     46894155 |     47410959 |     48582071 |     47786730 |    95486715 |    95620820 |    95943150 |    96019799 |    95638924 |    95669530 |
|      L2_TRANS_ALL_REQUESTS     |   PMC4  |  20148319438 |  19877013808 |  20230719354 |  20249609281 |  19856780553 |  19926031223 |  2098505704 |  2151579985 |  2161019441 |  2163425183 |  2164110194 |  2159823799 |  19488728917 |  19937032553 |  19502527874 |  19187993629 |  19353512575 |  18957524785 |  2143674049 |  2138936263 |  2145183023 |  2147791777 |  2146814316 |  2140608844 |
|          L2_RQSTS_MISS         |   PMC5  |   5202395152 |   5112110588 |   5231627444 |   5238594618 |   4969490144 |   5011822221 |   594575738 |   618915620 |   619003093 |   619395662 |   620015716 |   621265853 |   4888410530 |   5102700194 |   4991261329 |   4852240833 |   4856860026 |   4760168816 |   622715273 |   620261243 |   619825946 |   618757924 |   618406113 |   618750002 |
|        UOPS_RETIRED_ALL        |   PMC6  | 131354838135 | 131372444459 | 131337383852 | 131282747003 | 131428284925 | 131441173576 | 65136806594 | 60319141425 | 60144155191 | 60279881974 | 60384797533 | 60323556951 | 131427479684 | 131275588855 | 128413096539 | 128417537330 | 128418039192 | 128420289408 | 59522130272 | 60055578383 | 59636313598 | 59585600726 | 59501502647 | 59186310504 |
|            TEMP_CORE           |   TMP0  |           42 |           40 |           40 |           40 |           39 |           38 |          41 |          43 |          43 |          42 |          39 |          40 |           41 |           44 |           43 |           44 |           45 |           44 |          46 |          46 |          43 |          43 |          43 |          43 |
|         PWR_PKG_ENERGY         |   PWR0  |    2340.9606 |            0 |            0 |            0 |            0 |            0 |           0 |           0 |           0 |           0 |           0 |           0 |    2355.5476 |            0 |            0 |            0 |            0 |            0 |           0 |           0 |           0 |           0 |           0 |           0 |
|         PWR_PP0_ENERGY         |   PWR1  |            0 |            0 |            0 |            0 |            0 |            0 |           0 |           0 |           0 |           0 |           0 |           0 |            0 |            0 |            0 |            0 |            0 |            0 |           0 |           0 |           0 |           0 |           0 |           0 |
|         PWR_DRAM_ENERGY        |   PWR3  |     307.9991 |            0 |            0 |            0 |            0 |            0 |           0 |           0 |           0 |           0 |           0 |           0 |     305.6380 |            0 |            0 |            0 |            0 |            0 |           0 |           0 |           0 |           0 |           0 |           0 |
|          CAS_COUNT_RD          | MBOX0C0 |   1214097819 |            0 |            0 |            0 |            0 |            0 |           0 |           0 |           0 |           0 |           0 |           0 |   1085080956 |            0 |            0 |            0 |            0 |            0 |           0 |           0 |           0 |           0 |           0 |           0 |
|          CAS_COUNT_WR          | MBOX0C1 |    667437904 |            0 |            0 |            0 |            0 |            0 |           0 |           0 |           0 |           0 |           0 |           0 |    650488926 |            0 |            0 |            0 |            0 |            0 |           0 |           0 |           0 |           0 |           0 |           0 |
|          CAS_COUNT_RD          | MBOX1C0 |   1215169186 |            0 |            0 |            0 |            0 |            0 |           0 |           0 |           0 |           0 |           0 |           0 |   1081876668 |            0 |            0 |            0 |            0 |            0 |           0 |           0 |           0 |           0 |           0 |           0 |
|          CAS_COUNT_WR          | MBOX1C1 |    668588792 |            0 |            0 |            0 |            0 |            0 |           0 |           0 |           0 |           0 |           0 |           0 |    648208918 |            0 |            0 |            0 |            0 |            0 |           0 |           0 |           0 |           0 |           0 |           0 |
|          CAS_COUNT_RD          | MBOX2C0 |            0 |            0 |            0 |            0 |            0 |            0 |           0 |           0 |           0 |           0 |           0 |           0 |            0 |            0 |            0 |            0 |            0 |            0 |           0 |           0 |           0 |           0 |           0 |           0 |
|          CAS_COUNT_WR          | MBOX2C1 |            0 |            0 |            0 |            0 |            0 |            0 |           0 |           0 |           0 |           0 |           0 |           0 |            0 |            0 |            0 |            0 |            0 |            0 |           0 |           0 |           0 |           0 |           0 |           0 |
|          CAS_COUNT_RD          | MBOX3C0 |            0 |            0 |            0 |            0 |            0 |            0 |           0 |           0 |           0 |           0 |           0 |           0 |            0 |            0 |            0 |            0 |            0 |            0 |           0 |           0 |           0 |           0 |           0 |           0 |
|          CAS_COUNT_WR          | MBOX3C1 |            0 |            0 |            0 |            0 |            0 |            0 |           0 |           0 |           0 |           0 |           0 |           0 |            0 |            0 |            0 |            0 |            0 |            0 |           0 |           0 |           0 |           0 |           0 |           0 |
|          CAS_COUNT_RD          | MBOX4C0 |   1214712005 |            0 |            0 |            0 |            0 |            0 |           0 |           0 |           0 |           0 |           0 |           0 |   1083060308 |            0 |            0 |            0 |            0 |            0 |           0 |           0 |           0 |           0 |           0 |           0 |
|          CAS_COUNT_WR          | MBOX4C1 |    667700134 |            0 |            0 |            0 |            0 |            0 |           0 |           0 |           0 |           0 |           0 |           0 |    649542895 |            0 |            0 |            0 |            0 |            0 |           0 |           0 |           0 |           0 |           0 |           0 |
|          CAS_COUNT_RD          | MBOX5C0 |   1215785678 |            0 |            0 |            0 |            0 |            0 |           0 |           0 |           0 |           0 |           0 |           0 |   1081816006 |            0 |            0 |            0 |            0 |            0 |           0 |           0 |           0 |           0 |           0 |           0 |
|          CAS_COUNT_WR          | MBOX5C1 |    668783414 |            0 |            0 |            0 |            0 |            0 |           0 |           0 |           0 |           0 |           0 |           0 |    648380819 |            0 |            0 |            0 |            0 |            0 |           0 |           0 |           0 |           0 |           0 |           0 |
|          CAS_COUNT_RD          | MBOX6C0 |            0 |            0 |            0 |            0 |            0 |            0 |           0 |           0 |           0 |           0 |           0 |           0 |            0 |            0 |            0 |            0 |            0 |            0 |           0 |           0 |           0 |           0 |           0 |           0 |
|          CAS_COUNT_WR          | MBOX6C1 |            0 |            0 |            0 |            0 |            0 |            0 |           0 |           0 |           0 |           0 |           0 |           0 |            0 |            0 |            0 |            0 |            0 |            0 |           0 |           0 |           0 |           0 |           0 |           0 |
|          CAS_COUNT_RD          | MBOX7C0 |            0 |            0 |            0 |            0 |            0 |            0 |           0 |           0 |           0 |           0 |           0 |           0 |            0 |            0 |            0 |            0 |            0 |            0 |           0 |           0 |           0 |           0 |           0 |           0 |
|          CAS_COUNT_WR          | MBOX7C1 |            0 |            0 |            0 |            0 |            0 |            0 |           0 |           0 |           0 |           0 |           0 |           0 |            0 |            0 |            0 |            0 |            0 |            0 |           0 |           0 |           0 |           0 |           0 |           0 |
+--------------------------------+---------+--------------+--------------+--------------+--------------+--------------+--------------+-------------+-------------+-------------+-------------+-------------+-------------+--------------+--------------+--------------+--------------+--------------+--------------+-------------+-------------+-------------+-------------+-------------+-------------+
+-------------------------------------+---------+---------------+-------------+--------------+--------------+
|                Event                | Counter |      Sum      |     Min     |      Max     |      Avg     |
+-------------------------------------+---------+---------------+-------------+--------------+--------------+
|        INSTR_RETIRED_ANY STAT       |  FIXC0  | 1892956444968 | 40406653568 | 117589556151 |  78873185207 |
|      CPU_CLK_UNHALTED_CORE STAT     |  FIXC1  | 1357556988163 | 55138091989 |  58434252250 | 5.656487e+10 |
|      CPU_CLK_UNHALTED_REF STAT      |  FIXC2  | 1359724724371 | 55200446890 |  58434244176 | 5.665520e+10 |
|           FIXC1/FIXC0 STAT          |   CPI   |             0 |           0 |            0 |            0 |
|  OFFCORE_RESPONSE_0_LOCAL_DRAM STAT |   PMC0  |    5547850940 |   174884050 |    255360823 | 2.311605e+08 |
| OFFCORE_RESPONSE_1_REMOTE_DRAM STAT |   PMC1  |    1121087370 |    26389277 |    128050034 | 4.671197e+07 |
|  MEM_LOAD_UOPS_RETIRED_L3_ALL STAT  |   PMC2  |    4678040800 |   137967853 |    259272837 | 1.949184e+08 |
|  MEM_LOAD_UOPS_RETIRED_L3_MISS STAT |   PMC3  |    1733201907 |    46894155 |     97431506 | 7.221675e+07 |
|      L2_TRANS_ALL_REQUESTS STAT     |   PMC4  |  262477266568 |  2098505704 |  20249609281 | 1.093655e+10 |
|          L2_RQSTS_MISS STAT         |   PMC5  |   67629570078 |   594575738 |   5238594618 | 2.817899e+09 |
|        UOPS_RETIRED_ALL STAT        |   PMC6  | 2288664678756 | 59186310504 | 131441173576 | 9.536103e+10 |
|            TEMP_CORE STAT           |   TMP0  |          1012 |          38 |           46 |      42.1667 |
|         PWR_PKG_ENERGY STAT         |   PWR0  |     4696.5082 |           0 |    2355.5476 |     195.6878 |
|         PWR_PP0_ENERGY STAT         |   PWR1  |             0 |           0 |            0 |            0 |
|         PWR_DRAM_ENERGY STAT        |   PWR3  |      613.6371 |           0 |     307.9991 |      25.5682 |
|          CAS_COUNT_RD STAT          | MBOX0C0 |    2299178775 |           0 |   1214097819 | 9.579912e+07 |
|          CAS_COUNT_WR STAT          | MBOX0C1 |    1317926830 |           0 |    667437904 | 5.491362e+07 |
|          CAS_COUNT_RD STAT          | MBOX1C0 |    2297045854 |           0 |   1215169186 | 9.571024e+07 |
|          CAS_COUNT_WR STAT          | MBOX1C1 |    1316797710 |           0 |    668588792 | 5.486657e+07 |
|          CAS_COUNT_RD STAT          | MBOX2C0 |             0 |           0 |            0 |            0 |
|          CAS_COUNT_WR STAT          | MBOX2C1 |             0 |           0 |            0 |            0 |
|          CAS_COUNT_RD STAT          | MBOX3C0 |             0 |           0 |            0 |            0 |
|          CAS_COUNT_WR STAT          | MBOX3C1 |             0 |           0 |            0 |            0 |
|          CAS_COUNT_RD STAT          | MBOX4C0 |    2297772313 |           0 |   1214712005 | 9.574051e+07 |
|          CAS_COUNT_WR STAT          | MBOX4C1 |    1317243029 |           0 |    667700134 | 5.488513e+07 |
|          CAS_COUNT_RD STAT          | MBOX5C0 |    2297601684 |           0 |   1215785678 | 9.573340e+07 |
|          CAS_COUNT_WR STAT          | MBOX5C1 |    1317164233 |           0 |    668783414 | 5.488184e+07 |
|          CAS_COUNT_RD STAT          | MBOX6C0 |             0 |           0 |            0 |            0 |
|          CAS_COUNT_WR STAT          | MBOX6C1 |             0 |           0 |            0 |            0 |
|          CAS_COUNT_RD STAT          | MBOX7C0 |             0 |           0 |            0 |            0 |
|          CAS_COUNT_WR STAT          | MBOX7C1 |             0 |           0 |            0 |            0 |
+-------------------------------------+---------+---------------+-------------+--------------+--------------+
+-----------------------------------+------------+-----------+-----------+-----------+-----------+-----------+-----------+-----------+-----------+-----------+-----------+-----------+------------+-----------+-----------+-----------+-----------+-----------+-----------+-----------+-----------+-----------+-----------+-----------+
|               Metric              |   Core 0   |   Core 1  |   Core 2  |   Core 3  |   Core 4  |   Core 5  |   Core 6  |   Core 7  |   Core 8  |   Core 9  |  Core 10  |  Core 11  |   Core 12  |  Core 13  |  Core 14  |  Core 15  |  Core 16  |  Core 17  |  Core 18  |  Core 19  |  Core 20  |  Core 21  |  Core 22  |  Core 23  |
+-----------------------------------+------------+-----------+-----------+-----------+-----------+-----------+-----------+-----------+-----------+-----------+-----------+-----------+------------+-----------+-----------+-----------+-----------+-----------+-----------+-----------+-----------+-----------+-----------+-----------+
|        Runtime (RDTSC) [s]        |    25.7664 |   25.7664 |   25.7664 |   25.7664 |   25.7664 |   25.7664 |   25.7664 |   25.7664 |   25.7664 |   25.7664 |   25.7664 |   25.7664 |    25.7664 |   25.7664 |   25.7664 |   25.7664 |   25.7664 |   25.7664 |   25.7664 |   25.7664 |   25.7664 |   25.7664 |   25.7664 |   25.7664 |
|        Runtime unhalted [s]       |    25.2283 |   25.1873 |   25.2097 |   25.2096 |   24.8015 |   24.8090 |   25.4062 |   24.2817 |   24.2781 |   24.2669 |   24.2344 |   24.2289 |    25.0892 |   25.1613 |   24.7849 |   24.4657 |   24.2269 |   23.9731 |   24.2096 |   24.2188 |   24.2308 |   24.2389 |   24.2492 |   24.2528 |
|            Clock [MHz]            |  2297.8304 | 2297.7453 | 2297.7554 | 2298.2246 | 2298.2087 | 2298.2368 | 2299.9974 | 2294.1564 | 2294.1381 | 2294.2862 | 2294.1679 | 2294.2104 |  2298.2010 | 2297.7684 | 2298.0649 | 2297.8348 | 2297.7550 | 2297.3990 | 2294.1673 | 2294.2381 | 2294.1970 | 2294.2675 | 2294.2213 | 2294.2269 |
|                CPI                |     0.4937 |    0.4928 |    0.4933 |    0.4934 |    0.4851 |    0.4853 |    1.3175 |    1.3626 |    1.3650 |    1.3617 |    1.3578 |    1.3580 |     0.4908 |    0.4925 |    0.4963 |    0.4899 |    0.4851 |    0.4800 |    1.3704 |    1.3624 |    1.3705 |    1.3722 |    1.3745 |    1.3805 |
|   Local DRAM data volume [GByte]  |    14.2375 |   14.6925 |   14.5375 |   14.4029 |   14.7234 |   14.6168 |   15.5940 |   16.3431 |   16.2340 |   16.2005 |   16.2455 |   15.5209 |    14.3547 |   14.4875 |   13.7920 |   13.7917 |   14.0859 |   14.2799 |   11.1926 |   14.6273 |   15.0046 |   15.2387 |   15.4820 |   15.3771 |
|   Local DRAM bandwidth [MByte/s]  |   552.5631 |  570.2213 |  564.2031 |  558.9818 |  571.4185 |  567.2816 |  605.2069 |  634.2798 |  630.0470 |  628.7439 |  630.4905 |  602.3707 |   557.1097 |  562.2618 |  535.2707 |  535.2594 |  546.6764 |  554.2052 |  434.3870 |  567.6883 |  582.3330 |  591.4193 |  600.8600 |  596.7895 |
|  Remote DRAM data volume [GByte]  |     2.0871 |    1.7300 |    1.7352 |    1.7234 |    1.6889 |    1.8293 |    3.0002 |    2.9251 |    3.0754 |    3.1155 |    3.2069 |    3.8945 |     2.0189 |    1.9915 |    2.1675 |    1.9949 |    1.9450 |    1.8085 |    8.1952 |    4.8374 |    4.3802 |    4.2293 |    4.0553 |    4.1143 |
|  Remote DRAM bandwidth [MByte/s]  |    81.0005 |   67.1410 |   67.3446 |   66.8841 |   65.5472 |   70.9938 |  116.4388 |  113.5254 |  119.3571 |  120.9122 |  124.4594 |  151.1454 |    78.3551 |   77.2920 |   84.1216 |   77.4242 |   75.4875 |   70.1900 |  318.0580 |  187.7400 |  169.9976 |  164.1396 |  157.3880 |  159.6778 |
|     Memory data volume [GByte]    |    16.3246 |   16.4225 |   16.2727 |   16.1263 |   16.4123 |   16.4460 |   18.5942 |   19.2682 |   19.3094 |   19.3159 |   19.4523 |   19.4154 |    16.3736 |   16.4790 |   15.9595 |   15.7866 |   16.0309 |   16.0884 |   19.3878 |   19.4647 |   19.3848 |   19.4680 |   19.5373 |   19.4914 |
|     Memory bandwidth [MByte/s]    |   633.5636 |  637.3623 |  631.5477 |  625.8659 |  636.9657 |  638.2754 |  721.6458 |  747.8052 |  749.4041 |  749.6561 |  754.9499 |  753.5161 |   635.4649 |  639.5538 |  619.3924 |  612.6837 |  622.1638 |  624.3951 |  752.4450 |  755.4283 |  752.3306 |  755.5589 |  758.2479 |  756.4673 |
|          L3 request rate          |     5.1447 |    5.2407 |    5.2094 |    5.2290 |    5.0929 |    4.8790 |    1.4692 |    1.4615 |    1.4576 |    1.4588 |    1.4561 |    1.4505 |     4.9912 |    5.2802 |    5.3616 |    5.2196 |    4.8567 |    5.0204 |    1.4703 |    1.4636 |    1.4694 |    1.4689 |    1.4702 |    1.4713 |
|            L3 miss rate           |     0.1258 |    0.1085 |    0.1061 |    0.1054 |    0.1045 |    0.1153 |    0.3398 |    0.3274 |    0.3443 |    0.3481 |    0.3598 |    0.4306 |     0.1281 |    0.1216 |    0.1347 |    0.1260 |    0.1288 |    0.1178 |    0.9120 |    0.5401 |    0.4855 |    0.4685 |    0.4506 |    0.4567 |
|           L3 miss ratio           |     0.1466 |    0.1177 |    0.1194 |    0.1197 |    0.1147 |    0.1251 |    0.1924 |    0.1790 |    0.1894 |    0.1923 |    0.1974 |    0.2509 |     0.1406 |    0.1375 |    0.1572 |    0.1446 |    0.1381 |    0.1266 |    0.7322 |    0.3307 |    0.2919 |    0.2775 |    0.2619 |    0.2676 |
|          L2 request rate          |     0.1714 |    0.1691 |    0.1721 |    0.1723 |    0.1689 |    0.1695 |    0.0473 |    0.0525 |    0.0528 |    0.0528 |    0.0527 |    0.0526 |     0.1657 |    0.1697 |    0.1698 |    0.1670 |    0.1685 |    0.1650 |    0.0528 |    0.0523 |    0.0528 |    0.0529 |    0.0529 |    0.0530 |
|            L2 miss rate           |     0.0443 |    0.0435 |    0.0445 |    0.0446 |    0.0423 |    0.0426 |    0.0134 |    0.0151 |    0.0151 |    0.0151 |    0.0151 |    0.0151 |     0.0416 |    0.0434 |    0.0435 |    0.0422 |    0.0423 |    0.0414 |    0.0153 |    0.0152 |    0.0152 |    0.0152 |    0.0152 |    0.0153 |
|           L2 miss ratio           |     0.2582 |    0.2572 |    0.2586 |    0.2587 |    0.2503 |    0.2515 |    0.2833 |    0.2877 |    0.2864 |    0.2863 |    0.2865 |    0.2876 |     0.2508 |    0.2559 |    0.2559 |    0.2529 |    0.2510 |    0.2511 |    0.2905 |    0.2900 |    0.2889 |    0.2881 |    0.2881 |    0.2891 |
|  Memory read bandwidth [MBytes/s] | 12070.9607 |         0 |         0 |         0 |         0 |         0 |         0 |         0 |         0 |         0 |         0 |         0 | 10759.6562 |         0 |         0 |         0 |         0 |         0 |         0 |         0 |         0 |         0 |         0 |         0 |
|  Memory read data volume [GBytes] |   311.0249 |         0 |         0 |         0 |         0 |         0 |         0 |         0 |         0 |         0 |         0 |         0 |   277.2374 |         0 |         0 |         0 |         0 |         0 |         0 |         0 |         0 |         0 |         0 |         0 |
| Memory write bandwidth [MBytes/s] |  6638.1334 |         0 |         0 |         0 |         0 |         0 |         0 |         0 |         0 |         0 |         0 |         0 |  6449.6367 |         0 |         0 |         0 |         0 |         0 |         0 |         0 |         0 |         0 |         0 |         0 |
| Memory write data volume [GBytes] |   171.0407 |         0 |         0 |         0 |         0 |         0 |         0 |         0 |         0 |         0 |         0 |         0 |   166.1838 |         0 |         0 |         0 |         0 |         0 |         0 |         0 |         0 |         0 |         0 |         0 |
|    Memory bandwidth [MBytes/s]    | 18709.0940 |         0 |         0 |         0 |         0 |         0 |         0 |         0 |         0 |         0 |         0 |         0 | 17209.2929 |         0 |         0 |         0 |         0 |         0 |         0 |         0 |         0 |         0 |         0 |         0 |
|    Memory data volume [GBytes]    |   482.0656 |         0 |         0 |         0 |         0 |         0 |         0 |         0 |         0 |         0 |         0 |         0 |   443.4212 |         0 |         0 |         0 |         0 |         0 |         0 |         0 |         0 |         0 |         0 |         0 |
|          Temperature [C]          |         42 |        40 |        40 |        40 |        39 |        38 |        41 |        43 |        43 |        42 |        39 |        40 |         41 |        44 |        43 |        44 |        45 |        44 |        46 |        46 |        43 |        43 |        43 |        43 |
|             Energy [J]            |  2340.9606 |         0 |         0 |         0 |         0 |         0 |         0 |         0 |         0 |         0 |         0 |         0 |  2355.5476 |         0 |         0 |         0 |         0 |         0 |         0 |         0 |         0 |         0 |         0 |         0 |
|             Power [W]             |    90.8533 |         0 |         0 |         0 |         0 |         0 |         0 |         0 |         0 |         0 |         0 |         0 |    91.4194 |         0 |         0 |         0 |         0 |         0 |         0 |         0 |         0 |         0 |         0 |         0 |
|           Energy PP0 [J]          |          0 |         0 |         0 |         0 |         0 |         0 |         0 |         0 |         0 |         0 |         0 |         0 |          0 |         0 |         0 |         0 |         0 |         0 |         0 |         0 |         0 |         0 |         0 |         0 |
|           Power PP0 [W]           |          0 |         0 |         0 |         0 |         0 |         0 |         0 |         0 |         0 |         0 |         0 |         0 |          0 |         0 |         0 |         0 |         0 |         0 |         0 |         0 |         0 |         0 |         0 |         0 |
|          Energy DRAM [J]          |   307.9991 |         0 |         0 |         0 |         0 |         0 |         0 |         0 |         0 |         0 |         0 |         0 |   305.6380 |         0 |         0 |         0 |         0 |         0 |         0 |         0 |         0 |         0 |         0 |         0 |
|           Power DRAM [W]          |    11.9535 |         0 |         0 |         0 |         0 |         0 |         0 |         0 |         0 |         0 |         0 |         0 |    11.8619 |         0 |         0 |         0 |         0 |         0 |         0 |         0 |         0 |         0 |         0 |         0 |
+-----------------------------------+------------+-----------+-----------+-----------+-----------+-----------+-----------+-----------+-----------+-----------+-----------+-----------+------------+-----------+-----------+-----------+-----------+-----------+-----------+-----------+-----------+-----------+-----------+-----------+
+----------------------------------------+------------+-----------+------------+-----------+
|                 Metric                 |     Sum    |    Min    |     Max    |    Avg    |
+----------------------------------------+------------+-----------+------------+-----------+
|        Runtime (RDTSC) [s] STAT        |   618.3936 |   25.7664 |    25.7664 |   25.7664 |
|        Runtime unhalted [s] STAT       |   590.2428 |   23.9731 |    25.4062 |   24.5935 |
|            Clock [MHz] STAT            | 55111.2988 | 2294.1381 |  2299.9974 | 2296.3041 |
|                CPI STAT                |    22.2313 |    0.4800 |     1.3805 |    0.9263 |
|   Local DRAM data volume [GByte] STAT  |   355.0626 |   11.1926 |    16.3431 |   14.7943 |
|   Local DRAM bandwidth [MByte/s] STAT  | 13780.0685 |  434.3870 |   634.2798 |  574.1695 |
|  Remote DRAM data volume [GByte] STAT  |    71.7495 |    1.6889 |     8.1952 |    2.9896 |
|  Remote DRAM bandwidth [MByte/s] STAT  |  2784.6209 |   65.5472 |   318.0580 |  116.0259 |
|     Memory data volume [GByte] STAT    |   426.8118 |   15.7866 |    19.5373 |   17.7838 |
|     Memory bandwidth [MByte/s] STAT    | 16564.6895 |  612.6837 |   758.2479 |  690.1954 |
|          L3 request rate STAT          |    79.0928 |    1.4505 |     5.3616 |    3.2955 |
|            L3 miss rate STAT           |     6.8860 |    0.1045 |     0.9120 |    0.2869 |
|           L3 miss ratio STAT           |     4.9510 |    0.1147 |     0.7322 |    0.2063 |
|          L2 request rate STAT          |     2.6564 |    0.0473 |     0.1723 |    0.1107 |
|            L2 miss rate STAT           |     0.6965 |    0.0134 |     0.0446 |    0.0290 |
|           L2 miss ratio STAT           |     6.5046 |    0.2503 |     0.2905 |    0.2710 |
|  Memory read bandwidth [MBytes/s] STAT | 22830.6169 |         0 | 12070.9607 |  951.2757 |
|  Memory read data volume [GBytes] STAT |   588.2623 |         0 |   311.0249 |   24.5109 |
| Memory write bandwidth [MBytes/s] STAT | 13087.7701 |         0 |  6638.1334 |  545.3238 |
| Memory write data volume [GBytes] STAT |   337.2245 |         0 |   171.0407 |   14.0510 |
|    Memory bandwidth [MBytes/s] STAT    | 35918.3869 |         0 | 18709.0940 | 1496.5995 |
|    Memory data volume [GBytes] STAT    |   925.4868 |         0 |   482.0656 |   38.5620 |
|          Temperature [C] STAT          |       1012 |        38 |         46 |   42.1667 |
|             Energy [J] STAT            |  4696.5082 |         0 |  2355.5476 |  195.6878 |
|             Power [W] STAT             |   182.2727 |         0 |    91.4194 |    7.5947 |
|           Energy PP0 [J] STAT          |          0 |         0 |          0 |         0 |
|           Power PP0 [W] STAT           |          0 |         0 |          0 |         0 |
|          Energy DRAM [J] STAT          |   613.6371 |         0 |   307.9991 |   25.5682 |
|           Power DRAM [W] STAT          |    23.8154 |         0 |    11.9535 |    0.9923 |
+----------------------------------------+------------+-----------+------------+-----------+
