--------------------------------------------------------------------------------
CPU name:	Intel(R) Xeon(R) CPU E5-2670 v3 @ 2.30GHz
CPU type:	Intel Xeon Haswell EN/EP/EX processor
CPU clock:	2.30 GHz
--------------------------------------------------------------------------------
Group 1: POWERPERF
+--------------------------------+---------+--------------+--------------+--------------+--------------+--------------+--------------+-------------+-------------+-------------+-------------+-------------+-------------+--------------+--------------+--------------+--------------+--------------+--------------+-------------+-------------+-------------+-------------+-------------+-------------+
|              Event             | Counter |    Core 0    |    Core 1    |    Core 2    |    Core 3    |    Core 4    |    Core 5    |    Core 6   |    Core 7   |    Core 8   |    Core 9   |   Core 10   |   Core 11   |    Core 12   |    Core 13   |    Core 14   |    Core 15   |    Core 16   |    Core 17   |   Core 18   |   Core 19   |   Core 20   |   Core 21   |   Core 22   |   Core 23   |
+--------------------------------+---------+--------------+--------------+--------------+--------------+--------------+--------------+-------------+-------------+-------------+-------------+-------------+-------------+--------------+--------------+--------------+--------------+--------------+--------------+-------------+-------------+-------------+-------------+-------------+-------------+
|        INSTR_RETIRED_ANY       |  FIXC0  | 117515902132 | 117537321622 | 117538023784 | 117539486213 | 117575692519 | 117588887937 | 79068082530 | 79517813430 | 78844976609 | 79862048877 | 79015999953 | 79005520785 | 117523549503 | 117566426503 | 114870123826 | 114865681876 | 114863729846 | 114863639556 | 80497517494 | 80648827967 | 79792372997 | 79814539856 | 79646574974 | 80358404328 |
|      CPU_CLK_UNHALTED_CORE     |  FIXC1  |  59524434406 |  59514524233 |  59530525038 |  59430097305 |  58776249045 |  58528667246 | 53230917875 | 53457513637 | 53129273250 | 53395682174 | 53352514802 | 53195778823 |  59331485108 |  59219644764 |  58312260947 |  57979971129 |  57458088729 |  57150108841 | 53582720283 | 53741947769 | 53402745476 | 53436871488 | 53363475328 | 53914375623 |
|      CPU_CLK_UNHALTED_REF      |  FIXC2  |  59583267458 |  59572971922 |  59590931288 |  59480495569 |  58827231330 |  58583384663 | 53728506115 | 53870294238 | 53726141807 | 53761404303 | 53736852884 | 53668287262 |  59389034551 |  59277670989 |  58372459276 |  58042066254 |  57521337928 |  57216931157 | 53764804830 | 53902284593 | 53701690392 | 53699886916 | 53628048164 | 53955712259 |
|           FIXC1/FIXC0          |   CPI   |            0 |            0 |            0 |            0 |            0 |            0 |           0 |           0 |           0 |           0 |           0 |           0 |            0 |            0 |            0 |            0 |            0 |            0 |           0 |           0 |           0 |           0 |           0 |           0 |
|  OFFCORE_RESPONSE_0_LOCAL_DRAM |   PMC0  |    230506917 |    237358736 |    238088886 |    235592168 |    239644486 |    236214035 |   417578083 |   418771800 |   415555209 |   415858877 |   415103039 |   415125387 |    231449082 |    234597785 |    230352983 |    227622328 |    227741159 |    212960590 |   414109618 |   415471210 |   412878223 |   412657626 |   412038049 |   412781133 |
| OFFCORE_RESPONSE_1_REMOTE_DRAM |   PMC1  |     33325444 |     27609558 |     26974396 |     26309403 |     28191213 |     29506435 |      150635 |      159389 |      126470 |      179918 |      120290 |      140531 |     33503886 |     29627242 |     29249285 |     28597365 |     34210590 |     46773267 |      312640 |      423037 |      289667 |      250868 |      188441 |      493543 |
|  MEM_LOAD_UOPS_RETIRED_L3_ALL  |   PMC2  |    265627535 |    254817069 |    253867297 |    258628329 |    247606329 |    252912025 |   298376756 |   300284831 |   298610914 |   283478277 |   298908205 |   299292449 |    262045408 |    254892019 |    238326795 |    249401216 |    245732140 |    247378338 |   286843119 |   288222661 |   289172698 |   289308835 |   290706368 |   292873127 |
|  MEM_LOAD_UOPS_RETIRED_L3_MISS |   PMC3  |     51042490 |     50114973 |     47649472 |     48777249 |     47744948 |     49381156 |    96031126 |    96417461 |    95939333 |    95063129 |    96145199 |    96689653 |     49820730 |     48644990 |     47702967 |     48360353 |     48376327 |     48714153 |    94237268 |    94934224 |    94440100 |    94939780 |    95294230 |    95385403 |
|      L2_TRANS_ALL_REQUESTS     |   PMC4  |  20226805563 |  20163657091 |  20088622917 |  20138925248 |  19913057888 |  20046036430 |  5626464000 |  5693503754 |  5690713693 |  5609291308 |  5680841107 |  5669711173 |  20181535531 |  20049379511 |  19811537776 |  19604127934 |  19716215077 |  19582340985 |  5578554013 |  5636037253 |  5640758701 |  5659777758 |  5730564813 |  5726599112 |
|          L2_RQSTS_MISS         |   PMC5  |   5193822488 |   5194120806 |   5180986748 |   5153227461 |   5098013349 |   5097071505 |  1011997134 |  1060638481 |  1043379157 |  1008617401 |  1040535036 |  1036202970 |   5155235150 |   5153762759 |   5123048213 |   4989620344 |   5074314216 |   4972861387 |   993225836 |  1027583878 |  1023285637 |  1040317975 |  1078828997 |  1077320171 |
|        UOPS_RETIRED_ALL        |   PMC6  | 131303100768 | 131345955382 | 131341033121 | 131348131933 | 131419064790 | 131437115121 | 88597959136 | 89239252699 | 88325878854 | 89751089125 | 88565749167 | 88551176046 | 131306948836 | 131402648186 | 128422111762 | 128414137302 | 128411816052 | 128410454878 | 90635957071 | 90838329414 | 89655772665 | 89734648056 | 89454430183 | 90428917688 |
|            TEMP_CORE           |   TMP0  |           42 |           41 |           40 |           41 |           38 |           41 |          44 |          44 |          44 |          44 |          41 |          41 |           43 |           44 |           44 |           45 |           47 |           45 |          48 |          49 |          42 |          46 |          45 |          45 |
|         PWR_PKG_ENERGY         |   PWR0  |    2494.2722 |            0 |            0 |            0 |            0 |            0 |           0 |           0 |           0 |           0 |           0 |           0 |    2572.2516 |            0 |            0 |            0 |            0 |            0 |           0 |           0 |           0 |           0 |           0 |           0 |
|         PWR_PP0_ENERGY         |   PWR1  |            0 |            0 |            0 |            0 |            0 |            0 |           0 |           0 |           0 |           0 |           0 |           0 |            0 |            0 |            0 |            0 |            0 |            0 |           0 |           0 |           0 |           0 |           0 |           0 |
|         PWR_DRAM_ENERGY        |   PWR3  |     349.0470 |            0 |            0 |            0 |            0 |            0 |           0 |           0 |           0 |           0 |           0 |           0 |     354.9560 |            0 |            0 |            0 |            0 |            0 |           0 |           0 |           0 |           0 |           0 |           0 |
|          CAS_COUNT_RD          | MBOX0C0 |   1407061838 |            0 |            0 |            0 |            0 |            0 |           0 |           0 |           0 |           0 |           0 |           0 |   1375848977 |            0 |            0 |            0 |            0 |            0 |           0 |           0 |           0 |           0 |           0 |           0 |
|          CAS_COUNT_WR          | MBOX0C1 |   1103649569 |            0 |            0 |            0 |            0 |            0 |           0 |           0 |           0 |           0 |           0 |           0 |   1077901712 |            0 |            0 |            0 |            0 |            0 |           0 |           0 |           0 |           0 |           0 |           0 |
|          CAS_COUNT_RD          | MBOX1C0 |   1407971644 |            0 |            0 |            0 |            0 |            0 |           0 |           0 |           0 |           0 |           0 |           0 |   1378315410 |            0 |            0 |            0 |            0 |            0 |           0 |           0 |           0 |           0 |           0 |           0 |
|          CAS_COUNT_WR          | MBOX1C1 |   1104823583 |            0 |            0 |            0 |            0 |            0 |           0 |           0 |           0 |           0 |           0 |           0 |   1077095819 |            0 |            0 |            0 |            0 |            0 |           0 |           0 |           0 |           0 |           0 |           0 |
|          CAS_COUNT_RD          | MBOX2C0 |            0 |            0 |            0 |            0 |            0 |            0 |           0 |           0 |           0 |           0 |           0 |           0 |            0 |            0 |            0 |            0 |            0 |            0 |           0 |           0 |           0 |           0 |           0 |           0 |
|          CAS_COUNT_WR          | MBOX2C1 |            0 |            0 |            0 |            0 |            0 |            0 |           0 |           0 |           0 |           0 |           0 |           0 |            0 |            0 |            0 |            0 |            0 |            0 |           0 |           0 |           0 |           0 |           0 |           0 |
|          CAS_COUNT_RD          | MBOX3C0 |            0 |            0 |            0 |            0 |            0 |            0 |           0 |           0 |           0 |           0 |           0 |           0 |            0 |            0 |            0 |            0 |            0 |            0 |           0 |           0 |           0 |           0 |           0 |           0 |
|          CAS_COUNT_WR          | MBOX3C1 |            0 |            0 |            0 |            0 |            0 |            0 |           0 |           0 |           0 |           0 |           0 |           0 |            0 |            0 |            0 |            0 |            0 |            0 |           0 |           0 |           0 |           0 |           0 |           0 |
|          CAS_COUNT_RD          | MBOX4C0 |   1406439356 |            0 |            0 |            0 |            0 |            0 |           0 |           0 |           0 |           0 |           0 |           0 |   1374475505 |            0 |            0 |            0 |            0 |            0 |           0 |           0 |           0 |           0 |           0 |           0 |
|          CAS_COUNT_WR          | MBOX4C1 |   1103376223 |            0 |            0 |            0 |            0 |            0 |           0 |           0 |           0 |           0 |           0 |           0 |   1076719473 |            0 |            0 |            0 |            0 |            0 |           0 |           0 |           0 |           0 |           0 |           0 |
|          CAS_COUNT_RD          | MBOX5C0 |   1407571016 |            0 |            0 |            0 |            0 |            0 |           0 |           0 |           0 |           0 |           0 |           0 |   1372208959 |            0 |            0 |            0 |            0 |            0 |           0 |           0 |           0 |           0 |           0 |           0 |
|          CAS_COUNT_WR          | MBOX5C1 |   1104693339 |            0 |            0 |            0 |            0 |            0 |           0 |           0 |           0 |           0 |           0 |           0 |   1075284985 |            0 |            0 |            0 |            0 |            0 |           0 |           0 |           0 |           0 |           0 |           0 |
|          CAS_COUNT_RD          | MBOX6C0 |            0 |            0 |            0 |            0 |            0 |            0 |           0 |           0 |           0 |           0 |           0 |           0 |            0 |            0 |            0 |            0 |            0 |            0 |           0 |           0 |           0 |           0 |           0 |           0 |
|          CAS_COUNT_WR          | MBOX6C1 |            0 |            0 |            0 |            0 |            0 |            0 |           0 |           0 |           0 |           0 |           0 |           0 |            0 |            0 |            0 |            0 |            0 |            0 |           0 |           0 |           0 |           0 |           0 |           0 |
|          CAS_COUNT_RD          | MBOX7C0 |            0 |            0 |            0 |            0 |            0 |            0 |           0 |           0 |           0 |           0 |           0 |           0 |            0 |            0 |            0 |            0 |            0 |            0 |           0 |           0 |           0 |           0 |           0 |           0 |
|          CAS_COUNT_WR          | MBOX7C1 |            0 |            0 |            0 |            0 |            0 |            0 |           0 |           0 |           0 |           0 |           0 |           0 |            0 |            0 |            0 |            0 |            0 |            0 |           0 |           0 |           0 |           0 |           0 |           0 |
+--------------------------------+---------+--------------+--------------+--------------+--------------+--------------+--------------+-------------+-------------+-------------+-------------+-------------+-------------+--------------+--------------+--------------+--------------+--------------+--------------+-------------+-------------+-------------+-------------+-------------+-------------+
+-------------------------------------+---------+---------------+-------------+--------------+--------------+
|                Event                | Counter |      Sum      |     Min     |      Max     |      Avg     |
+-------------------------------------+---------+---------------+-------------+--------------+--------------+
|        INSTR_RETIRED_ANY STAT       |  FIXC0  | 2355921145117 | 78844976609 | 117588887937 | 9.816338e+10 |
|      CPU_CLK_UNHALTED_CORE STAT     |  FIXC1  | 1345959873319 | 53129273250 |  59530525038 | 5.608166e+10 |
|      CPU_CLK_UNHALTED_REF STAT      |  FIXC2  | 1350601696148 | 53628048164 |  59590931288 | 5.627507e+10 |
|           FIXC1/FIXC0 STAT          |   CPI   |             0 |           0 |            0 |            0 |
|  OFFCORE_RESPONSE_0_LOCAL_DRAM STAT |   PMC0  |    7760057409 |   212960590 |    418771800 | 3.233357e+08 |
| OFFCORE_RESPONSE_1_REMOTE_DRAM STAT |   PMC1  |     376713513 |      120290 |     46773267 | 1.569640e+07 |
|  MEM_LOAD_UOPS_RETIRED_L3_ALL STAT  |   PMC2  |    6547312740 |   238326795 |    300284831 | 2.728047e+08 |
|  MEM_LOAD_UOPS_RETIRED_L3_MISS STAT |   PMC3  |    1731846714 |    47649472 |     96689653 | 7.216028e+07 |
|      L2_TRANS_ALL_REQUESTS STAT     |   PMC4  |  307465058636 |  5578554013 |  20226805563 | 1.281104e+10 |
|          L2_RQSTS_MISS STAT         |   PMC5  |   73828017099 |   993225836 |   5194120806 | 3.076167e+09 |
|        UOPS_RETIRED_ALL STAT        |   PMC6  | 2638341678235 | 88325878854 | 131437115121 | 1.099309e+11 |
|            TEMP_CORE STAT           |   TMP0  |          1044 |          38 |           49 |      43.5000 |
|         PWR_PKG_ENERGY STAT         |   PWR0  |     5066.5238 |           0 |    2572.2516 |     211.1052 |
|         PWR_PP0_ENERGY STAT         |   PWR1  |             0 |           0 |            0 |            0 |
|         PWR_DRAM_ENERGY STAT        |   PWR3  |      704.0030 |           0 |     354.9560 |      29.3335 |
|          CAS_COUNT_RD STAT          | MBOX0C0 |    2782910815 |           0 |   1407061838 | 1.159546e+08 |
|          CAS_COUNT_WR STAT          | MBOX0C1 |    2181551281 |           0 |   1103649569 | 9.089797e+07 |
|          CAS_COUNT_RD STAT          | MBOX1C0 |    2786287054 |           0 |   1407971644 | 1.160953e+08 |
|          CAS_COUNT_WR STAT          | MBOX1C1 |    2181919402 |           0 |   1104823583 | 9.091331e+07 |
|          CAS_COUNT_RD STAT          | MBOX2C0 |             0 |           0 |            0 |            0 |
|          CAS_COUNT_WR STAT          | MBOX2C1 |             0 |           0 |            0 |            0 |
|          CAS_COUNT_RD STAT          | MBOX3C0 |             0 |           0 |            0 |            0 |
|          CAS_COUNT_WR STAT          | MBOX3C1 |             0 |           0 |            0 |            0 |
|          CAS_COUNT_RD STAT          | MBOX4C0 |    2780914861 |           0 |   1406439356 | 1.158715e+08 |
|          CAS_COUNT_WR STAT          | MBOX4C1 |    2180095696 |           0 |   1103376223 | 9.083732e+07 |
|          CAS_COUNT_RD STAT          | MBOX5C0 |    2779779975 |           0 |   1407571016 | 1.158242e+08 |
|          CAS_COUNT_WR STAT          | MBOX5C1 |    2179978324 |           0 |   1104693339 | 9.083243e+07 |
|          CAS_COUNT_RD STAT          | MBOX6C0 |             0 |           0 |            0 |            0 |
|          CAS_COUNT_WR STAT          | MBOX6C1 |             0 |           0 |            0 |            0 |
|          CAS_COUNT_RD STAT          | MBOX7C0 |             0 |           0 |            0 |            0 |
|          CAS_COUNT_WR STAT          | MBOX7C1 |             0 |           0 |            0 |            0 |
+-------------------------------------+---------+---------------+-------------+--------------+--------------+
+-----------------------------------+------------+-----------+-----------+-----------+-----------+-----------+-----------+-----------+-----------+-----------+-----------+-----------+------------+-----------+-----------+-----------+-----------+-----------+-----------+-----------+-----------+-----------+-----------+-----------+
|               Metric              |   Core 0   |   Core 1  |   Core 2  |   Core 3  |   Core 4  |   Core 5  |   Core 6  |   Core 7  |   Core 8  |   Core 9  |  Core 10  |  Core 11  |   Core 12  |  Core 13  |  Core 14  |  Core 15  |  Core 16  |  Core 17  |  Core 18  |  Core 19  |  Core 20  |  Core 21  |  Core 22  |  Core 23  |
+-----------------------------------+------------+-----------+-----------+-----------+-----------+-----------+-----------+-----------+-----------+-----------+-----------+-----------+------------+-----------+-----------+-----------+-----------+-----------+-----------+-----------+-----------+-----------+-----------+-----------+
|        Runtime (RDTSC) [s]        |    26.5175 |   26.5175 |   26.5175 |   26.5175 |   26.5175 |   26.5175 |   26.5175 |   26.5175 |   26.5175 |   26.5175 |   26.5175 |   26.5175 |    26.5175 |   26.5175 |   26.5175 |   26.5175 |   26.5175 |   26.5175 |   26.5175 |   26.5175 |   26.5175 |   26.5175 |   26.5175 |   26.5175 |
|        Runtime unhalted [s]       |    25.8802 |   25.8759 |   25.8829 |   25.8392 |   25.5549 |   25.4473 |   23.1439 |   23.2424 |   23.0997 |   23.2155 |   23.1968 |   23.1286 |    25.7963 |   25.7477 |   25.3532 |   25.2087 |   24.9818 |   24.8479 |   23.2969 |   23.3661 |   23.2186 |   23.2334 |   23.2015 |   23.4411 |
|            Clock [MHz]            |  2297.7273 | 2297.7418 | 2297.6668 | 2298.0495 | 2298.0050 | 2297.8501 | 2278.6977 | 2282.3746 | 2274.4466 | 2284.3521 | 2283.5482 | 2279.7486 |  2297.7696 | 2297.7469 | 2297.6264 | 2297.5377 | 2297.4693 | 2297.3122 | 2292.2089 | 2293.1568 | 2287.1948 | 2288.7332 | 2288.6513 | 2298.2362 |
|                CPI                |     0.5065 |    0.5063 |    0.5065 |    0.5056 |    0.4999 |    0.4977 |    0.6732 |    0.6723 |    0.6738 |    0.6686 |    0.6752 |    0.6733 |     0.5048 |    0.5037 |    0.5076 |    0.5048 |    0.5002 |    0.4975 |    0.6656 |    0.6664 |    0.6693 |    0.6695 |    0.6700 |    0.6709 |
|   Local DRAM data volume [GByte]  |    14.7524 |   15.1910 |   15.2377 |   15.0779 |   15.3372 |   15.1177 |   26.7250 |   26.8014 |   26.5955 |   26.6150 |   26.5666 |   26.5680 |    14.8127 |   15.0143 |   14.7426 |   14.5678 |   14.5754 |   13.6295 |   26.5030 |   26.5902 |   26.4242 |   26.4101 |   26.3704 |   26.4180 |
|   Local DRAM bandwidth [MByte/s]  |   556.3282 |  572.8651 |  574.6273 |  568.6015 |  578.3817 |  570.1023 | 1007.8243 | 1010.7053 | 1002.9421 | 1003.6750 | 1001.8508 | 1001.9047 |   558.6021 |  566.2015 |  555.9567 |  549.3663 |  549.6531 |  513.9802 |  999.4531 | 1002.7393 |  996.4812 |  995.9488 |  994.4534 |  996.2469 |
|  Remote DRAM data volume [GByte]  |     2.1328 |    1.7670 |    1.7264 |    1.6838 |    1.8042 |    1.8884 |    0.0096 |    0.0102 |    0.0081 |    0.0115 |    0.0077 |    0.0090 |     2.1442 |    1.8961 |    1.8720 |    1.8302 |    2.1895 |    2.9935 |    0.0200 |    0.0271 |    0.0185 |    0.0161 |    0.0121 |    0.0316 |
|  Remote DRAM bandwidth [MByte/s]  |    80.4309 |   66.6356 |   65.1027 |   63.4977 |   68.0395 |   71.2138 |    0.3636 |    0.3847 |    0.3052 |    0.4342 |    0.2903 |    0.3392 |    80.8616 |   71.5053 |   70.5931 |   69.0197 |   82.5672 |  112.8872 |    0.7546 |    1.0210 |    0.6991 |    0.6055 |    0.4548 |    1.1912 |
|     Memory data volume [GByte]    |    16.8853 |   16.9580 |   16.9641 |   16.7617 |   17.1415 |   17.0061 |   26.7346 |   26.8116 |   26.6036 |   26.6265 |   26.5743 |   26.5770 |    16.9570 |   16.9104 |   16.6145 |   16.3981 |   16.7649 |   16.6230 |   26.5230 |   26.6172 |   26.4427 |   26.4261 |   26.3825 |   26.4496 |
|     Memory bandwidth [MByte/s]    |   636.7591 |  639.5007 |  639.7300 |  632.0992 |  646.4212 |  641.3161 | 1008.1878 | 1011.0900 | 1003.2473 | 1004.1092 | 1002.1411 | 1002.2439 |   639.4637 |  637.7068 |  626.5498 |  618.3860 |  632.2203 |  626.8674 | 1000.2077 | 1003.7603 |  997.1803 |  996.5542 |  994.9082 |  997.4380 |
|          L3 request rate          |     5.2040 |    5.0846 |    5.3278 |    5.3022 |    5.1860 |    5.1216 |    3.1071 |    3.1144 |    3.1125 |    2.9820 |    3.1089 |    3.0954 |     5.2598 |    5.2398 |    4.9961 |    5.1571 |    5.0796 |    5.0782 |    3.0438 |    3.0360 |    3.0620 |    3.0473 |    3.0506 |    3.0704 |
|            L3 miss rate           |     0.1255 |    0.1084 |    0.1063 |    0.1017 |    0.1139 |    0.1167 |    0.0005 |    0.0005 |    0.0004 |    0.0006 |    0.0004 |    0.0005 |     0.1279 |    0.1162 |    0.1227 |    0.1147 |    0.1392 |    0.1891 |    0.0011 |    0.0015 |    0.0010 |    0.0009 |    0.0006 |    0.0017 |
|           L3 miss ratio           |     0.1446 |    0.1163 |    0.1133 |    0.1117 |    0.1176 |    0.1249 |    0.0004 |    0.0004 |    0.0003 |    0.0004 |    0.0003 |    0.0003 |     0.1448 |    0.1263 |    0.1270 |    0.1256 |    0.1502 |    0.2196 |    0.0008 |    0.0010 |    0.0007 |    0.0006 |    0.0005 |    0.0012 |
|          L2 request rate          |     0.1721 |    0.1716 |    0.1709 |    0.1713 |    0.1694 |    0.1705 |    0.0712 |    0.0716 |    0.0722 |    0.0702 |    0.0719 |    0.0718 |     0.1717 |    0.1705 |    0.1725 |    0.1707 |    0.1716 |    0.1705 |    0.0693 |    0.0699 |    0.0707 |    0.0709 |    0.0719 |    0.0713 |
|            L2 miss rate           |     0.0442 |    0.0442 |    0.0441 |    0.0438 |    0.0434 |    0.0433 |    0.0128 |    0.0133 |    0.0132 |    0.0126 |    0.0132 |    0.0131 |     0.0439 |    0.0438 |    0.0446 |    0.0434 |    0.0442 |    0.0433 |    0.0123 |    0.0127 |    0.0128 |    0.0130 |    0.0135 |    0.0134 |
|           L2 miss ratio           |     0.2568 |    0.2576 |    0.2579 |    0.2559 |    0.2560 |    0.2543 |    0.1799 |    0.1863 |    0.1833 |    0.1798 |    0.1832 |    0.1828 |     0.2554 |    0.2571 |    0.2586 |    0.2545 |    0.2574 |    0.2539 |    0.1780 |    0.1823 |    0.1814 |    0.1838 |    0.1883 |    0.1881 |
|  Memory read bandwidth [MBytes/s] | 13585.6917 |         0 |         0 |         0 |         0 |         0 |         0 |         0 |         0 |         0 |         0 |         0 | 13276.2932 |         0 |         0 |         0 |         0 |         0 |         0 |         0 |         0 |         0 |         0 |         0 |
|  Memory read data volume [GBytes] |   360.2588 |         0 |         0 |         0 |         0 |         0 |         0 |         0 |         0 |         0 |         0 |         0 |   352.0543 |         0 |         0 |         0 |         0 |         0 |         0 |         0 |         0 |         0 |         0 |         0 |
| Memory write bandwidth [MBytes/s] | 10659.3214 |         0 |         0 |         0 |         0 |         0 |         0 |         0 |         0 |         0 |         0 |         0 | 10394.9450 |         0 |         0 |         0 |         0 |         0 |         0 |         0 |         0 |         0 |         0 |         0 |
| Memory write data volume [GBytes] |   282.6587 |         0 |         0 |         0 |         0 |         0 |         0 |         0 |         0 |         0 |         0 |         0 |   275.6481 |         0 |         0 |         0 |         0 |         0 |         0 |         0 |         0 |         0 |         0 |         0 |
|    Memory bandwidth [MBytes/s]    | 24245.0131 |         0 |         0 |         0 |         0 |         0 |         0 |         0 |         0 |         0 |         0 |         0 | 23671.2382 |         0 |         0 |         0 |         0 |         0 |         0 |         0 |         0 |         0 |         0 |         0 |
|    Memory data volume [GBytes]    |   642.9175 |         0 |         0 |         0 |         0 |         0 |         0 |         0 |         0 |         0 |         0 |         0 |   627.7025 |         0 |         0 |         0 |         0 |         0 |         0 |         0 |         0 |         0 |         0 |         0 |
|          Temperature [C]          |         42 |        41 |        40 |        41 |        38 |        41 |        44 |        44 |        44 |        44 |        41 |        41 |         43 |        44 |        44 |        45 |        47 |        45 |        48 |        49 |        42 |        46 |        45 |        45 |
|             Energy [J]            |  2494.2722 |         0 |         0 |         0 |         0 |         0 |         0 |         0 |         0 |         0 |         0 |         0 |  2572.2516 |         0 |         0 |         0 |         0 |         0 |         0 |         0 |         0 |         0 |         0 |         0 |
|             Power [W]             |    94.0613 |         0 |         0 |         0 |         0 |         0 |         0 |         0 |         0 |         0 |         0 |         0 |    97.0020 |         0 |         0 |         0 |         0 |         0 |         0 |         0 |         0 |         0 |         0 |         0 |
|           Energy PP0 [J]          |          0 |         0 |         0 |         0 |         0 |         0 |         0 |         0 |         0 |         0 |         0 |         0 |          0 |         0 |         0 |         0 |         0 |         0 |         0 |         0 |         0 |         0 |         0 |         0 |
|           Power PP0 [W]           |          0 |         0 |         0 |         0 |         0 |         0 |         0 |         0 |         0 |         0 |         0 |         0 |          0 |         0 |         0 |         0 |         0 |         0 |         0 |         0 |         0 |         0 |         0 |         0 |
|          Energy DRAM [J]          |   349.0470 |         0 |         0 |         0 |         0 |         0 |         0 |         0 |         0 |         0 |         0 |         0 |   354.9560 |         0 |         0 |         0 |         0 |         0 |         0 |         0 |         0 |         0 |         0 |         0 |
|           Power DRAM [W]          |    13.1629 |         0 |         0 |         0 |         0 |         0 |         0 |         0 |         0 |         0 |         0 |         0 |    13.3857 |         0 |         0 |         0 |         0 |         0 |         0 |         0 |         0 |         0 |         0 |         0 |
+-----------------------------------+------------+-----------+-----------+-----------+-----------+-----------+-----------+-----------+-----------+-----------+-----------+-----------+------------+-----------+-----------+-----------+-----------+-----------+-----------+-----------+-----------+-----------+-----------+-----------+
+----------------------------------------+------------+-----------+------------+-----------+
|                 Metric                 |     Sum    |    Min    |     Max    |    Avg    |
+----------------------------------------+------------+-----------+------------+-----------+
|        Runtime (RDTSC) [s] STAT        |   636.4200 |   26.5175 |    26.5175 |   26.5175 |
|        Runtime unhalted [s] STAT       |   585.2005 |   23.0997 |    25.8829 |   24.3834 |
|            Clock [MHz] STAT            | 55003.8516 | 2274.4466 |  2298.2362 | 2291.8271 |
|                CPI STAT                |    14.0892 |    0.4975 |     0.6752 |    0.5870 |
|   Local DRAM data volume [GByte] STAT  |   496.6436 |   13.6295 |    26.8014 |   20.6935 |
|   Local DRAM bandwidth [MByte/s] STAT  | 18728.8909 |  513.9802 |  1010.7053 |  780.3705 |
|  Remote DRAM data volume [GByte] STAT  |    24.1096 |    0.0077 |     2.9935 |    1.0046 |
|  Remote DRAM bandwidth [MByte/s] STAT  |   909.1977 |    0.2903 |   112.8872 |   37.8832 |
|     Memory data volume [GByte] STAT    |   520.7533 |   16.3981 |    26.8116 |   21.6981 |
|     Memory bandwidth [MByte/s] STAT    | 19638.0883 |  618.3860 |  1011.0900 |  818.2537 |
|          L3 request rate STAT          |    98.8672 |    2.9820 |     5.3278 |    4.1195 |
|            L3 miss rate STAT           |     1.4920 |    0.0004 |     0.1891 |    0.0622 |
|           L3 miss ratio STAT           |     1.6288 |    0.0003 |     0.2196 |    0.0679 |
|          L2 request rate STAT          |     2.9062 |    0.0693 |     0.1725 |    0.1211 |
|            L2 miss rate STAT           |     0.6821 |    0.0123 |     0.0446 |    0.0284 |
|           L2 miss ratio STAT           |     5.2726 |    0.1780 |     0.2586 |    0.2197 |
|  Memory read bandwidth [MBytes/s] STAT | 26861.9849 |         0 | 13585.6917 | 1119.2494 |
|  Memory read data volume [GBytes] STAT |   712.3131 |         0 |   360.2588 |   29.6797 |
| Memory write bandwidth [MBytes/s] STAT | 21054.2664 |         0 | 10659.3214 |  877.2611 |
| Memory write data volume [GBytes] STAT |   558.3068 |         0 |   282.6587 |   23.2628 |
|    Memory bandwidth [MBytes/s] STAT    | 47916.2513 |         0 | 24245.0131 | 1996.5105 |
|    Memory data volume [GBytes] STAT    |  1270.6200 |         0 |   642.9175 |   52.9425 |
|          Temperature [C] STAT          |       1044 |        38 |         49 |   43.5000 |
|             Energy [J] STAT            |  5066.5238 |         0 |  2572.2516 |  211.1052 |
|             Power [W] STAT             |   191.0633 |         0 |    97.0020 |    7.9610 |
|           Energy PP0 [J] STAT          |          0 |         0 |          0 |         0 |
|           Power PP0 [W] STAT           |          0 |         0 |          0 |         0 |
|          Energy DRAM [J] STAT          |   704.0030 |         0 |   354.9560 |   29.3335 |
|           Power DRAM [W] STAT          |    26.5486 |         0 |    13.3857 |    1.1062 |
+----------------------------------------+------------+-----------+------------+-----------+
