--------------------------------------------------------------------------------
CPU name:	Intel(R) Xeon(R) CPU E5-2670 v3 @ 2.30GHz
CPU type:	Intel Xeon Haswell EN/EP/EX processor
CPU clock:	2.30 GHz
--------------------------------------------------------------------------------
Group 1: POWERPERF
+--------------------------------+---------+--------------+-------------+-------------+-------------+-------------+-------------+--------------+-------------+-------------+-------------+-------------+-------------+-------------+-------------+-------------+-------------+-------------+-------------+-------------+-------------+-------------+-------------+-------------+-------------+
|              Event             | Counter |    Core 0    |    Core 1   |    Core 2   |    Core 3   |    Core 4   |    Core 5   |    Core 6    |    Core 7   |    Core 8   |    Core 9   |   Core 10   |   Core 11   |   Core 12   |   Core 13   |   Core 14   |   Core 15   |   Core 16   |   Core 17   |   Core 18   |   Core 19   |   Core 20   |   Core 21   |   Core 22   |   Core 23   |
+--------------------------------+---------+--------------+-------------+-------------+-------------+-------------+-------------+--------------+-------------+-------------+-------------+-------------+-------------+-------------+-------------+-------------+-------------+-------------+-------------+-------------+-------------+-------------+-------------+-------------+-------------+
|        INSTR_RETIRED_ANY       |  FIXC0  | 196669330600 | 84576837892 | 84605627610 | 84617372160 | 84682775594 | 84694745652 | 202002080449 | 85114038045 | 85126643306 | 85153664664 | 85192793749 | 85203219456 | 84595278946 | 84626132111 | 84606421701 | 84557808378 | 84494596750 | 83484878737 | 85157596300 | 85168827733 | 85141908648 | 85104199718 | 85022817425 | 84019850943 |
|      CPU_CLK_UNHALTED_CORE     |  FIXC1  | 113956442211 | 41182384455 | 41405803095 | 41391710947 | 41412702428 | 41443318969 | 113985030283 | 39977040579 | 40191028156 | 40278337785 | 40292112734 | 40373485232 | 41611078411 | 41943926665 | 41612378193 | 41755414677 | 41616976314 | 41143160213 | 40068001729 | 40028023045 | 39523646501 | 39709088264 | 39679925016 | 39148938786 |
|      CPU_CLK_UNHALTED_REF      |  FIXC2  | 114861060657 | 42328652347 | 42528484880 | 42509579892 | 42519392313 | 42509511513 | 114939112123 | 41107461827 | 41298734358 | 41387532988 | 41410688353 | 41502627150 | 42526281158 | 42830465588 | 42534946339 | 42659287628 | 42535090227 | 42143018864 | 41227168731 | 41114490627 | 40614709321 | 40794248471 | 40711563701 | 40267618943 |
|           FIXC1/FIXC0          |   CPI   |            0 |           0 |           0 |           0 |           0 |           0 |            0 |           0 |           0 |           0 |           0 |           0 |           0 |           0 |           0 |           0 |           0 |           0 |           0 |           0 |           0 |           0 |           0 |           0 |
|  OFFCORE_RESPONSE_0_LOCAL_DRAM |   PMC0  |    809359248 |   451253842 |   449642241 |   439931151 |   443612794 |   406395521 |    833287933 |   450164433 |   444909227 |   431697690 |   436789799 |   405892003 |   422265897 |   426283610 |   414471525 |   394729479 |   395506857 |   384615353 |   418688422 |   421725765 |   412182231 |   395069541 |   393129111 |   388209713 |
| OFFCORE_RESPONSE_1_REMOTE_DRAM |   PMC1  |     42431885 |     2861734 |     4376882 |    13917953 |    10830057 |    46679351 |     40436610 |     2298223 |     6216994 |    19280181 |    14215780 |    43509569 |    29457941 |    25756796 |    36404184 |    54891149 |    54281336 |    59363045 |    31725398 |    28580677 |    36189394 |    52266981 |    53571936 |    53407127 |
|  MEM_LOAD_UOPS_RETIRED_L3_ALL  |   PMC2  |    222353117 |    28807703 |    29612301 |    30142131 |    30231545 |    29704890 |    221971280 |    27426716 |    29182780 |    29015086 |    29164759 |    29609915 |    29375336 |    31043128 |    31212159 |    30571150 |    29609228 |    28481424 |    29039717 |    29088136 |    28544087 |    29339690 |    29661615 |    28002263 |
|  MEM_LOAD_UOPS_RETIRED_L3_MISS |   PMC3  |    124466328 |    15447046 |    16038178 |    15771574 |    15838877 |    15843941 |    118417894 |    14631331 |    15237980 |    15469138 |    15003071 |    15496402 |    15996723 |    16157946 |    16208337 |    16163326 |    15744225 |    15184782 |    15791008 |    15566048 |    15085436 |    15351063 |    15264731 |    14454961 |
|      L2_TRANS_ALL_REQUESTS     |   PMC4  |   5387472435 |  2287234800 |  2283017005 |  2284157877 |  2288566294 |  2288685199 |   5494278811 |  2284432886 |  2289709858 |  2290031882 |  2293450945 |  2298205260 |  2285389314 |  2286166326 |  2289920648 |  2289885506 |  2299525164 |  2258884086 |  2285695470 |  2287297702 |  2289491027 |  2294288033 |  2301872840 |  2267455584 |
|          L2_RQSTS_MISS         |   PMC5  |   1292460064 |   564091848 |   564240880 |   566547528 |   566841434 |   568232945 |   1315175304 |   563647825 |   566899539 |   567667292 |   569144788 |   570826334 |   565748215 |   566583235 |   567519241 |   567946735 |   566604173 |   557850399 |   564953130 |   564880906 |   566830603 |   567948092 |   568548309 |   559629794 |
|        UOPS_RETIRED_ALL        |   PMC6  | 229960722759 | 97163039142 | 97182947638 | 97179729753 | 97268407346 | 97258961587 | 236234657697 | 97794130352 | 97774908774 | 97801432385 | 97838484305 | 97825314883 | 97107165065 | 97151303802 | 97118068930 | 97046932434 | 97002314668 | 95963596459 | 97774359224 | 97786398601 | 97740488611 | 97690362739 | 97608077690 | 96585910367 |
|            TEMP_CORE           |   TMP0  |           39 |          38 |          39 |          37 |          37 |          39 |           39 |          37 |          37 |          36 |          39 |          39 |          36 |          40 |          39 |          42 |          42 |          39 |          38 |          37 |          37 |          38 |          36 |          34 |
|         PWR_PKG_ENERGY         |   PWR0  |    2609.1080 |           0 |           0 |           0 |           0 |           0 |            0 |           0 |           0 |           0 |           0 |           0 |   2490.3000 |           0 |           0 |           0 |           0 |           0 |           0 |           0 |           0 |           0 |           0 |           0 |
|         PWR_PP0_ENERGY         |   PWR1  |            0 |           0 |           0 |           0 |           0 |           0 |            0 |           0 |           0 |           0 |           0 |           0 |           0 |           0 |           0 |           0 |           0 |           0 |           0 |           0 |           0 |           0 |           0 |           0 |
|         PWR_DRAM_ENERGY        |   PWR3  |     493.7291 |           0 |           0 |           0 |           0 |           0 |            0 |           0 |           0 |           0 |           0 |           0 |    420.0102 |           0 |           0 |           0 |           0 |           0 |           0 |           0 |           0 |           0 |           0 |           0 |
|          CAS_COUNT_RD          | MBOX0C0 |   1765047358 |           0 |           0 |           0 |           0 |           0 |            0 |           0 |           0 |           0 |           0 |           0 |  1376969563 |           0 |           0 |           0 |           0 |           0 |           0 |           0 |           0 |           0 |           0 |           0 |
|          CAS_COUNT_WR          | MBOX0C1 |    348162518 |           0 |           0 |           0 |           0 |           0 |            0 |           0 |           0 |           0 |           0 |           0 |   246767729 |           0 |           0 |           0 |           0 |           0 |           0 |           0 |           0 |           0 |           0 |           0 |
|          CAS_COUNT_RD          | MBOX1C0 |   1746115860 |           0 |           0 |           0 |           0 |           0 |            0 |           0 |           0 |           0 |           0 |           0 |  1382974094 |           0 |           0 |           0 |           0 |           0 |           0 |           0 |           0 |           0 |           0 |           0 |
|          CAS_COUNT_WR          | MBOX1C1 |    343730706 |           0 |           0 |           0 |           0 |           0 |            0 |           0 |           0 |           0 |           0 |           0 |   250212241 |           0 |           0 |           0 |           0 |           0 |           0 |           0 |           0 |           0 |           0 |           0 |
|          CAS_COUNT_RD          | MBOX2C0 |            0 |           0 |           0 |           0 |           0 |           0 |            0 |           0 |           0 |           0 |           0 |           0 |           0 |           0 |           0 |           0 |           0 |           0 |           0 |           0 |           0 |           0 |           0 |           0 |
|          CAS_COUNT_WR          | MBOX2C1 |            0 |           0 |           0 |           0 |           0 |           0 |            0 |           0 |           0 |           0 |           0 |           0 |           0 |           0 |           0 |           0 |           0 |           0 |           0 |           0 |           0 |           0 |           0 |           0 |
|          CAS_COUNT_RD          | MBOX3C0 |            0 |           0 |           0 |           0 |           0 |           0 |            0 |           0 |           0 |           0 |           0 |           0 |           0 |           0 |           0 |           0 |           0 |           0 |           0 |           0 |           0 |           0 |           0 |           0 |
|          CAS_COUNT_WR          | MBOX3C1 |            0 |           0 |           0 |           0 |           0 |           0 |            0 |           0 |           0 |           0 |           0 |           0 |           0 |           0 |           0 |           0 |           0 |           0 |           0 |           0 |           0 |           0 |           0 |           0 |
|          CAS_COUNT_RD          | MBOX4C0 |   1758446867 |           0 |           0 |           0 |           0 |           0 |            0 |           0 |           0 |           0 |           0 |           0 |  1377263469 |           0 |           0 |           0 |           0 |           0 |           0 |           0 |           0 |           0 |           0 |           0 |
|          CAS_COUNT_WR          | MBOX4C1 |    346975336 |           0 |           0 |           0 |           0 |           0 |            0 |           0 |           0 |           0 |           0 |           0 |   247059067 |           0 |           0 |           0 |           0 |           0 |           0 |           0 |           0 |           0 |           0 |           0 |
|          CAS_COUNT_RD          | MBOX5C0 |   1756894523 |           0 |           0 |           0 |           0 |           0 |            0 |           0 |           0 |           0 |           0 |           0 |  1378809870 |           0 |           0 |           0 |           0 |           0 |           0 |           0 |           0 |           0 |           0 |           0 |
|          CAS_COUNT_WR          | MBOX5C1 |    347690405 |           0 |           0 |           0 |           0 |           0 |            0 |           0 |           0 |           0 |           0 |           0 |   248405988 |           0 |           0 |           0 |           0 |           0 |           0 |           0 |           0 |           0 |           0 |           0 |
|          CAS_COUNT_RD          | MBOX6C0 |            0 |           0 |           0 |           0 |           0 |           0 |            0 |           0 |           0 |           0 |           0 |           0 |           0 |           0 |           0 |           0 |           0 |           0 |           0 |           0 |           0 |           0 |           0 |           0 |
|          CAS_COUNT_WR          | MBOX6C1 |            0 |           0 |           0 |           0 |           0 |           0 |            0 |           0 |           0 |           0 |           0 |           0 |           0 |           0 |           0 |           0 |           0 |           0 |           0 |           0 |           0 |           0 |           0 |           0 |
|          CAS_COUNT_RD          | MBOX7C0 |            0 |           0 |           0 |           0 |           0 |           0 |            0 |           0 |           0 |           0 |           0 |           0 |           0 |           0 |           0 |           0 |           0 |           0 |           0 |           0 |           0 |           0 |           0 |           0 |
|          CAS_COUNT_WR          | MBOX7C1 |            0 |           0 |           0 |           0 |           0 |           0 |            0 |           0 |           0 |           0 |           0 |           0 |           0 |           0 |           0 |           0 |           0 |           0 |           0 |           0 |           0 |           0 |           0 |           0 |
+--------------------------------+---------+--------------+-------------+-------------+-------------+-------------+-------------+--------------+-------------+-------------+-------------+-------------+-------------+-------------+-------------+-------------+-------------+-------------+-------------+-------------+-------------+-------------+-------------+-------------+-------------+
+-------------------------------------+---------+---------------+-------------+--------------+--------------+
|                Event                | Counter |      Sum      |     Min     |      Max     |      Avg     |
+-------------------------------------+---------+---------------+-------------+--------------+--------------+
|        INSTR_RETIRED_ANY STAT       |  FIXC0  | 2263619446567 | 83484878737 | 202002080449 | 9.431748e+10 |
|      CPU_CLK_UNHALTED_CORE STAT     |  FIXC1  | 1123729954688 | 39148938786 | 113985030283 | 4.682208e+10 |
|      CPU_CLK_UNHALTED_REF STAT      |  FIXC2  | 1148861727999 | 40267618943 | 114939112123 | 4.786924e+10 |
|           FIXC1/FIXC0 STAT          |   CPI   |             0 |           0 |            0 |            0 |
|  OFFCORE_RESPONSE_0_LOCAL_DRAM STAT |   PMC0  |   10869813386 |   384615353 |    833287933 | 4.529089e+08 |
| OFFCORE_RESPONSE_1_REMOTE_DRAM STAT |   PMC1  |     762951183 |     2298223 |     59363045 | 3.178963e+07 |
|  MEM_LOAD_UOPS_RETIRED_L3_ALL STAT  |   PMC2  |    1091190156 |    27426716 |    222353117 | 4.546626e+07 |
|  MEM_LOAD_UOPS_RETIRED_L3_MISS STAT |   PMC3  |     584630346 |    14454961 |    124466328 | 2.435960e+07 |
|      L2_TRANS_ALL_REQUESTS STAT     |   PMC4  |   61205114952 |  2258884086 |   5494278811 |   2550213123 |
|          L2_RQSTS_MISS STAT         |   PMC5  |   15060818613 |   557850399 |   1315175304 | 6.275341e+08 |
|        UOPS_RETIRED_ALL STAT        |   PMC6  | 2607857715211 | 95963596459 | 236234657697 | 1.086607e+11 |
|            TEMP_CORE STAT           |   TMP0  |           914 |          34 |           42 |      38.0833 |
|         PWR_PKG_ENERGY STAT         |   PWR0  |     5099.4080 |           0 |    2609.1080 |     212.4753 |
|         PWR_PP0_ENERGY STAT         |   PWR1  |             0 |           0 |            0 |            0 |
|         PWR_DRAM_ENERGY STAT        |   PWR3  |      913.7393 |           0 |     493.7291 |      38.0725 |
|          CAS_COUNT_RD STAT          | MBOX0C0 |    3142016921 |           0 |   1765047358 | 1.309174e+08 |
|          CAS_COUNT_WR STAT          | MBOX0C1 |     594930247 |           0 |    348162518 | 2.478876e+07 |
|          CAS_COUNT_RD STAT          | MBOX1C0 |    3129089954 |           0 |   1746115860 | 1.303787e+08 |
|          CAS_COUNT_WR STAT          | MBOX1C1 |     593942947 |           0 |    343730706 | 2.474762e+07 |
|          CAS_COUNT_RD STAT          | MBOX2C0 |             0 |           0 |            0 |            0 |
|          CAS_COUNT_WR STAT          | MBOX2C1 |             0 |           0 |            0 |            0 |
|          CAS_COUNT_RD STAT          | MBOX3C0 |             0 |           0 |            0 |            0 |
|          CAS_COUNT_WR STAT          | MBOX3C1 |             0 |           0 |            0 |            0 |
|          CAS_COUNT_RD STAT          | MBOX4C0 |    3135710336 |           0 |   1758446867 | 1.306546e+08 |
|          CAS_COUNT_WR STAT          | MBOX4C1 |     594034403 |           0 |    346975336 | 2.475143e+07 |
|          CAS_COUNT_RD STAT          | MBOX5C0 |    3135704393 |           0 |   1756894523 | 1.306543e+08 |
|          CAS_COUNT_WR STAT          | MBOX5C1 |     596096393 |           0 |    347690405 | 2.483735e+07 |
|          CAS_COUNT_RD STAT          | MBOX6C0 |             0 |           0 |            0 |            0 |
|          CAS_COUNT_WR STAT          | MBOX6C1 |             0 |           0 |            0 |            0 |
|          CAS_COUNT_RD STAT          | MBOX7C0 |             0 |           0 |            0 |            0 |
|          CAS_COUNT_WR STAT          | MBOX7C1 |             0 |           0 |            0 |            0 |
+-------------------------------------+---------+---------------+-------------+--------------+--------------+
+-----------------------------------+------------+-----------+-----------+-----------+-----------+-----------+-----------+-----------+-----------+-----------+-----------+-----------+-----------+-----------+-----------+-----------+-----------+-----------+-----------+-----------+-----------+-----------+-----------+-----------+
|               Metric              |   Core 0   |   Core 1  |   Core 2  |   Core 3  |   Core 4  |   Core 5  |   Core 6  |   Core 7  |   Core 8  |   Core 9  |  Core 10  |  Core 11  |  Core 12  |  Core 13  |  Core 14  |  Core 15  |  Core 16  |  Core 17  |  Core 18  |  Core 19  |  Core 20  |  Core 21  |  Core 22  |  Core 23  |
+-----------------------------------+------------+-----------+-----------+-----------+-----------+-----------+-----------+-----------+-----------+-----------+-----------+-----------+-----------+-----------+-----------+-----------+-----------+-----------+-----------+-----------+-----------+-----------+-----------+-----------+
|        Runtime (RDTSC) [s]        |    52.7416 |   52.7416 |   52.7416 |   52.7416 |   52.7416 |   52.7416 |   52.7416 |   52.7416 |   52.7416 |   52.7416 |   52.7416 |   52.7416 |   52.7416 |   52.7416 |   52.7416 |   52.7416 |   52.7416 |   52.7416 |   52.7416 |   52.7416 |   52.7416 |   52.7416 |   52.7416 |   52.7416 |
|        Runtime unhalted [s]       |    49.5467 |   17.9055 |   18.0027 |   17.9966 |   18.0057 |   18.0190 |   49.5592 |   17.3815 |   17.4745 |   17.5125 |   17.5185 |   17.5538 |   18.0919 |   18.2367 |   18.0925 |   18.1547 |   18.0945 |   17.8885 |   17.4210 |   17.4036 |   17.1843 |   17.2650 |   17.2523 |   17.0214 |
|            Clock [MHz]            |  2281.8653 | 2237.6956 | 2239.2638 | 2239.4972 | 2240.1158 | 2242.2930 | 2280.8879 | 2236.7319 | 2238.2899 | 2238.3395 | 2237.8529 | 2237.4050 | 2250.4819 | 2252.3726 | 2250.0937 | 2251.2470 | 2250.3347 | 2245.4116 | 2235.3119 | 2239.2015 | 2238.1934 | 2238.7981 | 2241.6975 | 2236.0834 |
|                CPI                |     0.5794 |    0.4869 |    0.4894 |    0.4892 |    0.4890 |    0.4893 |    0.5643 |    0.4697 |    0.4721 |    0.4730 |    0.4730 |    0.4738 |    0.4919 |    0.4956 |    0.4918 |    0.4938 |    0.4925 |    0.4928 |    0.4705 |    0.4700 |    0.4642 |    0.4666 |    0.4667 |    0.4659 |
|   Local DRAM data volume [GByte]  |    51.7990 |   28.8802 |   28.7771 |   28.1556 |   28.3912 |   26.0093 |   53.3304 |   28.8105 |   28.4742 |   27.6287 |   27.9545 |   25.9771 |   27.0250 |   27.2822 |   26.5262 |   25.2627 |   25.3124 |   24.6154 |   26.7961 |   26.9904 |   26.3797 |   25.2845 |   25.1603 |   24.8454 |
|   Local DRAM bandwidth [MByte/s]  |   982.1282 |  547.5802 |  545.6246 |  533.8405 |  538.3081 |  493.1463 | 1011.1648 |  546.2583 |  539.8813 |  523.8495 |  530.0286 |  492.5353 |  512.4044 |  517.2797 |  502.9462 |  478.9899 |  479.9333 |  466.7168 |  508.0633 |  511.7490 |  500.1682 |  479.4026 |  477.0480 |  471.0784 |
|  Remote DRAM data volume [GByte]  |     2.7156 |    0.1832 |    0.2801 |    0.8907 |    0.6931 |    2.9875 |    2.5879 |    0.1471 |    0.3979 |    1.2339 |    0.9098 |    2.7846 |    1.8853 |    1.6484 |    2.3299 |    3.5130 |    3.4740 |    3.7992 |    2.0304 |    1.8292 |    2.3161 |    3.3451 |    3.4286 |    3.4181 |
|  Remote DRAM bandwidth [MByte/s]  |    51.4896 |    3.4726 |    5.3112 |   16.8889 |   13.1419 |   56.6437 |   49.0684 |    2.7888 |    7.5441 |   23.3958 |   17.2503 |   52.7973 |   35.7461 |   31.2549 |   44.1752 |   66.6084 |   65.8684 |   72.0349 |   38.4976 |   34.6816 |   43.9145 |   63.4241 |   65.0076 |   64.8076 |
|     Memory data volume [GByte]    |    54.5146 |   29.0634 |   29.0572 |   29.0463 |   29.0843 |   28.9968 |   55.9184 |   28.9576 |   28.8721 |   28.8626 |   28.8644 |   28.7617 |   28.9103 |   28.9306 |   28.8560 |   28.7757 |   28.7864 |   28.4146 |   28.8265 |   28.8196 |   28.6958 |   28.6295 |   28.5889 |   28.2635 |
|     Memory bandwidth [MByte/s]    |  1033.6177 |  551.0528 |  550.9358 |  550.7295 |  551.4500 |  549.7900 | 1060.2331 |  549.0471 |  547.4254 |  547.2453 |  547.2790 |  545.3326 |  548.1505 |  548.5347 |  547.1214 |  545.5984 |  545.8017 |  538.7517 |  546.5609 |  546.4306 |  544.0828 |  542.8267 |  542.0556 |  535.8861 |
|          L3 request rate          |     1.7865 |    1.8649 |    1.8464 |    1.9112 |    1.9087 |    1.8748 |    1.8745 |    1.8745 |    1.9151 |    1.8757 |    1.9439 |    1.9108 |    1.8363 |    1.9212 |    1.9257 |    1.8914 |    1.8806 |    1.8757 |    1.8390 |    1.8687 |    1.8922 |    1.9112 |    1.9431 |    1.9372 |
|            L3 miss rate           |     0.1908 |    0.0993 |    0.1478 |    0.4617 |    0.3582 |    1.5714 |    0.1822 |    0.0838 |    0.2130 |    0.6645 |    0.4874 |    1.4694 |    1.0028 |    0.8297 |    1.1663 |    1.7955 |    1.8333 |    2.0843 |    1.0925 |    0.9826 |    1.2678 |    1.7814 |    1.8061 |    1.9072 |
|           L3 miss ratio           |     0.0524 |    0.0063 |    0.0097 |    0.0316 |    0.0244 |    0.1149 |    0.0485 |    0.0051 |    0.0140 |    0.0447 |    0.0325 |    0.1072 |    0.0698 |    0.0604 |    0.0878 |    0.1391 |    0.1372 |    0.1543 |    0.0758 |    0.0678 |    0.0878 |    0.1323 |    0.1363 |    0.1376 |
|          L2 request rate          |     0.0274 |    0.0270 |    0.0270 |    0.0270 |    0.0270 |    0.0270 |    0.0272 |    0.0268 |    0.0269 |    0.0269 |    0.0269 |    0.0270 |    0.0270 |    0.0270 |    0.0271 |    0.0271 |    0.0272 |    0.0271 |    0.0268 |    0.0269 |    0.0269 |    0.0270 |    0.0271 |    0.0270 |
|            L2 miss rate           |     0.0066 |    0.0067 |    0.0067 |    0.0067 |    0.0067 |    0.0067 |    0.0065 |    0.0066 |    0.0067 |    0.0067 |    0.0067 |    0.0067 |    0.0067 |    0.0067 |    0.0067 |    0.0067 |    0.0067 |    0.0067 |    0.0066 |    0.0066 |    0.0067 |    0.0067 |    0.0067 |    0.0067 |
|           L2 miss ratio           |     0.2399 |    0.2466 |    0.2471 |    0.2480 |    0.2477 |    0.2483 |    0.2394 |    0.2467 |    0.2476 |    0.2479 |    0.2482 |    0.2484 |    0.2476 |    0.2478 |    0.2478 |    0.2480 |    0.2464 |    0.2470 |    0.2472 |    0.2470 |    0.2476 |    0.2475 |    0.2470 |    0.2468 |
|  Memory read bandwidth [MBytes/s] |  8526.4092 |         0 |         0 |         0 |         0 |         0 |         0 |         0 |         0 |         0 |         0 |         0 | 6693.4871 |         0 |         0 |         0 |         0 |         0 |         0 |         0 |         0 |         0 |         0 |         0 |
|  Memory read data volume [GBytes] |   449.6963 |         0 |         0 |         0 |         0 |         0 |         0 |         0 |         0 |         0 |         0 |         0 |  353.0251 |         0 |         0 |         0 |         0 |         0 |         0 |         0 |         0 |         0 |         0 |         0 |
| Memory write bandwidth [MBytes/s] |  1682.5392 |         0 |         0 |         0 |         0 |         0 |         0 |         0 |         0 |         0 |         0 |         0 | 1204.2961 |         0 |         0 |         0 |         0 |         0 |         0 |         0 |         0 |         0 |         0 |         0 |
| Memory write data volume [GBytes] |    88.7398 |         0 |         0 |         0 |         0 |         0 |         0 |         0 |         0 |         0 |         0 |         0 |   63.5165 |         0 |         0 |         0 |         0 |         0 |         0 |         0 |         0 |         0 |         0 |         0 |
|    Memory bandwidth [MBytes/s]    | 10208.9484 |         0 |         0 |         0 |         0 |         0 |         0 |         0 |         0 |         0 |         0 |         0 | 7897.7833 |         0 |         0 |         0 |         0 |         0 |         0 |         0 |         0 |         0 |         0 |         0 |
|    Memory data volume [GBytes]    |   538.4361 |         0 |         0 |         0 |         0 |         0 |         0 |         0 |         0 |         0 |         0 |         0 |  416.5416 |         0 |         0 |         0 |         0 |         0 |         0 |         0 |         0 |         0 |         0 |         0 |
|          Temperature [C]          |         39 |        38 |        39 |        37 |        37 |        39 |        39 |        37 |        37 |        36 |        39 |        39 |        36 |        40 |        39 |        42 |        42 |        39 |        38 |        37 |        37 |        38 |        36 |        34 |
|             Energy [J]            |  2609.1080 |         0 |         0 |         0 |         0 |         0 |         0 |         0 |         0 |         0 |         0 |         0 | 2490.3000 |         0 |         0 |         0 |         0 |         0 |         0 |         0 |         0 |         0 |         0 |         0 |
|             Power [W]             |    49.4697 |         0 |         0 |         0 |         0 |         0 |         0 |         0 |         0 |         0 |         0 |         0 |   47.2170 |         0 |         0 |         0 |         0 |         0 |         0 |         0 |         0 |         0 |         0 |         0 |
|           Energy PP0 [J]          |          0 |         0 |         0 |         0 |         0 |         0 |         0 |         0 |         0 |         0 |         0 |         0 |         0 |         0 |         0 |         0 |         0 |         0 |         0 |         0 |         0 |         0 |         0 |         0 |
|           Power PP0 [W]           |          0 |         0 |         0 |         0 |         0 |         0 |         0 |         0 |         0 |         0 |         0 |         0 |         0 |         0 |         0 |         0 |         0 |         0 |         0 |         0 |         0 |         0 |         0 |         0 |
|          Energy DRAM [J]          |   493.7291 |         0 |         0 |         0 |         0 |         0 |         0 |         0 |         0 |         0 |         0 |         0 |  420.0102 |         0 |         0 |         0 |         0 |         0 |         0 |         0 |         0 |         0 |         0 |         0 |
|           Power DRAM [W]          |     9.3613 |         0 |         0 |         0 |         0 |         0 |         0 |         0 |         0 |         0 |         0 |         0 |    7.9636 |         0 |         0 |         0 |         0 |         0 |         0 |         0 |         0 |         0 |         0 |         0 |
+-----------------------------------+------------+-----------+-----------+-----------+-----------+-----------+-----------+-----------+-----------+-----------+-----------+-----------+-----------+-----------+-----------+-----------+-----------+-----------+-----------+-----------+-----------+-----------+-----------+-----------+
+----------------------------------------+------------+-----------+------------+-----------+
|                 Metric                 |     Sum    |    Min    |     Max    |    Avg    |
+----------------------------------------+------------+-----------+------------+-----------+
|        Runtime (RDTSC) [s] STAT        |  1265.7984 |   52.7416 |    52.7416 |   52.7416 |
|        Runtime unhalted [s] STAT       |   488.5826 |   17.0214 |    49.5592 |   20.3576 |
|            Clock [MHz] STAT            | 53879.4651 | 2235.3119 |  2281.8653 | 2244.9777 |
|                CPI STAT                |    11.7114 |    0.4642 |     0.5794 |    0.4880 |
|   Local DRAM data volume [GByte] STAT  |   695.6681 |   24.6154 |    53.3304 |   28.9862 |
|   Local DRAM bandwidth [MByte/s] STAT  | 13190.1255 |  466.7168 |  1011.1648 |  549.5886 |
|  Remote DRAM data volume [GByte] STAT  |    48.8287 |    0.1471 |     3.7992 |    2.0345 |
|  Remote DRAM bandwidth [MByte/s] STAT  |   925.8135 |    2.7888 |    72.0349 |   38.5756 |
|     Memory data volume [GByte] STAT    |   744.4968 |   28.2635 |    55.9184 |   31.0207 |
|     Memory bandwidth [MByte/s] STAT    | 14115.9394 |  535.8861 |  1060.2331 |  588.1641 |
|          L3 request rate STAT          |    45.3093 |    1.7865 |     1.9439 |    1.8879 |
|            L3 miss rate STAT           |    23.4790 |    0.0838 |     2.0843 |    0.9783 |
|           L3 miss ratio STAT           |     1.7775 |    0.0051 |     0.1543 |    0.0741 |
|          L2 request rate STAT          |     0.6483 |    0.0268 |     0.0274 |    0.0270 |
|            L2 miss rate STAT           |     0.1602 |    0.0065 |     0.0067 |    0.0067 |
|           L2 miss ratio STAT           |     5.9235 |    0.2394 |     0.2484 |    0.2468 |
|  Memory read bandwidth [MBytes/s] STAT | 15219.8963 |         0 |  8526.4092 |  634.1623 |
|  Memory read data volume [GBytes] STAT |   802.7214 |         0 |   449.6963 |   33.4467 |
| Memory write bandwidth [MBytes/s] STAT |  2886.8353 |         0 |  1682.5392 |  120.2848 |
| Memory write data volume [GBytes] STAT |   152.2563 |         0 |    88.7398 |    6.3440 |
|    Memory bandwidth [MBytes/s] STAT    | 18106.7317 |         0 | 10208.9484 |  754.4472 |
|    Memory data volume [GBytes] STAT    |   954.9777 |         0 |   538.4361 |   39.7907 |
|          Temperature [C] STAT          |        914 |        34 |         42 |   38.0833 |
|             Energy [J] STAT            |  5099.4080 |         0 |  2609.1080 |  212.4753 |
|             Power [W] STAT             |    96.6867 |         0 |    49.4697 |    4.0286 |
|           Energy PP0 [J] STAT          |          0 |         0 |          0 |         0 |
|           Power PP0 [W] STAT           |          0 |         0 |          0 |         0 |
|          Energy DRAM [J] STAT          |   913.7393 |         0 |   493.7291 |   38.0725 |
|           Power DRAM [W] STAT          |    17.3249 |         0 |     9.3613 |    0.7219 |
+----------------------------------------+------------+-----------+------------+-----------+
