--------------------------------------------------------------------------------
CPU name:	Intel(R) Xeon(R) CPU E5-2670 v3 @ 2.30GHz
CPU type:	Intel Xeon Haswell EN/EP/EX processor
CPU clock:	2.30 GHz
--------------------------------------------------------------------------------
Group 1: POWERPERF
+--------------------------------+---------+--------------+-------------+-------------+-------------+-------------+-------------+--------------+--------------+--------------+--------------+--------------+--------------+-------------+-------------+-------------+-------------+-------------+-------------+--------------+--------------+--------------+--------------+--------------+--------------+
|              Event             | Counter |    Core 0    |    Core 1   |    Core 2   |    Core 3   |    Core 4   |    Core 5   |    Core 6    |    Core 7    |    Core 8    |    Core 9    |    Core 10   |    Core 11   |   Core 12   |   Core 13   |   Core 14   |   Core 15   |   Core 16   |   Core 17   |    Core 18   |    Core 19   |    Core 20   |    Core 21   |    Core 22   |    Core 23   |
+--------------------------------+---------+--------------+-------------+-------------+-------------+-------------+-------------+--------------+--------------+--------------+--------------+--------------+--------------+-------------+-------------+-------------+-------------+-------------+-------------+--------------+--------------+--------------+--------------+--------------+--------------+
|        INSTR_RETIRED_ANY       |  FIXC0  | 196688167833 | 84605347176 | 84625602559 | 84640724478 | 84697577654 | 84718126263 | 196584292891 | 195717548480 | 195103370613 | 194782296562 | 194683461180 | 193092356885 | 84676410980 | 84737326772 | 84708069317 | 84623465050 | 84579825685 | 83553016551 | 193356977849 | 194353948761 | 194717725333 | 194497102568 | 195163434939 | 195329218887 |
|      CPU_CLK_UNHALTED_CORE     |  FIXC1  | 119846763428 | 40586115420 | 40933856955 | 40771381007 | 40978948089 | 41031214599 | 126081089356 | 125742608314 | 125753967301 | 125639982298 | 125788227455 | 125835408018 | 40882182358 | 40828944206 | 40369971765 | 40692476270 | 40514698357 | 40000438495 | 125736323716 | 125743385078 | 125688416570 | 125653956281 | 125610149556 | 125549287527 |
|      CPU_CLK_UNHALTED_REF      |  FIXC2  | 120873629738 | 41757887682 | 42060597835 | 41876557263 | 42167928761 | 42132174088 | 126128267468 | 125796536858 | 125816753582 | 125706103319 | 125840809650 | 125901350388 | 41843985307 | 41694773635 | 41411628616 | 41723321028 | 41599414462 | 41002730246 | 125788806811 | 125796569334 | 125732349378 | 125706782394 | 125663003964 | 125619214885 |
|           FIXC1/FIXC0          |   CPI   |            0 |           0 |           0 |           0 |           0 |           0 |            0 |            0 |            0 |            0 |            0 |            0 |           0 |           0 |           0 |           0 |           0 |           0 |            0 |            0 |            0 |            0 |            0 |            0 |
|  OFFCORE_RESPONSE_0_LOCAL_DRAM |   PMC0  |    946280756 |   451221304 |   450538548 |   432764891 |   448302006 |   403620930 |   1376029496 |   1357759627 |   1337302103 |   1330917531 |   1230571135 |    942304237 |   401230049 |   424869196 |   412886122 |   373435270 |   380713492 |   374247071 |    996091210 |   1178528169 |   1262810877 |   1275302368 |   1296652584 |   1324741566 |
| OFFCORE_RESPONSE_1_REMOTE_DRAM |   PMC1  |     39880227 |     1910489 |     2026259 |    19187771 |     4907812 |    48556586 |     15618644 |     11206189 |     13706400 |     20620426 |    116851107 |    363445598 |    52951827 |    31633791 |    41684557 |    77109196 |    70621382 |    71410798 |    344798105 |    177599976 |     85849053 |     73744129 |     55822580 |     24738247 |
|  MEM_LOAD_UOPS_RETIRED_L3_ALL  |   PMC2  |    223798368 |    29795447 |    30622344 |    30022428 |    31093311 |    30700664 |    148758998 |    147972260 |    149510149 |    149451828 |    153188188 |    157463113 |    30025530 |    29238995 |    29164616 |    30601845 |    30517392 |    29494406 |    155371409 |    149071024 |    152752071 |    154366489 |    149329472 |    143999615 |
|  MEM_LOAD_UOPS_RETIRED_L3_MISS |   PMC3  |    146749277 |    15871049 |    16264237 |    16252893 |    16352523 |    15968368 |     26985696 |     26984603 |     27098579 |     26672263 |     27216176 |     27516527 |    16325890 |    16749429 |    16236357 |    16001338 |    16246342 |    15368992 |     27384852 |     26769177 |     25989888 |     26998563 |     25745949 |     26023087 |
|      L2_TRANS_ALL_REQUESTS     |   PMC4  |   5473162684 |  2298689534 |  2295895945 |  2298952279 |  2301296148 |  2309764623 |  17004135450 |  17037843908 |  17021761247 |  16971588373 |  17069294504 |  17086013744 |  2299602084 |  2294889242 |  2295495697 |  2309659004 |  2319857440 |  2280856544 |  17182648169 |  16986121985 |  17073750519 |  17203211372 |  16940932272 |  16813162864 |
|          L2_RQSTS_MISS         |   PMC5  |   1303499991 |   572158480 |   572665505 |   573306092 |   574490372 |   576577719 |   3432073837 |   3481112278 |   3463842998 |   3468202854 |   3468323247 |   3542062007 |   570121607 |   566669157 |   568386698 |   573531497 |   572200382 |   563718954 |   3526191691 |   3443040944 |   3479860891 |   3559713899 |   3436289483 |   3402280058 |
|        UOPS_RETIRED_ALL        |   PMC6  | 230033458387 | 97210820593 | 97211704764 | 97217998023 | 97290257292 | 97297763627 | 250724786444 | 249744018290 | 248766579658 | 248259680743 | 248058103769 | 245574009854 | 97262762545 | 97365442860 | 97315441984 | 97171449994 | 97164791913 | 96096810166 | 246016825061 | 247578481061 | 248166855383 | 247832079153 | 248987178449 | 249323356153 |
|            TEMP_CORE           |   TMP0  |           42 |          39 |          40 |          38 |          41 |          42 |           44 |           45 |           43 |           46 |           47 |           47 |          40 |          45 |          42 |          45 |          48 |          44 |           47 |           48 |           44 |           46 |           45 |           43 |
|         PWR_PKG_ENERGY         |   PWR0  |    3979.4516 |           0 |           0 |           0 |           0 |           0 |            0 |            0 |            0 |            0 |            0 |            0 |   3894.7319 |           0 |           0 |           0 |           0 |           0 |            0 |            0 |            0 |            0 |            0 |            0 |
|         PWR_PP0_ENERGY         |   PWR1  |            0 |           0 |           0 |           0 |           0 |           0 |            0 |            0 |            0 |            0 |            0 |            0 |           0 |           0 |           0 |           0 |           0 |           0 |            0 |            0 |            0 |            0 |            0 |            0 |
|         PWR_DRAM_ENERGY        |   PWR3  |     792.7899 |           0 |           0 |           0 |           0 |           0 |            0 |            0 |            0 |            0 |            0 |            0 |    791.3472 |           0 |           0 |           0 |           0 |           0 |            0 |            0 |            0 |            0 |            0 |            0 |
|          CAS_COUNT_RD          | MBOX0C0 |   4032566916 |           0 |           0 |           0 |           0 |           0 |            0 |            0 |            0 |            0 |            0 |            0 |  3571152779 |           0 |           0 |           0 |           0 |           0 |            0 |            0 |            0 |            0 |            0 |            0 |
|          CAS_COUNT_WR          | MBOX0C1 |   1872372779 |           0 |           0 |           0 |           0 |           0 |            0 |            0 |            0 |            0 |            0 |            0 |  1857367292 |           0 |           0 |           0 |           0 |           0 |            0 |            0 |            0 |            0 |            0 |            0 |
|          CAS_COUNT_RD          | MBOX1C0 |   4015902709 |           0 |           0 |           0 |           0 |           0 |            0 |            0 |            0 |            0 |            0 |            0 |  3565994908 |           0 |           0 |           0 |           0 |           0 |            0 |            0 |            0 |            0 |            0 |            0 |
|          CAS_COUNT_WR          | MBOX1C1 |   1868593931 |           0 |           0 |           0 |           0 |           0 |            0 |            0 |            0 |            0 |            0 |            0 |  1853557186 |           0 |           0 |           0 |           0 |           0 |            0 |            0 |            0 |            0 |            0 |            0 |
|          CAS_COUNT_RD          | MBOX2C0 |            0 |           0 |           0 |           0 |           0 |           0 |            0 |            0 |            0 |            0 |            0 |            0 |           0 |           0 |           0 |           0 |           0 |           0 |            0 |            0 |            0 |            0 |            0 |            0 |
|          CAS_COUNT_WR          | MBOX2C1 |            0 |           0 |           0 |           0 |           0 |           0 |            0 |            0 |            0 |            0 |            0 |            0 |           0 |           0 |           0 |           0 |           0 |           0 |            0 |            0 |            0 |            0 |            0 |            0 |
|          CAS_COUNT_RD          | MBOX3C0 |            0 |           0 |           0 |           0 |           0 |           0 |            0 |            0 |            0 |            0 |            0 |            0 |           0 |           0 |           0 |           0 |           0 |           0 |            0 |            0 |            0 |            0 |            0 |            0 |
|          CAS_COUNT_WR          | MBOX3C1 |            0 |           0 |           0 |           0 |           0 |           0 |            0 |            0 |            0 |            0 |            0 |            0 |           0 |           0 |           0 |           0 |           0 |           0 |            0 |            0 |            0 |            0 |            0 |            0 |
|          CAS_COUNT_RD          | MBOX4C0 |   4018792141 |           0 |           0 |           0 |           0 |           0 |            0 |            0 |            0 |            0 |            0 |            0 |  3573079411 |           0 |           0 |           0 |           0 |           0 |            0 |            0 |            0 |            0 |            0 |            0 |
|          CAS_COUNT_WR          | MBOX4C1 |   1866944268 |           0 |           0 |           0 |           0 |           0 |            0 |            0 |            0 |            0 |            0 |            0 |  1858348770 |           0 |           0 |           0 |           0 |           0 |            0 |            0 |            0 |            0 |            0 |            0 |
|          CAS_COUNT_RD          | MBOX5C0 |   4016529237 |           0 |           0 |           0 |           0 |           0 |            0 |            0 |            0 |            0 |            0 |            0 |  3575305204 |           0 |           0 |           0 |           0 |           0 |            0 |            0 |            0 |            0 |            0 |            0 |
|          CAS_COUNT_WR          | MBOX5C1 |   1868544663 |           0 |           0 |           0 |           0 |           0 |            0 |            0 |            0 |            0 |            0 |            0 |  1857297788 |           0 |           0 |           0 |           0 |           0 |            0 |            0 |            0 |            0 |            0 |            0 |
|          CAS_COUNT_RD          | MBOX6C0 |            0 |           0 |           0 |           0 |           0 |           0 |            0 |            0 |            0 |            0 |            0 |            0 |           0 |           0 |           0 |           0 |           0 |           0 |            0 |            0 |            0 |            0 |            0 |            0 |
|          CAS_COUNT_WR          | MBOX6C1 |            0 |           0 |           0 |           0 |           0 |           0 |            0 |            0 |            0 |            0 |            0 |            0 |           0 |           0 |           0 |           0 |           0 |           0 |            0 |            0 |            0 |            0 |            0 |            0 |
|          CAS_COUNT_RD          | MBOX7C0 |            0 |           0 |           0 |           0 |           0 |           0 |            0 |            0 |            0 |            0 |            0 |            0 |           0 |           0 |           0 |           0 |           0 |           0 |            0 |            0 |            0 |            0 |            0 |            0 |
|          CAS_COUNT_WR          | MBOX7C1 |            0 |           0 |           0 |           0 |           0 |           0 |            0 |            0 |            0 |            0 |            0 |            0 |           0 |           0 |           0 |           0 |           0 |           0 |            0 |            0 |            0 |            0 |            0 |            0 |
+--------------------------------+---------+--------------+-------------+-------------+-------------+-------------+-------------+--------------+--------------+--------------+--------------+--------------+--------------+-------------+-------------+-------------+-------------+-------------+-------------+--------------+--------------+--------------+--------------+--------------+--------------+
+-------------------------------------+---------+---------------+-------------+--------------+--------------+
|                Event                | Counter |      Sum      |     Min     |      Max     |      Avg     |
+-------------------------------------+---------+---------------+-------------+--------------+--------------+
|        INSTR_RETIRED_ANY STAT       |  FIXC0  | 3464235395266 | 83553016551 | 196688167833 | 1.443431e+11 |
|      CPU_CLK_UNHALTED_CORE STAT     |  FIXC1  | 2076259792419 | 40000438495 | 126081089356 | 8.651082e+10 |
|      CPU_CLK_UNHALTED_REF STAT      |  FIXC2  | 2089641176692 | 41002730246 | 126128267468 | 8.706838e+10 |
|           FIXC1/FIXC0 STAT          |   CPI   |             0 |           0 |            0 |            0 |
|  OFFCORE_RESPONSE_0_LOCAL_DRAM STAT |   PMC0  |   20409120538 |   373435270 |   1376029496 | 8.503800e+08 |
| OFFCORE_RESPONSE_1_REMOTE_DRAM STAT |   PMC1  |    1765881149 |     1910489 |    363445598 | 7.357838e+07 |
|  MEM_LOAD_UOPS_RETIRED_L3_ALL STAT  |   PMC2  |    2366309962 |    29164616 |    223798368 | 9.859625e+07 |
|  MEM_LOAD_UOPS_RETIRED_L3_MISS STAT |   PMC3  |     645772055 |    15368992 |    146749277 | 2.690717e+07 |
|      L2_TRANS_ALL_REQUESTS STAT     |   PMC4  |  235168585631 |  2280856544 |  17203211372 | 9.798691e+09 |
|          L2_RQSTS_MISS STAT         |   PMC5  |   49290320641 |   563718954 |   3559713899 | 2.053763e+09 |
|        UOPS_RETIRED_ALL STAT        |   PMC6  | 4277670656166 | 96096810166 | 250724786444 | 1.782363e+11 |
|            TEMP_CORE STAT           |   TMP0  |          1051 |          38 |           48 |      43.7917 |
|         PWR_PKG_ENERGY STAT         |   PWR0  |     7874.1835 |           0 |    3979.4516 |     328.0910 |
|         PWR_PP0_ENERGY STAT         |   PWR1  |             0 |           0 |            0 |            0 |
|         PWR_DRAM_ENERGY STAT        |   PWR3  |     1584.1371 |           0 |     792.7899 |      66.0057 |
|          CAS_COUNT_RD STAT          | MBOX0C0 |    7603719695 |           0 |   4032566916 | 3.168217e+08 |
|          CAS_COUNT_WR STAT          | MBOX0C1 |    3729740071 |           0 |   1872372779 | 1.554058e+08 |
|          CAS_COUNT_RD STAT          | MBOX1C0 |    7581897617 |           0 |   4015902709 | 3.159124e+08 |
|          CAS_COUNT_WR STAT          | MBOX1C1 |    3722151117 |           0 |   1868593931 | 1.550896e+08 |
|          CAS_COUNT_RD STAT          | MBOX2C0 |             0 |           0 |            0 |            0 |
|          CAS_COUNT_WR STAT          | MBOX2C1 |             0 |           0 |            0 |            0 |
|          CAS_COUNT_RD STAT          | MBOX3C0 |             0 |           0 |            0 |            0 |
|          CAS_COUNT_WR STAT          | MBOX3C1 |             0 |           0 |            0 |            0 |
|          CAS_COUNT_RD STAT          | MBOX4C0 |    7591871552 |           0 |   4018792141 | 3.163280e+08 |
|          CAS_COUNT_WR STAT          | MBOX4C1 |    3725293038 |           0 |   1866944268 | 1.552205e+08 |
|          CAS_COUNT_RD STAT          | MBOX5C0 |    7591834441 |           0 |   4016529237 | 3.163264e+08 |
|          CAS_COUNT_WR STAT          | MBOX5C1 |    3725842451 |           0 |   1868544663 | 1.552434e+08 |
|          CAS_COUNT_RD STAT          | MBOX6C0 |             0 |           0 |            0 |            0 |
|          CAS_COUNT_WR STAT          | MBOX6C1 |             0 |           0 |            0 |            0 |
|          CAS_COUNT_RD STAT          | MBOX7C0 |             0 |           0 |            0 |            0 |
|          CAS_COUNT_WR STAT          | MBOX7C1 |             0 |           0 |            0 |            0 |
+-------------------------------------+---------+---------------+-------------+--------------+--------------+
+-----------------------------------+------------+-----------+-----------+-----------+-----------+-----------+-----------+-----------+-----------+-----------+-----------+-----------+------------+-----------+-----------+-----------+-----------+-----------+-----------+-----------+-----------+-----------+-----------+-----------+
|               Metric              |   Core 0   |   Core 1  |   Core 2  |   Core 3  |   Core 4  |   Core 5  |   Core 6  |   Core 7  |   Core 8  |   Core 9  |  Core 10  |  Core 11  |   Core 12  |  Core 13  |  Core 14  |  Core 15  |  Core 16  |  Core 17  |  Core 18  |  Core 19  |  Core 20  |  Core 21  |  Core 22  |  Core 23  |
+-----------------------------------+------------+-----------+-----------+-----------+-----------+-----------+-----------+-----------+-----------+-----------+-----------+-----------+------------+-----------+-----------+-----------+-----------+-----------+-----------+-----------+-----------+-----------+-----------+-----------+
|        Runtime (RDTSC) [s]        |    55.4998 |   55.4998 |   55.4998 |   55.4998 |   55.4998 |   55.4998 |   55.4998 |   55.4998 |   55.4998 |   55.4998 |   55.4998 |   55.4998 |    55.4998 |   55.4998 |   55.4998 |   55.4998 |   55.4998 |   55.4998 |   55.4998 |   55.4998 |   55.4998 |   55.4998 |   55.4998 |   55.4998 |
|        Runtime unhalted [s]       |    52.1085 |   17.6466 |   17.7978 |   17.7271 |   17.8174 |   17.8401 |   54.8192 |   54.6720 |   54.6770 |   54.6274 |   54.6918 |   54.7124 |    17.7753 |   17.7521 |   17.5526 |   17.6928 |   17.6155 |   17.3919 |   54.6693 |   54.6724 |   54.6485 |   54.6335 |   54.6144 |   54.5880 |
|            Clock [MHz]            |  2280.4058 | 2235.4057 | 2238.3326 | 2239.2462 | 2235.0947 | 2239.8447 | 2299.0844 | 2298.9587 | 2298.7970 | 2298.7349 | 2298.9837 | 2298.7401 |  2247.0794 | 2252.1843 | 2242.0925 | 2243.1207 | 2239.9730 | 2243.7237 | 2298.9851 | 2298.9723 | 2299.1411 | 2298.9782 | 2298.9773 | 2298.6644 |
|                CPI                |     0.6093 |    0.4797 |    0.4837 |    0.4817 |    0.4838 |    0.4843 |    0.6414 |    0.6425 |    0.6446 |    0.6450 |    0.6461 |    0.6517 |     0.4828 |    0.4818 |    0.4766 |    0.4809 |    0.4790 |    0.4787 |    0.6503 |    0.6470 |    0.6455 |    0.6460 |    0.6436 |    0.6428 |
|   Local DRAM data volume [GByte]  |    60.5620 |   28.8782 |   28.8345 |   27.6970 |   28.6913 |   25.8317 |   88.0659 |   86.8966 |   85.5873 |   85.1787 |   78.7566 |   60.3075 |    25.6787 |   27.1916 |   26.4247 |   23.8999 |   24.3657 |   23.9518 |   63.7498 |   75.4258 |   80.8199 |   81.6194 |   82.9858 |   84.7835 |
|   Local DRAM bandwidth [MByte/s]  |  1091.2115 |  520.3296 |  519.5423 |  499.0464 |  516.9632 |  465.4388 | 1586.7798 | 1565.7118 | 1542.1210 | 1534.7586 | 1419.0433 | 1086.6259 |   462.6818 |  489.9414 |  476.1231 |  430.6300 |  439.0229 |  431.5661 | 1148.6508 | 1359.0295 | 1456.2208 | 1470.6255 | 1495.2457 | 1527.6367 |
|  Remote DRAM data volume [GByte]  |     2.5523 |    0.1223 |    0.1297 |    1.2280 |    0.3141 |    3.1076 |    0.9996 |    0.7172 |    0.8772 |    1.3197 |    7.4785 |   23.2605 |     3.3889 |    2.0246 |    2.6678 |    4.9350 |    4.5198 |    4.5703 |   22.0671 |   11.3664 |    5.4943 |    4.7196 |    3.5726 |    1.5832 |
|  Remote DRAM bandwidth [MByte/s]  |    45.9882 |    2.2031 |    2.3366 |   22.1265 |    5.6595 |   55.9934 |   18.0108 |   12.9225 |   15.8056 |   23.7786 |  134.7478 |  419.1103 |    61.0618 |   36.4788 |   48.0689 |   88.9191 |   81.4376 |   82.3480 |  397.6068 |  204.8009 |   98.9975 |   85.0387 |   64.3723 |   28.5271 |
|     Memory data volume [GByte]    |    63.1143 |   29.0004 |   28.9641 |   28.9250 |   29.0054 |   28.9394 |   89.0655 |   87.6138 |   86.4645 |   86.4984 |   86.2350 |   83.5680 |    29.0676 |   29.2162 |   29.0925 |   28.8348 |   28.8854 |   28.5221 |   85.8169 |   86.7922 |   86.3142 |   86.3390 |   86.5584 |   86.3667 |
|     Memory bandwidth [MByte/s]    |  1137.1997 |  522.5327 |  521.8789 |  521.1730 |  522.6227 |  521.4322 | 1604.7906 | 1578.6343 | 1557.9267 | 1558.5372 | 1553.7911 | 1505.7362 |   523.7436 |  526.4202 |  524.1919 |  519.5491 |  520.4605 |  513.9141 | 1546.2576 | 1563.8304 | 1555.2184 | 1555.6641 | 1559.6179 | 1556.1638 |
|          L3 request rate          |     1.5250 |    1.8773 |    1.8828 |    1.8472 |    1.9014 |    1.9226 |    5.5125 |    5.4836 |    5.5173 |    5.6033 |    5.6286 |    5.7225 |     1.8391 |    1.7457 |    1.7963 |    1.9125 |    1.8784 |    1.9191 |    5.6736 |    5.5688 |    5.8774 |    5.7176 |    5.8001 |    5.5335 |
|            L3 miss rate           |     0.1782 |    0.0641 |    0.0662 |    0.6391 |    0.1578 |    1.5816 |    0.1050 |    0.0757 |    0.0917 |    0.1380 |    0.7628 |    2.3081 |     1.7636 |    1.0819 |    1.4293 |    2.5198 |    2.3141 |    2.4212 |    2.2192 |    1.1914 |    0.5620 |    0.4777 |    0.3738 |    0.1718 |
|           L3 miss ratio           |     0.0421 |    0.0042 |    0.0045 |    0.0443 |    0.0109 |    0.1203 |    0.0114 |    0.0083 |    0.0102 |    0.0155 |    0.0950 |    0.3857 |     0.1320 |    0.0745 |    0.1010 |    0.2065 |    0.1855 |    0.1908 |    0.3462 |    0.1507 |    0.0680 |    0.0578 |    0.0431 |    0.0187 |
|          L2 request rate          |     0.0278 |    0.0272 |    0.0271 |    0.0272 |    0.0272 |    0.0273 |    0.0865 |    0.0871 |    0.0872 |    0.0871 |    0.0877 |    0.0885 |     0.0272 |    0.0271 |    0.0271 |    0.0273 |    0.0274 |    0.0273 |    0.0889 |    0.0874 |    0.0877 |    0.0884 |    0.0868 |    0.0861 |
|            L2 miss rate           |     0.0066 |    0.0068 |    0.0068 |    0.0068 |    0.0068 |    0.0068 |    0.0175 |    0.0178 |    0.0178 |    0.0178 |    0.0178 |    0.0183 |     0.0067 |    0.0067 |    0.0067 |    0.0068 |    0.0068 |    0.0067 |    0.0182 |    0.0177 |    0.0179 |    0.0183 |    0.0176 |    0.0174 |
|           L2 miss ratio           |     0.2382 |    0.2489 |    0.2494 |    0.2494 |    0.2496 |    0.2496 |    0.2018 |    0.2043 |    0.2035 |    0.2044 |    0.2032 |    0.2073 |     0.2479 |    0.2469 |    0.2476 |    0.2483 |    0.2467 |    0.2472 |    0.2052 |    0.2027 |    0.2038 |    0.2069 |    0.2028 |    0.2024 |
|  Memory read bandwidth [MBytes/s] | 18547.1569 |         0 |         0 |         0 |         0 |         0 |         0 |         0 |         0 |         0 |         0 |         0 | 16473.4799 |         0 |         0 |         0 |         0 |         0 |         0 |         0 |         0 |         0 |         0 |         0 |
|  Memory read data volume [GBytes] |  1029.3626 |         0 |         0 |         0 |         0 |         0 |         0 |         0 |         0 |         0 |         0 |         0 |   914.2741 |         0 |         0 |         0 |         0 |         0 |         0 |         0 |         0 |         0 |         0 |         0 |
| Memory write bandwidth [MBytes/s] |  8621.5368 |         0 |         0 |         0 |         0 |         0 |         0 |         0 |         0 |         0 |         0 |         0 |  8564.0119 |         0 |         0 |         0 |         0 |         0 |         0 |         0 |         0 |         0 |         0 |         0 |
| Memory write data volume [GBytes] |   478.4932 |         0 |         0 |         0 |         0 |         0 |         0 |         0 |         0 |         0 |         0 |         0 |   475.3005 |         0 |         0 |         0 |         0 |         0 |         0 |         0 |         0 |         0 |         0 |         0 |
|    Memory bandwidth [MBytes/s]    | 27168.6936 |         0 |         0 |         0 |         0 |         0 |         0 |         0 |         0 |         0 |         0 |         0 | 25037.4919 |         0 |         0 |         0 |         0 |         0 |         0 |         0 |         0 |         0 |         0 |         0 |
|    Memory data volume [GBytes]    |  1507.8558 |         0 |         0 |         0 |         0 |         0 |         0 |         0 |         0 |         0 |         0 |         0 |  1389.5746 |         0 |         0 |         0 |         0 |         0 |         0 |         0 |         0 |         0 |         0 |         0 |
|          Temperature [C]          |         42 |        39 |        40 |        38 |        41 |        42 |        44 |        45 |        43 |        46 |        47 |        47 |         40 |        45 |        42 |        45 |        48 |        44 |        47 |        48 |        44 |        46 |        45 |        43 |
|             Energy [J]            |  3979.4516 |         0 |         0 |         0 |         0 |         0 |         0 |         0 |         0 |         0 |         0 |         0 |  3894.7319 |         0 |         0 |         0 |         0 |         0 |         0 |         0 |         0 |         0 |         0 |         0 |
|             Power [W]             |    71.7021 |         0 |         0 |         0 |         0 |         0 |         0 |         0 |         0 |         0 |         0 |         0 |    70.1757 |         0 |         0 |         0 |         0 |         0 |         0 |         0 |         0 |         0 |         0 |         0 |
|           Energy PP0 [J]          |          0 |         0 |         0 |         0 |         0 |         0 |         0 |         0 |         0 |         0 |         0 |         0 |          0 |         0 |         0 |         0 |         0 |         0 |         0 |         0 |         0 |         0 |         0 |         0 |
|           Power PP0 [W]           |          0 |         0 |         0 |         0 |         0 |         0 |         0 |         0 |         0 |         0 |         0 |         0 |          0 |         0 |         0 |         0 |         0 |         0 |         0 |         0 |         0 |         0 |         0 |         0 |
|          Energy DRAM [J]          |   792.7899 |         0 |         0 |         0 |         0 |         0 |         0 |         0 |         0 |         0 |         0 |         0 |   791.3472 |         0 |         0 |         0 |         0 |         0 |         0 |         0 |         0 |         0 |         0 |         0 |
|           Power DRAM [W]          |    14.2846 |         0 |         0 |         0 |         0 |         0 |         0 |         0 |         0 |         0 |         0 |         0 |    14.2586 |         0 |         0 |         0 |         0 |         0 |         0 |         0 |         0 |         0 |         0 |         0 |
+-----------------------------------+------------+-----------+-----------+-----------+-----------+-----------+-----------+-----------+-----------+-----------+-----------+-----------+------------+-----------+-----------+-----------+-----------+-----------+-----------+-----------+-----------+-----------+-----------+-----------+
+----------------------------------------+------------+-----------+------------+-----------+
|                 Metric                 |     Sum    |    Min    |     Max    |    Avg    |
+----------------------------------------+------------+-----------+------------+-----------+
|        Runtime (RDTSC) [s] STAT        |  1331.9952 |   55.4998 |    55.4998 |   55.4998 |
|        Runtime unhalted [s] STAT       |   902.7436 |   17.3919 |    54.8192 |   37.6143 |
|            Clock [MHz] STAT            | 54523.5205 | 2235.0947 |  2299.1411 | 2271.8134 |
|                CPI STAT                |    13.6488 |    0.4766 |     0.6517 |    0.5687 |
|   Local DRAM data volume [GByte] STAT  |  1306.1839 |   23.8999 |    88.0659 |   54.4243 |
|   Local DRAM bandwidth [MByte/s] STAT  | 23534.9465 |  430.6300 |  1586.7798 |  980.6228 |
|  Remote DRAM data volume [GByte] STAT  |   113.0163 |    0.1223 |    23.2605 |    4.7090 |
|  Remote DRAM bandwidth [MByte/s] STAT  |  2036.3404 |    2.2031 |   419.1103 |   84.8475 |
|     Memory data volume [GByte] STAT    |  1419.1998 |   28.5221 |    89.0655 |   59.1333 |
|     Memory bandwidth [MByte/s] STAT    | 25571.2869 |  513.9141 |  1604.7906 | 1065.4703 |
|          L3 request rate STAT          |    89.6862 |    1.5250 |     5.8774 |    3.7369 |
|            L3 miss rate STAT           |    22.6941 |    0.0641 |     2.5198 |    0.9456 |
|           L3 miss ratio STAT           |     2.3272 |    0.0042 |     0.3857 |    0.0970 |
|          L2 request rate STAT          |     1.3766 |    0.0271 |     0.0889 |    0.0574 |
|            L2 miss rate STAT           |     0.2951 |    0.0066 |     0.0183 |    0.0123 |
|           L2 miss ratio STAT           |     5.4180 |    0.2018 |     0.2496 |    0.2258 |
|  Memory read bandwidth [MBytes/s] STAT | 35020.6368 |         0 | 18547.1569 | 1459.1932 |
|  Memory read data volume [GBytes] STAT |  1943.6367 |         0 |  1029.3626 |   80.9849 |
| Memory write bandwidth [MBytes/s] STAT | 17185.5487 |         0 |  8621.5368 |  716.0645 |
| Memory write data volume [GBytes] STAT |   953.7937 |         0 |   478.4932 |   39.7414 |
|    Memory bandwidth [MBytes/s] STAT    | 52206.1855 |         0 | 27168.6936 | 2175.2577 |
|    Memory data volume [GBytes] STAT    |  2897.4304 |         0 |  1507.8558 |  120.7263 |
|          Temperature [C] STAT          |       1051 |        38 |         48 |   43.7917 |
|             Energy [J] STAT            |  7874.1835 |         0 |  3979.4516 |  328.0910 |
|             Power [W] STAT             |   141.8778 |         0 |    71.7021 |    5.9116 |
|           Energy PP0 [J] STAT          |          0 |         0 |          0 |         0 |
|           Power PP0 [W] STAT           |          0 |         0 |          0 |         0 |
|          Energy DRAM [J] STAT          |  1584.1371 |         0 |   792.7899 |   66.0057 |
|           Power DRAM [W] STAT          |    28.5432 |         0 |    14.2846 |    1.1893 |
+----------------------------------------+------------+-----------+------------+-----------+
