--------------------------------------------------------------------------------
CPU name:	Intel(R) Xeon(R) CPU E5-2670 v3 @ 2.30GHz
CPU type:	Intel Xeon Haswell EN/EP/EX processor
CPU clock:	2.30 GHz
--------------------------------------------------------------------------------
Group 1: POWERPERF
+--------------------------------+---------+--------------+-------------+-------------+-------------+-------------+-------------+--------------+--------------+--------------+--------------+--------------+--------------+-------------+-------------+-------------+-------------+-------------+-------------+--------------+--------------+--------------+--------------+--------------+--------------+
|              Event             | Counter |    Core 0    |    Core 1   |    Core 2   |    Core 3   |    Core 4   |    Core 5   |    Core 6    |    Core 7    |    Core 8    |    Core 9    |    Core 10   |    Core 11   |   Core 12   |   Core 13   |   Core 14   |   Core 15   |   Core 16   |   Core 17   |    Core 18   |    Core 19   |    Core 20   |    Core 21   |    Core 22   |    Core 23   |
+--------------------------------+---------+--------------+-------------+-------------+-------------+-------------+-------------+--------------+--------------+--------------+--------------+--------------+--------------+-------------+-------------+-------------+-------------+-------------+-------------+--------------+--------------+--------------+--------------+--------------+--------------+
|        INSTR_RETIRED_ANY       |  FIXC0  | 196667387074 | 84588464039 | 84620063369 | 84636325357 | 84706076845 | 84721005744 | 132855391646 | 134969502551 | 131446152947 | 132124140352 | 129764598667 | 132600988910 | 84619189576 | 84659171357 | 84646396095 | 84582808681 | 84511402628 | 83500571544 | 138324101159 | 135428362060 | 136357342597 | 135632240812 | 133404884640 | 134595701023 |
|      CPU_CLK_UNHALTED_CORE     |  FIXC1  | 121046100189 | 40826218671 | 40899139182 | 40974791292 | 41025419393 | 41031201037 | 126717646335 | 126744595926 | 126697412097 | 126716293575 | 126702269450 | 126678293459 | 40892137035 | 40849190068 | 40344528793 | 40462341495 | 40411190135 | 39754619854 | 126638170005 | 126639494383 | 126640403429 | 126645769360 | 126579816624 | 126622421302 |
|      CPU_CLK_UNHALTED_REF      |  FIXC2  | 121838026753 | 41876149128 | 41889433583 | 41986249392 | 42023775295 | 42021207437 | 126717668274 | 126744617558 | 126697442810 | 126716297129 | 126702269797 | 126678309225 | 41894533120 | 41857602940 | 41338439879 | 41404654211 | 41391246292 | 40848000046 | 126638187519 | 126639529109 | 126640438851 | 126645780049 | 126579840912 | 126622450367 |
|           FIXC1/FIXC0          |   CPI   |            0 |           0 |           0 |           0 |           0 |           0 |            0 |            0 |            0 |            0 |            0 |            0 |           0 |           0 |           0 |           0 |           0 |           0 |            0 |            0 |            0 |            0 |            0 |            0 |
|  OFFCORE_RESPONSE_0_LOCAL_DRAM |   PMC0  |    973802388 |   454408499 |   447554056 |   433037959 |   432605128 |   403485448 |   3891196598 |   3923200340 |   3817973874 |   3876122679 |   3932892379 |   3888455254 |   422509307 |   429296314 |   418158674 |   386821813 |   385050788 |   380881272 |   3915096532 |   3922247710 |   3902425511 |   3852721492 |   3924672599 |   3840451094 |
| OFFCORE_RESPONSE_1_REMOTE_DRAM |   PMC1  |     42989315 |     3290716 |     9078836 |    22939687 |    24546770 |    52901342 |       636476 |       147671 |        89394 |        92557 |       164905 |       151171 |    35868330 |    29324169 |    38934020 |    67236815 |    69221088 |    67882466 |       507809 |       520706 |       307819 |       345200 |       244282 |       245606 |
|  MEM_LOAD_UOPS_RETIRED_L3_ALL  |   PMC2  |    222284489 |    30195219 |    30429469 |    31013730 |    31163813 |    31058464 |   1232442336 |   1488032262 |   1025827421 |   1197232218 |   1537690978 |   1484078566 |    30598999 |    30816689 |    29939056 |    31470760 |    31642163 |    29670163 |   1488456351 |   1241695280 |   1530798964 |   1050615294 |   1495938134 |   1078852360 |
|  MEM_LOAD_UOPS_RETIRED_L3_MISS |   PMC3  |    153154327 |    16188786 |    16137653 |    16314224 |    16435323 |    16349854 |    727370994 |    849674281 |    607257110 |    702912355 |    879745840 |    834742125 |    17638993 |    17454993 |    16929292 |    17022394 |    17096415 |    16109700 |    849490328 |    738472367 |    858885037 |    627020797 |    861694491 |    638498862 |
|      L2_TRANS_ALL_REQUESTS     |   PMC4  |   5514143453 |  2313100007 |  2311601365 |  2315979157 |  2316253492 |  2318586839 |  27117838414 |  27770998267 |  26917376138 |  27050245168 |  27950116644 |  27803372769 |  2311272014 |  2312487903 |  2314514765 |  2321512754 |  2331579925 |  2293394037 |  27701290168 |  27143389866 |  27908496388 |  26972871066 |  27769184791 |  26986087854 |
|          L2_RQSTS_MISS         |   PMC5  |   1304932031 |   574552481 |   575322952 |   577475005 |   577467076 |   578821405 |   8065379368 |   8120170619 |   8117913024 |   8062485303 |   8127915852 |   8178973932 |   573729746 |   573715741 |   574700171 |   578680852 |   578483395 |   568827365 |   8118136111 |   8023172253 |   8174036964 |   8118214835 |   8102444082 |   8102761865 |
|        UOPS_RETIRED_ALL        |   PMC6  | 230189500029 | 97237141102 | 97259496597 | 97268223896 | 97365400874 | 97361567668 | 154275356793 | 156853046993 | 152391290593 | 153303218772 | 150054598695 | 153652005371 | 97204058379 | 97264928373 | 97247982343 | 97145556509 | 97084491338 | 96046495884 | 161359799059 | 157414863816 | 158384782254 | 157486809644 | 154958641022 | 156525738035 |
|            TEMP_CORE           |   TMP0  |           44 |          41 |          41 |          39 |          42 |          44 |           44 |           45 |           42 |           45 |           44 |           46 |          42 |          45 |          44 |          46 |          50 |          46 |           49 |           48 |           45 |           48 |           45 |           43 |
|         PWR_PKG_ENERGY         |   PWR0  |    4468.4919 |           0 |           0 |           0 |           0 |           0 |            0 |            0 |            0 |            0 |            0 |            0 |   4610.8907 |           0 |           0 |           0 |           0 |           0 |            0 |            0 |            0 |            0 |            0 |            0 |
|         PWR_PP0_ENERGY         |   PWR1  |            0 |           0 |           0 |           0 |           0 |           0 |            0 |            0 |            0 |            0 |            0 |            0 |           0 |           0 |           0 |           0 |           0 |           0 |            0 |            0 |            0 |            0 |            0 |            0 |
|         PWR_DRAM_ENERGY        |   PWR3  |     860.5557 |           0 |           0 |           0 |           0 |           0 |            0 |            0 |            0 |            0 |            0 |            0 |    858.5723 |           0 |           0 |           0 |           0 |           0 |            0 |            0 |            0 |            0 |            0 |            0 |
|          CAS_COUNT_RD          | MBOX0C0 |   9638655190 |           0 |           0 |           0 |           0 |           0 |            0 |            0 |            0 |            0 |            0 |            0 |  9397895208 |           0 |           0 |           0 |           0 |           0 |            0 |            0 |            0 |            0 |            0 |            0 |
|          CAS_COUNT_WR          | MBOX0C1 |    412144286 |           0 |           0 |           0 |           0 |           0 |            0 |            0 |            0 |            0 |            0 |            0 |   339849416 |           0 |           0 |           0 |           0 |           0 |            0 |            0 |            0 |            0 |            0 |            0 |
|          CAS_COUNT_RD          | MBOX1C0 |   9631987195 |           0 |           0 |           0 |           0 |           0 |            0 |            0 |            0 |            0 |            0 |            0 |  9393776448 |           0 |           0 |           0 |           0 |           0 |            0 |            0 |            0 |            0 |            0 |            0 |
|          CAS_COUNT_WR          | MBOX1C1 |    408004424 |           0 |           0 |           0 |           0 |           0 |            0 |            0 |            0 |            0 |            0 |            0 |   336476867 |           0 |           0 |           0 |           0 |           0 |            0 |            0 |            0 |            0 |            0 |            0 |
|          CAS_COUNT_RD          | MBOX2C0 |            0 |           0 |           0 |           0 |           0 |           0 |            0 |            0 |            0 |            0 |            0 |            0 |           0 |           0 |           0 |           0 |           0 |           0 |            0 |            0 |            0 |            0 |            0 |            0 |
|          CAS_COUNT_WR          | MBOX2C1 |            0 |           0 |           0 |           0 |           0 |           0 |            0 |            0 |            0 |            0 |            0 |            0 |           0 |           0 |           0 |           0 |           0 |           0 |            0 |            0 |            0 |            0 |            0 |            0 |
|          CAS_COUNT_RD          | MBOX3C0 |            0 |           0 |           0 |           0 |           0 |           0 |            0 |            0 |            0 |            0 |            0 |            0 |           0 |           0 |           0 |           0 |           0 |           0 |            0 |            0 |            0 |            0 |            0 |            0 |
|          CAS_COUNT_WR          | MBOX3C1 |            0 |           0 |           0 |           0 |           0 |           0 |            0 |            0 |            0 |            0 |            0 |            0 |           0 |           0 |           0 |           0 |           0 |           0 |            0 |            0 |            0 |            0 |            0 |            0 |
|          CAS_COUNT_RD          | MBOX4C0 |   9635932829 |           0 |           0 |           0 |           0 |           0 |            0 |            0 |            0 |            0 |            0 |            0 |  9397406791 |           0 |           0 |           0 |           0 |           0 |            0 |            0 |            0 |            0 |            0 |            0 |
|          CAS_COUNT_WR          | MBOX4C1 |    411966465 |           0 |           0 |           0 |           0 |           0 |            0 |            0 |            0 |            0 |            0 |            0 |   340876655 |           0 |           0 |           0 |           0 |           0 |            0 |            0 |            0 |            0 |            0 |            0 |
|          CAS_COUNT_RD          | MBOX5C0 |   9641979182 |           0 |           0 |           0 |           0 |           0 |            0 |            0 |            0 |            0 |            0 |            0 |  9394692457 |           0 |           0 |           0 |           0 |           0 |            0 |            0 |            0 |            0 |            0 |            0 |
|          CAS_COUNT_WR          | MBOX5C1 |    412221914 |           0 |           0 |           0 |           0 |           0 |            0 |            0 |            0 |            0 |            0 |            0 |   337757680 |           0 |           0 |           0 |           0 |           0 |            0 |            0 |            0 |            0 |            0 |            0 |
|          CAS_COUNT_RD          | MBOX6C0 |            0 |           0 |           0 |           0 |           0 |           0 |            0 |            0 |            0 |            0 |            0 |            0 |           0 |           0 |           0 |           0 |           0 |           0 |            0 |            0 |            0 |            0 |            0 |            0 |
|          CAS_COUNT_WR          | MBOX6C1 |            0 |           0 |           0 |           0 |           0 |           0 |            0 |            0 |            0 |            0 |            0 |            0 |           0 |           0 |           0 |           0 |           0 |           0 |            0 |            0 |            0 |            0 |            0 |            0 |
|          CAS_COUNT_RD          | MBOX7C0 |            0 |           0 |           0 |           0 |           0 |           0 |            0 |            0 |            0 |            0 |            0 |            0 |           0 |           0 |           0 |           0 |           0 |           0 |            0 |            0 |            0 |            0 |            0 |            0 |
|          CAS_COUNT_WR          | MBOX7C1 |            0 |           0 |           0 |           0 |           0 |           0 |            0 |            0 |            0 |            0 |            0 |            0 |           0 |           0 |           0 |           0 |           0 |           0 |            0 |            0 |            0 |            0 |            0 |            0 |
+--------------------------------+---------+--------------+-------------+-------------+-------------+-------------+-------------+--------------+--------------+--------------+--------------+--------------+--------------+-------------+-------------+-------------+-------------+-------------+-------------+--------------+--------------+--------------+--------------+--------------+--------------+
+-------------------------------------+---------+---------------+-------------+--------------+--------------+
|                Event                | Counter |      Sum      |     Min     |      Max     |      Avg     |
+-------------------------------------+---------+---------------+-------------+--------------+--------------+
|        INSTR_RETIRED_ANY STAT       |  FIXC0  | 2733962269673 | 83500571544 | 196667387074 | 1.139151e+11 |
|      CPU_CLK_UNHALTED_CORE STAT     |  FIXC1  | 2088539463089 | 39754619854 | 126744595926 | 8.702248e+10 |
|      CPU_CLK_UNHALTED_REF STAT      |  FIXC2  | 2100392149676 | 40848000046 | 126744617558 | 8.751634e+10 |
|           FIXC1/FIXC0 STAT          |   CPI   |             0 |           0 |            0 |            0 |
|  OFFCORE_RESPONSE_0_LOCAL_DRAM STAT |   PMC0  |   52255067708 |   380881272 |   3932892379 | 2.177294e+09 |
| OFFCORE_RESPONSE_1_REMOTE_DRAM STAT |   PMC1  |     467667150 |       89394 |     69221088 | 1.948613e+07 |
|  MEM_LOAD_UOPS_RETIRED_L3_ALL STAT  |   PMC2  |   16411943178 |    29670163 |   1537690978 | 6.838310e+08 |
|  MEM_LOAD_UOPS_RETIRED_L3_MISS STAT |   PMC3  |    9512596541 |    16109700 |    879745840 | 3.963582e+08 |
|      L2_TRANS_ALL_REQUESTS STAT     |   PMC4  |  360065693244 |  2293394037 |  27950116644 | 1.500274e+10 |
|          L2_RQSTS_MISS STAT         |   PMC5  |  104948312428 |   568827365 |   8178973932 | 4.372846e+09 |
|        UOPS_RETIRED_ALL STAT        |   PMC6  | 3165334994039 | 96046495884 | 230189500029 | 1.318890e+11 |
|            TEMP_CORE STAT           |   TMP0  |          1068 |          39 |           50 |      44.5000 |
|         PWR_PKG_ENERGY STAT         |   PWR0  |     9079.3826 |           0 |    4610.8907 |     378.3076 |
|         PWR_PP0_ENERGY STAT         |   PWR1  |             0 |           0 |            0 |            0 |
|         PWR_DRAM_ENERGY STAT        |   PWR3  |     1719.1280 |           0 |     860.5557 |      71.6303 |
|          CAS_COUNT_RD STAT          | MBOX0C0 |   19036550398 |           0 |   9638655190 | 7.931896e+08 |
|          CAS_COUNT_WR STAT          | MBOX0C1 |     751993702 |           0 |    412144286 | 3.133307e+07 |
|          CAS_COUNT_RD STAT          | MBOX1C0 |   19025763643 |           0 |   9631987195 | 7.927402e+08 |
|          CAS_COUNT_WR STAT          | MBOX1C1 |     744481291 |           0 |    408004424 | 3.102005e+07 |
|          CAS_COUNT_RD STAT          | MBOX2C0 |             0 |           0 |            0 |            0 |
|          CAS_COUNT_WR STAT          | MBOX2C1 |             0 |           0 |            0 |            0 |
|          CAS_COUNT_RD STAT          | MBOX3C0 |             0 |           0 |            0 |            0 |
|          CAS_COUNT_WR STAT          | MBOX3C1 |             0 |           0 |            0 |            0 |
|          CAS_COUNT_RD STAT          | MBOX4C0 |   19033339620 |           0 |   9635932829 | 7.930558e+08 |
|          CAS_COUNT_WR STAT          | MBOX4C1 |     752843120 |           0 |    411966465 | 3.136846e+07 |
|          CAS_COUNT_RD STAT          | MBOX5C0 |   19036671639 |           0 |   9641979182 | 7.931947e+08 |
|          CAS_COUNT_WR STAT          | MBOX5C1 |     749979594 |           0 |    412221914 | 3.124915e+07 |
|          CAS_COUNT_RD STAT          | MBOX6C0 |             0 |           0 |            0 |            0 |
|          CAS_COUNT_WR STAT          | MBOX6C1 |             0 |           0 |            0 |            0 |
|          CAS_COUNT_RD STAT          | MBOX7C0 |             0 |           0 |            0 |            0 |
|          CAS_COUNT_WR STAT          | MBOX7C1 |             0 |           0 |            0 |            0 |
+-------------------------------------+---------+---------------+-------------+--------------+--------------+
+-----------------------------------+------------+-----------+-----------+-----------+-----------+-----------+-----------+--------------+--------------+--------------+--------------+--------------+------------+-----------+-----------+-----------+-----------+-----------+-----------+-----------+-----------+-----------+-----------+-----------+
|               Metric              |   Core 0   |   Core 1  |   Core 2  |   Core 3  |   Core 4  |   Core 5  |   Core 6  |    Core 7    |    Core 8    |    Core 9    |    Core 10   |    Core 11   |   Core 12  |  Core 13  |  Core 14  |  Core 15  |  Core 16  |  Core 17  |  Core 18  |  Core 19  |  Core 20  |  Core 21  |  Core 22  |  Core 23  |
+-----------------------------------+------------+-----------+-----------+-----------+-----------+-----------+-----------+--------------+--------------+--------------+--------------+--------------+------------+-----------+-----------+-----------+-----------+-----------+-----------+-----------+-----------+-----------+-----------+-----------+
|        Runtime (RDTSC) [s]        |    55.6021 |   55.6021 |   55.6021 |   55.6021 |   55.6021 |   55.6021 |   55.6021 |      55.6021 |      55.6021 |      55.6021 |      55.6021 |      55.6021 |    55.6021 |   55.6021 |   55.6021 |   55.6021 |   55.6021 |   55.6021 |   55.6021 |   55.6021 |   55.6021 |   55.6021 |   55.6021 |   55.6021 |
|        Runtime unhalted [s]       |    52.6299 |   17.7509 |   17.7826 |   17.8155 |   17.8375 |   17.8400 |   55.0959 |      55.1076 |      55.0871 |      55.0953 |      55.0892 |      55.0787 |    17.7796 |   17.7609 |   17.5415 |   17.5927 |   17.5705 |   17.2850 |   55.0613 |   55.0619 |   55.0623 |   55.0646 |   55.0359 |   55.0545 |
|            Clock [MHz]            |  2284.9995 | 2242.2838 | 2245.5764 | 2244.5425 | 2245.3091 | 2245.7627 | 2299.9484 |    2299.9484 |    2299.9482 |    2299.9487 |    2299.9488 |    2299.9485 |  2244.9187 | 2244.5395 | 2244.6505 | 2247.6051 | 2245.4909 | 2238.3859 | 2299.9485 | 2299.9481 | 2299.9481 | 2299.9486 | 2299.9483 | 2299.9482 |
|                CPI                |     0.6155 |    0.4826 |    0.4833 |    0.4841 |    0.4843 |    0.4843 |    0.9538 |       0.9391 |       0.9639 |       0.9591 |       0.9764 |       0.9553 |     0.4832 |    0.4825 |    0.4766 |    0.4784 |    0.4782 |    0.4761 |    0.9155 |    0.9351 |    0.9287 |    0.9337 |    0.9488 |    0.9408 |
|   Local DRAM data volume [GByte]  |    62.3234 |   29.0821 |   28.6435 |   27.7144 |   27.6867 |   25.8231 |  249.0366 |     251.0848 |     244.3503 |     248.0719 |     251.7051 |     248.8611 |    27.0406 |   27.4750 |   26.7622 |   24.7566 |   24.6433 |   24.3764 |  250.5662 |  251.0239 |  249.7552 |  246.5742 |  251.1790 |  245.7889 |
|   Local DRAM bandwidth [MByte/s]  |  1120.8816 |  523.0406 |  515.1508 |  498.4423 |  497.9441 |  464.4263 | 4478.9075 |    4515.7450 |    4394.6255 |    4461.5569 |    4526.9009 |    4475.7522 |   486.3234 |  494.1355 |  481.3157 |  445.2458 |  443.2073 |  438.4081 | 4506.4172 | 4514.6485 | 4491.8324 | 4434.6213 | 4517.4396 | 4420.4976 |
|  Remote DRAM data volume [GByte]  |     2.7513 |    0.2106 |    0.5810 |    1.4681 |    1.5710 |    3.3857 |    0.0407 |       0.0095 |       0.0057 |       0.0059 |       0.0106 |       0.0097 |     2.2956 |    1.8767 |    2.4918 |    4.3032 |    4.4301 |    4.3445 |    0.0325 |    0.0333 |    0.0197 |    0.0221 |    0.0156 |    0.0157 |
|  Remote DRAM bandwidth [MByte/s]  |    49.4823 |    3.7877 |   10.4501 |   26.4044 |   28.2542 |   60.8914 |    0.7326 |       0.1700 |       0.1029 |       0.1065 |       0.1898 |       0.1740 |    41.2857 |   33.7532 |   44.8145 |   77.3920 |   79.6760 |   78.1352 |    0.5845 |    0.5994 |    0.3543 |    0.3973 |    0.2812 |    0.2827 |
|     Memory data volume [GByte]    |    65.0747 |   29.2927 |   29.2245 |   29.1826 |   29.2577 |   29.2088 |  249.0773 |     251.0943 |     244.3560 |     248.0778 |     251.7157 |     248.8708 |    29.3362 |   29.3517 |   29.2539 |   29.0598 |   29.0734 |   28.7209 |  250.5987 |  251.0572 |  249.7749 |  246.5963 |  251.1947 |  245.8046 |
|     Memory bandwidth [MByte/s]    |  1170.3639 |  526.8283 |  525.6009 |  524.8467 |  526.1983 |  525.3176 | 4479.6401 |    4515.9150 |    4394.7284 |    4461.6634 |    4527.0907 |    4475.9262 |   527.6092 |  527.8887 |  526.1302 |  522.6378 |  522.8833 |  516.5432 | 4507.0017 | 4515.2478 | 4492.1867 | 4435.0186 | 4517.7208 | 4420.7803 |
|          L3 request rate          |     1.4514 |    1.8652 |    1.8856 |    1.9010 |    1.8961 |    1.8996 |    1.6944 |       1.7513 |       1.6893 |       1.7032 |       1.7479 |       1.7779 |     1.7347 |    1.7655 |    1.7685 |    1.8488 |    1.8508 |    1.8418 |    1.7522 |    1.6814 |    1.7823 |    1.6756 |    1.7360 |    1.6897 |
|            L3 miss rate           |     0.1934 |    0.1090 |    0.2984 |    0.7397 |    0.7877 |    1.7033 |    0.0005 |       0.0001 |       0.0001 |       0.0001 |       0.0001 |       0.0001 |     1.1722 |    0.9516 |    1.3004 |    2.1365 |    2.1876 |    2.2879 |    0.0003 |    0.0004 |    0.0002 |    0.0003 |    0.0002 |    0.0002 |
|           L3 miss ratio           |     0.0441 |    0.0072 |    0.0203 |    0.0530 |    0.0567 |    0.1311 |    0.0002 | 3.764044e-05 | 2.341399e-05 | 2.387876e-05 | 4.192970e-05 | 3.887688e-05 |     0.0849 |    0.0683 |    0.0931 |    0.1738 |    0.1798 |    0.1782 |    0.0001 |    0.0001 |    0.0001 |    0.0001 |    0.0001 |    0.0001 |
|          L2 request rate          |     0.0280 |    0.0273 |    0.0273 |    0.0274 |    0.0273 |    0.0274 |    0.2041 |       0.2058 |       0.2048 |       0.2047 |       0.2154 |       0.2097 |     0.0273 |    0.0273 |    0.0273 |    0.0274 |    0.0276 |    0.0275 |    0.2003 |    0.2004 |    0.2047 |    0.1989 |    0.2082 |    0.2005 |
|            L2 miss rate           |     0.0066 |    0.0068 |    0.0068 |    0.0068 |    0.0068 |    0.0068 |    0.0607 |       0.0602 |       0.0618 |       0.0610 |       0.0626 |       0.0617 |     0.0068 |    0.0068 |    0.0068 |    0.0068 |    0.0068 |    0.0068 |    0.0587 |    0.0592 |    0.0599 |    0.0599 |    0.0607 |    0.0602 |
|           L2 miss ratio           |     0.2367 |    0.2484 |    0.2489 |    0.2493 |    0.2493 |    0.2496 |    0.2974 |       0.2924 |       0.3016 |       0.2981 |       0.2908 |       0.2942 |     0.2482 |    0.2481 |    0.2483 |    0.2493 |    0.2481 |    0.2480 |    0.2931 |    0.2956 |    0.2929 |    0.3010 |    0.2918 |    0.3003 |
|  Memory read bandwidth [MBytes/s] | 44370.7755 |         0 |         0 |         0 |         0 |         0 |         0 |            0 |            0 |            0 |            0 |            0 | 43260.2750 |         0 |         0 |         0 |         0 |         0 |         0 |         0 |         0 |         0 |         0 |         0 |
|  Memory read data volume [GBytes] |  2467.1075 |         0 |         0 |         0 |         0 |         0 |         0 |            0 |            0 |            0 |            0 |            0 |  2405.3613 |         0 |         0 |         0 |         0 |         0 |         0 |         0 |         0 |         0 |         0 |         0 |
| Memory write bandwidth [MBytes/s] |  1892.6913 |         0 |         0 |         0 |         0 |         0 |         0 |            0 |            0 |            0 |            0 |            0 |  1559.6085 |         0 |         0 |         0 |         0 |         0 |         0 |         0 |         0 |         0 |         0 |         0 |
| Memory write data volume [GBytes] |   105.2376 |         0 |         0 |         0 |         0 |         0 |         0 |            0 |            0 |            0 |            0 |            0 |    86.7175 |         0 |         0 |         0 |         0 |         0 |         0 |         0 |         0 |         0 |         0 |         0 |
|    Memory bandwidth [MBytes/s]    | 46263.4668 |         0 |         0 |         0 |         0 |         0 |         0 |            0 |            0 |            0 |            0 |            0 | 44819.8835 |         0 |         0 |         0 |         0 |         0 |         0 |         0 |         0 |         0 |         0 |         0 |
|    Memory data volume [GBytes]    |  2572.3451 |         0 |         0 |         0 |         0 |         0 |         0 |            0 |            0 |            0 |            0 |            0 |  2492.0788 |         0 |         0 |         0 |         0 |         0 |         0 |         0 |         0 |         0 |         0 |         0 |
|          Temperature [C]          |         44 |        41 |        41 |        39 |        42 |        44 |        44 |           45 |           42 |           45 |           44 |           46 |         42 |        45 |        44 |        46 |        50 |        46 |        49 |        48 |        45 |        48 |        45 |        43 |
|             Energy [J]            |  4468.4919 |         0 |         0 |         0 |         0 |         0 |         0 |            0 |            0 |            0 |            0 |            0 |  4610.8907 |         0 |         0 |         0 |         0 |         0 |         0 |         0 |         0 |         0 |         0 |         0 |
|             Power [W]             |    80.3656 |         0 |         0 |         0 |         0 |         0 |         0 |            0 |            0 |            0 |            0 |            0 |    82.9266 |         0 |         0 |         0 |         0 |         0 |         0 |         0 |         0 |         0 |         0 |         0 |
|           Energy PP0 [J]          |          0 |         0 |         0 |         0 |         0 |         0 |         0 |            0 |            0 |            0 |            0 |            0 |          0 |         0 |         0 |         0 |         0 |         0 |         0 |         0 |         0 |         0 |         0 |         0 |
|           Power PP0 [W]           |          0 |         0 |         0 |         0 |         0 |         0 |         0 |            0 |            0 |            0 |            0 |            0 |          0 |         0 |         0 |         0 |         0 |         0 |         0 |         0 |         0 |         0 |         0 |         0 |
|          Energy DRAM [J]          |   860.5557 |         0 |         0 |         0 |         0 |         0 |         0 |            0 |            0 |            0 |            0 |            0 |   858.5723 |         0 |         0 |         0 |         0 |         0 |         0 |         0 |         0 |         0 |         0 |         0 |
|           Power DRAM [W]          |    15.4770 |         0 |         0 |         0 |         0 |         0 |         0 |            0 |            0 |            0 |            0 |            0 |    15.4414 |         0 |         0 |         0 |         0 |         0 |         0 |         0 |         0 |         0 |         0 |         0 |
+-----------------------------------+------------+-----------+-----------+-----------+-----------+-----------+-----------+--------------+--------------+--------------+--------------+--------------+------------+-----------+-----------+-----------+-----------+-----------+-----------+-----------+-----------+-----------+-----------+-----------+
+----------------------------------------+------------+--------------+------------+-----------+
|                 Metric                 |     Sum    |      Min     |     Max    |    Avg    |
+----------------------------------------+------------+--------------+------------+-----------+
|        Runtime (RDTSC) [s] STAT        |  1334.4504 |      55.6021 |    55.6021 |   55.6021 |
|        Runtime unhalted [s] STAT       |   908.0809 |      17.2850 |    55.1076 |   37.8367 |
|            Clock [MHz] STAT            | 54573.4454 |    2238.3859 |  2299.9488 | 2273.8936 |
|                CPI STAT                |    17.2593 |       0.4761 |     0.9764 |    0.7191 |
|   Local DRAM data volume [GByte] STAT  |  3344.3245 |      24.3764 |   251.7051 |  139.3469 |
|   Local DRAM bandwidth [MByte/s] STAT  | 60147.4661 |     438.4081 |  4526.9009 | 2506.1444 |
|  Remote DRAM data volume [GByte] STAT  |    29.9306 |       0.0057 |     4.4301 |    1.2471 |
|  Remote DRAM bandwidth [MByte/s] STAT  |   538.3019 |       0.1029 |    79.6760 |   22.4292 |
|     Memory data volume [GByte] STAT    |  3374.2552 |      28.7209 |   251.7157 |  140.5940 |
|     Memory bandwidth [MByte/s] STAT    | 60685.7678 |     516.5432 |  4527.0907 | 2528.5737 |
|          L3 request rate STAT          |    42.3902 |       1.4514 |     1.9010 |    1.7663 |
|            L3 miss rate STAT           |    13.8703 |       0.0001 |     2.2879 |    0.5779 |
|           L3 miss ratio STAT           |     1.0915 | 2.341399e-05 |     0.1798 |    0.0455 |
|          L2 request rate STAT          |     2.7866 |       0.0273 |     0.2154 |    0.1161 |
|            L2 miss rate STAT           |     0.8080 |       0.0066 |     0.0626 |    0.0337 |
|           L2 miss ratio STAT           |     6.5214 |       0.2367 |     0.3016 |    0.2717 |
|  Memory read bandwidth [MBytes/s] STAT | 87631.0505 |            0 | 44370.7755 | 3651.2938 |
|  Memory read data volume [GBytes] STAT |  4872.4688 |            0 |  2467.1075 |  203.0195 |
| Memory write bandwidth [MBytes/s] STAT |  3452.2998 |            0 |  1892.6913 |  143.8458 |
| Memory write data volume [GBytes] STAT |   191.9551 |            0 |   105.2376 |    7.9981 |
|    Memory bandwidth [MBytes/s] STAT    | 91083.3503 |            0 | 46263.4668 | 3795.1396 |
|    Memory data volume [GBytes] STAT    |  5064.4239 |            0 |  2572.3451 |  211.0177 |
|          Temperature [C] STAT          |       1068 |           39 |         50 |   44.5000 |
|             Energy [J] STAT            |  9079.3826 |            0 |  4610.8907 |  378.3076 |
|             Power [W] STAT             |   163.2922 |            0 |    82.9266 |    6.8038 |
|           Energy PP0 [J] STAT          |          0 |            0 |          0 |         0 |
|           Power PP0 [W] STAT           |          0 |            0 |          0 |         0 |
|          Energy DRAM [J] STAT          |  1719.1280 |            0 |   860.5557 |   71.6303 |
|           Power DRAM [W] STAT          |    30.9184 |            0 |    15.4770 |    1.2883 |
+----------------------------------------+------------+--------------+------------+-----------+
