--------------------------------------------------------------------------------
CPU name:	Intel(R) Xeon(R) CPU E5-2670 v3 @ 2.30GHz
CPU type:	Intel Xeon Haswell EN/EP/EX processor
CPU clock:	2.30 GHz
--------------------------------------------------------------------------------
Group 1: POWERPERF
+--------------------------------+---------+--------------+-------------+-------------+-------------+-------------+-------------+--------------+--------------+--------------+--------------+--------------+--------------+-------------+-------------+-------------+-------------+-------------+-------------+--------------+--------------+--------------+--------------+--------------+--------------+
|              Event             | Counter |    Core 0    |    Core 1   |    Core 2   |    Core 3   |    Core 4   |    Core 5   |    Core 6    |    Core 7    |    Core 8    |    Core 9    |    Core 10   |    Core 11   |   Core 12   |   Core 13   |   Core 14   |   Core 15   |   Core 16   |   Core 17   |    Core 18   |    Core 19   |    Core 20   |    Core 21   |    Core 22   |    Core 23   |
+--------------------------------+---------+--------------+-------------+-------------+-------------+-------------+-------------+--------------+--------------+--------------+--------------+--------------+--------------+-------------+-------------+-------------+-------------+-------------+-------------+--------------+--------------+--------------+--------------+--------------+--------------+
|        INSTR_RETIRED_ANY       |  FIXC0  | 196726601919 | 84626949237 | 84652684488 | 84685577249 | 84732507316 | 84775163958 | 175653403632 | 100285502565 | 100200564297 | 100232092803 | 100214531652 | 100209146779 | 84770402479 | 84811488082 | 84800232722 | 84720761295 | 84668491641 | 83661788715 | 100381366811 | 100526618607 | 100343165812 | 100483514875 | 100515938720 |  99425292877 |
|      CPU_CLK_UNHALTED_CORE     |  FIXC1  | 121410465003 | 42849203748 | 42750073667 | 42815901849 | 43068456146 | 42827861019 |  88953968393 |  61563855966 |  61905115313 |  61780186702 |  61805229029 |  61843711984 | 42973398463 | 43229915134 | 42769675500 | 43011355777 | 42998767112 | 42358768618 |  79544232008 |  83137158120 |  80481425704 |  83679553502 |  85650245543 |  77071750192 |
|      CPU_CLK_UNHALTED_REF      |  FIXC2  | 122322020905 | 44016151307 | 43938360132 | 43878071428 | 44138047581 | 43902387212 |  92087296316 |  65016545889 |  65357712663 |  65246805053 |  65264354398 |  65291452492 | 43942358728 | 44206964620 | 43734596577 | 43914544575 | 43900499556 | 43344979038 |  82285216990 |  84348916646 |  82872357264 |  85030081219 |  86299705829 |  80892257203 |
|           FIXC1/FIXC0          |   CPI   |            0 |           0 |           0 |           0 |           0 |           0 |            0 |            0 |            0 |            0 |            0 |            0 |           0 |           0 |           0 |           0 |           0 |           0 |            0 |            0 |            0 |            0 |            0 |            0 |
|  OFFCORE_RESPONSE_0_LOCAL_DRAM |   PMC0  |    825181966 |   429966745 |   427026657 |   412531918 |   413414332 |   376246661 |   1688711787 |   1433988854 |   1408957312 |   1415615685 |   1415191246 |   1408133241 |   412632581 |   416628001 |   404743975 |   371417046 |   373142890 |   370123738 |   1066344785 |   1011840479 |   1042315048 |   1000368956 |    944655021 |   1108517249 |
| OFFCORE_RESPONSE_1_REMOTE_DRAM |   PMC1  |     42455317 |     3563770 |     7369379 |    21062527 |    20670461 |    57458315 |       161403 |        35171 |        21833 |        16423 |        12515 |      3839023 |    30542814 |    27182006 |    37246953 |    66699517 |    65916550 |    63251822 |    324842462 |    364496963 |    318022877 |    357085764 |    414656429 |    267145452 |
|  MEM_LOAD_UOPS_RETIRED_L3_ALL  |   PMC2  |    231807680 |    36775112 |    36864812 |    36433786 |    37997148 |    36060824 |     27908415 |     26436976 |     26687159 |     26498576 |     26561244 |     26550485 |    34244508 |    36690019 |    35813955 |    36832816 |    37189082 |    33442529 |     28144352 |     28015860 |     28509000 |     28180466 |     28073956 |     28164866 |
|  MEM_LOAD_UOPS_RETIRED_L3_MISS |   PMC3  |    128673209 |    16770014 |    17143303 |    17187395 |    17143459 |    17160224 |      8889128 |      8402537 |      8450150 |      8428693 |      8441891 |      8430509 |    17371225 |    17432188 |    17226678 |    17174348 |    17258705 |    16265276 |      8378899 |      8390031 |      8386268 |      8430682 |      8443593 |      8388367 |
|      L2_TRANS_ALL_REQUESTS     |   PMC4  |   5476473165 |  2336303506 |  2337438815 |  2337158152 |  2340770301 |  2337676945 |  17194595496 |  14526594332 |  14546813583 |  14545074209 |  14544194892 |  14550222632 |  2326437755 |  2332162224 |  2336386550 |  2347282298 |  2356725328 |  2315529115 |  16123001539 |  16274799067 |  16179681228 |  16342784673 |  16395887546 |  15935422002 |
|          L2_RQSTS_MISS         |   PMC5  |   1330551912 |   598763827 |   599104044 |   600099807 |   601601135 |   600086499 |   5350769245 |   4793240202 |   4825580711 |   4817067389 |   4818219212 |   4822421890 |   589525197 |   591570812 |   593304867 |   597245329 |   596688403 |   584664827 |   4823555773 |   4844209400 |   4867441145 |   4869877531 |   4870360243 |   4794035323 |
|        UOPS_RETIRED_ALL        |   PMC6  | 230206456834 | 97317622791 | 97336488003 | 97374741172 | 97427998829 | 97478030667 | 191466556631 | 113667992803 | 113510806084 | 113563657376 | 113527225249 | 113514200137 | 97518525986 | 97585348650 | 97569383652 | 97438007600 | 97413604672 | 96381525036 | 113847831789 | 114135193422 | 113771346052 | 114054213301 | 114119150220 | 112620617509 |
|            TEMP_CORE           |   TMP0  |           42 |          39 |          40 |          38 |          42 |          42 |           43 |           45 |           42 |           45 |           44 |           45 |          40 |          44 |          43 |          45 |          49 |          46 |           47 |           47 |           44 |           47 |           45 |           41 |
|         PWR_PKG_ENERGY         |   PWR0  |    3520.2739 |           0 |           0 |           0 |           0 |           0 |            0 |            0 |            0 |            0 |            0 |            0 |   3558.6775 |           0 |           0 |           0 |           0 |           0 |            0 |            0 |            0 |            0 |            0 |            0 |
|         PWR_PP0_ENERGY         |   PWR1  |            0 |           0 |           0 |           0 |           0 |           0 |            0 |            0 |            0 |            0 |            0 |            0 |           0 |           0 |           0 |           0 |           0 |           0 |            0 |            0 |            0 |            0 |            0 |            0 |
|         PWR_DRAM_ENERGY        |   PWR3  |     801.3644 |           0 |           0 |           0 |           0 |           0 |            0 |            0 |            0 |            0 |            0 |            0 |    624.3130 |           0 |           0 |           0 |           0 |           0 |            0 |            0 |            0 |            0 |            0 |            0 |
|          CAS_COUNT_RD          | MBOX0C0 |   6666515591 |           0 |           0 |           0 |           0 |           0 |            0 |            0 |            0 |            0 |            0 |            0 |  4028646126 |           0 |           0 |           0 |           0 |           0 |            0 |            0 |            0 |            0 |            0 |            0 |
|          CAS_COUNT_WR          | MBOX0C1 |    638662021 |           0 |           0 |           0 |           0 |           0 |            0 |            0 |            0 |            0 |            0 |            0 |   488389279 |           0 |           0 |           0 |           0 |           0 |            0 |            0 |            0 |            0 |            0 |            0 |
|          CAS_COUNT_RD          | MBOX1C0 |   6657749974 |           0 |           0 |           0 |           0 |           0 |            0 |            0 |            0 |            0 |            0 |            0 |  4030450369 |           0 |           0 |           0 |           0 |           0 |            0 |            0 |            0 |            0 |            0 |            0 |
|          CAS_COUNT_WR          | MBOX1C1 |    637404750 |           0 |           0 |           0 |           0 |           0 |            0 |            0 |            0 |            0 |            0 |            0 |   488241226 |           0 |           0 |           0 |           0 |           0 |            0 |            0 |            0 |            0 |            0 |            0 |
|          CAS_COUNT_RD          | MBOX2C0 |            0 |           0 |           0 |           0 |           0 |           0 |            0 |            0 |            0 |            0 |            0 |            0 |           0 |           0 |           0 |           0 |           0 |           0 |            0 |            0 |            0 |            0 |            0 |            0 |
|          CAS_COUNT_WR          | MBOX2C1 |            0 |           0 |           0 |           0 |           0 |           0 |            0 |            0 |            0 |            0 |            0 |            0 |           0 |           0 |           0 |           0 |           0 |           0 |            0 |            0 |            0 |            0 |            0 |            0 |
|          CAS_COUNT_RD          | MBOX3C0 |            0 |           0 |           0 |           0 |           0 |           0 |            0 |            0 |            0 |            0 |            0 |            0 |           0 |           0 |           0 |           0 |           0 |           0 |            0 |            0 |            0 |            0 |            0 |            0 |
|          CAS_COUNT_WR          | MBOX3C1 |            0 |           0 |           0 |           0 |           0 |           0 |            0 |            0 |            0 |            0 |            0 |            0 |           0 |           0 |           0 |           0 |           0 |           0 |            0 |            0 |            0 |            0 |            0 |            0 |
|          CAS_COUNT_RD          | MBOX4C0 |   6655094014 |           0 |           0 |           0 |           0 |           0 |            0 |            0 |            0 |            0 |            0 |            0 |  4029583379 |           0 |           0 |           0 |           0 |           0 |            0 |            0 |            0 |            0 |            0 |            0 |
|          CAS_COUNT_WR          | MBOX4C1 |    635608145 |           0 |           0 |           0 |           0 |           0 |            0 |            0 |            0 |            0 |            0 |            0 |   489443701 |           0 |           0 |           0 |           0 |           0 |            0 |            0 |            0 |            0 |            0 |            0 |
|          CAS_COUNT_RD          | MBOX5C0 |   6658053955 |           0 |           0 |           0 |           0 |           0 |            0 |            0 |            0 |            0 |            0 |            0 |  4028224814 |           0 |           0 |           0 |           0 |           0 |            0 |            0 |            0 |            0 |            0 |            0 |
|          CAS_COUNT_WR          | MBOX5C1 |    638097120 |           0 |           0 |           0 |           0 |           0 |            0 |            0 |            0 |            0 |            0 |            0 |   487873624 |           0 |           0 |           0 |           0 |           0 |            0 |            0 |            0 |            0 |            0 |            0 |
|          CAS_COUNT_RD          | MBOX6C0 |            0 |           0 |           0 |           0 |           0 |           0 |            0 |            0 |            0 |            0 |            0 |            0 |           0 |           0 |           0 |           0 |           0 |           0 |            0 |            0 |            0 |            0 |            0 |            0 |
|          CAS_COUNT_WR          | MBOX6C1 |            0 |           0 |           0 |           0 |           0 |           0 |            0 |            0 |            0 |            0 |            0 |            0 |           0 |           0 |           0 |           0 |           0 |           0 |            0 |            0 |            0 |            0 |            0 |            0 |
|          CAS_COUNT_RD          | MBOX7C0 |            0 |           0 |           0 |           0 |           0 |           0 |            0 |            0 |            0 |            0 |            0 |            0 |           0 |           0 |           0 |           0 |           0 |           0 |            0 |            0 |            0 |            0 |            0 |            0 |
|          CAS_COUNT_WR          | MBOX7C1 |            0 |           0 |           0 |           0 |           0 |           0 |            0 |            0 |            0 |            0 |            0 |            0 |           0 |           0 |           0 |           0 |           0 |           0 |            0 |            0 |            0 |            0 |            0 |            0 |
+--------------------------------+---------+--------------+-------------+-------------+-------------+-------------+-------------+--------------+--------------+--------------+--------------+--------------+--------------+-------------+-------------+-------------+-------------+-------------+-------------+--------------+--------------+--------------+--------------+--------------+--------------+
+-------------------------------------+---------+---------------+-------------+--------------+--------------+
|                Event                | Counter |      Sum      |     Min     |      Max     |      Avg     |
+-------------------------------------+---------+---------------+-------------+--------------+--------------+
|        INSTR_RETIRED_ANY STAT       |  FIXC0  | 2406103788531 | 83661788715 | 196726601919 | 1.002543e+11 |
|      CPU_CLK_UNHALTED_CORE STAT     |  FIXC1  | 1480480274492 | 42358768618 | 121410465003 | 6.168668e+10 |
|      CPU_CLK_UNHALTED_REF STAT      |  FIXC2  | 1525231683621 | 43344979038 | 122322020905 | 6.355132e+10 |
|           FIXC1/FIXC0 STAT          |   CPI   |             0 |           0 |            0 |            0 |
|  OFFCORE_RESPONSE_0_LOCAL_DRAM STAT |   PMC0  |   20177696173 |   370123738 |   1688711787 | 8.407373e+08 |
| OFFCORE_RESPONSE_1_REMOTE_DRAM STAT |   PMC1  |    2493755746 |       12515 |    414656429 | 1.039065e+08 |
|  MEM_LOAD_UOPS_RETIRED_L3_ALL STAT  |   PMC2  |     959883626 |    26436976 |    231807680 | 3.999515e+07 |
|  MEM_LOAD_UOPS_RETIRED_L3_MISS STAT |   PMC3  |     418266772 |     8378899 |    128673209 | 1.742778e+07 |
|      L2_TRANS_ALL_REQUESTS STAT     |   PMC4  |  218339415353 |  2315529115 |  17194595496 | 9.097476e+09 |
|          L2_RQSTS_MISS STAT         |   PMC5  |   66379984723 |   584664827 |   5350769245 | 2.765833e+09 |
|        UOPS_RETIRED_ALL STAT        |   PMC6  | 2742846524465 | 96381525036 | 230206456834 | 1.142853e+11 |
|            TEMP_CORE STAT           |   TMP0  |          1045 |          38 |           49 |      43.5417 |
|         PWR_PKG_ENERGY STAT         |   PWR0  |     7078.9514 |           0 |    3558.6775 |     294.9563 |
|         PWR_PP0_ENERGY STAT         |   PWR1  |             0 |           0 |            0 |            0 |
|         PWR_DRAM_ENERGY STAT        |   PWR3  |     1425.6774 |           0 |     801.3644 |      59.4032 |
|          CAS_COUNT_RD STAT          | MBOX0C0 |   10695161717 |           0 |   6666515591 | 4.456317e+08 |
|          CAS_COUNT_WR STAT          | MBOX0C1 |    1127051300 |           0 |    638662021 | 4.696047e+07 |
|          CAS_COUNT_RD STAT          | MBOX1C0 |   10688200343 |           0 |   6657749974 | 4.453417e+08 |
|          CAS_COUNT_WR STAT          | MBOX1C1 |    1125645976 |           0 |    637404750 | 4.690192e+07 |
|          CAS_COUNT_RD STAT          | MBOX2C0 |             0 |           0 |            0 |            0 |
|          CAS_COUNT_WR STAT          | MBOX2C1 |             0 |           0 |            0 |            0 |
|          CAS_COUNT_RD STAT          | MBOX3C0 |             0 |           0 |            0 |            0 |
|          CAS_COUNT_WR STAT          | MBOX3C1 |             0 |           0 |            0 |            0 |
|          CAS_COUNT_RD STAT          | MBOX4C0 |   10684677393 |           0 |   6655094014 | 4.451949e+08 |
|          CAS_COUNT_WR STAT          | MBOX4C1 |    1125051846 |           0 |    635608145 | 4.687716e+07 |
|          CAS_COUNT_RD STAT          | MBOX5C0 |   10686278769 |           0 |   6658053955 | 4.452616e+08 |
|          CAS_COUNT_WR STAT          | MBOX5C1 |    1125970744 |           0 |    638097120 | 4.691545e+07 |
|          CAS_COUNT_RD STAT          | MBOX6C0 |             0 |           0 |            0 |            0 |
|          CAS_COUNT_WR STAT          | MBOX6C1 |             0 |           0 |            0 |            0 |
|          CAS_COUNT_RD STAT          | MBOX7C0 |             0 |           0 |            0 |            0 |
|          CAS_COUNT_WR STAT          | MBOX7C1 |             0 |           0 |            0 |            0 |
+-------------------------------------+---------+---------------+-------------+--------------+--------------+
+-----------------------------------+------------+-----------+-----------+-----------+-----------+-----------+-----------+--------------+--------------+--------------+--------------+-----------+------------+-----------+-----------+-----------+-----------+-----------+-----------+-----------+-----------+-----------+-----------+-----------+
|               Metric              |   Core 0   |   Core 1  |   Core 2  |   Core 3  |   Core 4  |   Core 5  |   Core 6  |    Core 7    |    Core 8    |    Core 9    |    Core 10   |  Core 11  |   Core 12  |  Core 13  |  Core 14  |  Core 15  |  Core 16  |  Core 17  |  Core 18  |  Core 19  |  Core 20  |  Core 21  |  Core 22  |  Core 23  |
+-----------------------------------+------------+-----------+-----------+-----------+-----------+-----------+-----------+--------------+--------------+--------------+--------------+-----------+------------+-----------+-----------+-----------+-----------+-----------+-----------+-----------+-----------+-----------+-----------+-----------+
|        Runtime (RDTSC) [s]        |    56.4207 |   56.4207 |   56.4207 |   56.4207 |   56.4207 |   56.4207 |   56.4207 |      56.4207 |      56.4207 |      56.4207 |      56.4207 |   56.4207 |    56.4207 |   56.4207 |   56.4207 |   56.4207 |   56.4207 |   56.4207 |   56.4207 |   56.4207 |   56.4207 |   56.4207 |   56.4207 |   56.4207 |
|        Runtime unhalted [s]       |    52.7871 |   18.6301 |   18.5870 |   18.6156 |   18.7254 |   18.6208 |   38.6756 |      26.7669 |      26.9152 |      26.8609 |      26.8718 |   26.8886 |    18.6841 |   18.7956 |   18.5955 |   18.7006 |   18.6951 |   18.4168 |   34.5844 |   36.1466 |   34.9919 |   36.3824 |   37.2392 |   33.5094 |
|            Clock [MHz]            |  2282.8618 | 2239.0244 | 2237.7995 | 2244.3248 | 2244.2660 | 2243.7083 | 2221.7426 |    2177.8605 |    2178.5014 |    2177.8006 |    2178.0975 | 2178.5492 |  2249.2850 | 2249.1677 | 2249.2565 | 2252.6976 | 2252.7588 | 2247.6706 | 2223.3868 | 2266.9598 | 2233.6448 | 2263.4708 | 2282.6927 | 2191.3735 |
|                CPI                |     0.6172 |    0.5063 |    0.5050 |    0.5056 |    0.5083 |    0.5052 |    0.5064 |       0.6139 |       0.6178 |       0.6164 |       0.6167 |    0.6171 |     0.5069 |    0.5097 |    0.5044 |    0.5077 |    0.5078 |    0.5063 |    0.7924 |    0.8270 |    0.8021 |    0.8328 |    0.8521 |    0.7752 |
|   Local DRAM data volume [GByte]  |    52.8116 |   27.5179 |   27.3297 |   26.4020 |   26.4585 |   24.0798 |  108.0776 |      91.7753 |      90.1733 |      90.5994 |      90.5722 |   90.1205 |    26.4085 |   26.6642 |   25.9036 |   23.7707 |   23.8811 |   23.6879 |   68.2461 |   64.7578 |   66.7082 |   64.0236 |   60.4579 |   70.9451 |
|   Local DRAM bandwidth [MByte/s]  |   936.0334 |  487.7266 |  484.3916 |  467.9497 |  468.9506 |  426.7900 | 1915.5661 |    1626.6248 |    1598.2306 |    1605.7834 |    1605.3020 | 1597.2958 |   468.0639 |  472.5960 |  459.1155 |  421.3116 |  423.2693 |  419.8446 | 1209.5930 | 1147.7668 | 1182.3352 | 1134.7542 | 1071.5559 | 1257.4307 |
|  Remote DRAM data volume [GByte]  |     2.7171 |    0.2281 |    0.4716 |    1.3480 |    1.3229 |    3.6773 |    0.0103 |       0.0023 |       0.0014 |       0.0011 |       0.0008 |    0.2457 |     1.9547 |    1.7396 |    2.3838 |    4.2688 |    4.2187 |    4.0481 |   20.7899 |   23.3278 |   20.3535 |   22.8535 |   26.5380 |   17.0973 |
|  Remote DRAM bandwidth [MByte/s]  |    48.1586 |    4.0425 |    8.3593 |   23.8920 |   23.4472 |   65.1770 |    0.1831 |       0.0399 |       0.0248 |       0.0186 |       0.0142 |    4.3547 |    34.6458 |   30.8335 |   42.2505 |   75.6596 |   74.7715 |   71.7488 |  368.4804 |  413.4619 |  360.7447 |  405.0551 |  470.3596 |  303.0326 |
|     Memory data volume [GByte]    |    55.5288 |   27.7460 |   27.8013 |   27.7500 |   27.7814 |   27.7571 |  108.0879 |      91.7775 |      90.1747 |      90.6005 |      90.5730 |   90.3662 |    28.3632 |   28.4038 |   28.2874 |   28.0395 |   28.0998 |   27.7360 |   89.0360 |   88.0856 |   87.0616 |   86.8771 |   86.9959 |   88.0424 |
|     Memory bandwidth [MByte/s]    |   984.1920 |  491.7691 |  492.7509 |  491.8417 |  492.3979 |  491.9670 | 1915.7492 |    1626.6647 |    1598.2554 |    1605.8021 |    1605.3162 | 1601.6506 |   502.7097 |  503.4295 |  501.3661 |  496.9713 |  498.0408 |  491.5934 | 1578.0734 | 1561.2287 | 1543.0799 | 1539.8094 | 1541.9155 | 1560.4633 |
|          L3 request rate          |     1.8015 |    2.1929 |    2.1504 |    2.1198 |    2.2164 |    2.1014 |    3.1396 |       3.1463 |       3.1582 |       3.1439 |       3.1464 |    3.1493 |     1.9713 |    2.1047 |    2.0790 |    2.1446 |    2.1548 |    2.0561 |    3.3590 |    3.3392 |    3.3995 |    3.3426 |    3.3249 |    3.3576 |
|            L3 miss rate           |     0.1831 |    0.0969 |    0.1999 |    0.5781 |    0.5440 |    1.5934 |    0.0058 |       0.0013 |       0.0008 |       0.0006 |       0.0005 |    0.1446 |     0.8919 |    0.7409 |    1.0400 |    1.8109 |    1.7725 |    1.8914 |   11.5420 |   13.0104 |   11.1552 |   12.6714 |   14.7701 |    9.4851 |
|           L3 miss ratio           |     0.0514 |    0.0083 |    0.0173 |    0.0511 |    0.0500 |    0.1527 |    0.0001 | 2.452669e-05 | 1.549586e-05 | 1.160131e-05 | 8.843328e-06 |    0.0027 |     0.0740 |    0.0652 |    0.0920 |    0.1796 |    0.1767 |    0.1709 |    0.3046 |    0.3602 |    0.3051 |    0.3570 |    0.4390 |    0.2410 |
|          L2 request rate          |     0.0278 |    0.0276 |    0.0276 |    0.0276 |    0.0276 |    0.0276 |    0.0979 |       0.1449 |       0.1452 |       0.1451 |       0.1451 |    0.1452 |     0.0274 |    0.0275 |    0.0276 |    0.0277 |    0.0278 |    0.0277 |    0.1606 |    0.1619 |    0.1612 |    0.1626 |    0.1631 |    0.1603 |
|            L2 miss rate           |     0.0068 |    0.0071 |    0.0071 |    0.0071 |    0.0071 |    0.0071 |    0.0305 |       0.0478 |       0.0482 |       0.0481 |       0.0481 |    0.0481 |     0.0070 |    0.0070 |    0.0070 |    0.0070 |    0.0070 |    0.0070 |    0.0481 |    0.0482 |    0.0485 |    0.0485 |    0.0485 |    0.0482 |
|           L2 miss ratio           |     0.2430 |    0.2563 |    0.2563 |    0.2568 |    0.2570 |    0.2567 |    0.3112 |       0.3300 |       0.3317 |       0.3312 |       0.3313 |    0.3314 |     0.2534 |    0.2537 |    0.2539 |    0.2544 |    0.2532 |    0.2525 |    0.2992 |    0.2977 |    0.3008 |    0.2980 |    0.2970 |    0.3008 |
|  Memory read bandwidth [MBytes/s] | 30215.7697 |         0 |         0 |         0 |         0 |         0 |         0 |            0 |            0 |            0 |            0 |         0 | 18281.9807 |         0 |         0 |         0 |         0 |         0 |         0 |         0 |         0 |         0 |         0 |         0 |
|  Memory read data volume [GBytes] |  1704.7945 |         0 |         0 |         0 |         0 |         0 |         0 |            0 |            0 |            0 |            0 |         0 |  1031.4819 |         0 |         0 |         0 |         0 |         0 |         0 |         0 |         0 |         0 |         0 |         0 |
| Memory write bandwidth [MBytes/s] |  2892.2975 |         0 |         0 |         0 |         0 |         0 |         0 |            0 |            0 |            0 |            0 |         0 |  2216.4328 |         0 |         0 |         0 |         0 |         0 |         0 |         0 |         0 |         0 |         0 |         0 |
| Memory write data volume [GBytes] |   163.1854 |         0 |         0 |         0 |         0 |         0 |         0 |            0 |            0 |            0 |            0 |         0 |   125.0527 |         0 |         0 |         0 |         0 |         0 |         0 |         0 |         0 |         0 |         0 |         0 |
|    Memory bandwidth [MBytes/s]    | 33108.0672 |         0 |         0 |         0 |         0 |         0 |         0 |            0 |            0 |            0 |            0 |         0 | 20498.4135 |         0 |         0 |         0 |         0 |         0 |         0 |         0 |         0 |         0 |         0 |         0 |
|    Memory data volume [GBytes]    |  1867.9799 |         0 |         0 |         0 |         0 |         0 |         0 |            0 |            0 |            0 |            0 |         0 |  1156.5346 |         0 |         0 |         0 |         0 |         0 |         0 |         0 |         0 |         0 |         0 |         0 |
|          Temperature [C]          |         42 |        39 |        40 |        38 |        42 |        42 |        43 |           45 |           42 |           45 |           44 |        45 |         40 |        44 |        43 |        45 |        49 |        46 |        47 |        47 |        44 |        47 |        45 |        41 |
|             Energy [J]            |  3520.2739 |         0 |         0 |         0 |         0 |         0 |         0 |            0 |            0 |            0 |            0 |         0 |  3558.6775 |         0 |         0 |         0 |         0 |         0 |         0 |         0 |         0 |         0 |         0 |         0 |
|             Power [W]             |    62.3933 |         0 |         0 |         0 |         0 |         0 |         0 |            0 |            0 |            0 |            0 |         0 |    63.0740 |         0 |         0 |         0 |         0 |         0 |         0 |         0 |         0 |         0 |         0 |         0 |
|           Energy PP0 [J]          |          0 |         0 |         0 |         0 |         0 |         0 |         0 |            0 |            0 |            0 |            0 |         0 |          0 |         0 |         0 |         0 |         0 |         0 |         0 |         0 |         0 |         0 |         0 |         0 |
|           Power PP0 [W]           |          0 |         0 |         0 |         0 |         0 |         0 |         0 |            0 |            0 |            0 |            0 |         0 |          0 |         0 |         0 |         0 |         0 |         0 |         0 |         0 |         0 |         0 |         0 |         0 |
|          Energy DRAM [J]          |   801.3644 |         0 |         0 |         0 |         0 |         0 |         0 |            0 |            0 |            0 |            0 |         0 |   624.3130 |         0 |         0 |         0 |         0 |         0 |         0 |         0 |         0 |         0 |         0 |         0 |
|           Power DRAM [W]          |    14.2034 |         0 |         0 |         0 |         0 |         0 |         0 |            0 |            0 |            0 |            0 |         0 |    11.0653 |         0 |         0 |         0 |         0 |         0 |         0 |         0 |         0 |         0 |         0 |         0 |
+-----------------------------------+------------+-----------+-----------+-----------+-----------+-----------+-----------+--------------+--------------+--------------+--------------+-----------+------------+-----------+-----------+-----------+-----------+-----------+-----------+-----------+-----------+-----------+-----------+-----------+
+----------------------------------------+------------+--------------+------------+-----------+
|                 Metric                 |     Sum    |      Min     |     Max    |    Avg    |
+----------------------------------------+------------+--------------+------------+-----------+
|        Runtime (RDTSC) [s] STAT        |  1354.0968 |      56.4207 |    56.4207 |   56.4207 |
|        Runtime unhalted [s] STAT       |   643.6866 |      18.4168 |    52.7871 |   26.8203 |
|            Clock [MHz] STAT            | 53566.9012 |    2177.8006 |  2282.8618 | 2231.9542 |
|                CPI STAT                |    14.6603 |       0.5044 |     0.8521 |    0.6108 |
|   Local DRAM data volume [GByte] STAT  |  1291.3725 |      23.6879 |   108.0776 |   53.8072 |
|   Local DRAM bandwidth [MByte/s] STAT  | 22888.2813 |     419.8446 |  1915.5661 |  953.6784 |
|  Remote DRAM data volume [GByte] STAT  |   159.6003 |       0.0008 |    26.5380 |    6.6500 |
|  Remote DRAM bandwidth [MByte/s] STAT  |  2828.7559 |       0.0142 |   470.3596 |  117.8648 |
|     Memory data volume [GByte] STAT    |  1450.9727 |      27.7360 |   108.0879 |   60.4572 |
|     Memory bandwidth [MByte/s] STAT    | 25717.0378 |     491.5934 |  1915.7492 | 1071.5432 |
|          L3 request rate STAT          |    64.0994 |       1.8015 |     3.3995 |    2.6708 |
|            L3 miss rate STAT           |    84.1308 |       0.0005 |    14.7701 |    3.5055 |
|           L3 miss ratio STAT           |     3.0990 | 8.843328e-06 |     0.4390 |    0.1291 |
|          L2 request rate STAT          |     2.1246 |       0.0274 |     0.1631 |    0.0885 |
|            L2 miss rate STAT           |     0.6451 |       0.0068 |     0.0485 |    0.0269 |
|           L2 miss ratio STAT           |     6.8075 |       0.2430 |     0.3317 |    0.2836 |
|  Memory read bandwidth [MBytes/s] STAT | 48497.7504 |            0 | 30215.7697 | 2020.7396 |
|  Memory read data volume [GBytes] STAT |  2736.2764 |            0 |  1704.7945 |  114.0115 |
| Memory write bandwidth [MBytes/s] STAT |  5108.7303 |            0 |  2892.2975 |  212.8638 |
| Memory write data volume [GBytes] STAT |   288.2381 |            0 |   163.1854 |   12.0099 |
|    Memory bandwidth [MBytes/s] STAT    | 53606.4807 |            0 | 33108.0672 | 2233.6034 |
|    Memory data volume [GBytes] STAT    |  3024.5145 |            0 |  1867.9799 |  126.0214 |
|          Temperature [C] STAT          |       1045 |           38 |         49 |   43.5417 |
|             Energy [J] STAT            |  7078.9514 |            0 |  3558.6775 |  294.9563 |
|             Power [W] STAT             |   125.4673 |            0 |    63.0740 |    5.2278 |
|           Energy PP0 [J] STAT          |          0 |            0 |          0 |         0 |
|           Power PP0 [W] STAT           |          0 |            0 |          0 |         0 |
|          Energy DRAM [J] STAT          |  1425.6774 |            0 |   801.3644 |   59.4032 |
|           Power DRAM [W] STAT          |    25.2687 |            0 |    14.2034 |    1.0529 |
+----------------------------------------+------------+--------------+------------+-----------+
