--------------------------------------------------------------------------------
CPU name:	Intel(R) Xeon(R) CPU E5-2670 v3 @ 2.30GHz
CPU type:	Intel Xeon Haswell EN/EP/EX processor
CPU clock:	2.30 GHz
--------------------------------------------------------------------------------
Group 1: POWERPERF
+--------------------------------+---------+---------------+---------------+---------------+---------------+---------------+---------------+---------------+---------------+---------------+---------------+---------------+---------------+---------------+---------------+---------------+---------------+---------------+---------------+---------------+---------------+---------------+---------------+---------------+---------------+
|              Event             | Counter |     Core 0    |     Core 1    |     Core 2    |     Core 3    |     Core 4    |     Core 5    |     Core 6    |     Core 7    |     Core 8    |     Core 9    |    Core 10    |    Core 11    |    Core 12    |    Core 13    |    Core 14    |    Core 15    |    Core 16    |    Core 17    |    Core 18    |    Core 19    |    Core 20    |    Core 21    |    Core 22    |    Core 23    |
+--------------------------------+---------+---------------+---------------+---------------+---------------+---------------+---------------+---------------+---------------+---------------+---------------+---------------+---------------+---------------+---------------+---------------+---------------+---------------+---------------+---------------+---------------+---------------+---------------+---------------+---------------+
|        INSTR_RETIRED_ANY       |  FIXC0  |  953845310608 |  954948543325 |  970724133954 |  949944220685 |  951798168402 |  950145565926 | 2023165298034 | 2028683735637 | 1613221043905 | 1597713872988 | 1598969298612 | 1566694318805 |  944176798214 |  944049181669 |  944612349351 |  944239876766 |  945978358516 |  945295234217 | 1557201699690 | 1543618319347 | 1512443272150 | 1482627637731 | 1448743914117 | 1447620278078 |
|      CPU_CLK_UNHALTED_CORE     |  FIXC1  |  881697950942 |  879203064846 |  908471449924 |  878514479946 |  877733597130 |  878448904440 |  905491099214 |  907592886112 |  907592231985 |  907386441557 |  907211412701 |  906765091922 |  879390786070 |  879162900169 |  879249014006 |  879556566213 |  879062261929 |  879382246999 |  905511583814 |  905830991723 |  905739414598 |  905610936065 |  905613090874 |  905411507868 |
|      CPU_CLK_UNHALTED_REF      |  FIXC2  |  881865181591 |  879394833241 |  908551266977 |  878731520187 |  877945001423 |  878653219907 |  905584304996 |  907849776959 |  907753995299 |  907502850502 |  907313454311 |  906852024102 |  879574092366 |  879361129662 |  879437561123 |  879744086125 |  879247283227 |  879564602750 |  905651931321 |  905961553549 |  905798038039 |  905686814340 |  905693954483 |  905420166071 |
|           FIXC1/FIXC0          |   CPI   |             0 |             0 |             0 |             0 |             0 |             0 |             0 |             0 |             0 |             0 |             0 |             0 |             0 |             0 |             0 |             0 |             0 |             0 |             0 |             0 |             0 |             0 |             0 |             0 |
|  OFFCORE_RESPONSE_0_LOCAL_DRAM |   PMC0  |   14808612598 |   14866358207 |   15094670503 |   14844748870 |   15102111585 |   14816570746 |     491498956 |     387536098 |     347644815 |     353629820 |     313918520 |     328207152 |   14691478770 |   14790298471 |   14756382169 |   14781293482 |   15043384008 |   15016708566 |     578265791 |     561060696 |     559191350 |     555498473 |     555297084 |     598908848 |
| OFFCORE_RESPONSE_1_REMOTE_DRAM |   PMC1  |       4086831 |        541521 |        505946 |        619139 |        618309 |     310074099 |     731628284 |     712091324 |     581972745 |     576654995 |     488628214 |     502185378 |      73485145 |       1789574 |       1804717 |       1867490 |       1795241 |       5378046 |     257778737 |     239190866 |     230780591 |     223244439 |     216344470 |     225279870 |
|  MEM_LOAD_UOPS_RETIRED_L3_ALL  |   PMC2  |    4352105710 |    4306397446 |    4258261139 |    4350614662 |    4243758919 |    4273790249 |     555618477 |     514460013 |     441333299 |     434514294 |     407890387 |     416357511 |    4335388335 |    4307472311 |    4316100145 |    4340003119 |    4255487586 |    4300784994 |     453606539 |     400551968 |     394920268 |     381100036 |     336518788 |     369442729 |
|  MEM_LOAD_UOPS_RETIRED_L3_MISS |   PMC3  |     923069287 |     929554038 |     925295157 |     932191762 |     939247361 |     950122627 |     233468074 |     200658869 |     172673114 |     169598173 |     163711324 |     175207277 |     931855161 |     929093473 |     926943538 |     924794223 |     938285611 |     949898068 |     197912837 |     174184321 |     166026890 |     158182268 |     150832856 |     167371750 |
|      L2_TRANS_ALL_REQUESTS     |   PMC4  |  174835673954 |  174829649623 |  174570754187 |  174988677397 |  174842211728 |  174835975217 |   52872114689 |   51577140839 |   39893146747 |   40041482544 |   38248276581 |   37978769975 |  174892345673 |  175261266272 |  175130490441 |  174836577112 |  174965048296 |  175387533456 |   36465566560 |   35843137572 |   35362414387 |   34580066085 |   33170706168 |   33435401693 |
|          L2_RQSTS_MISS         |   PMC5  |   60533054909 |   60424416097 |   60058886452 |   60378811269 |   59926518499 |   59906153062 |    6235154147 |    5870301436 |    4495393683 |    4508912322 |    4189585233 |    4370056952 |   60540250263 |   60457343466 |   60444403528 |   60515196153 |   60087071076 |   60022768227 |    4263886532 |    4064645944 |    4046189583 |    3985029683 |    3809313559 |    3994603422 |
|        UOPS_RETIRED_ALL        |   PMC6  | 1153404162018 | 1155840914405 | 1168860355788 | 1149320270343 | 1153063933795 | 1149753853580 | 2459373464355 | 2472297711707 | 2044181164051 | 2028125185179 | 2034190602396 | 1999518343194 | 1137750528299 | 1137530476666 | 1138693871987 | 1137948765715 | 1141422330434 | 1140080426728 | 1995648911799 | 1983397259658 | 1950980118755 | 1921196390322 | 1887074795854 | 1884705035044 |
|            TEMP_CORE           |   TMP0  |            44 |            41 |            41 |            42 |            41 |            44 |            47 |            45 |            44 |            45 |            42 |            43 |            44 |            43 |            43 |            45 |            47 |            44 |            46 |            50 |            50 |            48 |            48 |            49 |
|         PWR_PKG_ENERGY         |   PWR0  |    38053.5379 |             0 |             0 |             0 |             0 |             0 |             0 |             0 |             0 |             0 |             0 |             0 |  3.444247e+06 |             0 |             0 |             0 |             0 |             0 |             0 |             0 |             0 |             0 |             0 |             0 |
|         PWR_PP0_ENERGY         |   PWR1  |             0 |             0 |             0 |             0 |             0 |             0 |             0 |             0 |             0 |             0 |             0 |             0 |             0 |             0 |             0 |             0 |             0 |             0 |             0 |             0 |             0 |             0 |             0 |             0 |
|         PWR_DRAM_ENERGY        |   PWR3  |   269418.1054 |             0 |             0 |             0 |             0 |             0 |             0 |             0 |             0 |             0 |             0 |             0 |     6897.7457 |             0 |             0 |             0 |             0 |             0 |             0 |             0 |             0 |             0 |             0 |             0 |
|          CAS_COUNT_RD          | MBOX0C0 |   47267342531 |             0 |             0 |             0 |             0 |             0 |             0 |             0 |             0 |             0 |             0 |             0 |   48796259728 |             0 |             0 |             0 |             0 |             0 |             0 |             0 |             0 |             0 |             0 |             0 |
|          CAS_COUNT_WR          | MBOX0C1 |   14779312786 |             0 |             0 |             0 |             0 |             0 |             0 |             0 |             0 |             0 |             0 |             0 |   15548291108 |             0 |             0 |             0 |             0 |             0 |             0 |             0 |             0 |             0 |             0 |             0 |
|          CAS_COUNT_RD          | MBOX1C0 |   47286912091 |             0 |             0 |             0 |             0 |             0 |             0 |             0 |             0 |             0 |             0 |             0 |   48823187439 |             0 |             0 |             0 |             0 |             0 |             0 |             0 |             0 |             0 |             0 |             0 |
|          CAS_COUNT_WR          | MBOX1C1 |   14801828858 |             0 |             0 |             0 |             0 |             0 |             0 |             0 |             0 |             0 |             0 |             0 |   15571910094 |             0 |             0 |             0 |             0 |             0 |             0 |             0 |             0 |             0 |             0 |             0 |
|          CAS_COUNT_RD          | MBOX2C0 |             0 |             0 |             0 |             0 |             0 |             0 |             0 |             0 |             0 |             0 |             0 |             0 |             0 |             0 |             0 |             0 |             0 |             0 |             0 |             0 |             0 |             0 |             0 |             0 |
|          CAS_COUNT_WR          | MBOX2C1 |             0 |             0 |             0 |             0 |             0 |             0 |             0 |             0 |             0 |             0 |             0 |             0 |             0 |             0 |             0 |             0 |             0 |             0 |             0 |             0 |             0 |             0 |             0 |             0 |
|          CAS_COUNT_RD          | MBOX3C0 |             0 |             0 |             0 |             0 |             0 |             0 |             0 |             0 |             0 |             0 |             0 |             0 |             0 |             0 |             0 |             0 |             0 |             0 |             0 |             0 |             0 |             0 |             0 |             0 |
|          CAS_COUNT_WR          | MBOX3C1 |             0 |             0 |             0 |             0 |             0 |             0 |             0 |             0 |             0 |             0 |             0 |             0 |             0 |             0 |             0 |             0 |             0 |             0 |             0 |             0 |             0 |             0 |             0 |             0 |
|          CAS_COUNT_RD          | MBOX4C0 |   47262519460 |             0 |             0 |             0 |             0 |             0 |             0 |             0 |             0 |             0 |             0 |             0 |   48794757106 |             0 |             0 |             0 |             0 |             0 |             0 |             0 |             0 |             0 |             0 |             0 |
|          CAS_COUNT_WR          | MBOX4C1 |   14783326462 |             0 |             0 |             0 |             0 |             0 |             0 |             0 |             0 |             0 |             0 |             0 |   15554917371 |             0 |             0 |             0 |             0 |             0 |             0 |             0 |             0 |             0 |             0 |             0 |
|          CAS_COUNT_RD          | MBOX5C0 |   47274352523 |             0 |             0 |             0 |             0 |             0 |             0 |             0 |             0 |             0 |             0 |             0 |   48821948207 |             0 |             0 |             0 |             0 |             0 |             0 |             0 |             0 |             0 |             0 |             0 |
|          CAS_COUNT_WR          | MBOX5C1 |   14808126819 |             0 |             0 |             0 |             0 |             0 |             0 |             0 |             0 |             0 |             0 |             0 |   15578696802 |             0 |             0 |             0 |             0 |             0 |             0 |             0 |             0 |             0 |             0 |             0 |
|          CAS_COUNT_RD          | MBOX6C0 |             0 |             0 |             0 |             0 |             0 |             0 |             0 |             0 |             0 |             0 |             0 |             0 |             0 |             0 |             0 |             0 |             0 |             0 |             0 |             0 |             0 |             0 |             0 |             0 |
|          CAS_COUNT_WR          | MBOX6C1 |             0 |             0 |             0 |             0 |             0 |             0 |             0 |             0 |             0 |             0 |             0 |             0 |             0 |             0 |             0 |             0 |             0 |             0 |             0 |             0 |             0 |             0 |             0 |             0 |
|          CAS_COUNT_RD          | MBOX7C0 |             0 |             0 |             0 |             0 |             0 |             0 |             0 |             0 |             0 |             0 |             0 |             0 |             0 |             0 |             0 |             0 |             0 |             0 |             0 |             0 |             0 |             0 |             0 |             0 |
|          CAS_COUNT_WR          | MBOX7C1 |             0 |             0 |             0 |             0 |             0 |             0 |             0 |             0 |             0 |             0 |             0 |             0 |             0 |             0 |             0 |             0 |             0 |             0 |             0 |             0 |             0 |             0 |             0 |             0 |
+--------------------------------+---------+---------------+---------------+---------------+---------------+---------------+---------------+---------------+---------------+---------------+---------------+---------------+---------------+---------------+---------------+---------------+---------------+---------------+---------------+---------------+---------------+---------------+---------------+---------------+---------------+
+-------------------------------------+---------+----------------+---------------+---------------+---------------+
|                Event                | Counter |       Sum      |      Min      |      Max      |      Avg      |
+-------------------------------------+---------+----------------+---------------+---------------+---------------+
|        INSTR_RETIRED_ANY STAT       |  FIXC0  | 30820460430727 |  944049181669 | 2028683735637 |  1.284186e+12 |
|      CPU_CLK_UNHALTED_CORE STAT     |  FIXC1  | 21455629911047 |  877733597130 |  908471449924 |  8.939846e+11 |
|      CPU_CLK_UNHALTED_REF STAT      |  FIXC2  | 21459138642551 |  877945001423 |  908551266977 |  8.941308e+11 |
|           FIXC1/FIXC0 STAT          |   CPI   |              0 |             0 |             0 |             0 |
|  OFFCORE_RESPONSE_0_LOCAL_DRAM STAT |   PMC0  |   184243275578 |     313918520 |   15102111585 |  7.676803e+09 |
| OFFCORE_RESPONSE_1_REMOTE_DRAM STAT |   PMC1  |     5388345971 |        505946 |     731628284 |  2.245144e+08 |
|  MEM_LOAD_UOPS_RETIRED_L3_ALL STAT  |   PMC2  |    56746478924 |     336518788 |    4352105710 |  2.364437e+09 |
|  MEM_LOAD_UOPS_RETIRED_L3_MISS STAT |   PMC3  |    13330178059 |     150832856 |     950122627 |  5.554241e+08 |
|      L2_TRANS_ALL_REQUESTS STAT     |   PMC4  |  2568844427196 |   33170706168 |  175387533456 |  1.070352e+11 |
|          L2_RQSTS_MISS STAT         |   PMC5  |   777127945497 |    3809313559 |   60540250263 |  3.238033e+10 |
|        UOPS_RETIRED_ALL STAT        |   PMC6  | 38424358872072 | 1137530476666 | 2472297711707 | 1601014953003 |
|            TEMP_CORE STAT           |   TMP0  |           1076 |            41 |            50 |       44.8333 |
|         PWR_PKG_ENERGY STAT         |   PWR0  |   3.482301e+06 |             0 |       3444247 |   145095.8557 |
|         PWR_PP0_ENERGY STAT         |   PWR1  |              0 |             0 |             0 |             0 |
|         PWR_DRAM_ENERGY STAT        |   PWR3  |    276315.8511 |             0 |   269418.1054 |    11513.1605 |
|          CAS_COUNT_RD STAT          | MBOX0C0 |    96063602259 |             0 |   48796259728 |  4.002650e+09 |
|          CAS_COUNT_WR STAT          | MBOX0C1 |    30327603894 |             0 |   15548291108 |  1.263650e+09 |
|          CAS_COUNT_RD STAT          | MBOX1C0 |    96110099530 |             0 |   48823187439 |  4.004587e+09 |
|          CAS_COUNT_WR STAT          | MBOX1C1 |    30373738952 |             0 |   15571910094 |  1.265572e+09 |
|          CAS_COUNT_RD STAT          | MBOX2C0 |              0 |             0 |             0 |             0 |
|          CAS_COUNT_WR STAT          | MBOX2C1 |              0 |             0 |             0 |             0 |
|          CAS_COUNT_RD STAT          | MBOX3C0 |              0 |             0 |             0 |             0 |
|          CAS_COUNT_WR STAT          | MBOX3C1 |              0 |             0 |             0 |             0 |
|          CAS_COUNT_RD STAT          | MBOX4C0 |    96057276566 |             0 |   48794757106 |  4.002387e+09 |
|          CAS_COUNT_WR STAT          | MBOX4C1 |    30338243833 |             0 |   15554917371 |  1.264093e+09 |
|          CAS_COUNT_RD STAT          | MBOX5C0 |    96096300730 |             0 |   48821948207 |  4.004013e+09 |
|          CAS_COUNT_WR STAT          | MBOX5C1 |    30386823621 |             0 |   15578696802 |  1.266118e+09 |
|          CAS_COUNT_RD STAT          | MBOX6C0 |              0 |             0 |             0 |             0 |
|          CAS_COUNT_WR STAT          | MBOX6C1 |              0 |             0 |             0 |             0 |
|          CAS_COUNT_RD STAT          | MBOX7C0 |              0 |             0 |             0 |             0 |
|          CAS_COUNT_WR STAT          | MBOX7C1 |              0 |             0 |             0 |             0 |
+-------------------------------------+---------+----------------+---------------+---------------+---------------+
+-----------------------------------+-------------+--------------+--------------+--------------+--------------+-----------+-----------+-----------+-----------+-----------+-----------+-----------+--------------+-----------+-----------+-----------+-----------+-----------+-----------+-----------+-----------+-----------+-----------+-----------+
|               Metric              |    Core 0   |    Core 1    |    Core 2    |    Core 3    |    Core 4    |   Core 5  |   Core 6  |   Core 7  |   Core 8  |   Core 9  |  Core 10  |  Core 11  |    Core 12   |  Core 13  |  Core 14  |  Core 15  |  Core 16  |  Core 17  |  Core 18  |  Core 19  |  Core 20  |  Core 21  |  Core 22  |  Core 23  |
+-----------------------------------+-------------+--------------+--------------+--------------+--------------+-----------+-----------+-----------+-----------+-----------+-----------+-----------+--------------+-----------+-----------+-----------+-----------+-----------+-----------+-----------+-----------+-----------+-----------+-----------+
|        Runtime (RDTSC) [s]        |    399.6840 |     399.6840 |     399.6840 |     399.6840 |     399.6840 |  399.6840 |  399.6840 |  399.6840 |  399.6840 |  399.6840 |  399.6840 |  399.6840 |     399.6840 |  399.6840 |  399.6840 |  399.6840 |  399.6840 |  399.6840 |  399.6840 |  399.6840 |  399.6840 |  399.6840 |  399.6840 |  399.6840 |
|        Runtime unhalted [s]       |    383.3479 |     382.2632 |     394.9886 |     381.9638 |     381.6243 |  381.9353 |  393.6928 |  394.6066 |  394.6063 |  394.5169 |  394.4408 |  394.2467 |     382.3448 |  382.2457 |  382.2832 |  382.4169 |  382.2020 |  382.3411 |  393.7017 |  393.8406 |  393.8008 |  393.7449 |  393.7458 |  393.6582 |
|            Clock [MHz]            |   2299.5579 |    2299.4925 |    2299.7920 |    2299.4260 |    2299.4402 | 2299.4592 | 2299.7573 | 2299.3432 | 2299.5842 | 2299.6990 | 2299.7354 | 2299.7736 |    2299.5147 | 2299.4756 | 2299.5010 | 2299.5038 | 2299.5101 | 2299.5172 | 2299.6376 | 2299.6626 | 2299.8452 | 2299.8014 | 2299.7887 | 2299.9721 |
|                CPI                |      0.9244 |       0.9207 |       0.9359 |       0.9248 |       0.9222 |    0.9245 |    0.4476 |    0.4474 |    0.5626 |    0.5679 |    0.5674 |    0.5788 |       0.9314 |    0.9313 |    0.9308 |    0.9315 |    0.9293 |    0.9303 |    0.5815 |    0.5868 |    0.5989 |    0.6108 |    0.6251 |    0.6254 |
|   Local DRAM data volume [GByte]  |    947.7512 |     951.4469 |     966.0589 |     950.0639 |     966.5351 |  948.2605 |   31.4559 |   24.8023 |   22.2493 |   22.6323 |   20.0908 |   21.0053 |     940.2546 |  946.5791 |  944.4085 |  946.0028 |  962.7766 |  961.0693 |   37.0090 |   35.9079 |   35.7882 |   35.5519 |   35.5390 |   38.3302 |
|   Local DRAM bandwidth [MByte/s]  |   2371.2513 |    2380.4979 |    2417.0568 |    2377.0377 |    2418.2483 | 2372.5256 |   78.7020 |   62.0548 |   55.6671 |   56.6255 |   50.2667 |   52.5547 |    2352.4951 | 2368.3187 | 2362.8878 | 2366.8768 | 2408.8444 | 2404.5730 |   92.5957 |   89.8407 |   89.5414 |   88.9500 |   88.9178 |   95.9012 |
|  Remote DRAM data volume [GByte]  |      0.2616 |       0.0347 |       0.0324 |       0.0396 |       0.0396 |   19.8447 |   46.8242 |   45.5738 |   37.2463 |   36.9059 |   31.2722 |   32.1399 |       4.7030 |    0.1145 |    0.1155 |    0.1195 |    0.1149 |    0.3442 |   16.4978 |   15.3082 |   14.7700 |   14.2876 |   13.8460 |   14.4179 |
|  Remote DRAM bandwidth [MByte/s]  |      0.6544 |       0.0867 |       0.0810 |       0.0991 |       0.0990 |   49.6511 |  117.1531 |  114.0247 |   93.1893 |   92.3377 |   78.2423 |   80.4132 |      11.7669 |    0.2866 |    0.2890 |    0.2990 |    0.2875 |    0.8612 |   41.2772 |   38.3008 |   36.9541 |   35.7474 |   34.6425 |   36.0733 |
|     Memory data volume [GByte]    |    948.0128 |     951.4816 |     966.0913 |     950.1036 |     966.5747 |  968.1053 |   78.2801 |   70.3762 |   59.4955 |   59.5382 |   51.3630 |   53.1451 |     944.9577 |  946.6936 |  944.5240 |  946.1223 |  962.8915 |  961.4135 |   53.5068 |   51.2161 |   50.5582 |   49.8395 |   49.3851 |   52.7481 |
|     Memory bandwidth [MByte/s]    |   2371.9057 |    2380.5846 |    2417.1378 |    2377.1368 |    2418.3473 | 2422.1767 |  195.8551 |  176.0795 |  148.8564 |  148.9633 |  128.5090 |  132.9679 |    2364.2620 | 2368.6053 | 2363.1768 | 2367.1758 | 2409.1319 | 2405.4342 |  133.8729 |  128.1415 |  126.4954 |  124.6974 |  123.5603 |  131.9745 |
|          L3 request rate          |      4.7148 |       4.6328 |       4.6021 |       4.6671 |       4.5183 |    4.4981 |    2.3798 |    2.5639 |    2.5559 |    2.5620 |    2.4915 |    2.3764 |       4.6524 |    4.6362 |    4.6563 |    4.6929 |    4.5354 |    4.5276 |    2.2920 |    2.2996 |    2.3787 |    2.4092 |    2.2311 |    2.2073 |
|            L3 miss rate           |      0.0009 |       0.0001 |       0.0001 |       0.0001 |       0.0001 |    0.0726 |    1.3168 |    1.3842 |    1.3187 |    1.3271 |    1.1979 |    1.2061 |       0.0170 |    0.0004 |    0.0004 |    0.0004 |    0.0004 |    0.0013 |    0.5683 |    0.5972 |    0.5844 |    0.5858 |    0.6429 |    0.6098 |
|           L3 miss ratio           |      0.0003 | 3.642594e-05 | 3.351819e-05 | 4.170761e-05 | 4.094189e-05 |    0.0209 |    1.4886 |    1.8375 |    1.6740 |    1.6307 |    1.5565 |    1.5301 |       0.0050 |    0.0001 |    0.0001 |    0.0001 |    0.0001 |    0.0004 |    0.4458 |    0.4263 |    0.4127 |    0.4019 |    0.3896 |    0.3762 |
|          L2 request rate          |      0.1833 |       0.1831 |       0.1798 |       0.1842 |       0.1837 |    0.1840 |    0.0261 |    0.0254 |    0.0247 |    0.0251 |    0.0239 |    0.0242 |       0.1852 |    0.1856 |    0.1854 |    0.1852 |    0.1850 |    0.1855 |    0.0234 |    0.0232 |    0.0234 |    0.0233 |    0.0229 |    0.0231 |
|            L2 miss rate           |      0.0635 |       0.0633 |       0.0619 |       0.0636 |       0.0630 |    0.0630 |    0.0031 |    0.0029 |    0.0028 |    0.0028 |    0.0026 |    0.0028 |       0.0641 |    0.0640 |    0.0640 |    0.0641 |    0.0635 |    0.0635 |    0.0027 |    0.0026 |    0.0027 |    0.0027 |    0.0026 |    0.0028 |
|           L2 miss ratio           |      0.3462 |       0.3456 |       0.3440 |       0.3450 |       0.3427 |    0.3426 |    0.1179 |    0.1138 |    0.1127 |    0.1126 |    0.1095 |    0.1151 |       0.3462 |    0.3450 |    0.3451 |    0.3461 |    0.3434 |    0.3422 |    0.1169 |    0.1134 |    0.1144 |    0.1152 |    0.1148 |    0.1195 |
|  Memory read bandwidth [MBytes/s] |  30278.5005 |            0 |            0 |            0 |            0 |         0 |         0 |         0 |         0 |         0 |         0 |         0 |   31262.4820 |         0 |         0 |         0 |         0 |         0 |         0 |         0 |         0 |         0 |         0 |         0 |
|  Memory read data volume [GBytes] |  12101.8321 |            0 |            0 |            0 |            0 |         0 |         0 |         0 |         0 |         0 |         0 |         0 |   12495.1138 |         0 |         0 |         0 |         0 |         0 |         0 |         0 |         0 |         0 |         0 |         0 |
| Memory write bandwidth [MBytes/s] |   9475.1006 |            0 |            0 |            0 |            0 |         0 |         0 |         0 |         0 |         0 |         0 |         0 |    9968.4856 |         0 |         0 |         0 |         0 |         0 |         0 |         0 |         0 |         0 |         0 |         0 |
| Memory write data volume [GBytes] |   3787.0461 |            0 |            0 |            0 |            0 |         0 |         0 |         0 |         0 |         0 |         0 |         0 |    3984.2442 |         0 |         0 |         0 |         0 |         0 |         0 |         0 |         0 |         0 |         0 |         0 |
|    Memory bandwidth [MBytes/s]    |  39753.6011 |            0 |            0 |            0 |            0 |         0 |         0 |         0 |         0 |         0 |         0 |         0 |   41230.9677 |         0 |         0 |         0 |         0 |         0 |         0 |         0 |         0 |         0 |         0 |         0 |
|    Memory data volume [GBytes]    |  15888.8782 |            0 |            0 |            0 |            0 |         0 |         0 |         0 |         0 |         0 |         0 |         0 |   16479.3579 |         0 |         0 |         0 |         0 |         0 |         0 |         0 |         0 |         0 |         0 |         0 |
|          Temperature [C]          |          44 |           41 |           41 |           42 |           41 |        44 |        47 |        45 |        44 |        45 |        42 |        43 |           44 |        43 |        43 |        45 |        47 |        44 |        46 |        50 |        50 |        48 |        48 |        49 |
|             Energy [J]            |  38053.5379 |            0 |            0 |            0 |            0 |         0 |         0 |         0 |         0 |         0 |         0 |         0 | 3.444247e+06 |         0 |         0 |         0 |         0 |         0 |         0 |         0 |         0 |         0 |         0 |         0 |
|             Power [W]             |     95.2091 |            0 |            0 |            0 |            0 |         0 |         0 |         0 |         0 |         0 |         0 |         0 |    8617.4248 |         0 |         0 |         0 |         0 |         0 |         0 |         0 |         0 |         0 |         0 |         0 |
|           Energy PP0 [J]          |           0 |            0 |            0 |            0 |            0 |         0 |         0 |         0 |         0 |         0 |         0 |         0 |            0 |         0 |         0 |         0 |         0 |         0 |         0 |         0 |         0 |         0 |         0 |         0 |
|           Power PP0 [W]           |           0 |            0 |            0 |            0 |            0 |         0 |         0 |         0 |         0 |         0 |         0 |         0 |            0 |         0 |         0 |         0 |         0 |         0 |         0 |         0 |         0 |         0 |         0 |         0 |
|          Energy DRAM [J]          | 269418.1054 |            0 |            0 |            0 |            0 |         0 |         0 |         0 |         0 |         0 |         0 |         0 |    6897.7457 |         0 |         0 |         0 |         0 |         0 |         0 |         0 |         0 |         0 |         0 |         0 |
|           Power DRAM [W]          |    674.0778 |            0 |            0 |            0 |            0 |         0 |         0 |         0 |         0 |         0 |         0 |         0 |      17.2580 |         0 |         0 |         0 |         0 |         0 |         0 |         0 |         0 |         0 |         0 |         0 |
+-----------------------------------+-------------+--------------+--------------+--------------+--------------+-----------+-----------+-----------+-----------+-----------+-----------+-----------+--------------+-----------+-----------+-----------+-----------+-----------+-----------+-----------+-----------+-----------+-----------+-----------+
+----------------------------------------+--------------+--------------+-------------+-------------+
|                 Metric                 |      Sum     |      Min     |     Max     |     Avg     |
+----------------------------------------+--------------+--------------+-------------+-------------+
|        Runtime (RDTSC) [s] STAT        |    9592.4160 |     399.6840 |    399.6840 |    399.6840 |
|        Runtime unhalted [s] STAT       |    9328.5589 |     381.6243 |    394.9886 |    388.6900 |
|            Clock [MHz] STAT            |   55190.7905 |    2299.3432 |   2299.9721 |   2299.6163 |
|                CPI STAT                |      17.9373 |       0.4474 |      0.9359 |      0.7474 |
|   Local DRAM data volume [GByte] STAT  |   11791.5695 |      20.0908 |    966.5351 |    491.3154 |
|   Local DRAM bandwidth [MByte/s] STAT  |   29502.2310 |      50.2667 |   2418.2483 |   1229.2596 |
|  Remote DRAM data volume [GByte] STAT  |     344.8540 |       0.0324 |     46.8242 |     14.3689 |
|  Remote DRAM bandwidth [MByte/s] STAT  |     862.8171 |       0.0810 |    117.1531 |     35.9507 |
|     Memory data volume [GByte] STAT    |   12136.4238 |      49.3851 |    968.1053 |    505.6843 |
|     Memory bandwidth [MByte/s] STAT    |   30365.0481 |     123.5603 |   2422.1767 |   1265.2103 |
|          L3 request rate STAT          |      84.0814 |       2.2073 |      4.7148 |      3.5034 |
|            L3 miss rate STAT           |      11.4330 |       0.0001 |      1.3842 |      0.4764 |
|           L3 miss ratio STAT           |      12.1971 | 3.351819e-05 |      1.8375 |      0.5082 |
|          L2 request rate STAT          |       2.4987 |       0.0229 |      0.1856 |      0.1041 |
|            L2 miss rate STAT           |       0.7946 |       0.0026 |      0.0641 |      0.0331 |
|           L2 miss ratio STAT           |       5.5099 |       0.1095 |      0.3462 |      0.2296 |
|  Memory read bandwidth [MBytes/s] STAT |   61540.9825 |            0 |  31262.4820 |   2564.2076 |
|  Memory read data volume [GBytes] STAT |   24596.9459 |            0 |  12495.1138 |   1024.8727 |
| Memory write bandwidth [MBytes/s] STAT |   19443.5862 |            0 |   9968.4856 |    810.1494 |
| Memory write data volume [GBytes] STAT |    7771.2903 |            0 |   3984.2442 |    323.8038 |
|    Memory bandwidth [MBytes/s] STAT    |   80984.5688 |            0 |  41230.9677 |   3374.3570 |
|    Memory data volume [GBytes] STAT    |   32368.2361 |            0 |  16479.3579 |   1348.6765 |
|          Temperature [C] STAT          |         1076 |           41 |          50 |     44.8333 |
|             Energy [J] STAT            | 3.482301e+06 |            0 |     3444247 | 145095.8557 |
|             Power [W] STAT             |    8712.6339 |            0 |   8617.4248 |    363.0264 |
|           Energy PP0 [J] STAT          |            0 |            0 |           0 |           0 |
|           Power PP0 [W] STAT           |            0 |            0 |           0 |           0 |
|          Energy DRAM [J] STAT          |  276315.8511 |            0 | 269418.1054 |  11513.1605 |
|           Power DRAM [W] STAT          |     691.3358 |            0 |    674.0778 |     28.8057 |
+----------------------------------------+--------------+--------------+-------------+-------------+
