--------------------------------------------------------------------------------
CPU name:	Intel(R) Xeon(R) CPU E5-2670 v3 @ 2.30GHz
CPU type:	Intel Xeon Haswell EN/EP/EX processor
CPU clock:	2.30 GHz
--------------------------------------------------------------------------------
Group 1: POWERPERF
+--------------------------------+---------+---------------+---------------+---------------+---------------+---------------+---------------+---------------+---------------+---------------+---------------+---------------+---------------+---------------+---------------+---------------+---------------+---------------+---------------+---------------+---------------+---------------+---------------+---------------+---------------+
|              Event             | Counter |     Core 0    |     Core 1    |     Core 2    |     Core 3    |     Core 4    |     Core 5    |     Core 6    |     Core 7    |     Core 8    |     Core 9    |    Core 10    |    Core 11    |    Core 12    |    Core 13    |    Core 14    |    Core 15    |    Core 16    |    Core 17    |    Core 18    |    Core 19    |    Core 20    |    Core 21    |    Core 22    |    Core 23    |
+--------------------------------+---------+---------------+---------------+---------------+---------------+---------------+---------------+---------------+---------------+---------------+---------------+---------------+---------------+---------------+---------------+---------------+---------------+---------------+---------------+---------------+---------------+---------------+---------------+---------------+---------------+
|        INSTR_RETIRED_ANY       |  FIXC0  |  950167624257 |  951476463894 |  968493053406 |  947860500563 |  950674175440 |  950849025719 |  842365377175 |  841680535197 |  836853677707 |  839593434079 |  838714776700 |  836849611720 |  946559108142 |  947579939742 |  947208590227 |  946919327179 |  950212064789 |  950025754095 |  842031130476 |  839442810009 |  833346739658 |  835758126578 |  837029763341 |  835916073898 |
|      CPU_CLK_UNHALTED_CORE     |  FIXC1  | 1318594072830 | 1319308428889 | 1341145748639 | 1316599598901 | 1315067296233 | 1314714675553 | 1337609885887 | 1328973179770 | 1328998341553 | 1329385688523 | 1329256787500 | 1329277400585 | 1314352587961 | 1314944932591 | 1314970476750 | 1314886868855 | 1312834689412 | 1313141053456 | 1329246938632 | 1329573578876 | 1329516496718 | 1329683823206 | 1329867700138 | 1329739761903 |
|      CPU_CLK_UNHALTED_REF      |  FIXC2  | 1318745909778 | 1319468905509 | 1341225609850 | 1316769873541 | 1315239441466 | 1314894969178 | 1337609431814 | 1329390296668 | 1329369005867 | 1329788933565 | 1329648374815 | 1329675783961 | 1314522527073 | 1315099797196 | 1315127142448 | 1315041053034 | 1312989460210 | 1313261180784 | 1329557154469 | 1329773405069 | 1329711673023 | 1329883279749 | 1330071776548 | 1329926430463 |
|           FIXC1/FIXC0          |   CPI   |             0 |             0 |             0 |             0 |             0 |             0 |             0 |             0 |             0 |             0 |             0 |             0 |             0 |             0 |             0 |             0 |             0 |             0 |             0 |             0 |             0 |             0 |             0 |             0 |
|  OFFCORE_RESPONSE_0_LOCAL_DRAM |   PMC0  |   11876780204 |   11896347010 |   12119641596 |   11808497361 |   11915775075 |   11682684788 |   11882749814 |   11715883625 |   11489267868 |   11566278932 |   11492287859 |   10805277369 |   11719782791 |   11771873416 |   11767605997 |   11787083075 |   11889887416 |   11868716131 |   10939030353 |   11628938861 |   11379358234 |   11436801750 |   11439637838 |   11445652357 |
| OFFCORE_RESPONSE_1_REMOTE_DRAM |   PMC1  |       7539531 |        740733 |        705007 |        706172 |        664988 |     256190890 |      43825655 |        870722 |        783532 |        794408 |        856532 |     622895603 |      50274145 |       3137378 |       3672635 |       2409297 |       2627707 |       5695675 |     645746719 |      36324632 |      35693237 |      35775316 |      35811444 |      41477213 |
|  MEM_LOAD_UOPS_RETIRED_L3_ALL  |   PMC2  |    4947999558 |    4918145671 |    4883067482 |    4959598349 |    4908035363 |    4888279202 |   10268075723 |   10371557356 |   10422769094 |   10417509656 |   10416694425 |   10419921375 |    4951104313 |    4933371208 |    4941705155 |    4954484159 |    4909245148 |    4928418967 |   10434993769 |   10361055063 |   10446705861 |   10420426491 |   10408075712 |   10448740122 |
|  MEM_LOAD_UOPS_RETIRED_L3_MISS |   PMC3  |     823364676 |     818379982 |     811699108 |     820861016 |     820499994 |     820492486 |    2287566967 |    2318560648 |    2263559664 |    2306326995 |    2287327921 |    2262012079 |     821074606 |     821457562 |     822214943 |     817374353 |     822347220 |     828419378 |    2309886168 |    2324358970 |    2269652774 |    2284854026 |    2279168070 |    2283661992 |
|      L2_TRANS_ALL_REQUESTS     |   PMC4  |  194453711607 |  193824366047 |  193435463472 |  194104305044 |  193779288739 |  193259148208 |  256985662308 |  255240388693 |  255278801988 |  256300215705 |  255066812550 |  252178206128 |  193580281511 |  193835784042 |  193982241730 |  193473582581 |  193288642792 |  193504180542 |  253486287574 |  255650986529 |  255019718985 |  255314689119 |  255500825334 |  255606470995 |
|          L2_RQSTS_MISS         |   PMC5  |   65143878858 |   65020325114 |   64678912618 |   65107144167 |   64867013140 |   64852791113 |   58299826604 |   57392515806 |   57682687332 |   57577356158 |   57453226925 |   57549388599 |   65163617797 |   65140922937 |   65096354145 |   65166851348 |   64972537441 |   64920442822 |   57348739129 |   57239834846 |   57550596587 |   57481590831 |   57481677047 |   57567755254 |
|        UOPS_RETIRED_ALL        |   PMC6  | 1148320026111 | 1151167329106 | 1166712593602 | 1147412726598 | 1153082434333 | 1153423223234 | 1111963802621 | 1116749643027 | 1107162709842 | 1112554946617 | 1112516614561 | 1108770408529 | 1144834274399 | 1146850546978 | 1146101647815 | 1145576030187 | 1152148051525 | 1151803117555 | 1119190898453 | 1114090297451 | 1101829888581 | 1106648863764 | 1109195138830 | 1106931735342 |
|            TEMP_CORE           |   TMP0  |            46 |            45 |            43 |            43 |            46 |            45 |            49 |            47 |            44 |            46 |            44 |            45 |            45 |            44 |            45 |            47 |            50 |            48 |            51 |            52 |            52 |            50 |            51 |            51 |
|         PWR_PKG_ENERGY         |   PWR0  |    61037.1934 |             0 |             0 |             0 |             0 |             0 |             0 |             0 |             0 |             0 |             0 |             0 |    58549.9279 |             0 |             0 |             0 |             0 |             0 |             0 |             0 |             0 |             0 |             0 |             0 |
|         PWR_PP0_ENERGY         |   PWR1  |             0 |             0 |             0 |             0 |             0 |             0 |             0 |             0 |             0 |             0 |             0 |             0 |             0 |             0 |             0 |             0 |             0 |             0 |             0 |             0 |             0 |             0 |             0 |             0 |
|         PWR_DRAM_ENERGY        |   PWR3  |    11523.6495 |             0 |             0 |             0 |             0 |             0 |             0 |             0 |             0 |             0 |             0 |             0 |    11828.9548 |             0 |             0 |             0 |             0 |             0 |             0 |             0 |             0 |             0 |             0 |             0 |
|          CAS_COUNT_RD          | MBOX0C0 |   95482093711 |             0 |             0 |             0 |             0 |             0 |             0 |             0 |             0 |             0 |             0 |             0 |   94994617327 |             0 |             0 |             0 |             0 |             0 |             0 |             0 |             0 |             0 |             0 |             0 |
|          CAS_COUNT_WR          | MBOX0C1 |   33832557531 |             0 |             0 |             0 |             0 |             0 |             0 |             0 |             0 |             0 |             0 |             0 |   33818696910 |             0 |             0 |             0 |             0 |             0 |             0 |             0 |             0 |             0 |             0 |             0 |
|          CAS_COUNT_RD          | MBOX1C0 |   95504083004 |             0 |             0 |             0 |             0 |             0 |             0 |             0 |             0 |             0 |             0 |             0 |   95031085805 |             0 |             0 |             0 |             0 |             0 |             0 |             0 |             0 |             0 |             0 |             0 |
|          CAS_COUNT_WR          | MBOX1C1 |   33870500590 |             0 |             0 |             0 |             0 |             0 |             0 |             0 |             0 |             0 |             0 |             0 |   33853062258 |             0 |             0 |             0 |             0 |             0 |             0 |             0 |             0 |             0 |             0 |             0 |
|          CAS_COUNT_RD          | MBOX2C0 |             0 |             0 |             0 |             0 |             0 |             0 |             0 |             0 |             0 |             0 |             0 |             0 |             0 |             0 |             0 |             0 |             0 |             0 |             0 |             0 |             0 |             0 |             0 |             0 |
|          CAS_COUNT_WR          | MBOX2C1 |             0 |             0 |             0 |             0 |             0 |             0 |             0 |             0 |             0 |             0 |             0 |             0 |             0 |             0 |             0 |             0 |             0 |             0 |             0 |             0 |             0 |             0 |             0 |             0 |
|          CAS_COUNT_RD          | MBOX3C0 |             0 |             0 |             0 |             0 |             0 |             0 |             0 |             0 |             0 |             0 |             0 |             0 |             0 |             0 |             0 |             0 |             0 |             0 |             0 |             0 |             0 |             0 |             0 |             0 |
|          CAS_COUNT_WR          | MBOX3C1 |             0 |             0 |             0 |             0 |             0 |             0 |             0 |             0 |             0 |             0 |             0 |             0 |             0 |             0 |             0 |             0 |             0 |             0 |             0 |             0 |             0 |             0 |             0 |             0 |
|          CAS_COUNT_RD          | MBOX4C0 |   95482706220 |             0 |             0 |             0 |             0 |             0 |             0 |             0 |             0 |             0 |             0 |             0 |   94999072170 |             0 |             0 |             0 |             0 |             0 |             0 |             0 |             0 |             0 |             0 |             0 |
|          CAS_COUNT_WR          | MBOX4C1 |   33847574213 |             0 |             0 |             0 |             0 |             0 |             0 |             0 |             0 |             0 |             0 |             0 |   33835939254 |             0 |             0 |             0 |             0 |             0 |             0 |             0 |             0 |             0 |             0 |             0 |
|          CAS_COUNT_RD          | MBOX5C0 |   95509596632 |             0 |             0 |             0 |             0 |             0 |             0 |             0 |             0 |             0 |             0 |             0 |   95028983523 |             0 |             0 |             0 |             0 |             0 |             0 |             0 |             0 |             0 |             0 |             0 |
|          CAS_COUNT_WR          | MBOX5C1 |   33891190530 |             0 |             0 |             0 |             0 |             0 |             0 |             0 |             0 |             0 |             0 |             0 |   33870188802 |             0 |             0 |             0 |             0 |             0 |             0 |             0 |             0 |             0 |             0 |             0 |
|          CAS_COUNT_RD          | MBOX6C0 |             0 |             0 |             0 |             0 |             0 |             0 |             0 |             0 |             0 |             0 |             0 |             0 |             0 |             0 |             0 |             0 |             0 |             0 |             0 |             0 |             0 |             0 |             0 |             0 |
|          CAS_COUNT_WR          | MBOX6C1 |             0 |             0 |             0 |             0 |             0 |             0 |             0 |             0 |             0 |             0 |             0 |             0 |             0 |             0 |             0 |             0 |             0 |             0 |             0 |             0 |             0 |             0 |             0 |             0 |
|          CAS_COUNT_RD          | MBOX7C0 |             0 |             0 |             0 |             0 |             0 |             0 |             0 |             0 |             0 |             0 |             0 |             0 |             0 |             0 |             0 |             0 |             0 |             0 |             0 |             0 |             0 |             0 |             0 |             0 |
|          CAS_COUNT_WR          | MBOX7C1 |             0 |             0 |             0 |             0 |             0 |             0 |             0 |             0 |             0 |             0 |             0 |             0 |             0 |             0 |             0 |             0 |             0 |             0 |             0 |             0 |             0 |             0 |             0 |             0 |
+--------------------------------+---------+---------------+---------------+---------------+---------------+---------------+---------------+---------------+---------------+---------------+---------------+---------------+---------------+---------------+---------------+---------------+---------------+---------------+---------------+---------------+---------------+---------------+---------------+---------------+---------------+
+-------------------------------------+---------+----------------+---------------+---------------+--------------+
|                Event                | Counter |       Sum      |      Min      |      Max      |      Avg     |
+-------------------------------------+---------+----------------+---------------+---------------+--------------+
|        INSTR_RETIRED_ANY STAT       |  FIXC0  | 21467607683991 |  833346739658 |  968493053406 | 8.944837e+11 |
|      CPU_CLK_UNHALTED_CORE STAT     |  FIXC1  | 31771690013361 | 1312834689412 | 1341145748639 | 1.323820e+12 |
|      CPU_CLK_UNHALTED_REF STAT      |  FIXC2  | 31776791416078 | 1312989460210 | 1341225609850 | 1.324033e+12 |
|           FIXC1/FIXC0 STAT          |   CPI   |              0 |             0 |             0 |            0 |
|  OFFCORE_RESPONSE_0_LOCAL_DRAM STAT |   PMC0  |   279325839720 |   10805277369 |   12119641596 |  11638576655 |
| OFFCORE_RESPONSE_1_REMOTE_DRAM STAT |   PMC1  |     1835219171 |        664988 |     645746719 | 7.646747e+07 |
|  MEM_LOAD_UOPS_RETIRED_L3_ALL STAT  |   PMC2  |   183959979222 |    4883067482 |   10448740122 | 7.664999e+09 |
|  MEM_LOAD_UOPS_RETIRED_L3_MISS STAT |   PMC3  |    37325121598 |     811699108 |    2324358970 | 1.555213e+09 |
|      L2_TRANS_ALL_REQUESTS STAT     |   PMC4  |  5386150062223 |  193259148208 |  256985662308 | 2.244229e+11 |
|          L2_RQSTS_MISS STAT         |   PMC5  |  1470755986618 |   57239834846 |   65166851348 | 6.128150e+10 |
|        UOPS_RETIRED_ALL STAT        |   PMC6  | 27135036949061 | 1101829888581 | 1166712593602 | 1.130627e+12 |
|            TEMP_CORE STAT           |   TMP0  |           1129 |            43 |            52 |      47.0417 |
|         PWR_PKG_ENERGY STAT         |   PWR0  |    119587.1213 |             0 |    61037.1934 |    4982.7967 |
|         PWR_PP0_ENERGY STAT         |   PWR1  |              0 |             0 |             0 |            0 |
|         PWR_DRAM_ENERGY STAT        |   PWR3  |     23352.6043 |             0 |    11828.9548 |     973.0252 |
|          CAS_COUNT_RD STAT          | MBOX0C0 |   190476711038 |             0 |   95482093711 | 7.936530e+09 |
|          CAS_COUNT_WR STAT          | MBOX0C1 |    67651254441 |             0 |   33832557531 | 2.818802e+09 |
|          CAS_COUNT_RD STAT          | MBOX1C0 |   190535168809 |             0 |   95504083004 | 7.938965e+09 |
|          CAS_COUNT_WR STAT          | MBOX1C1 |    67723562848 |             0 |   33870500590 | 2.821815e+09 |
|          CAS_COUNT_RD STAT          | MBOX2C0 |              0 |             0 |             0 |            0 |
|          CAS_COUNT_WR STAT          | MBOX2C1 |              0 |             0 |             0 |            0 |
|          CAS_COUNT_RD STAT          | MBOX3C0 |              0 |             0 |             0 |            0 |
|          CAS_COUNT_WR STAT          | MBOX3C1 |              0 |             0 |             0 |            0 |
|          CAS_COUNT_RD STAT          | MBOX4C0 |   190481778390 |             0 |   95482706220 | 7.936741e+09 |
|          CAS_COUNT_WR STAT          | MBOX4C1 |    67683513467 |             0 |   33847574213 | 2.820146e+09 |
|          CAS_COUNT_RD STAT          | MBOX5C0 |   190538580155 |             0 |   95509596632 | 7.939108e+09 |
|          CAS_COUNT_WR STAT          | MBOX5C1 |    67761379332 |             0 |   33891190530 | 2.823391e+09 |
|          CAS_COUNT_RD STAT          | MBOX6C0 |              0 |             0 |             0 |            0 |
|          CAS_COUNT_WR STAT          | MBOX6C1 |              0 |             0 |             0 |            0 |
|          CAS_COUNT_RD STAT          | MBOX7C0 |              0 |             0 |             0 |            0 |
|          CAS_COUNT_WR STAT          | MBOX7C1 |              0 |             0 |             0 |            0 |
+-------------------------------------+---------+----------------+---------------+---------------+--------------+
+-----------------------------------+------------+-----------+-----------+-----------+-----------+-----------+-----------+-----------+-----------+-----------+-----------+-----------+------------+-----------+-----------+-----------+-----------+-----------+-----------+-----------+-----------+-----------+-----------+-----------+
|               Metric              |   Core 0   |   Core 1  |   Core 2  |   Core 3  |   Core 4  |   Core 5  |   Core 6  |   Core 7  |   Core 8  |   Core 9  |  Core 10  |  Core 11  |   Core 12  |  Core 13  |  Core 14  |  Core 15  |  Core 16  |  Core 17  |  Core 18  |  Core 19  |  Core 20  |  Core 21  |  Core 22  |  Core 23  |
+-----------------------------------+------------+-----------+-----------+-----------+-----------+-----------+-----------+-----------+-----------+-----------+-----------+-----------+------------+-----------+-----------+-----------+-----------+-----------+-----------+-----------+-----------+-----------+-----------+-----------+
|        Runtime (RDTSC) [s]        |   590.3126 |  590.3126 |  590.3126 |  590.3126 |  590.3126 |  590.3126 |  590.3126 |  590.3126 |  590.3126 |  590.3126 |  590.3126 |  590.3126 |   590.3126 |  590.3126 |  590.3126 |  590.3126 |  590.3126 |  590.3126 |  590.3126 |  590.3126 |  590.3126 |  590.3126 |  590.3126 |  590.3126 |
|        Runtime unhalted [s]       |   573.3112 |  573.6218 |  583.1164 |  572.4440 |  571.7778 |  571.6245 |  581.5791 |  577.8239 |  577.8348 |  578.0033 |  577.9472 |  577.9562 |   571.4670 |  571.7246 |  571.7357 |  571.6993 |  570.8071 |  570.9403 |  577.9429 |  578.0850 |  578.0601 |  578.1329 |  578.2128 |  578.1572 |
|            Clock [MHz]            |  2299.6975 | 2299.6825 | 2299.8253 | 2299.6649 | 2299.6612 | 2299.6469 | 2299.9630 | 2299.2406 | 2299.3210 | 2299.2648 | 2299.2849 | 2299.2732 |  2299.6649 | 2299.6914 | 2299.6883 | 2299.6926 | 2299.6912 | 2299.7519 | 2299.4256 | 2299.6166 | 2299.6247 | 2299.6173 | 2299.6094 | 2299.6394 |
|                CPI                |     1.3877 |    1.3866 |    1.3848 |    1.3890 |    1.3833 |    1.3827 |    1.5879 |    1.5790 |    1.5881 |    1.5834 |    1.5849 |    1.5884 |     1.3886 |    1.3877 |    1.3883 |    1.3886 |    1.3816 |    1.3822 |    1.5786 |    1.5839 |    1.5954 |    1.5910 |    1.5888 |    1.5908 |
|   Local DRAM data volume [GByte]  |   760.1139 |  761.3662 |  775.6571 |  755.7438 |  762.6096 |  747.6918 |  760.4960 |  749.8166 |  735.3131 |  740.2419 |  735.5064 |  691.5378 |   750.0661 |  753.3999 |  753.1268 |  754.3733 |  760.9528 |  759.5978 |  700.0979 |  744.2521 |  728.2789 |  731.9553 |  732.1368 |  732.5218 |
|   Local DRAM bandwidth [MByte/s]  |  1287.6464 | 1289.7678 | 1313.9768 | 1280.2434 | 1291.8741 | 1266.6032 | 1288.2936 | 1270.2025 | 1245.6335 | 1253.9828 | 1245.9609 | 1171.4772 |  1270.6252 | 1276.2727 | 1275.8101 | 1277.9217 | 1289.0675 | 1286.7722 | 1185.9783 | 1260.7762 | 1233.7174 | 1239.9452 | 1240.2527 | 1240.9048 |
|  Remote DRAM data volume [GByte]  |     0.4825 |    0.0474 |    0.0451 |    0.0452 |    0.0426 |   16.3962 |    2.8048 |    0.0557 |    0.0501 |    0.0508 |    0.0548 |   39.8653 |     3.2175 |    0.2008 |    0.2350 |    0.1542 |    0.1682 |    0.3645 |   41.3278 |    2.3248 |    2.2844 |    2.2896 |    2.2919 |    2.6545 |
|  Remote DRAM bandwidth [MByte/s]  |     0.8174 |    0.0803 |    0.0764 |    0.0766 |    0.0721 |   27.7755 |    4.7515 |    0.0944 |    0.0849 |    0.0861 |    0.0929 |   67.5326 |     5.4506 |    0.3401 |    0.3982 |    0.2612 |    0.2849 |    0.6175 |   70.0100 |    3.9382 |    3.8698 |    3.8787 |    3.8826 |    4.4968 |
|     Memory data volume [GByte]    |   760.5965 |  761.4136 |  775.7022 |  755.7890 |  762.6522 |  764.0880 |  763.3008 |  749.8723 |  735.3633 |  740.2927 |  735.5612 |  731.4031 |   753.2836 |  753.6007 |  753.3618 |  754.5275 |  761.1210 |  759.9624 |  741.4257 |  746.5769 |  730.5633 |  734.2449 |  734.4288 |  735.1763 |
|     Memory bandwidth [MByte/s]    |  1288.4638 | 1289.8481 | 1314.0532 | 1280.3200 | 1291.9462 | 1294.3786 | 1293.0451 | 1270.2969 | 1245.7184 | 1254.0689 | 1246.0537 | 1239.0097 |  1276.0758 | 1276.6129 | 1276.2083 | 1278.1829 | 1289.3524 | 1287.3897 | 1255.9883 | 1264.7144 | 1237.5871 | 1243.8239 | 1244.1353 | 1245.4016 |
|          L3 request rate          |     6.0095 |    6.0096 |    6.0159 |    6.0419 |    5.9818 |    5.9577 |    4.4886 |    4.4733 |    4.6046 |    4.5169 |    4.5541 |    4.6065 |     6.0300 |    6.0056 |    6.0102 |    6.0615 |    5.9698 |    5.9492 |    4.5175 |    4.4576 |    4.6028 |    4.5607 |    4.5666 |    4.5754 |
|            L3 miss rate           |     0.0015 |    0.0002 |    0.0001 |    0.0001 |    0.0001 |    0.0524 |    0.0043 |    0.0001 |    0.0001 |    0.0001 |    0.0001 |    0.0598 |     0.0102 |    0.0006 |    0.0007 |    0.0005 |    0.0005 |    0.0012 |    0.0619 |    0.0035 |    0.0034 |    0.0034 |    0.0034 |    0.0040 |
|           L3 miss ratio           |     0.0006 |    0.0001 |    0.0001 |    0.0001 |    0.0001 |    0.0219 |    0.0037 |    0.0001 |    0.0001 |    0.0001 |    0.0001 |    0.0576 |     0.0043 |    0.0003 |    0.0003 |    0.0002 |    0.0002 |    0.0005 |    0.0590 |    0.0031 |    0.0031 |    0.0031 |    0.0031 |    0.0036 |
|          L2 request rate          |     0.2047 |    0.2037 |    0.1997 |    0.2048 |    0.2038 |    0.2032 |    0.3051 |    0.3033 |    0.3050 |    0.3053 |    0.3041 |    0.3013 |     0.2045 |    0.2046 |    0.2048 |    0.2043 |    0.2034 |    0.2037 |    0.3010 |    0.3045 |    0.3060 |    0.3055 |    0.3052 |    0.3058 |
|            L2 miss rate           |     0.0686 |    0.0683 |    0.0668 |    0.0687 |    0.0682 |    0.0682 |    0.0692 |    0.0682 |    0.0689 |    0.0686 |    0.0685 |    0.0688 |     0.0688 |    0.0687 |    0.0687 |    0.0688 |    0.0684 |    0.0683 |    0.0681 |    0.0682 |    0.0691 |    0.0688 |    0.0687 |    0.0689 |
|           L2 miss ratio           |     0.3350 |    0.3355 |    0.3344 |    0.3354 |    0.3347 |    0.3356 |    0.2269 |    0.2249 |    0.2260 |    0.2246 |    0.2252 |    0.2282 |     0.3366 |    0.3361 |    0.3356 |    0.3368 |    0.3361 |    0.3355 |    0.2262 |    0.2239 |    0.2257 |    0.2251 |    0.2250 |    0.2252 |
|  Memory read bandwidth [MBytes/s] | 41413.0108 |         0 |         0 |         0 |         0 |         0 |         0 |         0 |         0 |         0 |         0 |         0 | 41204.3381 |         0 |         0 |         0 |         0 |         0 |         0 |         0 |         0 |         0 |         0 |         0 |
|  Memory read data volume [GBytes] | 24446.6227 |         0 |         0 |         0 |         0 |         0 |         0 |         0 |         0 |         0 |         0 |         0 | 24323.4406 |         0 |         0 |         0 |         0 |         0 |         0 |         0 |         0 |         0 |         0 |         0 |
| Memory write bandwidth [MBytes/s] | 14684.2138 |         0 |         0 |         0 |         0 |         0 |         0 |         0 |         0 |         0 |         0 |         0 | 14677.2821 |         0 |         0 |         0 |         0 |         0 |         0 |         0 |         0 |         0 |         0 |         0 |
| Memory write data volume [GBytes] |  8668.2767 |         0 |         0 |         0 |         0 |         0 |         0 |         0 |         0 |         0 |         0 |         0 |  8664.1848 |         0 |         0 |         0 |         0 |         0 |         0 |         0 |         0 |         0 |         0 |         0 |
|    Memory bandwidth [MBytes/s]    | 56097.2247 |         0 |         0 |         0 |         0 |         0 |         0 |         0 |         0 |         0 |         0 |         0 | 55881.6202 |         0 |         0 |         0 |         0 |         0 |         0 |         0 |         0 |         0 |         0 |         0 |
|    Memory data volume [GBytes]    | 33114.8994 |         0 |         0 |         0 |         0 |         0 |         0 |         0 |         0 |         0 |         0 |         0 | 32987.6253 |         0 |         0 |         0 |         0 |         0 |         0 |         0 |         0 |         0 |         0 |         0 |
|          Temperature [C]          |         46 |        45 |        43 |        43 |        46 |        45 |        49 |        47 |        44 |        46 |        44 |        45 |         45 |        44 |        45 |        47 |        50 |        48 |        51 |        52 |        52 |        50 |        51 |        51 |
|             Energy [J]            | 61037.1934 |         0 |         0 |         0 |         0 |         0 |         0 |         0 |         0 |         0 |         0 |         0 | 58549.9279 |         0 |         0 |         0 |         0 |         0 |         0 |         0 |         0 |         0 |         0 |         0 |
|             Power [W]             |   103.3981 |         0 |         0 |         0 |         0 |         0 |         0 |         0 |         0 |         0 |         0 |         0 |    99.1846 |         0 |         0 |         0 |         0 |         0 |         0 |         0 |         0 |         0 |         0 |         0 |
|           Energy PP0 [J]          |          0 |         0 |         0 |         0 |         0 |         0 |         0 |         0 |         0 |         0 |         0 |         0 |          0 |         0 |         0 |         0 |         0 |         0 |         0 |         0 |         0 |         0 |         0 |         0 |
|           Power PP0 [W]           |          0 |         0 |         0 |         0 |         0 |         0 |         0 |         0 |         0 |         0 |         0 |         0 |          0 |         0 |         0 |         0 |         0 |         0 |         0 |         0 |         0 |         0 |         0 |         0 |
|          Energy DRAM [J]          | 11523.6495 |         0 |         0 |         0 |         0 |         0 |         0 |         0 |         0 |         0 |         0 |         0 | 11828.9548 |         0 |         0 |         0 |         0 |         0 |         0 |         0 |         0 |         0 |         0 |         0 |
|           Power DRAM [W]          |    19.5213 |         0 |         0 |         0 |         0 |         0 |         0 |         0 |         0 |         0 |         0 |         0 |    20.0385 |         0 |         0 |         0 |         0 |         0 |         0 |         0 |         0 |         0 |         0 |         0 |
+-----------------------------------+------------+-----------+-----------+-----------+-----------+-----------+-----------+-----------+-----------+-----------+-----------+-----------+------------+-----------+-----------+-----------+-----------+-----------+-----------+-----------+-----------+-----------+-----------+-----------+
+----------------------------------------+-------------+-----------+------------+-----------+
|                 Metric                 |     Sum     |    Min    |     Max    |    Avg    |
+----------------------------------------+-------------+-----------+------------+-----------+
|        Runtime (RDTSC) [s] STAT        |  14167.5024 |  590.3126 |   590.3126 |  590.3126 |
|        Runtime unhalted [s] STAT       |  13814.0051 |  570.8071 |   583.1164 |  575.5835 |
|            Clock [MHz] STAT            |  55190.2391 | 2299.2406 |  2299.9630 | 2299.5933 |
|                CPI STAT                |     35.6713 |    1.3816 |     1.5954 |    1.4863 |
|   Local DRAM data volume [GByte] STAT  |  17876.8537 |  691.5378 |   775.6571 |  744.8689 |
|   Local DRAM bandwidth [MByte/s] STAT  |  30283.7062 | 1171.4772 |  1313.9768 | 1261.8211 |
|  Remote DRAM data volume [GByte] STAT  |    117.4537 |    0.0426 |    41.3278 |    4.8939 |
|  Remote DRAM bandwidth [MByte/s] STAT  |    198.9693 |    0.0721 |    70.0100 |    8.2904 |
|     Memory data volume [GByte] STAT    |  17994.3078 |  730.5633 |   775.7022 |  749.7628 |
|     Memory bandwidth [MByte/s] STAT    |  30482.6752 | 1237.5871 |  1314.0532 | 1270.1115 |
|          L3 request rate STAT          |    126.5673 |    4.4576 |     6.0615 |    5.2736 |
|            L3 miss rate STAT           |      0.2122 |    0.0001 |     0.0619 |    0.0088 |
|           L3 miss ratio STAT           |      0.1654 |    0.0001 |     0.0590 |    0.0069 |
|          L2 request rate STAT          |      6.0973 |    0.1997 |     0.3060 |    0.2541 |
|            L2 miss rate STAT           |      1.6445 |    0.0668 |     0.0692 |    0.0685 |
|           L2 miss ratio STAT           |      6.7342 |    0.2239 |     0.3368 |    0.2806 |
|  Memory read bandwidth [MBytes/s] STAT |  82617.3489 |         0 | 41413.0108 | 3442.3895 |
|  Memory read data volume [GBytes] STAT |  48770.0633 |         0 | 24446.6227 | 2032.0860 |
| Memory write bandwidth [MBytes/s] STAT |  29361.4959 |         0 | 14684.2138 | 1223.3957 |
| Memory write data volume [GBytes] STAT |  17332.4615 |         0 |  8668.2767 |  722.1859 |
|    Memory bandwidth [MBytes/s] STAT    | 111978.8449 |         0 | 56097.2247 | 4665.7852 |
|    Memory data volume [GBytes] STAT    |  66102.5247 |         0 | 33114.8994 | 2754.2719 |
|          Temperature [C] STAT          |        1129 |        43 |         52 |   47.0417 |
|             Energy [J] STAT            | 119587.1213 |         0 | 61037.1934 | 4982.7967 |
|             Power [W] STAT             |    202.5827 |         0 |   103.3981 |    8.4409 |
|           Energy PP0 [J] STAT          |           0 |         0 |          0 |         0 |
|           Power PP0 [W] STAT           |           0 |         0 |          0 |         0 |
|          Energy DRAM [J] STAT          |  23352.6043 |         0 | 11828.9548 |  973.0252 |
|           Power DRAM [W] STAT          |     39.5598 |         0 |    20.0385 |    1.6483 |
+----------------------------------------+-------------+-----------+------------+-----------+
