--------------------------------------------------------------------------------
CPU name:	Intel(R) Xeon(R) CPU E5-2670 v3 @ 2.30GHz
CPU type:	Intel Xeon Haswell EN/EP/EX processor
CPU clock:	2.30 GHz
--------------------------------------------------------------------------------
Group 1: POWERPERF
+--------------------------------+---------+---------------+---------------+---------------+---------------+---------------+---------------+---------------+--------------+--------------+--------------+--------------+--------------+---------------+---------------+---------------+---------------+---------------+---------------+--------------+--------------+--------------+--------------+--------------+--------------+
|              Event             | Counter |     Core 0    |     Core 1    |     Core 2    |     Core 3    |     Core 4    |     Core 5    |     Core 6    |    Core 7    |    Core 8    |    Core 9    |    Core 10   |    Core 11   |    Core 12    |    Core 13    |    Core 14    |    Core 15    |    Core 16    |    Core 17    |    Core 18   |    Core 19   |    Core 20   |    Core 21   |    Core 22   |    Core 23   |
+--------------------------------+---------+---------------+---------------+---------------+---------------+---------------+---------------+---------------+--------------+--------------+--------------+--------------+--------------+---------------+---------------+---------------+---------------+---------------+---------------+--------------+--------------+--------------+--------------+--------------+--------------+
|        INSTR_RETIRED_ANY       |  FIXC0  |  948379310647 |  949291522356 |  965012643875 |  944113568487 |  946272050666 |  946358266960 | 1277264287709 | 511630007734 | 511702513730 | 511933179987 | 512142655295 | 512340904756 |  949563231445 |  949853791574 |  950160064520 |  949598382267 |  951119269019 |  951698634348 | 512158454205 | 512420189976 | 512185288069 | 511785973109 | 511331492676 | 505279241705 |
|      CPU_CLK_UNHALTED_CORE     |  FIXC1  |  892469645727 |  892190267596 |  923825520468 |  890482456516 |  889770132392 |  890109897627 |  887244410172 | 266057622155 | 266593058147 | 267271604678 | 267595794804 | 267955738912 |  886317197803 |  887410037430 |  886954276805 |  886968578076 |  885734240547 |  886123231519 | 267232750901 | 267115381973 | 266170732976 | 266257624339 | 267070289020 | 262409458214 |
|      CPU_CLK_UNHALTED_REF      |  FIXC2  |  900211946941 |  899877604083 |  925281578366 |  898927240242 |  898653237378 |  898836753412 |  892955685543 | 272992268426 | 273185248615 | 273862137120 | 274184409693 | 274570448593 |  894955755814 |  895171950225 |  895571590428 |  895589608076 |  894454990614 |  894447815442 | 273436513955 | 273338655717 | 272057369601 | 272333301866 | 273018174361 | 268922716897 |
|           FIXC1/FIXC0          |   CPI   |             0 |             0 |             0 |             0 |             0 |             0 |             0 |            0 |            0 |            0 |            0 |            0 |             0 |             0 |             0 |             0 |             0 |             0 |            0 |            0 |            0 |            0 |            0 |            0 |
|  OFFCORE_RESPONSE_0_LOCAL_DRAM |   PMC0  |   14631641143 |   14740387171 |   14906769388 |   14695429463 |   14936437543 |   14683720511 |    6159243753 |   2561121514 |   2554823756 |   2535663792 |   2515955679 |   2301215042 |   14719419535 |   14814467161 |   14782933958 |   14813172245 |   15084199618 |   15056409312 |   2302754527 |   2366521762 |   2311993968 |   2185393254 |   2181442061 |   2145339124 |
| OFFCORE_RESPONSE_1_REMOTE_DRAM |   PMC1  |       5460574 |       1005838 |       1237317 |       1005696 |        922878 |     300533269 |     263434840 |     16131068 |     18652327 |     38249242 |     59611927 |    269669088 |      72579336 |       1908493 |       1652578 |       1750815 |       1881229 |       5576864 |    272668577 |    211577873 |    252551730 |    369607729 |    376725549 |    373426947 |
|  MEM_LOAD_UOPS_RETIRED_L3_ALL  |   PMC2  |    4357108858 |    4272509235 |    4246101463 |    4336445571 |    4231604785 |    4253374879 |    1555103704 |    215915406 |    220094482 |    222364078 |    223479129 |    222672507 |    4290518587 |    4317477851 |    4311996052 |    4323170047 |    4253842825 |    4283627828 |    220838262 |    219177810 |    220689923 |    221266835 |    224468384 |    215522220 |
|  MEM_LOAD_UOPS_RETIRED_L3_MISS |   PMC3  |     915807832 |     915039479 |     905737859 |     917739918 |     924992285 |     934265106 |    1052667032 |     99521594 |    100495290 |    100230740 |    101408659 |    102152232 |     931509123 |     932782082 |     928814254 |     926034560 |     941295212 |     949696013 |    103459185 |    103674809 |    101500618 |    101494949 |    104423529 |     97223895 |
|      L2_TRANS_ALL_REQUESTS     |   PMC4  |  176075133385 |  175690539309 |  175448535963 |  175921450287 |  175418543928 |  175218212909 |   36210353202 |  14171704634 |  14195217375 |  14200249362 |  14225331983 |  14233994580 |  175111578859 |  175255961090 |  175081540762 |  174929326194 |  174855353000 |  175102474619 |  14196610045 |  14190016790 |  14215531932 |  14236049911 |  14315470057 |  14069596971 |
|          L2_RQSTS_MISS         |   PMC5  |   60799239791 |   60605670606 |   60320998695 |   60584632693 |   60158817370 |   60098296998 |    8705927249 |   3646508289 |   3657470805 |   3666704985 |   3672502050 |   3681556485 |   60485984589 |   60373869523 |   60366980956 |   60430838629 |   59992553095 |   59926766388 |   3654516720 |   3649716480 |   3666954932 |   3674734533 |   3681321665 |   3621228284 |
|        UOPS_RETIRED_ALL        |   PMC6  | 1143118141801 | 1145131605591 | 1158184749970 | 1138262246607 | 1142604602772 | 1142779497734 | 1497124894923 | 588508218144 | 588369773945 | 588689258176 | 588861581067 | 588993533283 | 1149208597351 | 1149787100033 | 1150406443129 | 1149279531832 | 1152322404911 | 1153499928801 | 588958152212 | 589382442803 | 588949984181 | 588317657618 | 587899250929 | 581677599312 |
|            TEMP_CORE           |   TMP0  |            40 |            39 |            39 |            37 |            38 |            40 |            40 |           40 |           37 |           37 |           38 |           40 |            37 |            41 |            40 |            42 |            44 |            41 |           40 |           41 |           38 |           38 |           38 |           36 |
|         PWR_PKG_ENERGY         |   PWR0  |    31188.4059 |             0 |             0 |             0 |             0 |             0 |             0 |            0 |            0 |            0 |            0 |            0 |    31923.3778 |             0 |             0 |             0 |             0 |             0 |            0 |            0 |            0 |            0 |            0 |            0 |
|         PWR_PP0_ENERGY         |   PWR1  |             0 |             0 |             0 |             0 |             0 |             0 |             0 |            0 |            0 |            0 |            0 |            0 |             0 |             0 |             0 |             0 |             0 |             0 |            0 |            0 |            0 |            0 |            0 |            0 |
|         PWR_DRAM_ENERGY        |   PWR3  |     7001.7199 |             0 |             0 |             0 |             0 |             0 |             0 |            0 |            0 |            0 |            0 |            0 |     7045.9719 |             0 |             0 |             0 |             0 |             0 |            0 |            0 |            0 |            0 |            0 |            0 |
|          CAS_COUNT_RD          | MBOX0C0 |   51623430088 |             0 |             0 |             0 |             0 |             0 |             0 |            0 |            0 |            0 |            0 |            0 |   50021005968 |             0 |             0 |             0 |             0 |             0 |            0 |            0 |            0 |            0 |            0 |            0 |
|          CAS_COUNT_WR          | MBOX0C1 |   15445013499 |             0 |             0 |             0 |             0 |             0 |             0 |            0 |            0 |            0 |            0 |            0 |   14999993286 |             0 |             0 |             0 |             0 |             0 |            0 |            0 |            0 |            0 |            0 |            0 |
|          CAS_COUNT_RD          | MBOX1C0 |   51625279936 |             0 |             0 |             0 |             0 |             0 |             0 |            0 |            0 |            0 |            0 |            0 |   50048534388 |             0 |             0 |             0 |             0 |             0 |            0 |            0 |            0 |            0 |            0 |            0 |
|          CAS_COUNT_WR          | MBOX1C1 |   15461141461 |             0 |             0 |             0 |             0 |             0 |             0 |            0 |            0 |            0 |            0 |            0 |   15024261957 |             0 |             0 |             0 |             0 |             0 |            0 |            0 |            0 |            0 |            0 |            0 |
|          CAS_COUNT_RD          | MBOX2C0 |             0 |             0 |             0 |             0 |             0 |             0 |             0 |            0 |            0 |            0 |            0 |            0 |             0 |             0 |             0 |             0 |             0 |             0 |            0 |            0 |            0 |            0 |            0 |            0 |
|          CAS_COUNT_WR          | MBOX2C1 |             0 |             0 |             0 |             0 |             0 |             0 |             0 |            0 |            0 |            0 |            0 |            0 |             0 |             0 |             0 |             0 |             0 |             0 |            0 |            0 |            0 |            0 |            0 |            0 |
|          CAS_COUNT_RD          | MBOX3C0 |             0 |             0 |             0 |             0 |             0 |             0 |             0 |            0 |            0 |            0 |            0 |            0 |             0 |             0 |             0 |             0 |             0 |             0 |            0 |            0 |            0 |            0 |            0 |            0 |
|          CAS_COUNT_WR          | MBOX3C1 |             0 |             0 |             0 |             0 |             0 |             0 |             0 |            0 |            0 |            0 |            0 |            0 |             0 |             0 |             0 |             0 |             0 |             0 |            0 |            0 |            0 |            0 |            0 |            0 |
|          CAS_COUNT_RD          | MBOX4C0 |   51605311564 |             0 |             0 |             0 |             0 |             0 |             0 |            0 |            0 |            0 |            0 |            0 |   50035112743 |             0 |             0 |             0 |             0 |             0 |            0 |            0 |            0 |            0 |            0 |            0 |
|          CAS_COUNT_WR          | MBOX4C1 |   15447468419 |             0 |             0 |             0 |             0 |             0 |             0 |            0 |            0 |            0 |            0 |            0 |   15013891198 |             0 |             0 |             0 |             0 |             0 |            0 |            0 |            0 |            0 |            0 |            0 |
|          CAS_COUNT_RD          | MBOX5C0 |   51610440218 |             0 |             0 |             0 |             0 |             0 |             0 |            0 |            0 |            0 |            0 |            0 |   50048411299 |             0 |             0 |             0 |             0 |             0 |            0 |            0 |            0 |            0 |            0 |            0 |
|          CAS_COUNT_WR          | MBOX5C1 |   15464174822 |             0 |             0 |             0 |             0 |             0 |             0 |            0 |            0 |            0 |            0 |            0 |   15031358667 |             0 |             0 |             0 |             0 |             0 |            0 |            0 |            0 |            0 |            0 |            0 |
|          CAS_COUNT_RD          | MBOX6C0 |             0 |             0 |             0 |             0 |             0 |             0 |             0 |            0 |            0 |            0 |            0 |            0 |             0 |             0 |             0 |             0 |             0 |             0 |            0 |            0 |            0 |            0 |            0 |            0 |
|          CAS_COUNT_WR          | MBOX6C1 |             0 |             0 |             0 |             0 |             0 |             0 |             0 |            0 |            0 |            0 |            0 |            0 |             0 |             0 |             0 |             0 |             0 |             0 |            0 |            0 |            0 |            0 |            0 |            0 |
|          CAS_COUNT_RD          | MBOX7C0 |             0 |             0 |             0 |             0 |             0 |             0 |             0 |            0 |            0 |            0 |            0 |            0 |             0 |             0 |             0 |             0 |             0 |             0 |            0 |            0 |            0 |            0 |            0 |            0 |
|          CAS_COUNT_WR          | MBOX7C1 |             0 |             0 |             0 |             0 |             0 |             0 |             0 |            0 |            0 |            0 |            0 |            0 |             0 |             0 |             0 |             0 |             0 |             0 |            0 |            0 |            0 |            0 |            0 |            0 |
+--------------------------------+---------+---------------+---------------+---------------+---------------+---------------+---------------+---------------+--------------+--------------+--------------+--------------+--------------+---------------+---------------+---------------+---------------+---------------+---------------+--------------+--------------+--------------+--------------+--------------+--------------+
+-------------------------------------+---------+----------------+--------------+---------------+--------------+
|                Event                | Counter |       Sum      |      Min     |      Max      |      Avg     |
+-------------------------------------+---------+----------------+--------------+---------------+--------------+
|        INSTR_RETIRED_ANY STAT       |  FIXC0  | 18303594925115 | 505279241705 | 1277264287709 | 7.626498e+11 |
|      CPU_CLK_UNHALTED_CORE STAT     |  FIXC1  | 14517329948797 | 262409458214 |  923825520468 | 6.048887e+11 |
|      CPU_CLK_UNHALTED_REF STAT      |  FIXC2  | 14686837001408 | 268922716897 |  925281578366 | 6.119515e+11 |
|           FIXC1/FIXC0 STAT          |   CPI   |              0 |            0 |             0 |            0 |
|  OFFCORE_RESPONSE_0_LOCAL_DRAM STAT |   PMC0  |   209986455280 |   2145339124 |   15084199618 | 8.749436e+09 |
| OFFCORE_RESPONSE_1_REMOTE_DRAM STAT |   PMC1  |     2917821784 |       922878 |     376725549 | 1.215759e+08 |
|  MEM_LOAD_UOPS_RETIRED_L3_ALL STAT  |   PMC2  |    55459370721 |    215522220 |    4357108858 | 2.310807e+09 |
|  MEM_LOAD_UOPS_RETIRED_L3_MISS STAT |   PMC3  |    13291966255 |     97223895 |    1052667032 | 5.538319e+08 |
|      L2_TRANS_ALL_REQUESTS STAT     |   PMC4  |  2296568777147 |  14069596971 |  176075133385 | 9.569037e+10 |
|          L2_RQSTS_MISS STAT         |   PMC5  |   773123791810 |   3621228284 |   60799239791 | 3.221349e+10 |
|        UOPS_RETIRED_ALL STAT        |   PMC6  | 21740317197125 | 581677599312 | 1497124894923 | 9.058465e+11 |
|            TEMP_CORE STAT           |   TMP0  |            941 |           36 |            44 |      39.2083 |
|         PWR_PKG_ENERGY STAT         |   PWR0  |     63111.7837 |            0 |    31923.3778 |    2629.6577 |
|         PWR_PP0_ENERGY STAT         |   PWR1  |              0 |            0 |             0 |            0 |
|         PWR_DRAM_ENERGY STAT        |   PWR3  |     14047.6918 |            0 |     7045.9719 |     585.3205 |
|          CAS_COUNT_RD STAT          | MBOX0C0 |   101644436056 |            0 |   51623430088 | 4.235185e+09 |
|          CAS_COUNT_WR STAT          | MBOX0C1 |    30445006785 |            0 |   15445013499 | 1.268542e+09 |
|          CAS_COUNT_RD STAT          | MBOX1C0 |   101673814324 |            0 |   51625279936 | 4.236409e+09 |
|          CAS_COUNT_WR STAT          | MBOX1C1 |    30485403418 |            0 |   15461141461 | 1.270225e+09 |
|          CAS_COUNT_RD STAT          | MBOX2C0 |              0 |            0 |             0 |            0 |
|          CAS_COUNT_WR STAT          | MBOX2C1 |              0 |            0 |             0 |            0 |
|          CAS_COUNT_RD STAT          | MBOX3C0 |              0 |            0 |             0 |            0 |
|          CAS_COUNT_WR STAT          | MBOX3C1 |              0 |            0 |             0 |            0 |
|          CAS_COUNT_RD STAT          | MBOX4C0 |   101640424307 |            0 |   51605311564 | 4.235018e+09 |
|          CAS_COUNT_WR STAT          | MBOX4C1 |    30461359617 |            0 |   15447468419 | 1.269223e+09 |
|          CAS_COUNT_RD STAT          | MBOX5C0 |   101658851517 |            0 |   51610440218 | 4.235785e+09 |
|          CAS_COUNT_WR STAT          | MBOX5C1 |    30495533489 |            0 |   15464174822 | 1.270647e+09 |
|          CAS_COUNT_RD STAT          | MBOX6C0 |              0 |            0 |             0 |            0 |
|          CAS_COUNT_WR STAT          | MBOX6C1 |              0 |            0 |             0 |            0 |
|          CAS_COUNT_RD STAT          | MBOX7C0 |              0 |            0 |             0 |            0 |
|          CAS_COUNT_WR STAT          | MBOX7C1 |              0 |            0 |             0 |            0 |
+-------------------------------------+---------+----------------+--------------+---------------+--------------+
+-----------------------------------+------------+-----------+-----------+-----------+-----------+-----------+-----------+-----------+-----------+-----------+-----------+-----------+------------+-----------+-----------+-----------+-----------+-----------+-----------+-----------+-----------+-----------+-----------+-----------+
|               Metric              |   Core 0   |   Core 1  |   Core 2  |   Core 3  |   Core 4  |   Core 5  |   Core 6  |   Core 7  |   Core 8  |   Core 9  |  Core 10  |  Core 11  |   Core 12  |  Core 13  |  Core 14  |  Core 15  |  Core 16  |  Core 17  |  Core 18  |  Core 19  |  Core 20  |  Core 21  |  Core 22  |  Core 23  |
+-----------------------------------+------------+-----------+-----------+-----------+-----------+-----------+-----------+-----------+-----------+-----------+-----------+-----------+------------+-----------+-----------+-----------+-----------+-----------+-----------+-----------+-----------+-----------+-----------+-----------+
|        Runtime (RDTSC) [s]        |   408.4964 |  408.4964 |  408.4964 |  408.4964 |  408.4964 |  408.4964 |  408.4964 |  408.4964 |  408.4964 |  408.4964 |  408.4964 |  408.4964 |   408.4964 |  408.4964 |  408.4964 |  408.4964 |  408.4964 |  408.4964 |  408.4964 |  408.4964 |  408.4964 |  408.4964 |  408.4964 |  408.4964 |
|        Runtime unhalted [s]       |   388.0299 |  387.9085 |  401.6629 |  387.1659 |  386.8562 |  387.0040 |  385.7581 |  115.6771 |  115.9099 |  116.2049 |  116.3459 |  116.5024 |   385.3550 |  385.8301 |  385.6320 |  385.6382 |  385.1015 |  385.2706 |  116.1881 |  116.1370 |  115.7263 |  115.7641 |  116.1174 |  114.0910 |
|            Clock [MHz]            |  2280.2208 | 2280.3539 | 2296.3827 | 2278.3951 | 2277.2667 | 2277.6712 | 2285.2914 | 2241.5766 | 2244.5010 | 2244.6521 | 2244.7333 | 2244.5924 |  2277.8013 | 2280.0590 | 2277.8711 | 2277.8620 | 2277.5775 | 2278.5960 | 2247.8193 | 2247.6364 | 2250.2358 | 2248.6896 | 2249.8949 | 2244.2964 |
|                CPI                |     0.9410 |    0.9398 |    0.9573 |    0.9432 |    0.9403 |    0.9406 |    0.6946 |    0.5200 |    0.5210 |    0.5221 |    0.5225 |    0.5230 |     0.9334 |    0.9343 |    0.9335 |    0.9340 |    0.9313 |    0.9311 |    0.5218 |    0.5213 |    0.5197 |    0.5203 |    0.5223 |    0.5193 |
|   Local DRAM data volume [GByte]  |   936.4250 |  943.3848 |  954.0332 |  940.5075 |  955.9320 |  939.7581 |  394.1916 |  163.9118 |  163.5087 |  162.2825 |  161.0212 |  147.2778 |   942.0429 |  948.1259 |  946.1078 |  948.0430 |  965.3888 |  963.6102 |  147.3763 |  151.4574 |  147.9676 |  139.8652 |  139.6123 |  137.3017 |
|   Local DRAM bandwidth [MByte/s]  |  2292.3704 | 2309.4078 | 2335.4753 | 2302.3642 | 2340.1235 | 2300.5297 |  964.9818 |  401.2564 |  400.2697 |  397.2678 |  394.1801 |  360.5363 |  2306.1228 | 2321.0141 | 2316.0737 | 2320.8112 | 2363.2737 | 2358.9197 |  360.7775 |  370.7680 |  362.2250 |  342.3902 |  341.7712 |  336.1148 |
|  Remote DRAM data volume [GByte]  |     0.3495 |    0.0644 |    0.0792 |    0.0644 |    0.0591 |   19.2341 |   16.8598 |    1.0324 |    1.1937 |    2.4480 |    3.8152 |   17.2588 |     4.6451 |    0.1221 |    0.1058 |    0.1121 |    0.1204 |    0.3569 |   17.4508 |   13.5410 |   16.1633 |   23.6549 |   24.1104 |   23.8993 |
|  Remote DRAM bandwidth [MByte/s]  |     0.8555 |    0.1576 |    0.1939 |    0.1576 |    0.1446 |   47.0852 |   41.2729 |    2.5273 |    2.9223 |    5.9926 |    9.3395 |   42.2496 |    11.3712 |    0.2990 |    0.2589 |    0.2743 |    0.2947 |    0.8737 |   42.7196 |   33.1484 |   39.5678 |   57.9072 |   59.0224 |   58.5056 |
|     Memory data volume [GByte]    |   936.7745 |  943.4492 |  954.1124 |  940.5719 |  955.9911 |  958.9922 |  411.0514 |  164.9442 |  164.7025 |  164.7304 |  164.8363 |  164.5366 |   946.6879 |  948.2480 |  946.2135 |  948.1551 |  965.5092 |  963.9671 |  164.8271 |  164.9984 |  164.1309 |  163.5201 |  163.7227 |  161.2010 |
|     Memory bandwidth [MByte/s]    |  2293.2259 | 2309.5654 | 2335.6691 | 2302.5218 | 2340.2680 | 2347.6149 | 1006.2547 |  403.7836 |  403.1920 |  403.2604 |  403.5197 |  402.7859 |  2317.4939 | 2321.3131 | 2316.3326 | 2321.0855 | 2363.5684 | 2359.7934 |  403.4970 |  403.9164 |  401.7928 |  400.2974 |  400.7936 |  394.6204 |
|          L3 request rate          |     4.7577 |    4.6692 |    4.6880 |    4.7251 |    4.5747 |    4.5526 |    1.4773 |    2.1695 |    2.1901 |    2.2185 |    2.2037 |    2.1798 |     4.6060 |    4.6286 |    4.6425 |    4.6685 |    4.5191 |    4.5105 |    2.1345 |    2.1141 |    2.1743 |    2.1801 |    2.1496 |    2.2168 |
|            L3 miss rate           |     0.0013 |    0.0002 |    0.0003 |    0.0002 |    0.0002 |    0.0707 |    0.1694 |    0.0747 |    0.0847 |    0.1720 |    0.2667 |    1.2111 |     0.0169 |    0.0004 |    0.0004 |    0.0004 |    0.0004 |    0.0013 |    1.2347 |    0.9653 |    1.1444 |    1.6704 |    1.6783 |    1.7327 |
|           L3 miss ratio           |     0.0004 |    0.0001 |    0.0001 |    0.0001 |    0.0001 |    0.0205 |    0.0428 |    0.0063 |    0.0073 |    0.0151 |    0.0237 |    0.1172 |     0.0049 |    0.0001 |    0.0001 |    0.0001 |    0.0001 |    0.0004 |    0.1184 |    0.0894 |    0.1092 |    0.1691 |    0.1727 |    0.1741 |
|          L2 request rate          |     0.1857 |    0.1851 |    0.1818 |    0.1863 |    0.1854 |    0.1851 |    0.0283 |    0.0277 |    0.0277 |    0.0277 |    0.0278 |    0.0278 |     0.1844 |    0.1845 |    0.1843 |    0.1842 |    0.1838 |    0.1840 |    0.0277 |    0.0277 |    0.0278 |    0.0278 |    0.0280 |    0.0278 |
|            L2 miss rate           |     0.0641 |    0.0638 |    0.0625 |    0.0642 |    0.0636 |    0.0635 |    0.0068 |    0.0071 |    0.0071 |    0.0072 |    0.0072 |    0.0072 |     0.0637 |    0.0636 |    0.0635 |    0.0636 |    0.0631 |    0.0630 |    0.0071 |    0.0071 |    0.0072 |    0.0072 |    0.0072 |    0.0072 |
|           L2 miss ratio           |     0.3453 |    0.3450 |    0.3438 |    0.3444 |    0.3429 |    0.3430 |    0.2404 |    0.2573 |    0.2577 |    0.2582 |    0.2582 |    0.2586 |     0.3454 |    0.3445 |    0.3448 |    0.3455 |    0.3431 |    0.3422 |    0.2574 |    0.2572 |    0.2580 |    0.2581 |    0.2572 |    0.2574 |
|  Memory read bandwidth [MBytes/s] | 32347.2266 |         0 |         0 |         0 |         0 |         0 |         0 |         0 |         0 |         0 |         0 |         0 | 31358.4065 |         0 |         0 |         0 |         0 |         0 |         0 |         0 |         0 |         0 |         0 |         0 |
|  Memory read data volume [GBytes] | 13213.7256 |         0 |         0 |         0 |         0 |         0 |         0 |         0 |         0 |         0 |         0 |         0 | 12809.7961 |         0 |         0 |         0 |         0 |         0 |         0 |         0 |         0 |         0 |         0 |         0 |
| Memory write bandwidth [MBytes/s] |  9685.1260 |         0 |         0 |         0 |         0 |         0 |         0 |         0 |         0 |         0 |         0 |         0 |  9411.2172 |         0 |         0 |         0 |         0 |         0 |         0 |         0 |         0 |         0 |         0 |         0 |
| Memory write data volume [GBytes] |  3956.3391 |         0 |         0 |         0 |         0 |         0 |         0 |         0 |         0 |         0 |         0 |         0 |  3844.4483 |         0 |         0 |         0 |         0 |         0 |         0 |         0 |         0 |         0 |         0 |         0 |
|    Memory bandwidth [MBytes/s]    | 42032.3526 |         0 |         0 |         0 |         0 |         0 |         0 |         0 |         0 |         0 |         0 |         0 | 40769.6237 |         0 |         0 |         0 |         0 |         0 |         0 |         0 |         0 |         0 |         0 |         0 |
|    Memory data volume [GBytes]    | 17170.0646 |         0 |         0 |         0 |         0 |         0 |         0 |         0 |         0 |         0 |         0 |         0 | 16654.2444 |         0 |         0 |         0 |         0 |         0 |         0 |         0 |         0 |         0 |         0 |         0 |
|          Temperature [C]          |         40 |        39 |        39 |        37 |        38 |        40 |        40 |        40 |        37 |        37 |        38 |        40 |         37 |        41 |        40 |        42 |        44 |        41 |        40 |        41 |        38 |        38 |        38 |        36 |
|             Energy [J]            | 31188.4059 |         0 |         0 |         0 |         0 |         0 |         0 |         0 |         0 |         0 |         0 |         0 | 31923.3778 |         0 |         0 |         0 |         0 |         0 |         0 |         0 |         0 |         0 |         0 |         0 |
|             Power [W]             |    76.3493 |         0 |         0 |         0 |         0 |         0 |         0 |         0 |         0 |         0 |         0 |         0 |    78.1485 |         0 |         0 |         0 |         0 |         0 |         0 |         0 |         0 |         0 |         0 |         0 |
|           Energy PP0 [J]          |          0 |         0 |         0 |         0 |         0 |         0 |         0 |         0 |         0 |         0 |         0 |         0 |          0 |         0 |         0 |         0 |         0 |         0 |         0 |         0 |         0 |         0 |         0 |         0 |
|           Power PP0 [W]           |          0 |         0 |         0 |         0 |         0 |         0 |         0 |         0 |         0 |         0 |         0 |         0 |          0 |         0 |         0 |         0 |         0 |         0 |         0 |         0 |         0 |         0 |         0 |         0 |
|          Energy DRAM [J]          |  7001.7199 |         0 |         0 |         0 |         0 |         0 |         0 |         0 |         0 |         0 |         0 |         0 |  7045.9719 |         0 |         0 |         0 |         0 |         0 |         0 |         0 |         0 |         0 |         0 |         0 |
|           Power DRAM [W]          |    17.1402 |         0 |         0 |         0 |         0 |         0 |         0 |         0 |         0 |         0 |         0 |         0 |    17.2486 |         0 |         0 |         0 |         0 |         0 |         0 |         0 |         0 |         0 |         0 |         0 |
+-----------------------------------+------------+-----------+-----------+-----------+-----------+-----------+-----------+-----------+-----------+-----------+-----------+-----------+------------+-----------+-----------+-----------+-----------+-----------+-----------+-----------+-----------+-----------+-----------+-----------+
+----------------------------------------+------------+-----------+------------+-----------+
|                 Metric                 |     Sum    |    Min    |     Max    |    Avg    |
+----------------------------------------+------------+-----------+------------+-----------+
|        Runtime (RDTSC) [s] STAT        |  9803.9136 |  408.4964 |   408.4964 |  408.4964 |
|        Runtime unhalted [s] STAT       |  6311.8770 |  114.0910 |   401.6629 |  262.9949 |
|            Clock [MHz] STAT            | 54353.9765 | 2241.5766 |  2296.3827 | 2264.7490 |
|                CPI STAT                |    17.6877 |    0.5193 |     0.9573 |    0.7370 |
|   Local DRAM data volume [GByte] STAT  | 13439.1333 |  137.3017 |   965.3888 |  559.9639 |
|   Local DRAM bandwidth [MByte/s] STAT  | 32899.0249 |  336.1148 |  2363.2737 | 1370.7927 |
|  Remote DRAM data volume [GByte] STAT  |   186.7407 |    0.0591 |    24.1104 |    7.7809 |
|  Remote DRAM bandwidth [MByte/s] STAT  |   457.1414 |    0.1446 |    59.0224 |   19.0476 |
|     Memory data volume [GByte] STAT    | 13625.8737 |  161.2010 |   965.5092 |  567.7447 |
|     Memory bandwidth [MByte/s] STAT    | 33356.1659 |  394.6204 |  2363.5684 | 1389.8402 |
|          L3 request rate STAT          |    80.9508 |    1.4773 |     4.7577 |    3.3730 |
|            L3 miss rate STAT           |    10.4971 |    0.0002 |     1.7327 |    0.4374 |
|           L3 miss ratio STAT           |     1.0723 |    0.0001 |     0.1741 |    0.0447 |
|          L2 request rate STAT          |     2.5484 |    0.0277 |     0.1863 |    0.1062 |
|            L2 miss rate STAT           |     0.8478 |    0.0068 |     0.0642 |    0.0353 |
|           L2 miss ratio STAT           |     7.2056 |    0.2404 |     0.3455 |    0.3002 |
|  Memory read bandwidth [MBytes/s] STAT | 63705.6331 |         0 | 32347.2266 | 2654.4014 |
|  Memory read data volume [GBytes] STAT | 26023.5217 |         0 | 13213.7256 | 1084.3134 |
| Memory write bandwidth [MBytes/s] STAT | 19096.3432 |         0 |  9685.1260 |  795.6810 |
| Memory write data volume [GBytes] STAT |  7800.7874 |         0 |  3956.3391 |  325.0328 |
|    Memory bandwidth [MBytes/s] STAT    | 82801.9763 |         0 | 42032.3526 | 3450.0823 |
|    Memory data volume [GBytes] STAT    | 33824.3090 |         0 | 17170.0646 | 1409.3462 |
|          Temperature [C] STAT          |        941 |        36 |         44 |   39.2083 |
|             Energy [J] STAT            | 63111.7837 |         0 | 31923.3778 | 2629.6577 |
|             Power [W] STAT             |   154.4978 |         0 |    78.1485 |    6.4374 |
|           Energy PP0 [J] STAT          |          0 |         0 |          0 |         0 |
|           Power PP0 [W] STAT           |          0 |         0 |          0 |         0 |
|          Energy DRAM [J] STAT          | 14047.6918 |         0 |  7045.9719 |  585.3205 |
|           Power DRAM [W] STAT          |    34.3888 |         0 |    17.2486 |    1.4329 |
+----------------------------------------+------------+-----------+------------+-----------+
