--------------------------------------------------------------------------------
CPU name:	Intel(R) Xeon(R) CPU E5-2670 v3 @ 2.30GHz
CPU type:	Intel Xeon Haswell EN/EP/EX processor
CPU clock:	2.30 GHz
--------------------------------------------------------------------------------
Group 1: POWERPERF
+--------------------------------+---------+---------------+---------------+---------------+---------------+---------------+---------------+---------------+---------------+---------------+---------------+---------------+---------------+---------------+---------------+---------------+---------------+---------------+---------------+---------------+---------------+---------------+---------------+---------------+---------------+
|              Event             | Counter |     Core 0    |     Core 1    |     Core 2    |     Core 3    |     Core 4    |     Core 5    |     Core 6    |     Core 7    |     Core 8    |     Core 9    |    Core 10    |    Core 11    |    Core 12    |    Core 13    |    Core 14    |    Core 15    |    Core 16    |    Core 17    |    Core 18    |    Core 19    |    Core 20    |    Core 21    |    Core 22    |    Core 23    |
+--------------------------------+---------+---------------+---------------+---------------+---------------+---------------+---------------+---------------+---------------+---------------+---------------+---------------+---------------+---------------+---------------+---------------+---------------+---------------+---------------+---------------+---------------+---------------+---------------+---------------+---------------+
|        INSTR_RETIRED_ANY       |  FIXC0  |  948360199544 |  949536326342 |  964805636910 |  944391008038 |  946995670307 |  946048364212 | 1241080203686 | 1130470041000 | 1155931247364 | 1155467923252 | 1130399739776 | 1118449269629 |  947296999248 |  947835208338 |  947940636258 |  947686595492 |  949403310314 |  949542099687 | 1118513372586 | 1130762634530 | 1156585764913 | 1156185948053 | 1130368382555 | 1117090551053 |
|      CPU_CLK_UNHALTED_CORE     |  FIXC1  |  879937249776 |  879705786943 |  907280260916 |  877335913661 |  877001463516 |  877004651596 |  873014084518 |  764898402650 |  780702494452 |  780845745803 |  765253963496 |  759053085319 |  875919022336 |  875743166147 |  875135191322 |  875952604937 |  874843256316 |  875372853736 |  758637709026 |  764538235684 |  780140336039 |  780127972751 |  764847915960 |  758921051964 |
|      CPU_CLK_UNHALTED_REF      |  FIXC2  |  880148486362 |  879907728779 |  907367844182 |  877545724712 |  877204463408 |  877207085247 |  873110959173 |  765790041807 |  781390540089 |  781420329252 |  765867773067 |  759610329495 |  876143896953 |  875972693992 |  875357199916 |  876175649304 |  875043776593 |  875557582908 |  759426087535 |  764847786777 |  780371848745 |  780334736520 |  765120227228 |  758965084321 |
|           FIXC1/FIXC0          |   CPI   |             0 |             0 |             0 |             0 |             0 |             0 |             0 |             0 |             0 |             0 |             0 |             0 |             0 |             0 |             0 |             0 |             0 |             0 |             0 |             0 |             0 |             0 |             0 |             0 |
|  OFFCORE_RESPONSE_0_LOCAL_DRAM |   PMC0  |   14825211742 |   14892339619 |   15131606622 |   14874563602 |   15147472198 |   14865282898 |    2382386221 |    1481402069 |    1486821286 |    1491836381 |    1480408089 |    1307825681 |   14784607609 |   14909705526 |   14871569742 |   14903487157 |   15194866577 |   15142586977 |    1284545510 |    1414134637 |    1419528483 |    1419809381 |    1397101016 |    1306427034 |
| OFFCORE_RESPONSE_1_REMOTE_DRAM |   PMC1  |       3069961 |        493272 |        504601 |        543788 |        454071 |     320987445 |     628074152 |       8634838 |       7356157 |       4513610 |       7410525 |     171490114 |     106991804 |       2061818 |       2135076 |       2027287 |       2061693 |      15273259 |     185558554 |      60817115 |      60929097 |      60156362 |      76854599 |     165690330 |
|  MEM_LOAD_UOPS_RETIRED_L3_ALL  |   PMC2  |    4298742018 |    4293903903 |    4223872003 |    4323714771 |    4226674291 |    4238760706 |     393082395 |     251591983 |     253421816 |     254199047 |     251663200 |     251591821 |    4323801578 |    4302677958 |    4283569564 |    4330083352 |    4240500043 |    4284402644 |     251494101 |     251757114 |     254633743 |     254044068 |     251603835 |     250268542 |
|  MEM_LOAD_UOPS_RETIRED_L3_MISS |   PMC3  |     915253827 |     922551960 |     917521658 |     925918126 |     934769656 |     944437701 |     343768349 |     210288170 |     211709170 |     213565643 |     210599829 |     210155252 |     936865090 |     936023936 |     933282295 |     930863641 |     946475381 |     957311677 |     209134540 |     209449877 |     211680053 |     211514193 |     209599501 |     209384710 |
|      L2_TRANS_ALL_REQUESTS     |   PMC4  |  175432044326 |  175273290616 |  174910631572 |  175401842741 |  174901979510 |  174722261164 |   14406685925 |    7999451816 |    8029487191 |    8025065781 |    7977385357 |    7934127935 |  174614617021 |  175123692553 |  174919977541 |  174584288119 |  174667484255 |  174786178569 |    7924586966 |    7970087609 |    8030219494 |    8023756777 |    7969947845 |    7945190239 |
|          L2_RQSTS_MISS         |   PMC5  |   60558617992 |   60399032823 |   60011339519 |   60341672538 |   59859353200 |   59819850853 |    3948080533 |    2153922615 |    2168013910 |    2163664352 |    2152862345 |    2151928657 |   60315204723 |   60252656914 |   60269917044 |   60302079603 |   59842563954 |   59793654813 |    2149299206 |    2154551907 |    2175030122 |    2169625256 |    2153701107 |    2138745320 |
|        UOPS_RETIRED_ALL        |   PMC6  | 1142997551877 | 1145528155671 | 1157688166438 | 1138727141876 | 1143976125751 | 1142068978752 | 1412016087153 | 1267374360713 | 1295590236124 | 1295010597101 | 1267459434672 | 1254151970099 | 1144600548186 | 1145672540726 | 1145904991441 | 1145385155973 | 1148823588631 | 1149121542666 | 1254814156190 | 1268453346348 | 1296674003452 | 1296265459516 | 1267891917145 | 1252962250328 |
|            TEMP_CORE           |   TMP0  |            43 |            42 |            41 |            42 |            41 |            42 |            46 |            43 |            40 |            39 |            38 |            38 |            44 |            43 |            43 |            42 |            46 |            42 |            43 |            46 |            45 |            42 |            44 |            44 |
|         PWR_PKG_ENERGY         |   PWR0  |    36405.5268 |             0 |             0 |             0 |             0 |             0 |             0 |             0 |             0 |             0 |             0 |             0 |    34872.0848 |             0 |             0 |             0 |             0 |             0 |             0 |             0 |             0 |             0 |             0 |             0 |
|         PWR_PP0_ENERGY         |   PWR1  |             0 |             0 |             0 |             0 |             0 |             0 |             0 |             0 |             0 |             0 |             0 |             0 |             0 |             0 |             0 |             0 |             0 |             0 |             0 |             0 |             0 |             0 |             0 |             0 |
|         PWR_DRAM_ENERGY        |   PWR3  |     6695.4676 |             0 |             0 |             0 |             0 |             0 |             0 |             0 |             0 |             0 |             0 |             0 |   795374.5132 |             0 |             0 |             0 |             0 |             0 |             0 |             0 |             0 |             0 |             0 |             0 |
|          CAS_COUNT_RD          | MBOX0C0 |   49126182800 |             0 |             0 |             0 |             0 |             0 |             0 |             0 |             0 |             0 |             0 |             0 |   48830302876 |             0 |             0 |             0 |             0 |             0 |             0 |             0 |             0 |             0 |             0 |             0 |
|          CAS_COUNT_WR          | MBOX0C1 |   15035153071 |             0 |             0 |             0 |             0 |             0 |             0 |             0 |             0 |             0 |             0 |             0 |   14893536304 |             0 |             0 |             0 |             0 |             0 |             0 |             0 |             0 |             0 |             0 |             0 |
|          CAS_COUNT_RD          | MBOX1C0 |   49082758977 |             0 |             0 |             0 |             0 |             0 |             0 |             0 |             0 |             0 |             0 |             0 |   48811045342 |             0 |             0 |             0 |             0 |             0 |             0 |             0 |             0 |             0 |             0 |             0 |
|          CAS_COUNT_WR          | MBOX1C1 |   15003484847 |             0 |             0 |             0 |             0 |             0 |             0 |             0 |             0 |             0 |             0 |             0 |   14874682948 |             0 |             0 |             0 |             0 |             0 |             0 |             0 |             0 |             0 |             0 |             0 |
|          CAS_COUNT_RD          | MBOX2C0 |             0 |             0 |             0 |             0 |             0 |             0 |             0 |             0 |             0 |             0 |             0 |             0 |             0 |             0 |             0 |             0 |             0 |             0 |             0 |             0 |             0 |             0 |             0 |             0 |
|          CAS_COUNT_WR          | MBOX2C1 |             0 |             0 |             0 |             0 |             0 |             0 |             0 |             0 |             0 |             0 |             0 |             0 |             0 |             0 |             0 |             0 |             0 |             0 |             0 |             0 |             0 |             0 |             0 |             0 |
|          CAS_COUNT_RD          | MBOX3C0 |             0 |             0 |             0 |             0 |             0 |             0 |             0 |             0 |             0 |             0 |             0 |             0 |             0 |             0 |             0 |             0 |             0 |             0 |             0 |             0 |             0 |             0 |             0 |             0 |
|          CAS_COUNT_WR          | MBOX3C1 |             0 |             0 |             0 |             0 |             0 |             0 |             0 |             0 |             0 |             0 |             0 |             0 |             0 |             0 |             0 |             0 |             0 |             0 |             0 |             0 |             0 |             0 |             0 |             0 |
|          CAS_COUNT_RD          | MBOX4C0 |   49107900212 |             0 |             0 |             0 |             0 |             0 |             0 |             0 |             0 |             0 |             0 |             0 |   48830253385 |             0 |             0 |             0 |             0 |             0 |             0 |             0 |             0 |             0 |             0 |             0 |
|          CAS_COUNT_WR          | MBOX4C1 |   15034910236 |             0 |             0 |             0 |             0 |             0 |             0 |             0 |             0 |             0 |             0 |             0 |   14901151092 |             0 |             0 |             0 |             0 |             0 |             0 |             0 |             0 |             0 |             0 |             0 |
|          CAS_COUNT_RD          | MBOX5C0 |   49091493216 |             0 |             0 |             0 |             0 |             0 |             0 |             0 |             0 |             0 |             0 |             0 |   48808046999 |             0 |             0 |             0 |             0 |             0 |             0 |             0 |             0 |             0 |             0 |             0 |
|          CAS_COUNT_WR          | MBOX5C1 |   15016613036 |             0 |             0 |             0 |             0 |             0 |             0 |             0 |             0 |             0 |             0 |             0 |   14882092396 |             0 |             0 |             0 |             0 |             0 |             0 |             0 |             0 |             0 |             0 |             0 |
|          CAS_COUNT_RD          | MBOX6C0 |             0 |             0 |             0 |             0 |             0 |             0 |             0 |             0 |             0 |             0 |             0 |             0 |             0 |             0 |             0 |             0 |             0 |             0 |             0 |             0 |             0 |             0 |             0 |             0 |
|          CAS_COUNT_WR          | MBOX6C1 |             0 |             0 |             0 |             0 |             0 |             0 |             0 |             0 |             0 |             0 |             0 |             0 |             0 |             0 |             0 |             0 |             0 |             0 |             0 |             0 |             0 |             0 |             0 |             0 |
|          CAS_COUNT_RD          | MBOX7C0 |             0 |             0 |             0 |             0 |             0 |             0 |             0 |             0 |             0 |             0 |             0 |             0 |             0 |             0 |             0 |             0 |             0 |             0 |             0 |             0 |             0 |             0 |             0 |             0 |
|          CAS_COUNT_WR          | MBOX7C1 |             0 |             0 |             0 |             0 |             0 |             0 |             0 |             0 |             0 |             0 |             0 |             0 |             0 |             0 |             0 |             0 |             0 |             0 |             0 |             0 |             0 |             0 |             0 |             0 |
+--------------------------------+---------+---------------+---------------+---------------+---------------+---------------+---------------+---------------+---------------+---------------+---------------+---------------+---------------+---------------+---------------+---------------+---------------+---------------+---------------+---------------+---------------+---------------+---------------+---------------+---------------+
+-------------------------------------+---------+----------------+---------------+---------------+--------------+
|                Event                | Counter |       Sum      |      Min      |      Max      |      Avg     |
+-------------------------------------+---------+----------------+---------------+---------------+--------------+
|        INSTR_RETIRED_ANY STAT       |  FIXC0  | 25131147133087 |  944391008038 | 1241080203686 | 1.047131e+12 |
|      CPU_CLK_UNHALTED_CORE STAT     |  FIXC1  | 19882212418864 |  758637709026 |  907280260916 | 8.284255e+11 |
|      CPU_CLK_UNHALTED_REF STAT      |  FIXC2  | 19889887876365 |  758965084321 |  907367844182 | 8.287453e+11 |
|           FIXC1/FIXC0 STAT          |   CPI   |              0 |             0 |             0 |            0 |
|  OFFCORE_RESPONSE_0_LOCAL_DRAM STAT |   PMC0  |   197415526057 |    1284545510 |   15194866577 | 8.225647e+09 |
| OFFCORE_RESPONSE_1_REMOTE_DRAM STAT |   PMC1  |     1894089528 |        454071 |     628074152 |     78920397 |
|  MEM_LOAD_UOPS_RETIRED_L3_ALL STAT  |   PMC2  |    54540054496 |     250268542 |    4330083352 | 2.272502e+09 |
|  MEM_LOAD_UOPS_RETIRED_L3_MISS STAT |   PMC3  |    13862124235 |     209134540 |     957311677 | 5.775885e+08 |
|      L2_TRANS_ALL_REQUESTS STAT     |   PMC4  |  2201574280922 |    7924586966 |  175432044326 | 9.173226e+10 |
|          L2_RQSTS_MISS STAT         |   PMC5  |   749445369306 |    2138745320 |   60558617992 | 3.122689e+10 |
|        UOPS_RETIRED_ALL STAT        |   PMC6  | 29179158306829 | 1138727141876 | 1412016087153 | 1.215798e+12 |
|            TEMP_CORE STAT           |   TMP0  |           1019 |            38 |            46 |      42.4583 |
|         PWR_PKG_ENERGY STAT         |   PWR0  |     71277.6116 |             0 |    36405.5268 |    2969.9005 |
|         PWR_PP0_ENERGY STAT         |   PWR1  |              0 |             0 |             0 |            0 |
|         PWR_DRAM_ENERGY STAT        |   PWR3  |    802069.9808 |             0 |   795374.5132 |   33419.5825 |
|          CAS_COUNT_RD STAT          | MBOX0C0 |    97956485676 |             0 |   49126182800 | 4.081520e+09 |
|          CAS_COUNT_WR STAT          | MBOX0C1 |    29928689375 |             0 |   15035153071 | 1.247029e+09 |
|          CAS_COUNT_RD STAT          | MBOX1C0 |    97893804319 |             0 |   49082758977 | 4.078909e+09 |
|          CAS_COUNT_WR STAT          | MBOX1C1 |    29878167795 |             0 |   15003484847 | 1.244924e+09 |
|          CAS_COUNT_RD STAT          | MBOX2C0 |              0 |             0 |             0 |            0 |
|          CAS_COUNT_WR STAT          | MBOX2C1 |              0 |             0 |             0 |            0 |
|          CAS_COUNT_RD STAT          | MBOX3C0 |              0 |             0 |             0 |            0 |
|          CAS_COUNT_WR STAT          | MBOX3C1 |              0 |             0 |             0 |            0 |
|          CAS_COUNT_RD STAT          | MBOX4C0 |    97938153597 |             0 |   49107900212 | 4.080756e+09 |
|          CAS_COUNT_WR STAT          | MBOX4C1 |    29936061328 |             0 |   15034910236 | 1.247336e+09 |
|          CAS_COUNT_RD STAT          | MBOX5C0 |    97899540215 |             0 |   49091493216 | 4.079148e+09 |
|          CAS_COUNT_WR STAT          | MBOX5C1 |    29898705432 |             0 |   15016613036 |   1245779393 |
|          CAS_COUNT_RD STAT          | MBOX6C0 |              0 |             0 |             0 |            0 |
|          CAS_COUNT_WR STAT          | MBOX6C1 |              0 |             0 |             0 |            0 |
|          CAS_COUNT_RD STAT          | MBOX7C0 |              0 |             0 |             0 |            0 |
|          CAS_COUNT_WR STAT          | MBOX7C1 |              0 |             0 |             0 |            0 |
+-------------------------------------+---------+----------------+---------------+---------------+--------------+
+-----------------------------------+------------+--------------+--------------+--------------+--------------+-----------+-----------+-----------+-----------+-----------+-----------+-----------+-------------+-----------+-----------+-----------+-----------+-----------+-----------+-----------+-----------+-----------+-----------+-----------+
|               Metric              |   Core 0   |    Core 1    |    Core 2    |    Core 3    |    Core 4    |   Core 5  |   Core 6  |   Core 7  |   Core 8  |   Core 9  |  Core 10  |  Core 11  |   Core 12   |  Core 13  |  Core 14  |  Core 15  |  Core 16  |  Core 17  |  Core 18  |  Core 19  |  Core 20  |  Core 21  |  Core 22  |  Core 23  |
+-----------------------------------+------------+--------------+--------------+--------------+--------------+-----------+-----------+-----------+-----------+-----------+-----------+-----------+-------------+-----------+-----------+-----------+-----------+-----------+-----------+-----------+-----------+-----------+-----------+-----------+
|        Runtime (RDTSC) [s]        |   399.4742 |     399.4742 |     399.4742 |     399.4742 |     399.4742 |  399.4742 |  399.4742 |  399.4742 |  399.4742 |  399.4742 |  399.4742 |  399.4742 |    399.4742 |  399.4742 |  399.4742 |  399.4742 |  399.4742 |  399.4742 |  399.4742 |  399.4742 |  399.4742 |  399.4742 |  399.4742 |  399.4742 |
|        Runtime unhalted [s]       |   382.5913 |     382.4906 |     394.4798 |     381.4602 |     381.3148 |  381.3162 |  379.5811 |  332.5731 |  339.4446 |  339.5069 |  332.7277 |  330.0316 |    380.8442 |  380.7677 |  380.5034 |  380.8588 |  380.3764 |  380.6067 |  329.8510 |  332.4165 |  339.2002 |  339.1948 |  332.5511 |  329.9742 |
|            Clock [MHz]            |  2299.3888 |    2299.4129 |    2299.7187 |    2299.3909 |    2299.4085 | 2299.4100 | 2299.6856 | 2297.2628 | 2297.9156 | 2298.2496 | 2298.0974 | 2298.2535 |   2299.3504 | 2299.3381 | 2299.3574 | 2299.3553 | 2299.4137 | 2299.4555 | 2297.5531 | 2299.0099 | 2299.2584 | 2299.3313 | 2299.1222 | 2299.8073 |
|                CPI                |     0.9279 |       0.9265 |       0.9404 |       0.9290 |       0.9261 |    0.9270 |    0.7034 |    0.6766 |    0.6754 |    0.6758 |    0.6770 |    0.6787 |      0.9247 |    0.9239 |    0.9232 |    0.9243 |    0.9215 |    0.9219 |    0.6783 |    0.6761 |    0.6745 |    0.6747 |    0.6766 |    0.6794 |
|   Local DRAM data volume [GByte]  |   948.8136 |     953.1097 |     968.4228 |     951.9721 |     969.4382 |  951.3781 |  152.4727 |   94.8097 |   95.1566 |   95.4775 |   94.7461 |   83.7008 |    946.2149 |  954.2212 |  951.7805 |  953.8232 |  972.4715 |  969.1256 |   82.2109 |   90.5046 |   90.8498 |   90.8678 |   89.4145 |   83.6113 |
|   Local DRAM bandwidth [MByte/s]  |  2375.1563 |    2385.9109 |    2424.2440 |    2383.0630 |    2426.7858 | 2381.5761 |  381.6836 |  237.3363 |  238.2045 |  239.0080 |  237.1771 |  209.5276 |   2368.6510 | 2388.6931 | 2382.5833 | 2387.6968 | 2434.3789 | 2426.0031 |  205.7978 |  226.5594 |  227.4235 |  227.4685 |  223.8304 |  209.3035 |
|  Remote DRAM data volume [GByte]  |     0.1965 |       0.0316 |       0.0323 |       0.0348 |       0.0291 |   20.5432 |   40.1967 |    0.5526 |    0.4708 |    0.2889 |    0.4743 |   10.9754 |      6.8475 |    0.1320 |    0.1366 |    0.1297 |    0.1319 |    0.9775 |   11.8757 |    3.8923 |    3.8995 |    3.8500 |    4.9187 |   10.6042 |
|  Remote DRAM bandwidth [MByte/s]  |     0.4918 |       0.0790 |       0.0808 |       0.0871 |       0.0727 |   51.4256 |  100.6241 |    1.3834 |    1.1785 |    0.7231 |    1.1872 |   27.4745 |     17.1412 |    0.3303 |    0.3421 |    0.3248 |    0.3303 |    2.4469 |   29.7284 |    9.7435 |    9.7615 |    9.6377 |   12.3129 |   26.5453 |
|     Memory data volume [GByte]    |   949.0100 |     953.1413 |     968.4551 |     952.0069 |     969.4673 |  971.9213 |  192.6695 |   95.3624 |   95.6274 |   95.7664 |   95.2204 |   94.6762 |    953.0624 |  954.3531 |  951.9171 |  953.9529 |  972.6034 |  970.1031 |   94.0867 |   94.3969 |   94.7493 |   94.7178 |   94.3332 |   94.2155 |
|     Memory bandwidth [MByte/s]    |  2375.6481 |    2385.9899 |    2424.3248 |    2383.1501 |    2426.8586 | 2433.0017 |  482.3077 |  238.7197 |  239.3831 |  239.7311 |  238.3643 |  237.0021 |   2385.7923 | 2389.0234 | 2382.9254 | 2388.0216 | 2434.7092 | 2428.4501 |  235.5263 |  236.3029 |  237.1850 |  237.1062 |  236.1433 |  235.8488 |
|          L3 request rate          |     4.6968 |       4.6544 |       4.6036 |       4.6697 |       4.5216 |    4.4881 |    1.1435 |    1.1964 |    1.1970 |    1.1903 |    1.1950 |    1.1972 |      4.6152 |    4.5968 |    4.5898 |    4.6517 |    4.4803 |    4.4755 |    1.2025 |    1.2020 |    1.2029 |    1.2011 |    1.2004 |    1.1953 |
|            L3 miss rate           |     0.0007 |       0.0001 |       0.0001 |       0.0001 |       0.0001 |    0.0757 |    1.5978 |    0.0343 |    0.0290 |    0.0178 |    0.0294 |    0.6816 |      0.0247 |    0.0005 |    0.0005 |    0.0005 |    0.0005 |    0.0036 |    0.7378 |    0.2416 |    0.2393 |    0.2368 |    0.3055 |    0.6621 |
|           L3 miss ratio           |     0.0002 | 3.312253e-05 | 3.334748e-05 | 3.655825e-05 | 2.997668e-05 |    0.0216 |    0.2636 |    0.0058 |    0.0049 |    0.0030 |    0.0050 |    0.1311 |      0.0072 |    0.0001 |    0.0001 |    0.0001 |    0.0001 |    0.0010 |    0.1445 |    0.0430 |    0.0429 |    0.0424 |    0.0550 |    0.1268 |
|          L2 request rate          |     0.1850 |       0.1846 |       0.1813 |       0.1857 |       0.1847 |    0.1847 |    0.0116 |    0.0071 |    0.0069 |    0.0069 |    0.0071 |    0.0071 |      0.1843 |    0.1848 |    0.1845 |    0.1842 |    0.1840 |    0.1841 |    0.0071 |    0.0070 |    0.0069 |    0.0069 |    0.0071 |    0.0071 |
|            L2 miss rate           |     0.0639 |       0.0636 |       0.0622 |       0.0639 |       0.0632 |    0.0632 |    0.0032 |    0.0019 |    0.0019 |    0.0019 |    0.0019 |    0.0019 |      0.0637 |    0.0636 |    0.0636 |    0.0636 |    0.0630 |    0.0630 |    0.0019 |    0.0019 |    0.0019 |    0.0019 |    0.0019 |    0.0019 |
|           L2 miss ratio           |     0.3452 |       0.3446 |       0.3431 |       0.3440 |       0.3422 |    0.3424 |    0.2740 |    0.2693 |    0.2700 |    0.2696 |    0.2699 |    0.2712 |      0.3454 |    0.3441 |    0.3446 |    0.3454 |    0.3426 |    0.3421 |    0.2712 |    0.2703 |    0.2709 |    0.2704 |    0.2702 |    0.2692 |
|  Memory read bandwidth [MBytes/s] | 31466.6998 |            0 |            0 |            0 |            0 |         0 |         0 |         0 |         0 |         0 |         0 |         0 |  31285.8722 |         0 |         0 |         0 |         0 |         0 |         0 |         0 |         0 |         0 |         0 |         0 |
|  Memory read data volume [GBytes] | 12570.1335 |            0 |            0 |            0 |            0 |         0 |         0 |         0 |         0 |         0 |         0 |         0 |  12497.8975 |         0 |         0 |         0 |         0 |         0 |         0 |         0 |         0 |         0 |         0 |         0 |
| Memory write bandwidth [MBytes/s] |  9627.0816 |            0 |            0 |            0 |            0 |         0 |         0 |         0 |         0 |         0 |         0 |         0 |   9540.7763 |         0 |         0 |         0 |         0 |         0 |         0 |         0 |         0 |         0 |         0 |         0 |
| Memory write data volume [GBytes] |  3845.7703 |            0 |            0 |            0 |            0 |         0 |         0 |         0 |         0 |         0 |         0 |         0 |   3811.2936 |         0 |         0 |         0 |         0 |         0 |         0 |         0 |         0 |         0 |         0 |         0 |
|    Memory bandwidth [MBytes/s]    | 41093.7813 |            0 |            0 |            0 |            0 |         0 |         0 |         0 |         0 |         0 |         0 |         0 |  40826.6485 |         0 |         0 |         0 |         0 |         0 |         0 |         0 |         0 |         0 |         0 |         0 |
|    Memory data volume [GBytes]    | 16415.9038 |            0 |            0 |            0 |            0 |         0 |         0 |         0 |         0 |         0 |         0 |         0 |  16309.1911 |         0 |         0 |         0 |         0 |         0 |         0 |         0 |         0 |         0 |         0 |         0 |
|          Temperature [C]          |         43 |           42 |           41 |           42 |           41 |        42 |        46 |        43 |        40 |        39 |        38 |        38 |          44 |        43 |        43 |        42 |        46 |        42 |        43 |        46 |        45 |        42 |        44 |        44 |
|             Energy [J]            | 36405.5268 |            0 |            0 |            0 |            0 |         0 |         0 |         0 |         0 |         0 |         0 |         0 |  34872.0848 |         0 |         0 |         0 |         0 |         0 |         0 |         0 |         0 |         0 |         0 |         0 |
|             Power [W]             |    91.1336 |            0 |            0 |            0 |            0 |         0 |         0 |         0 |         0 |         0 |         0 |         0 |     87.2950 |         0 |         0 |         0 |         0 |         0 |         0 |         0 |         0 |         0 |         0 |         0 |
|           Energy PP0 [J]          |          0 |            0 |            0 |            0 |            0 |         0 |         0 |         0 |         0 |         0 |         0 |         0 |           0 |         0 |         0 |         0 |         0 |         0 |         0 |         0 |         0 |         0 |         0 |         0 |
|           Power PP0 [W]           |          0 |            0 |            0 |            0 |            0 |         0 |         0 |         0 |         0 |         0 |         0 |         0 |           0 |         0 |         0 |         0 |         0 |         0 |         0 |         0 |         0 |         0 |         0 |         0 |
|          Energy DRAM [J]          |  6695.4676 |            0 |            0 |            0 |            0 |         0 |         0 |         0 |         0 |         0 |         0 |         0 | 795374.5132 |         0 |         0 |         0 |         0 |         0 |         0 |         0 |         0 |         0 |         0 |         0 |
|           Power DRAM [W]          |    16.7607 |            0 |            0 |            0 |            0 |         0 |         0 |         0 |         0 |         0 |         0 |         0 |   1991.0537 |         0 |         0 |         0 |         0 |         0 |         0 |         0 |         0 |         0 |         0 |         0 |
+-----------------------------------+------------+--------------+--------------+--------------+--------------+-----------+-----------+-----------+-----------+-----------+-----------+-----------+-------------+-----------+-----------+-----------+-----------+-----------+-----------+-----------+-----------+-----------+-----------+-----------+
+----------------------------------------+-------------+--------------+-------------+------------+
|                 Metric                 |     Sum     |      Min     |     Max     |     Avg    |
+----------------------------------------+-------------+--------------+-------------+------------+
|        Runtime (RDTSC) [s] STAT        |   9587.3808 |     399.4742 |    399.4742 |   399.4742 |
|        Runtime unhalted [s] STAT       |   8644.6629 |     329.8510 |    394.4798 |   360.1943 |
|            Clock [MHz] STAT            |  55176.5469 |    2297.2628 |   2299.8073 |  2299.0228 |
|                CPI STAT                |     19.2629 |       0.6745 |      0.9404 |     0.8026 |
|   Local DRAM data volume [GByte] STAT  |  12634.5937 |      82.2109 |    972.4715 |   526.4414 |
|   Local DRAM bandwidth [MByte/s] STAT  |  31628.0625 |     205.7978 |   2434.3789 |  1317.8359 |
|  Remote DRAM data volume [GByte] STAT  |    121.2218 |       0.0291 |     40.1967 |     5.0509 |
|  Remote DRAM bandwidth [MByte/s] STAT  |    303.4527 |       0.0727 |    100.6241 |    12.6439 |
|     Memory data volume [GByte] STAT    |  12755.8156 |      94.0867 |    972.6034 |   531.4923 |
|     Memory bandwidth [MByte/s] STAT    |  31931.5157 |     235.5263 |   2434.7092 |  1330.4798 |
|          L3 request rate STAT          |     69.3671 |       1.1435 |      4.6968 |     2.8903 |
|            L3 miss rate STAT           |      4.9201 |       0.0001 |      1.5978 |     0.2050 |
|           L3 miss ratio STAT           |      0.8985 | 2.997668e-05 |      0.2636 |     0.0374 |
|          L2 request rate STAT          |      2.3007 |       0.0069 |      0.1857 |     0.0959 |
|            L2 miss rate STAT           |      0.7846 |       0.0019 |      0.0639 |     0.0327 |
|           L2 miss ratio STAT           |      7.3719 |       0.2692 |      0.3454 |     0.3072 |
|  Memory read bandwidth [MBytes/s] STAT |  62752.5720 |            0 |  31466.6998 |  2614.6905 |
|  Memory read data volume [GBytes] STAT |  25068.0310 |            0 |  12570.1335 |  1044.5013 |
| Memory write bandwidth [MBytes/s] STAT |  19167.8579 |            0 |   9627.0816 |   798.6607 |
| Memory write data volume [GBytes] STAT |   7657.0639 |            0 |   3845.7703 |   319.0443 |
|    Memory bandwidth [MBytes/s] STAT    |  81920.4298 |            0 |  41093.7813 |  3413.3512 |
|    Memory data volume [GBytes] STAT    |  32725.0949 |            0 |  16415.9038 |  1363.5456 |
|          Temperature [C] STAT          |        1019 |           38 |          46 |    42.4583 |
|             Energy [J] STAT            |  71277.6116 |            0 |  36405.5268 |  2969.9005 |
|             Power [W] STAT             |    178.4286 |            0 |     91.1336 |     7.4345 |
|           Energy PP0 [J] STAT          |           0 |            0 |           0 |          0 |
|           Power PP0 [W] STAT           |           0 |            0 |           0 |          0 |
|          Energy DRAM [J] STAT          | 802069.9808 |            0 | 795374.5132 | 33419.5825 |
|           Power DRAM [W] STAT          |   2007.8144 |            0 |   1991.0537 |    83.6589 |
+----------------------------------------+-------------+--------------+-------------+------------+
