--------------------------------------------------------------------------------
CPU name:	Intel(R) Xeon(R) CPU E5-2670 v3 @ 2.30GHz
CPU type:	Intel Xeon Haswell EN/EP/EX processor
CPU clock:	2.30 GHz
--------------------------------------------------------------------------------
Group 1: POWERPERF
+--------------------------------+---------+---------------+---------------+---------------+---------------+---------------+---------------+---------------+---------------+---------------+---------------+---------------+---------------+---------------+---------------+---------------+---------------+---------------+---------------+---------------+---------------+---------------+---------------+---------------+---------------+
|              Event             | Counter |     Core 0    |     Core 1    |     Core 2    |     Core 3    |     Core 4    |     Core 5    |     Core 6    |     Core 7    |     Core 8    |     Core 9    |    Core 10    |    Core 11    |    Core 12    |    Core 13    |    Core 14    |    Core 15    |    Core 16    |    Core 17    |    Core 18    |    Core 19    |    Core 20    |    Core 21    |    Core 22    |    Core 23    |
+--------------------------------+---------+---------------+---------------+---------------+---------------+---------------+---------------+---------------+---------------+---------------+---------------+---------------+---------------+---------------+---------------+---------------+---------------+---------------+---------------+---------------+---------------+---------------+---------------+---------------+---------------+
|        INSTR_RETIRED_ANY       |  FIXC0  |  953409187623 |  954250746774 |  970901563761 |  949300892839 |  950992168584 |  950477613944 |  925880120753 |  970413365061 |  981243615867 |  983271480592 |  985868559797 |  983745401995 |  944407847469 |  944556188311 |  943929372349 |  944182974185 |  946642872217 |  946435224239 |  981588205437 |  980416887164 |  977582544708 |  976708206182 |  974814962546 |  941917180929 |
|      CPU_CLK_UNHALTED_CORE     |  FIXC1  | 1010196033962 | 1009719706512 | 1038434528928 | 1007875012124 | 1006434168970 | 1006847823740 |  901318901485 |  961912172297 |  976119342584 |  978594239071 |  979621372836 |  982271336250 | 1011524195129 | 1011174229864 | 1011460586762 | 1011769559407 | 1011185332588 | 1010888293892 |  981211754726 |  979476004267 |  976173154102 |  978132365132 |  972625880186 |  916199966447 |
|      CPU_CLK_UNHALTED_REF      |  FIXC2  | 1015587389948 | 1015110625639 | 1039299184633 | 1014596444608 | 1013190162807 | 1013284300013 |  962107650154 |  980842177196 |  986192597506 |  986684102446 |  986802885325 |  988212366012 | 1016130087989 | 1016752453085 | 1016792521362 | 1016901488577 | 1016455737422 | 1016131292338 |  986791128645 |  986211088724 |  985201622749 |  987598493321 |  983498852295 |  969537057116 |
|           FIXC1/FIXC0          |   CPI   |             0 |             0 |             0 |             0 |             0 |             0 |             0 |             0 |             0 |             0 |             0 |             0 |             0 |             0 |             0 |             0 |             0 |             0 |             0 |             0 |             0 |             0 |             0 |             0 |
|  OFFCORE_RESPONSE_0_LOCAL_DRAM |   PMC0  |   13731214684 |   13820163147 |   13992505006 |   13753636526 |   13952829761 |   13698542825 |    6598706316 |    6696455985 |    6712219547 |    6738834909 |    6685103279 |    5383155364 |   13609642716 |   13698694045 |   13667790693 |   13700191080 |   13902000598 |   13873758674 |    6269195677 |    6756127922 |    6733050070 |    6768890941 |    6798769721 |    6809067629 |
| OFFCORE_RESPONSE_1_REMOTE_DRAM |   PMC1  |       7994721 |       1164261 |       1504058 |       1134573 |       1164519 |     274548782 |     464697357 |     174701896 |      79807264 |      73940667 |     113215367 |    1391714808 |      60816788 |       1584019 |       1486822 |       1893319 |       1570305 |       5211143 |     587180769 |     124739969 |      99215037 |      97460503 |     105587055 |     249057291 |
|  MEM_LOAD_UOPS_RETIRED_L3_ALL  |   PMC2  |    4518436917 |    4486404773 |    4427781458 |    4509758266 |    4410058885 |    4430333049 |     903762514 |     899983811 |     901847882 |     898464743 |     902747702 |     908223728 |    4452438716 |    4459741192 |    4490373781 |    4507675724 |    4437838364 |    4456007031 |     897943285 |     897505839 |     904116358 |     906007994 |     909511957 |     922229087 |
|  MEM_LOAD_UOPS_RETIRED_L3_MISS |   PMC3  |     879668662 |     885216933 |     875093336 |     885562417 |     889876703 |     894559676 |     294065391 |     270124710 |     264326637 |     263809343 |     261954681 |     264532329 |     879995969 |     884396028 |     880769852 |     878599890 |     889165075 |     898449026 |     265661891 |     265944390 |     265647629 |     268106117 |     271442018 |     281767481 |
|      L2_TRANS_ALL_REQUESTS     |   PMC4  |  180231316278 |  179963439788 |  180038877136 |  180370542440 |  180057597233 |  179793008011 |   71469062724 |   71582088425 |   71556524836 |   71512046586 |   71658699841 |   71080203785 |  180487501727 |  181070170827 |  180887679690 |  180607138841 |  180457982885 |  180984077998 |   71944768964 |   72356935378 |   72694804572 |   72714548392 |   72722344917 |   72959031374 |
|          L2_RQSTS_MISS         |   PMC5  |   62177333214 |   61989024265 |   61726720615 |   62039422719 |   61676882252 |   61654012024 |   19536934249 |   19499522730 |   19577380323 |   19572341780 |   19570115696 |   19624067014 |   62207647054 |   62125465570 |   62103028200 |   62156898520 |   61819722512 |   61771784125 |   19530457942 |   19533963670 |   19620466000 |   19631995724 |   19663863725 |   19820994536 |
|        UOPS_RETIRED_ALL        |   PMC6  | 1153587652069 | 1155488058540 | 1170336185104 | 1149072927397 | 1152479879443 | 1151446367529 | 1338919836605 | 1401103817326 | 1414203445589 | 1416355115721 | 1420082265494 | 1414835633696 | 1139318203895 | 1139638924871 | 1138392470725 | 1138888449016 | 1143823458038 | 1143439711629 | 1410683116579 | 1408546140621 | 1405095913092 | 1404392815215 | 1402653973834 | 1358375540375 |
|            TEMP_CORE           |   TMP0  |            40 |            38 |            38 |            40 |            42 |            41 |            42 |            41 |            41 |            43 |            43 |            40 |            44 |            44 |            43 |            46 |            46 |            44 |            46 |            46 |            47 |            45 |            46 |            47 |
|         PWR_PKG_ENERGY         |   PWR0  |    42802.5759 |             0 |             0 |             0 |             0 |             0 |             0 |             0 |             0 |             0 |             0 |             0 |    40640.2665 |             0 |             0 |             0 |             0 |             0 |             0 |             0 |             0 |             0 |             0 |             0 |
|         PWR_PP0_ENERGY         |   PWR1  |             0 |             0 |             0 |             0 |             0 |             0 |             0 |             0 |             0 |             0 |             0 |             0 |             0 |             0 |             0 |             0 |             0 |             0 |             0 |             0 |             0 |             0 |             0 |             0 |
|         PWR_DRAM_ENERGY        |   PWR3  |     8127.9684 |             0 |             0 |             0 |             0 |             0 |             0 |             0 |             0 |             0 |             0 |             0 |     8425.2918 |             0 |             0 |             0 |             0 |             0 |             0 |             0 |             0 |             0 |             0 |             0 |
|          CAS_COUNT_RD          | MBOX0C0 |   64561673474 |             0 |             0 |             0 |             0 |             0 |             0 |             0 |             0 |             0 |             0 |             0 |   65724191070 |             0 |             0 |             0 |             0 |             0 |             0 |             0 |             0 |             0 |             0 |             0 |
|          CAS_COUNT_WR          | MBOX0C1 |   20142180155 |             0 |             0 |             0 |             0 |             0 |             0 |             0 |             0 |             0 |             0 |             0 |   20652679644 |             0 |             0 |             0 |             0 |             0 |             0 |             0 |             0 |             0 |             0 |             0 |
|          CAS_COUNT_RD          | MBOX1C0 |   64589021693 |             0 |             0 |             0 |             0 |             0 |             0 |             0 |             0 |             0 |             0 |             0 |   65738339644 |             0 |             0 |             0 |             0 |             0 |             0 |             0 |             0 |             0 |             0 |             0 |
|          CAS_COUNT_WR          | MBOX1C1 |   20171721138 |             0 |             0 |             0 |             0 |             0 |             0 |             0 |             0 |             0 |             0 |             0 |   20675206780 |             0 |             0 |             0 |             0 |             0 |             0 |             0 |             0 |             0 |             0 |             0 |
|          CAS_COUNT_RD          | MBOX2C0 |             0 |             0 |             0 |             0 |             0 |             0 |             0 |             0 |             0 |             0 |             0 |             0 |             0 |             0 |             0 |             0 |             0 |             0 |             0 |             0 |             0 |             0 |             0 |             0 |
|          CAS_COUNT_WR          | MBOX2C1 |             0 |             0 |             0 |             0 |             0 |             0 |             0 |             0 |             0 |             0 |             0 |             0 |             0 |             0 |             0 |             0 |             0 |             0 |             0 |             0 |             0 |             0 |             0 |             0 |
|          CAS_COUNT_RD          | MBOX3C0 |             0 |             0 |             0 |             0 |             0 |             0 |             0 |             0 |             0 |             0 |             0 |             0 |             0 |             0 |             0 |             0 |             0 |             0 |             0 |             0 |             0 |             0 |             0 |             0 |
|          CAS_COUNT_WR          | MBOX3C1 |             0 |             0 |             0 |             0 |             0 |             0 |             0 |             0 |             0 |             0 |             0 |             0 |             0 |             0 |             0 |             0 |             0 |             0 |             0 |             0 |             0 |             0 |             0 |             0 |
|          CAS_COUNT_RD          | MBOX4C0 |   64563567043 |             0 |             0 |             0 |             0 |             0 |             0 |             0 |             0 |             0 |             0 |             0 |   65720344670 |             0 |             0 |             0 |             0 |             0 |             0 |             0 |             0 |             0 |             0 |             0 |
|          CAS_COUNT_WR          | MBOX4C1 |   20153296839 |             0 |             0 |             0 |             0 |             0 |             0 |             0 |             0 |             0 |             0 |             0 |   20662478057 |             0 |             0 |             0 |             0 |             0 |             0 |             0 |             0 |             0 |             0 |             0 |
|          CAS_COUNT_RD          | MBOX5C0 |   64600918527 |             0 |             0 |             0 |             0 |             0 |             0 |             0 |             0 |             0 |             0 |             0 |   65747542649 |             0 |             0 |             0 |             0 |             0 |             0 |             0 |             0 |             0 |             0 |             0 |
|          CAS_COUNT_WR          | MBOX5C1 |   20185646456 |             0 |             0 |             0 |             0 |             0 |             0 |             0 |             0 |             0 |             0 |             0 |   20685217595 |             0 |             0 |             0 |             0 |             0 |             0 |             0 |             0 |             0 |             0 |             0 |
|          CAS_COUNT_RD          | MBOX6C0 |             0 |             0 |             0 |             0 |             0 |             0 |             0 |             0 |             0 |             0 |             0 |             0 |             0 |             0 |             0 |             0 |             0 |             0 |             0 |             0 |             0 |             0 |             0 |             0 |
|          CAS_COUNT_WR          | MBOX6C1 |             0 |             0 |             0 |             0 |             0 |             0 |             0 |             0 |             0 |             0 |             0 |             0 |             0 |             0 |             0 |             0 |             0 |             0 |             0 |             0 |             0 |             0 |             0 |             0 |
|          CAS_COUNT_RD          | MBOX7C0 |             0 |             0 |             0 |             0 |             0 |             0 |             0 |             0 |             0 |             0 |             0 |             0 |             0 |             0 |             0 |             0 |             0 |             0 |             0 |             0 |             0 |             0 |             0 |             0 |
|          CAS_COUNT_WR          | MBOX7C1 |             0 |             0 |             0 |             0 |             0 |             0 |             0 |             0 |             0 |             0 |             0 |             0 |             0 |             0 |             0 |             0 |             0 |             0 |             0 |             0 |             0 |             0 |             0 |             0 |
+--------------------------------+---------+---------------+---------------+---------------+---------------+---------------+---------------+---------------+---------------+---------------+---------------+---------------+---------------+---------------+---------------+---------------+---------------+---------------+---------------+---------------+---------------+---------------+---------------+---------------+---------------+
+-------------------------------------+---------+----------------+---------------+---------------+--------------+
|                Event                | Counter |       Sum      |      Min      |      Max      |      Avg     |
+-------------------------------------+---------+----------------+---------------+---------------+--------------+
|        INSTR_RETIRED_ANY STAT       |  FIXC0  | 23062937183326 |  925880120753 |  985868559797 | 9.609557e+11 |
|      CPU_CLK_UNHALTED_CORE STAT     |  FIXC1  | 23731165961261 |  901318901485 | 1038434528928 | 9.887986e+11 |
|      CPU_CLK_UNHALTED_REF STAT      |  FIXC2  | 23999911709910 |  962107650154 | 1039299184633 | 9.999963e+11 |
|           FIXC1/FIXC0 STAT          |   CPI   |              0 |             0 |             0 |            0 |
|  OFFCORE_RESPONSE_0_LOCAL_DRAM STAT |   PMC0  |   244350547115 |    5383155364 |   13992505006 | 1.018127e+10 |
| OFFCORE_RESPONSE_1_REMOTE_DRAM STAT |   PMC1  |     3921391293 |       1134573 |    1391714808 | 1.633913e+08 |
|  MEM_LOAD_UOPS_RETIRED_L3_ALL STAT  |   PMC2  |    64439193056 |     897505839 |    4518436917 | 2.684966e+09 |
|  MEM_LOAD_UOPS_RETIRED_L3_MISS STAT |   PMC3  |    13858736184 |     261954681 |     898449026 |    577447341 |
|      L2_TRANS_ALL_REQUESTS STAT     |   PMC4  |  3029200392648 |   71080203785 |  181070170827 | 126216683027 |
|          L2_RQSTS_MISS STAT         |   PMC5  |   978630044459 |   19499522730 |   62207647054 | 4.077625e+10 |
|        UOPS_RETIRED_ALL STAT        |   PMC6  | 30571159902403 | 1138392470725 | 1420082265494 | 1.273798e+12 |
|            TEMP_CORE STAT           |   TMP0  |           1033 |            38 |            47 |      43.0417 |
|         PWR_PKG_ENERGY STAT         |   PWR0  |     83442.8424 |             0 |    42802.5759 |    3476.7851 |
|         PWR_PP0_ENERGY STAT         |   PWR1  |              0 |             0 |             0 |            0 |
|         PWR_DRAM_ENERGY STAT        |   PWR3  |     16553.2602 |             0 |     8425.2918 |     689.7192 |
|          CAS_COUNT_RD STAT          | MBOX0C0 |   130285864544 |             0 |   65724191070 | 5.428578e+09 |
|          CAS_COUNT_WR STAT          | MBOX0C1 |    40794859799 |             0 |   20652679644 | 1.699786e+09 |
|          CAS_COUNT_RD STAT          | MBOX1C0 |   130327361337 |             0 |   65738339644 | 5.430307e+09 |
|          CAS_COUNT_WR STAT          | MBOX1C1 |    40846927918 |             0 |   20675206780 | 1.701955e+09 |
|          CAS_COUNT_RD STAT          | MBOX2C0 |              0 |             0 |             0 |            0 |
|          CAS_COUNT_WR STAT          | MBOX2C1 |              0 |             0 |             0 |            0 |
|          CAS_COUNT_RD STAT          | MBOX3C0 |              0 |             0 |             0 |            0 |
|          CAS_COUNT_WR STAT          | MBOX3C1 |              0 |             0 |             0 |            0 |
|          CAS_COUNT_RD STAT          | MBOX4C0 |   130283911713 |             0 |   65720344670 | 5.428496e+09 |
|          CAS_COUNT_WR STAT          | MBOX4C1 |    40815774896 |             0 |   20662478057 | 1.700657e+09 |
|          CAS_COUNT_RD STAT          | MBOX5C0 |   130348461176 |             0 |   65747542649 | 5.431186e+09 |
|          CAS_COUNT_WR STAT          | MBOX5C1 |    40870864051 |             0 |   20685217595 | 1.702953e+09 |
|          CAS_COUNT_RD STAT          | MBOX6C0 |              0 |             0 |             0 |            0 |
|          CAS_COUNT_WR STAT          | MBOX6C1 |              0 |             0 |             0 |            0 |
|          CAS_COUNT_RD STAT          | MBOX7C0 |              0 |             0 |             0 |            0 |
|          CAS_COUNT_WR STAT          | MBOX7C1 |              0 |             0 |             0 |            0 |
+-------------------------------------+---------+----------------+---------------+---------------+--------------+
+-----------------------------------+------------+-----------+-----------+-----------+-----------+-----------+-----------+-----------+-----------+-----------+-----------+-----------+------------+-----------+-----------+-----------+-----------+-----------+-----------+-----------+-----------+-----------+-----------+-----------+
|               Metric              |   Core 0   |   Core 1  |   Core 2  |   Core 3  |   Core 4  |   Core 5  |   Core 6  |   Core 7  |   Core 8  |   Core 9  |  Core 10  |  Core 11  |   Core 12  |  Core 13  |  Core 14  |  Core 15  |  Core 16  |  Core 17  |  Core 18  |  Core 19  |  Core 20  |  Core 21  |  Core 22  |  Core 23  |
+-----------------------------------+------------+-----------+-----------+-----------+-----------+-----------+-----------+-----------+-----------+-----------+-----------+-----------+------------+-----------+-----------+-----------+-----------+-----------+-----------+-----------+-----------+-----------+-----------+-----------+
|        Runtime (RDTSC) [s]        |   459.9343 |  459.9343 |  459.9343 |  459.9343 |  459.9343 |  459.9343 |  459.9343 |  459.9343 |  459.9343 |  459.9343 |  459.9343 |  459.9343 |   459.9343 |  459.9343 |  459.9343 |  459.9343 |  459.9343 |  459.9343 |  459.9343 |  459.9343 |  459.9343 |  459.9343 |  459.9343 |  459.9343 |
|        Runtime unhalted [s]       |   439.2294 |  439.0223 |  451.5074 |  438.2202 |  437.5937 |  437.7736 |  391.8900 |  418.2358 |  424.4130 |  425.4891 |  425.9356 |  427.0878 |   439.8069 |  439.6547 |  439.7792 |  439.9136 |  439.6595 |  439.5304 |  426.6271 |  425.8724 |  424.4364 |  425.2882 |  422.8940 |  398.3603 |
|            Clock [MHz]            |  2287.7187 | 2287.7140 | 2298.0147 | 2284.6917 | 2284.5921 | 2285.3188 | 2154.6120 | 2255.5401 | 2276.4360 | 2281.0709 | 2283.1903 | 2286.1012 |  2289.5031 | 2287.3100 | 2287.8676 | 2288.3212 | 2288.0028 | 2288.0610 | 2286.9242 | 2284.2213 | 2278.8514 | 2277.8833 | 2274.5015 | 2173.4023 |
|                CPI                |     1.0596 |    1.0581 |    1.0696 |    1.0617 |    1.0583 |    1.0593 |    0.9735 |    0.9912 |    0.9948 |    0.9952 |    0.9937 |    0.9985 |     1.0711 |    1.0705 |    1.0715 |    1.0716 |    1.0682 |    1.0681 |    0.9996 |    0.9990 |    0.9986 |    1.0015 |    0.9978 |    0.9727 |
|   Local DRAM data volume [GByte]  |   878.7977 |  884.4904 |  895.5203 |  880.2327 |  892.9811 |  876.7067 |  422.3172 |  428.5732 |  429.5821 |  431.2854 |  427.8466 |  344.5219 |   871.0171 |  876.7164 |  874.7386 |  876.8122 |  889.7280 |  887.9206 |  401.2285 |  432.3922 |  430.9152 |  433.2090 |  435.1213 |  435.7803 |
|   Local DRAM bandwidth [MByte/s]  |  1910.7026 | 1923.0798 | 1947.0612 | 1913.8226 | 1941.5404 | 1906.1563 |  918.2119 |  931.8138 |  934.0073 |  937.7109 |  930.2341 |  749.0677 |  1893.7858 | 1906.1773 | 1901.8771 | 1906.3857 | 1934.4675 | 1930.5376 |  872.3604 |  940.1172 |  936.9059 |  941.8932 |  946.0508 |  947.4838 |
|  Remote DRAM data volume [GByte]  |     0.5117 |    0.0745 |    0.0963 |    0.0726 |    0.0745 |   17.5711 |   29.7406 |   11.1809 |    5.1077 |    4.7322 |    7.2458 |   89.0697 |     3.8923 |    0.1014 |    0.0952 |    0.1212 |    0.1005 |    0.3335 |   37.5796 |    7.9834 |    6.3498 |    6.2375 |    6.7576 |   15.9397 |
|  Remote DRAM bandwidth [MByte/s]  |     1.1125 |    0.1620 |    0.2093 |    0.1579 |    0.1620 |   38.2035 |   64.6628 |   24.3098 |   11.1052 |   10.2889 |   15.7540 |  193.6575 |     8.4627 |    0.2204 |    0.2069 |    0.2635 |    0.2185 |    0.7251 |   81.7064 |   17.3576 |   13.8058 |   13.5617 |   14.6925 |   34.6564 |
|     Memory data volume [GByte]    |   879.3094 |  884.5650 |  895.6166 |  880.3054 |  893.0556 |  894.2779 |  452.0578 |  439.7541 |  434.6897 |  436.0176 |  435.0924 |  433.5917 |   874.9094 |  876.8178 |  874.8338 |  876.9334 |  889.8285 |  888.2541 |  438.8081 |  440.3755 |  437.2650 |  439.4465 |  441.8788 |  451.7200 |
|     Memory bandwidth [MByte/s]    |  1911.8151 | 1923.2418 | 1947.2705 | 1913.9805 | 1941.7024 | 1944.3598 |  982.8747 |  956.1237 |  945.1125 |  947.9997 |  945.9881 |  942.7252 |  1902.2485 | 1906.3978 | 1902.0840 | 1906.6491 | 1934.6860 | 1931.2628 |  954.0668 |  957.4748 |  950.7117 |  955.4548 |  960.7433 |  982.1402 |
|          L3 request rate          |     5.1365 |    5.0681 |    5.0598 |    5.0925 |    4.9558 |    4.9525 |    3.0733 |    3.3317 |    3.4119 |    3.4057 |    3.4462 |    3.4333 |     5.0596 |    5.0427 |    5.0982 |    5.1305 |    4.9910 |    4.9597 |    3.3800 |    3.3748 |    3.4034 |    3.3793 |    3.3507 |    3.2730 |
|            L3 miss rate           |     0.0018 |    0.0003 |    0.0003 |    0.0003 |    0.0003 |    0.0620 |    0.5142 |    0.1941 |    0.0885 |    0.0823 |    0.1254 |    1.5323 |     0.0137 |    0.0004 |    0.0003 |    0.0004 |    0.0004 |    0.0012 |    0.6539 |    0.1390 |    0.1097 |    0.1076 |    0.1161 |    0.2701 |
|           L3 miss ratio           |     0.0006 |    0.0001 |    0.0001 |    0.0001 |    0.0001 |    0.0200 |    0.0704 |    0.0261 |    0.0119 |    0.0110 |    0.0169 |    0.2585 |     0.0045 |    0.0001 |    0.0001 |    0.0001 |    0.0001 |    0.0004 |    0.0937 |    0.0185 |    0.0147 |    0.0144 |    0.0155 |    0.0366 |
|          L2 request rate          |     0.1890 |    0.1886 |    0.1854 |    0.1900 |    0.1893 |    0.1892 |    0.0772 |    0.0738 |    0.0729 |    0.0727 |    0.0727 |    0.0723 |     0.1911 |    0.1917 |    0.1916 |    0.1913 |    0.1906 |    0.1912 |    0.0733 |    0.0738 |    0.0744 |    0.0744 |    0.0746 |    0.0775 |
|            L2 miss rate           |     0.0652 |    0.0650 |    0.0636 |    0.0654 |    0.0649 |    0.0649 |    0.0211 |    0.0201 |    0.0200 |    0.0199 |    0.0199 |    0.0199 |     0.0659 |    0.0658 |    0.0658 |    0.0658 |    0.0653 |    0.0653 |    0.0199 |    0.0199 |    0.0201 |    0.0201 |    0.0202 |    0.0210 |
|           L2 miss ratio           |     0.3450 |    0.3445 |    0.3429 |    0.3440 |    0.3425 |    0.3429 |    0.2734 |    0.2724 |    0.2736 |    0.2737 |    0.2731 |    0.2761 |     0.3447 |    0.3431 |    0.3433 |    0.3442 |    0.3426 |    0.3413 |    0.2715 |    0.2700 |    0.2699 |    0.2700 |    0.2704 |    0.2717 |
|  Memory read bandwidth [MBytes/s] | 35944.6341 |         0 |         0 |         0 |         0 |         0 |         0 |         0 |         0 |         0 |         0 |         0 | 36586.8458 |         0 |         0 |         0 |         0 |         0 |         0 |         0 |         0 |         0 |         0 |         0 |
|  Memory read data volume [GBytes] | 16532.1716 |         0 |         0 |         0 |         0 |         0 |         0 |         0 |         0 |         0 |         0 |         0 | 16827.5468 |         0 |         0 |         0 |         0 |         0 |         0 |         0 |         0 |         0 |         0 |         0 |
| Memory write bandwidth [MBytes/s] | 11222.8673 |         0 |         0 |         0 |         0 |         0 |         0 |         0 |         0 |         0 |         0 |         0 | 11504.3318 |         0 |         0 |         0 |         0 |         0 |         0 |         0 |         0 |         0 |         0 |         0 |
| Memory write data volume [GBytes] |  5161.7821 |         0 |         0 |         0 |         0 |         0 |         0 |         0 |         0 |         0 |         0 |         0 |  5291.2373 |         0 |         0 |         0 |         0 |         0 |         0 |         0 |         0 |         0 |         0 |         0 |
|    Memory bandwidth [MBytes/s]    | 47167.5014 |         0 |         0 |         0 |         0 |         0 |         0 |         0 |         0 |         0 |         0 |         0 | 48091.1776 |         0 |         0 |         0 |         0 |         0 |         0 |         0 |         0 |         0 |         0 |         0 |
|    Memory data volume [GBytes]    | 21693.9536 |         0 |         0 |         0 |         0 |         0 |         0 |         0 |         0 |         0 |         0 |         0 | 22118.7840 |         0 |         0 |         0 |         0 |         0 |         0 |         0 |         0 |         0 |         0 |         0 |
|          Temperature [C]          |         40 |        38 |        38 |        40 |        42 |        41 |        42 |        41 |        41 |        43 |        43 |        40 |         44 |        44 |        43 |        46 |        46 |        44 |        46 |        46 |        47 |        45 |        46 |        47 |
|             Energy [J]            | 42802.5759 |         0 |         0 |         0 |         0 |         0 |         0 |         0 |         0 |         0 |         0 |         0 | 40640.2665 |         0 |         0 |         0 |         0 |         0 |         0 |         0 |         0 |         0 |         0 |         0 |
|             Power [W]             |    93.0624 |         0 |         0 |         0 |         0 |         0 |         0 |         0 |         0 |         0 |         0 |         0 |    88.3610 |         0 |         0 |         0 |         0 |         0 |         0 |         0 |         0 |         0 |         0 |         0 |
|           Energy PP0 [J]          |          0 |         0 |         0 |         0 |         0 |         0 |         0 |         0 |         0 |         0 |         0 |         0 |          0 |         0 |         0 |         0 |         0 |         0 |         0 |         0 |         0 |         0 |         0 |         0 |
|           Power PP0 [W]           |          0 |         0 |         0 |         0 |         0 |         0 |         0 |         0 |         0 |         0 |         0 |         0 |          0 |         0 |         0 |         0 |         0 |         0 |         0 |         0 |         0 |         0 |         0 |         0 |
|          Energy DRAM [J]          |  8127.9684 |         0 |         0 |         0 |         0 |         0 |         0 |         0 |         0 |         0 |         0 |         0 |  8425.2918 |         0 |         0 |         0 |         0 |         0 |         0 |         0 |         0 |         0 |         0 |         0 |
|           Power DRAM [W]          |    17.6720 |         0 |         0 |         0 |         0 |         0 |         0 |         0 |         0 |         0 |         0 |         0 |    18.3185 |         0 |         0 |         0 |         0 |         0 |         0 |         0 |         0 |         0 |         0 |         0 |
+-----------------------------------+------------+-----------+-----------+-----------+-----------+-----------+-----------+-----------+-----------+-----------+-----------+-----------+------------+-----------+-----------+-----------+-----------+-----------+-----------+-----------+-----------+-----------+-----------+-----------+
+----------------------------------------+------------+-----------+------------+-----------+
|                 Metric                 |     Sum    |    Min    |     Max    |    Avg    |
+----------------------------------------+------------+-----------+------------+-----------+
|        Runtime (RDTSC) [s] STAT        | 11038.4232 |  459.9343 |   459.9343 |  459.9343 |
|        Runtime unhalted [s] STAT       | 10318.2206 |  391.8900 |   451.5074 |  429.9259 |
|            Clock [MHz] STAT            | 54569.8502 | 2154.6120 |  2298.0147 | 2273.7438 |
|                CPI STAT                |    24.7037 |    0.9727 |     1.0716 |    1.0293 |
|   Local DRAM data volume [GByte] STAT  | 15638.4347 |  344.5219 |   895.5203 |  651.6014 |
|   Local DRAM bandwidth [MByte/s] STAT  | 34001.4509 |  749.0677 |  1947.0612 | 1416.7271 |
|  Remote DRAM data volume [GByte] STAT  |   250.9693 |    0.0726 |    89.0697 |   10.4571 |
|  Remote DRAM bandwidth [MByte/s] STAT  |   545.6629 |    0.1579 |   193.6575 |   22.7360 |
|     Memory data volume [GByte] STAT    | 15889.4041 |  433.5917 |   895.6166 |  662.0585 |
|     Memory bandwidth [MByte/s] STAT    | 34547.1138 |  942.7252 |  1947.2705 | 1439.4631 |
|          L3 request rate STAT          |   100.8102 |    3.0733 |     5.1365 |    4.2004 |
|            L3 miss rate STAT           |     4.0146 |    0.0003 |     1.5323 |    0.1673 |
|           L3 miss ratio STAT           |     0.6145 |    0.0001 |     0.2585 |    0.0256 |
|          L2 request rate STAT          |     3.1686 |    0.0723 |     0.1917 |    0.1320 |
|            L2 miss rate STAT           |     1.0250 |    0.0199 |     0.0659 |    0.0427 |
|           L2 miss ratio STAT           |     7.3868 |    0.2699 |     0.3450 |    0.3078 |
|  Memory read bandwidth [MBytes/s] STAT | 72531.4799 |         0 | 36586.8458 | 3022.1450 |
|  Memory read data volume [GBytes] STAT | 33359.7184 |         0 | 16827.5468 | 1389.9883 |
| Memory write bandwidth [MBytes/s] STAT | 22727.1991 |         0 | 11504.3318 |  946.9666 |
| Memory write data volume [GBytes] STAT | 10453.0194 |         0 |  5291.2373 |  435.5425 |
|    Memory bandwidth [MBytes/s] STAT    | 95258.6790 |         0 | 48091.1776 | 3969.1116 |
|    Memory data volume [GBytes] STAT    | 43812.7376 |         0 | 22118.7840 | 1825.5307 |
|          Temperature [C] STAT          |       1033 |        38 |         47 |   43.0417 |
|             Energy [J] STAT            | 83442.8424 |         0 | 42802.5759 | 3476.7851 |
|             Power [W] STAT             |   181.4234 |         0 |    93.0624 |    7.5593 |
|           Energy PP0 [J] STAT          |          0 |         0 |          0 |         0 |
|           Power PP0 [W] STAT           |          0 |         0 |          0 |         0 |
|          Energy DRAM [J] STAT          | 16553.2602 |         0 |  8425.2918 |  689.7192 |
|           Power DRAM [W] STAT          |    35.9905 |         0 |    18.3185 |    1.4996 |
+----------------------------------------+------------+-----------+------------+-----------+
