--------------------------------------------------------------------------------
CPU name:	Intel(R) Xeon(R) CPU E5-2670 v3 @ 2.30GHz
CPU type:	Intel Xeon Haswell EN/EP/EX processor
CPU clock:	2.30 GHz
--------------------------------------------------------------------------------
Group 1: POWERPERF
+--------------------------------+---------+---------------+---------------+---------------+---------------+---------------+---------------+---------------+---------------+---------------+---------------+---------------+---------------+---------------+---------------+---------------+---------------+---------------+---------------+---------------+---------------+---------------+---------------+---------------+---------------+
|              Event             | Counter |     Core 0    |     Core 1    |     Core 2    |     Core 3    |     Core 4    |     Core 5    |     Core 6    |     Core 7    |     Core 8    |     Core 9    |    Core 10    |    Core 11    |    Core 12    |    Core 13    |    Core 14    |    Core 15    |    Core 16    |    Core 17    |    Core 18    |    Core 19    |    Core 20    |    Core 21    |    Core 22    |    Core 23    |
+--------------------------------+---------+---------------+---------------+---------------+---------------+---------------+---------------+---------------+---------------+---------------+---------------+---------------+---------------+---------------+---------------+---------------+---------------+---------------+---------------+---------------+---------------+---------------+---------------+---------------+---------------+
|        INSTR_RETIRED_ANY       |  FIXC0  |  954312288503 |  955340713868 |  972980417409 |  952101597132 |  954272571619 |  953595369209 |  691371695842 |  691240203674 |  684914936231 |  684945564752 |  690132495193 |  684149413700 |  943776973454 |  944415923413 |  943834755483 |  943674229922 |  946508363519 |  946663840290 |  666104235765 |  671304927977 |  670153449471 |  664747492508 |  668995110116 |  666637411179 |
|      CPU_CLK_UNHALTED_CORE     |  FIXC1  | 1282390757443 | 1282197541514 | 1304861962278 | 1279673830935 | 1276807129734 | 1277116279279 | 1304431540115 | 1305398724105 | 1306068027803 | 1305786124261 | 1305743568869 | 1306158836164 | 1285414210579 | 1285477075318 | 1285497018821 | 1285522425767 | 1284847634572 | 1285003351822 | 1305261862404 | 1305319287816 | 1305149825748 | 1305567720294 | 1305343683269 | 1305146126958 |
|      CPU_CLK_UNHALTED_REF      |  FIXC2  | 1282547914561 | 1282367115448 | 1304955838556 | 1279864920355 | 1277000836132 | 1277306941108 | 1304546078882 | 1305488191220 | 1306250763534 | 1305920511939 | 1305909256659 | 1306258683285 | 1285569120179 | 1285655529040 | 1285652949061 | 1285674641166 | 1285001225937 | 1285154988251 | 1305340025588 | 1305428520273 | 1305263155126 | 1305656314228 | 1305428638539 | 1305168640720 |
|           FIXC1/FIXC0          |   CPI   |             0 |             0 |             0 |             0 |             0 |             0 |             0 |             0 |             0 |             0 |             0 |             0 |             0 |             0 |             0 |             0 |             0 |             0 |             0 |             0 |             0 |             0 |             0 |             0 |
|  OFFCORE_RESPONSE_0_LOCAL_DRAM |   PMC0  |   11979812279 |   12021922234 |   12244114975 |   11916856728 |   12035308916 |   11796917365 |   16349329057 |   16312675389 |   16192180510 |   16266018316 |   16256767351 |   15217671329 |   11771046638 |   11841503133 |   11830223225 |   11838276670 |   11950635315 |   11936904532 |   15540793207 |   16346697745 |   16169805400 |   16246267891 |   16214374044 |   16201194901 |
| OFFCORE_RESPONSE_1_REMOTE_DRAM |   PMC1  |       6243178 |       1500485 |       1874950 |       1273373 |       1279392 |     269145514 |       2313509 |        996162 |        422777 |        415924 |        577805 |     991082705 |      60402958 |       1949600 |       1829546 |       1942395 |       2707423 |       6980572 |     840349203 |       3136191 |       2356921 |       2130807 |       2483073 |       9335096 |
|  MEM_LOAD_UOPS_RETIRED_L3_ALL  |   PMC2  |    4931102581 |    4911058275 |    4850403871 |    4942453356 |    4873946314 |    4885573712 |    4904928146 |    4921662469 |    4993883828 |    4977829331 |    4954388565 |    4977228035 |    4913932586 |    4932634370 |    4924036268 |    4927335291 |    4877592034 |    4908132197 |    4938025654 |    4916674849 |    4980452786 |    4968048320 |    4969405962 |    4973810899 |
|  MEM_LOAD_UOPS_RETIRED_L3_MISS |   PMC3  |     814497763 |     818840676 |     810806902 |     821424416 |     819939476 |     820320647 |    1423549049 |    1425395096 |    1441973982 |    1443657798 |    1433219263 |    1435446657 |     813930933 |     818726925 |     815034446 |     813117322 |     815825810 |     823256043 |    1431664837 |    1422104400 |    1429921489 |    1430465045 |    1429432926 |    1427476197 |
|      L2_TRANS_ALL_REQUESTS     |   PMC4  |  193848951320 |  193791734224 |  193470678677 |  194191473920 |  193677726609 |  193005802909 |  176891645597 |  176974006845 |  176998392769 |  176895317619 |  176926500715 |  176252249307 |  194820607680 |  195229311915 |  195026161185 |  194965160141 |  194564336305 |  194854852836 |  177396251501 |  177718059024 |  177773101787 |  177737089164 |  177867601208 |  177885128438 |
|          L2_RQSTS_MISS         |   PMC5  |   64986220034 |   64883436901 |   64567152443 |   64989269276 |   64731853682 |   64705455804 |   58897071301 |   58910165560 |   59069504980 |   59022724630 |   58981072383 |   59016246403 |   65149457037 |   65102522355 |   65063231188 |   65147816328 |   64957033999 |   64879430133 |   58907938760 |   58876756312 |   59076961990 |   59021631844 |   59035580835 |   59084586878 |
|        UOPS_RETIRED_ALL        |   PMC6  | 1156785868850 | 1159044523809 | 1175794142627 | 1156064039284 | 1160454608903 | 1159062341585 |  753591885519 |  753917630292 |  743866691421 |  743977805722 |  751698762295 |  742645739204 | 1139494744702 | 1140779816192 | 1139623495737 | 1139297076633 | 1144956783208 | 1145291434169 |  714025540474 |  722218752969 |  720254547488 |  711864218916 |  718609036997 |  714889098000 |
|            TEMP_CORE           |   TMP0  |            44 |            43 |            42 |            45 |            44 |            46 |            48 |            47 |            44 |            45 |            43 |            44 |            45 |            44 |            45 |            45 |            49 |            48 |            48 |            51 |            50 |            49 |            51 |            49 |
|         PWR_PKG_ENERGY         |   PWR0  |   319954.2622 |             0 |             0 |             0 |             0 |             0 |             0 |             0 |             0 |             0 |             0 |             0 |    55569.3351 |             0 |             0 |             0 |             0 |             0 |             0 |             0 |             0 |             0 |             0 |             0 |
|         PWR_PP0_ENERGY         |   PWR1  |             0 |             0 |             0 |             0 |             0 |             0 |             0 |             0 |             0 |             0 |             0 |             0 |             0 |             0 |             0 |             0 |             0 |             0 |             0 |             0 |             0 |             0 |             0 |             0 |
|         PWR_DRAM_ENERGY        |   PWR3  |    11375.8448 |             0 |             0 |             0 |             0 |             0 |             0 |             0 |             0 |             0 |             0 |             0 |  1.260279e+06 |             0 |             0 |             0 |             0 |             0 |             0 |             0 |             0 |             0 |             0 |             0 |
|          CAS_COUNT_RD          | MBOX0C0 |   99350810847 |             0 |             0 |             0 |             0 |             0 |             0 |             0 |             0 |             0 |             0 |             0 |   99604663224 |             0 |             0 |             0 |             0 |             0 |             0 |             0 |             0 |             0 |             0 |             0 |
|          CAS_COUNT_WR          | MBOX0C1 |   27464420117 |             0 |             0 |             0 |             0 |             0 |             0 |             0 |             0 |             0 |             0 |             0 |   27767157174 |             0 |             0 |             0 |             0 |             0 |             0 |             0 |             0 |             0 |             0 |             0 |
|          CAS_COUNT_RD          | MBOX1C0 |   99340299572 |             0 |             0 |             0 |             0 |             0 |             0 |             0 |             0 |             0 |             0 |             0 |   99637816207 |             0 |             0 |             0 |             0 |             0 |             0 |             0 |             0 |             0 |             0 |             0 |
|          CAS_COUNT_WR          | MBOX1C1 |   27468212068 |             0 |             0 |             0 |             0 |             0 |             0 |             0 |             0 |             0 |             0 |             0 |   27801054292 |             0 |             0 |             0 |             0 |             0 |             0 |             0 |             0 |             0 |             0 |             0 |
|          CAS_COUNT_RD          | MBOX2C0 |             0 |             0 |             0 |             0 |             0 |             0 |             0 |             0 |             0 |             0 |             0 |             0 |             0 |             0 |             0 |             0 |             0 |             0 |             0 |             0 |             0 |             0 |             0 |             0 |
|          CAS_COUNT_WR          | MBOX2C1 |             0 |             0 |             0 |             0 |             0 |             0 |             0 |             0 |             0 |             0 |             0 |             0 |             0 |             0 |             0 |             0 |             0 |             0 |             0 |             0 |             0 |             0 |             0 |             0 |
|          CAS_COUNT_RD          | MBOX3C0 |             0 |             0 |             0 |             0 |             0 |             0 |             0 |             0 |             0 |             0 |             0 |             0 |             0 |             0 |             0 |             0 |             0 |             0 |             0 |             0 |             0 |             0 |             0 |             0 |
|          CAS_COUNT_WR          | MBOX3C1 |             0 |             0 |             0 |             0 |             0 |             0 |             0 |             0 |             0 |             0 |             0 |             0 |             0 |             0 |             0 |             0 |             0 |             0 |             0 |             0 |             0 |             0 |             0 |             0 |
|          CAS_COUNT_RD          | MBOX4C0 |   99345133706 |             0 |             0 |             0 |             0 |             0 |             0 |             0 |             0 |             0 |             0 |             0 |   99603477290 |             0 |             0 |             0 |             0 |             0 |             0 |             0 |             0 |             0 |             0 |             0 |
|          CAS_COUNT_WR          | MBOX4C1 |   27473143610 |             0 |             0 |             0 |             0 |             0 |             0 |             0 |             0 |             0 |             0 |             0 |   27781095088 |             0 |             0 |             0 |             0 |             0 |             0 |             0 |             0 |             0 |             0 |             0 |
|          CAS_COUNT_RD          | MBOX5C0 |   99355345259 |             0 |             0 |             0 |             0 |             0 |             0 |             0 |             0 |             0 |             0 |             0 |   99639417754 |             0 |             0 |             0 |             0 |             0 |             0 |             0 |             0 |             0 |             0 |             0 |
|          CAS_COUNT_WR          | MBOX5C1 |   27493214056 |             0 |             0 |             0 |             0 |             0 |             0 |             0 |             0 |             0 |             0 |             0 |   27817114961 |             0 |             0 |             0 |             0 |             0 |             0 |             0 |             0 |             0 |             0 |             0 |
|          CAS_COUNT_RD          | MBOX6C0 |             0 |             0 |             0 |             0 |             0 |             0 |             0 |             0 |             0 |             0 |             0 |             0 |             0 |             0 |             0 |             0 |             0 |             0 |             0 |             0 |             0 |             0 |             0 |             0 |
|          CAS_COUNT_WR          | MBOX6C1 |             0 |             0 |             0 |             0 |             0 |             0 |             0 |             0 |             0 |             0 |             0 |             0 |             0 |             0 |             0 |             0 |             0 |             0 |             0 |             0 |             0 |             0 |             0 |             0 |
|          CAS_COUNT_RD          | MBOX7C0 |             0 |             0 |             0 |             0 |             0 |             0 |             0 |             0 |             0 |             0 |             0 |             0 |             0 |             0 |             0 |             0 |             0 |             0 |             0 |             0 |             0 |             0 |             0 |             0 |
|          CAS_COUNT_WR          | MBOX7C1 |             0 |             0 |             0 |             0 |             0 |             0 |             0 |             0 |             0 |             0 |             0 |             0 |             0 |             0 |             0 |             0 |             0 |             0 |             0 |             0 |             0 |             0 |             0 |             0 |
+--------------------------------+---------+---------------+---------------+---------------+---------------+---------------+---------------+---------------+---------------+---------------+---------------+---------------+---------------+---------------+---------------+---------------+---------------+---------------+---------------+---------------+---------------+---------------+---------------+---------------+---------------+
+-------------------------------------+---------+----------------+---------------+---------------+--------------+
|                Event                | Counter |       Sum      |      Min      |      Max      |      Avg     |
+-------------------------------------+---------+----------------+---------------+---------------+--------------+
|        INSTR_RETIRED_ANY STAT       |  FIXC0  | 19546173980229 |  664747492508 |  972980417409 | 8.144239e+11 |
|      CPU_CLK_UNHALTED_CORE STAT     |  FIXC1  | 31080184545868 | 1276807129734 | 1306158836164 | 1.295008e+12 |
|      CPU_CLK_UNHALTED_REF STAT      |  FIXC2  | 31083410799787 | 1277000836132 | 1306258683285 | 1.295142e+12 |
|           FIXC1/FIXC0 STAT          |   CPI   |              0 |             0 |             0 |            0 |
|  OFFCORE_RESPONSE_0_LOCAL_DRAM STAT |   PMC0  |   336477297150 |   11771046638 |   16349329057 | 1.401989e+10 |
| OFFCORE_RESPONSE_1_REMOTE_DRAM STAT |   PMC1  |     2212729559 |        415924 |     991082705 | 9.219706e+07 |
|  MEM_LOAD_UOPS_RETIRED_L3_ALL STAT  |   PMC2  |   118354539699 |    4850403871 |    4993883828 | 4.931439e+09 |
|  MEM_LOAD_UOPS_RETIRED_L3_MISS STAT |   PMC3  |    26980028098 |     810806902 |    1443657798 | 1.124168e+09 |
|      L2_TRANS_ALL_REQUESTS STAT     |   PMC4  |  4458762141695 |  176252249307 |  195229311915 | 1.857818e+11 |
|          L2_RQSTS_MISS STAT         |   PMC5  |  1487063121056 |   58876756312 |   65149457037 | 6.196096e+10 |
|        UOPS_RETIRED_ALL STAT        |   PMC6  | 22608208584996 |  711864218916 | 1175794142627 | 9.420087e+11 |
|            TEMP_CORE STAT           |   TMP0  |           1109 |            42 |            51 |      46.2083 |
|         PWR_PKG_ENERGY STAT         |   PWR0  |    375523.5973 |             0 |   319954.2622 |   15646.8166 |
|         PWR_PP0_ENERGY STAT         |   PWR1  |              0 |             0 |             0 |            0 |
|         PWR_DRAM_ENERGY STAT        |   PWR3  |   1.271655e+06 |             0 |       1260279 |   52985.6185 |
|          CAS_COUNT_RD STAT          | MBOX0C0 |   198955474071 |             0 |   99604663224 | 8.289811e+09 |
|          CAS_COUNT_WR STAT          | MBOX0C1 |    55231577291 |             0 |   27767157174 | 2.301316e+09 |
|          CAS_COUNT_RD STAT          | MBOX1C0 |   198978115779 |             0 |   99637816207 | 8.290755e+09 |
|          CAS_COUNT_WR STAT          | MBOX1C1 |    55269266360 |             0 |   27801054292 | 2.302886e+09 |
|          CAS_COUNT_RD STAT          | MBOX2C0 |              0 |             0 |             0 |            0 |
|          CAS_COUNT_WR STAT          | MBOX2C1 |              0 |             0 |             0 |            0 |
|          CAS_COUNT_RD STAT          | MBOX3C0 |              0 |             0 |             0 |            0 |
|          CAS_COUNT_WR STAT          | MBOX3C1 |              0 |             0 |             0 |            0 |
|          CAS_COUNT_RD STAT          | MBOX4C0 |   198948610996 |             0 |   99603477290 | 8.289525e+09 |
|          CAS_COUNT_WR STAT          | MBOX4C1 |    55254238698 |             0 |   27781095088 | 2.302260e+09 |
|          CAS_COUNT_RD STAT          | MBOX5C0 |   198994763013 |             0 |   99639417754 | 8.291448e+09 |
|          CAS_COUNT_WR STAT          | MBOX5C1 |    55310329017 |             0 |   27817114961 | 2.304597e+09 |
|          CAS_COUNT_RD STAT          | MBOX6C0 |              0 |             0 |             0 |            0 |
|          CAS_COUNT_WR STAT          | MBOX6C1 |              0 |             0 |             0 |            0 |
|          CAS_COUNT_RD STAT          | MBOX7C0 |              0 |             0 |             0 |            0 |
|          CAS_COUNT_WR STAT          | MBOX7C1 |              0 |             0 |             0 |            0 |
+-------------------------------------+---------+----------------+---------------+---------------+--------------+
+-----------------------------------+-------------+-----------+-----------+-----------+-----------+-----------+-----------+-----------+--------------+--------------+--------------+-----------+--------------+-----------+-----------+-----------+-----------+-----------+-----------+-----------+-----------+-----------+-----------+-----------+
|               Metric              |    Core 0   |   Core 1  |   Core 2  |   Core 3  |   Core 4  |   Core 5  |   Core 6  |   Core 7  |    Core 8    |    Core 9    |    Core 10   |  Core 11  |    Core 12   |  Core 13  |  Core 14  |  Core 15  |  Core 16  |  Core 17  |  Core 18  |  Core 19  |  Core 20  |  Core 21  |  Core 22  |  Core 23  |
+-----------------------------------+-------------+-----------+-----------+-----------+-----------+-----------+-----------+-----------+--------------+--------------+--------------+-----------+--------------+-----------+-----------+-----------+-----------+-----------+-----------+-----------+-----------+-----------+-----------+-----------+
|        Runtime (RDTSC) [s]        |    576.1904 |  576.1904 |  576.1904 |  576.1904 |  576.1904 |  576.1904 |  576.1904 |  576.1904 |     576.1904 |     576.1904 |     576.1904 |  576.1904 |     576.1904 |  576.1904 |  576.1904 |  576.1904 |  576.1904 |  576.1904 |  576.1904 |  576.1904 |  576.1904 |  576.1904 |  576.1904 |  576.1904 |
|        Runtime unhalted [s]       |    557.5632 |  557.4792 |  567.3333 |  556.3819 |  555.1355 |  555.2699 |  567.1462 |  567.5667 |     567.8577 |     567.7351 |     567.7166 |  567.8972 |     558.8777 |  558.9051 |  558.9137 |  558.9248 |  558.6314 |  558.6991 |  567.5072 |  567.5321 |  567.4585 |  567.6401 |  567.5427 |  567.4568 |
|            Clock [MHz]            |   2299.7100 | 2299.6877 | 2299.8264 | 2299.6485 | 2299.6430 | 2299.6485 | 2299.7899 | 2299.8342 |    2299.6701 |    2299.7552 |    2299.7000 | 2299.8161 |    2299.7147 | 2299.6726 | 2299.7129 | 2299.7196 | 2299.7169 | 2299.7205 | 2299.8541 | 2299.7994 | 2299.7922 | 2299.8358 | 2299.8422 | 2299.9522 |
|                CPI                |      1.3438 |    1.3421 |    1.3411 |    1.3441 |    1.3380 |    1.3393 |    1.8867 |    1.8885 |       1.9069 |       1.9064 |       1.8920 |    1.9092 |       1.3620 |    1.3611 |    1.3620 |    1.3623 |    1.3575 |    1.3574 |    1.9595 |    1.9445 |    1.9475 |    1.9640 |    1.9512 |    1.9578 |
|   Local DRAM data volume [GByte]  |    766.7080 |  769.4030 |  783.6234 |  762.6788 |  770.2598 |  755.0027 | 1046.3571 | 1044.0112 |    1036.2996 |    1041.0252 |    1040.4331 |  973.9310 |     753.3470 |  757.8562 |  757.1343 |  757.6497 |  764.8407 |  763.9619 |  994.6108 | 1046.1887 | 1034.8675 | 1039.7611 | 1037.7199 | 1036.8765 |
|   Local DRAM bandwidth [MByte/s]  |   1330.6503 | 1335.3277 | 1360.0076 | 1323.6576 | 1336.8146 | 1310.3354 | 1815.9917 | 1811.9204 |    1798.5365 |    1806.7380 |    1805.7105 | 1690.2935 |    1307.4618 | 1315.2877 | 1314.0348 | 1314.9293 | 1327.4095 | 1325.8844 | 1726.1841 | 1815.6995 | 1796.0512 | 1804.5443 | 1801.0017 | 1799.5378 |
|  Remote DRAM data volume [GByte]  |      0.3996 |    0.0960 |    0.1200 |    0.0815 |    0.0819 |   17.2253 |    0.1481 |    0.0638 |       0.0271 |       0.0266 |       0.0370 |   63.4293 |       3.8658 |    0.1248 |    0.1171 |    0.1243 |    0.1733 |    0.4468 |   53.7823 |    0.2007 |    0.1508 |    0.1364 |    0.1589 |    0.5974 |
|  Remote DRAM bandwidth [MByte/s]  |      0.6935 |    0.1667 |    0.2083 |    0.1414 |    0.1421 |   29.8952 |    0.2570 |    0.1106 |       0.0470 |       0.0462 |       0.0642 |  110.0839 |       6.7092 |    0.2166 |    0.2032 |    0.2158 |    0.3007 |    0.7754 |   93.3413 |    0.3484 |    0.2618 |    0.2367 |    0.2758 |    1.0369 |
|     Memory data volume [GByte]    |    767.1075 |  769.4991 |  783.7434 |  762.7603 |  770.3417 |  772.2280 | 1046.5051 | 1044.0750 |    1036.3266 |    1041.0518 |    1040.4701 | 1037.3603 |     757.2128 |  757.9810 |  757.2514 |  757.7740 |  765.0139 |  764.4086 | 1048.3931 | 1046.3894 | 1035.0184 | 1039.8975 | 1037.8789 | 1037.4739 |
|     Memory bandwidth [MByte/s]    |   1331.3438 | 1335.4943 | 1360.2158 | 1323.7990 | 1336.9567 | 1340.2306 | 1816.2487 | 1812.0311 |    1798.5835 |    1806.7842 |    1805.7747 | 1800.3774 |    1314.1710 | 1315.5043 | 1314.2380 | 1315.1451 | 1327.7102 | 1326.6597 | 1819.5254 | 1816.0478 | 1796.3130 | 1804.7809 | 1801.2775 | 1800.5747 |
|          L3 request rate          |      6.0542 |    5.9976 |    5.9822 |    6.0169 |    5.9443 |    5.9557 |    3.4456 |    3.4528 |       3.4632 |       3.4481 |       3.4568 |    3.4674 |       6.0373 |    6.0248 |    6.0415 |    6.0598 |    5.9787 |    5.9619 |    3.4491 |    3.4573 |    3.4830 |    3.4730 |    3.4765 |    3.4843 |
|            L3 miss rate           |      0.0013 |    0.0003 |    0.0004 |    0.0003 |    0.0003 |    0.0551 |    0.0005 |    0.0002 |       0.0001 |       0.0001 |       0.0001 |    0.1991 |       0.0123 |    0.0004 |    0.0004 |    0.0004 |    0.0006 |    0.0014 |    0.1702 |    0.0006 |    0.0005 |    0.0004 |    0.0005 |    0.0019 |
|           L3 miss ratio           |      0.0005 |    0.0001 |    0.0002 |    0.0001 |    0.0001 |    0.0228 |    0.0001 |    0.0001 | 2.610995e-05 | 2.557012e-05 | 3.554243e-05 |    0.0651 |       0.0051 |    0.0002 |    0.0002 |    0.0002 |    0.0002 |    0.0006 |    0.0541 |    0.0002 |    0.0001 |    0.0001 |    0.0002 |    0.0006 |
|          L2 request rate          |      0.2031 |    0.2029 |    0.1988 |    0.2040 |    0.2030 |    0.2024 |    0.2559 |    0.2560 |       0.2584 |       0.2583 |       0.2564 |    0.2576 |       0.2064 |    0.2067 |    0.2066 |    0.2066 |    0.2056 |    0.2058 |    0.2663 |    0.2647 |    0.2653 |    0.2674 |    0.2659 |    0.2668 |
|            L2 miss rate           |      0.0681 |    0.0679 |    0.0664 |    0.0683 |    0.0678 |    0.0679 |    0.0852 |    0.0852 |       0.0862 |       0.0862 |       0.0855 |    0.0863 |       0.0690 |    0.0689 |    0.0689 |    0.0690 |    0.0686 |    0.0685 |    0.0884 |    0.0877 |    0.0882 |    0.0888 |    0.0882 |    0.0886 |
|           L2 miss ratio           |      0.3352 |    0.3348 |    0.3337 |    0.3347 |    0.3342 |    0.3353 |    0.3330 |    0.3329 |       0.3337 |       0.3337 |       0.3334 |    0.3348 |       0.3344 |    0.3335 |    0.3336 |    0.3342 |    0.3339 |    0.3330 |    0.3321 |    0.3313 |    0.3323 |    0.3321 |    0.3319 |    0.3322 |
|  Memory read bandwidth [MBytes/s] |  44140.0277 |         0 |         0 |         0 |         0 |         0 |         0 |         0 |            0 |            0 |            0 |         0 |   44261.5192 |         0 |         0 |         0 |         0 |         0 |         0 |         0 |         0 |         0 |         0 |         0 |
|  Memory read data volume [GBytes] |  25433.0617 |         0 |         0 |         0 |         0 |         0 |         0 |         0 |            0 |            0 |            0 |         0 |   25503.0640 |         0 |         0 |         0 |         0 |         0 |         0 |         0 |         0 |         0 |         0 |         0 |
| Memory write bandwidth [MBytes/s] |  12206.9631 |         0 |         0 |         0 |         0 |         0 |         0 |         0 |            0 |            0 |            0 |         0 |   12347.7423 |         0 |         0 |         0 |         0 |         0 |         0 |         0 |         0 |         0 |         0 |         0 |
| Memory write data volume [GBytes] |   7033.5354 |         0 |         0 |         0 |         0 |         0 |         0 |         0 |            0 |            0 |            0 |         0 |    7114.6510 |         0 |         0 |         0 |         0 |         0 |         0 |         0 |         0 |         0 |         0 |         0 |
|    Memory bandwidth [MBytes/s]    |  56346.9908 |         0 |         0 |         0 |         0 |         0 |         0 |         0 |            0 |            0 |            0 |         0 |   56609.2615 |         0 |         0 |         0 |         0 |         0 |         0 |         0 |         0 |         0 |         0 |         0 |
|    Memory data volume [GBytes]    |  32466.5971 |         0 |         0 |         0 |         0 |         0 |         0 |         0 |            0 |            0 |            0 |         0 |   32617.7149 |         0 |         0 |         0 |         0 |         0 |         0 |         0 |         0 |         0 |         0 |         0 |
|          Temperature [C]          |          44 |        43 |        42 |        45 |        44 |        46 |        48 |        47 |           44 |           45 |           43 |        44 |           45 |        44 |        45 |        45 |        49 |        48 |        48 |        51 |        50 |        49 |        51 |        49 |
|             Energy [J]            | 319954.2622 |         0 |         0 |         0 |         0 |         0 |         0 |         0 |            0 |            0 |            0 |         0 |   55569.3351 |         0 |         0 |         0 |         0 |         0 |         0 |         0 |         0 |         0 |         0 |         0 |
|             Power [W]             |    555.2926 |         0 |         0 |         0 |         0 |         0 |         0 |         0 |            0 |            0 |            0 |         0 |      96.4427 |         0 |         0 |         0 |         0 |         0 |         0 |         0 |         0 |         0 |         0 |         0 |
|           Energy PP0 [J]          |           0 |         0 |         0 |         0 |         0 |         0 |         0 |         0 |            0 |            0 |            0 |         0 |            0 |         0 |         0 |         0 |         0 |         0 |         0 |         0 |         0 |         0 |         0 |         0 |
|           Power PP0 [W]           |           0 |         0 |         0 |         0 |         0 |         0 |         0 |         0 |            0 |            0 |            0 |         0 |            0 |         0 |         0 |         0 |         0 |         0 |         0 |         0 |         0 |         0 |         0 |         0 |
|          Energy DRAM [J]          |  11375.8448 |         0 |         0 |         0 |         0 |         0 |         0 |         0 |            0 |            0 |            0 |         0 | 1.260279e+06 |         0 |         0 |         0 |         0 |         0 |         0 |         0 |         0 |         0 |         0 |         0 |
|           Power DRAM [W]          |     19.7432 |         0 |         0 |         0 |         0 |         0 |         0 |         0 |            0 |            0 |            0 |         0 |    2187.2620 |         0 |         0 |         0 |         0 |         0 |         0 |         0 |         0 |         0 |         0 |         0 |
+-----------------------------------+-------------+-----------+-----------+-----------+-----------+-----------+-----------+-----------+--------------+--------------+--------------+-----------+--------------+-----------+-----------+-----------+-----------+-----------+-----------+-----------+-----------+-----------+-----------+-----------+
+----------------------------------------+--------------+--------------+-------------+------------+
|                 Metric                 |      Sum     |      Min     |     Max     |     Avg    |
+----------------------------------------+--------------+--------------+-------------+------------+
|        Runtime (RDTSC) [s] STAT        |   13828.5696 |     576.1904 |    576.1904 |   576.1904 |
|        Runtime unhalted [s] STAT       |   13513.1717 |     555.1355 |    567.8972 |   563.0488 |
|            Clock [MHz] STAT            |   55194.0627 |    2299.6430 |   2299.9522 |  2299.7526 |
|                CPI STAT                |      39.3249 |       1.3380 |      1.9640 |     1.6385 |
|   Local DRAM data volume [GByte] STAT  |   21534.5472 |     753.3470 |   1046.3571 |   897.2728 |
|   Local DRAM bandwidth [MByte/s] STAT  |   37374.0099 |    1307.4618 |   1815.9917 |  1557.2504 |
|  Remote DRAM data volume [GByte] STAT  |     141.6148 |       0.0266 |     63.4293 |     5.9006 |
|  Remote DRAM bandwidth [MByte/s] STAT  |     245.7779 |       0.0462 |    110.0839 |    10.2407 |
|     Memory data volume [GByte] STAT    |   21676.1618 |     757.2128 |   1048.3931 |   903.1734 |
|     Memory bandwidth [MByte/s] STAT    |   37619.7874 |    1314.1710 |   1819.5254 |  1567.4911 |
|          L3 request rate STAT          |     113.6120 |       3.4456 |      6.0598 |     4.7338 |
|            L3 miss rate STAT           |       0.4474 |       0.0001 |      0.1991 |     0.0186 |
|           L3 miss ratio STAT           |       0.1510 | 2.557012e-05 |      0.0651 |     0.0063 |
|          L2 request rate STAT          |       5.5909 |       0.1988 |      0.2674 |     0.2330 |
|            L2 miss rate STAT           |       1.8638 |       0.0664 |      0.0888 |     0.0777 |
|           L2 miss ratio STAT           |       8.0039 |       0.3313 |      0.3353 |     0.3335 |
|  Memory read bandwidth [MBytes/s] STAT |   88401.5469 |            0 |  44261.5192 |  3683.3978 |
|  Memory read data volume [GBytes] STAT |   50936.1257 |            0 |  25503.0640 |  2122.3386 |
| Memory write bandwidth [MBytes/s] STAT |   24554.7054 |            0 |  12347.7423 |  1023.1127 |
| Memory write data volume [GBytes] STAT |   14148.1864 |            0 |   7114.6510 |   589.5078 |
|    Memory bandwidth [MBytes/s] STAT    |  112956.2523 |            0 |  56609.2615 |  4706.5105 |
|    Memory data volume [GBytes] STAT    |   65084.3120 |            0 |  32617.7149 |  2711.8463 |
|          Temperature [C] STAT          |         1109 |           42 |          51 |    46.2083 |
|             Energy [J] STAT            |  375523.5973 |            0 | 319954.2622 | 15646.8166 |
|             Power [W] STAT             |     651.7353 |            0 |    555.2926 |    27.1556 |
|           Energy PP0 [J] STAT          |            0 |            0 |           0 |          0 |
|           Power PP0 [W] STAT           |            0 |            0 |           0 |          0 |
|          Energy DRAM [J] STAT          | 1.271655e+06 |            0 |     1260279 | 52985.6185 |
|           Power DRAM [W] STAT          |    2207.0052 |            0 |   2187.2620 |    91.9586 |
+----------------------------------------+--------------+--------------+-------------+------------+
