--------------------------------------------------------------------------------
CPU name:	Intel(R) Xeon(R) CPU E5-2670 v3 @ 2.30GHz
CPU type:	Intel Xeon Haswell EN/EP/EX processor
CPU clock:	2.30 GHz
--------------------------------------------------------------------------------
Group 1: POWERPERF
+--------------------------------+---------+--------------+--------------+--------------+--------------+--------------+--------------+--------------+--------------+--------------+--------------+--------------+--------------+--------------+--------------+--------------+--------------+--------------+--------------+--------------+--------------+--------------+--------------+--------------+--------------+
|              Event             | Counter |    Core 0    |    Core 1    |    Core 2    |    Core 3    |    Core 4    |    Core 5    |    Core 6    |    Core 7    |    Core 8    |    Core 9    |    Core 10   |    Core 11   |    Core 12   |    Core 13   |    Core 14   |    Core 15   |    Core 16   |    Core 17   |    Core 18   |    Core 19   |    Core 20   |    Core 21   |    Core 22   |    Core 23   |
+--------------------------------+---------+--------------+--------------+--------------+--------------+--------------+--------------+--------------+--------------+--------------+--------------+--------------+--------------+--------------+--------------+--------------+--------------+--------------+--------------+--------------+--------------+--------------+--------------+--------------+--------------+
|        INSTR_RETIRED_ANY       |  FIXC0  | 301321074161 | 301441583586 | 301535329929 | 301558999545 | 282083806434 | 282201310705 | 264718044232 | 187238794756 | 187154546381 | 187157655988 | 187136684627 | 187082837045 | 281731761133 | 281747755053 | 281429642412 | 281302916731 | 281209426119 | 280913727199 | 187491598732 | 187567187202 | 187424312456 | 187522905154 | 187504706516 | 186058294960 |
|      CPU_CLK_UNHALTED_CORE     |  FIXC1  | 182578609308 | 183250413238 | 183759690848 | 184338195939 | 182739765641 | 182881488956 | 151075215576 | 122599052643 | 123043887422 | 122963288340 | 123029266102 | 122957147087 | 185631997151 | 184135291831 | 186112998025 | 185263950602 | 185301062511 | 185638544893 | 134238041120 | 138290901551 | 139661958482 | 137903738550 | 138212983091 | 136457626311 |
|      CPU_CLK_UNHALTED_REF      |  FIXC2  | 182711443009 | 183366854850 | 183876695735 | 184471208498 | 182855831512 | 182997657769 | 151212502168 | 122823748839 | 123217158457 | 123115755965 | 123176147571 | 123104185332 | 185763645014 | 184256010217 | 186244394510 | 185306824350 | 185358342464 | 185715619887 | 134316726111 | 138370740151 | 139738529152 | 137989499327 | 138296195288 | 136541666876 |
|           FIXC1/FIXC0          |   CPI   |            0 |            0 |            0 |            0 |            0 |            0 |            0 |            0 |            0 |            0 |            0 |            0 |            0 |            0 |            0 |            0 |            0 |            0 |            0 |            0 |            0 |            0 |            0 |            0 |
|  OFFCORE_RESPONSE_0_LOCAL_DRAM |   PMC0  |    812549198 |    815492108 |    837154014 |    834815605 |    779806977 |    798054821 |   2899267218 |   2626307056 |   2580523570 |   2591078210 |   2592496407 |   2566407103 |    614243297 |    645149233 |    632787156 |    656536226 |    678193242 |    653400715 |   2356721469 |   2294696616 |   2244376819 |   2260168220 |   2264512689 |   2303177320 |
| OFFCORE_RESPONSE_1_REMOTE_DRAM |   PMC1  |    306344547 |    258869528 |    248034564 |    261417653 |    237868886 |    236392025 |       278672 |       178000 |        40949 |        29868 |        26021 |     15727722 |    376063325 |    320244844 |    336603907 |    314145450 |    314841529 |    373886539 |    242905428 |    304825971 |    320439473 |    292093962 |    292642132 |    247155746 |
|  MEM_LOAD_UOPS_RETIRED_L3_ALL  |   PMC2  |    158383806 |    191678252 |    197428087 |    198375796 |    390079642 |    392338552 |     47742783 |     47170147 |     47465409 |     47348225 |     47461433 |     47476729 |    384053118 |    433326644 |    398168894 |    441374974 |    441122903 |    414057315 |     48116933 |     48527229 |     48633484 |     48595403 |     48838117 |     48743158 |
|  MEM_LOAD_UOPS_RETIRED_L3_MISS |   PMC3  |     95617037 |    113241170 |    111168267 |    102912898 |    232949402 |    227698731 |     15119305 |     15023106 |     14995299 |     15091973 |     15091452 |     15020002 |    224992490 |    272596531 |    208254442 |    234015587 |    251508923 |    227184540 |     15035476 |     15180821 |     15200575 |     15206483 |     15266589 |     15353471 |
|      L2_TRANS_ALL_REQUESTS     |   PMC4  |  29898694266 |  29865288104 |  29878310277 |  29905908930 |  27786459339 |  27748084611 |  30104074303 |  27343004091 |  27392371632 |  27387989624 |  27379531784 |  27400174837 |  27813210037 |  27774699816 |  27797664308 |  27800296226 |  27775135899 |  27793918580 |  28606149529 |  28844794512 |  28914376094 |  28837316515 |  28853967084 |  28570561123 |
|          L2_RQSTS_MISS         |   PMC5  |   7071488879 |   7051712279 |   7053057472 |   7070246557 |   6557299338 |   6564525100 |   9621776611 |   9061979435 |   9121064405 |   9106474293 |   9105979471 |   9119373929 |   6575619169 |   6561239714 |   6568574559 |   6576151473 |   6542626975 |   6552343691 |   9076480696 |   9078598277 |   9124473196 |   9140615925 |   9133887808 |   9039998182 |
|        UOPS_RETIRED_ALL        |   PMC6  | 371049014119 | 371330323854 | 371533066232 | 371575669788 | 349276048636 | 349517382106 | 292343892762 | 212255792751 | 212103167313 | 212113270581 | 212063927989 | 211965523279 | 348710858731 | 348788344948 | 348166094743 | 347927693790 | 347752690797 | 347152856126 | 212743087601 | 212879125140 | 212618698313 | 212816041988 | 212779799323 | 211140004520 |
|            TEMP_CORE           |   TMP0  |           44 |           43 |           43 |           44 |           40 |           42 |           42 |           39 |           41 |           38 |           38 |           38 |           45 |           46 |           46 |           48 |           49 |           45 |           44 |           45 |           41 |           43 |           42 |           43 |
|         PWR_PKG_ENERGY         |   PWR0  |    7409.2484 |            0 |            0 |            0 |            0 |            0 |            0 |            0 |            0 |            0 |            0 |            0 |    7558.5351 |            0 |            0 |            0 |            0 |            0 |            0 |            0 |            0 |            0 |            0 |            0 |
|         PWR_PP0_ENERGY         |   PWR1  |            0 |            0 |            0 |            0 |            0 |            0 |            0 |            0 |            0 |            0 |            0 |            0 |            0 |            0 |            0 |            0 |            0 |            0 |            0 |            0 |            0 |            0 |            0 |            0 |
|         PWR_DRAM_ENERGY        |   PWR3  |    1322.6650 |            0 |            0 |            0 |            0 |            0 |            0 |            0 |            0 |            0 |            0 |            0 |    1190.8789 |            0 |            0 |            0 |            0 |            0 |            0 |            0 |            0 |            0 |            0 |            0 |
|          CAS_COUNT_RD          | MBOX0C0 |  11772705885 |            0 |            0 |            0 |            0 |            0 |            0 |            0 |            0 |            0 |            0 |            0 |   9263255470 |            0 |            0 |            0 |            0 |            0 |            0 |            0 |            0 |            0 |            0 |            0 |
|          CAS_COUNT_WR          | MBOX0C1 |   1780295783 |            0 |            0 |            0 |            0 |            0 |            0 |            0 |            0 |            0 |            0 |            0 |   1511323461 |            0 |            0 |            0 |            0 |            0 |            0 |            0 |            0 |            0 |            0 |            0 |
|          CAS_COUNT_RD          | MBOX1C0 |  11773834618 |            0 |            0 |            0 |            0 |            0 |            0 |            0 |            0 |            0 |            0 |            0 |   9254784872 |            0 |            0 |            0 |            0 |            0 |            0 |            0 |            0 |            0 |            0 |            0 |
|          CAS_COUNT_WR          | MBOX1C1 |   1782733967 |            0 |            0 |            0 |            0 |            0 |            0 |            0 |            0 |            0 |            0 |            0 |   1504922600 |            0 |            0 |            0 |            0 |            0 |            0 |            0 |            0 |            0 |            0 |            0 |
|          CAS_COUNT_RD          | MBOX2C0 |            0 |            0 |            0 |            0 |            0 |            0 |            0 |            0 |            0 |            0 |            0 |            0 |            0 |            0 |            0 |            0 |            0 |            0 |            0 |            0 |            0 |            0 |            0 |            0 |
|          CAS_COUNT_WR          | MBOX2C1 |            0 |            0 |            0 |            0 |            0 |            0 |            0 |            0 |            0 |            0 |            0 |            0 |            0 |            0 |            0 |            0 |            0 |            0 |            0 |            0 |            0 |            0 |            0 |            0 |
|          CAS_COUNT_RD          | MBOX3C0 |            0 |            0 |            0 |            0 |            0 |            0 |            0 |            0 |            0 |            0 |            0 |            0 |            0 |            0 |            0 |            0 |            0 |            0 |            0 |            0 |            0 |            0 |            0 |            0 |
|          CAS_COUNT_WR          | MBOX3C1 |            0 |            0 |            0 |            0 |            0 |            0 |            0 |            0 |            0 |            0 |            0 |            0 |            0 |            0 |            0 |            0 |            0 |            0 |            0 |            0 |            0 |            0 |            0 |            0 |
|          CAS_COUNT_RD          | MBOX4C0 |  11772775801 |            0 |            0 |            0 |            0 |            0 |            0 |            0 |            0 |            0 |            0 |            0 |   9259027709 |            0 |            0 |            0 |            0 |            0 |            0 |            0 |            0 |            0 |            0 |            0 |
|          CAS_COUNT_WR          | MBOX4C1 |   1781652025 |            0 |            0 |            0 |            0 |            0 |            0 |            0 |            0 |            0 |            0 |            0 |   1510365015 |            0 |            0 |            0 |            0 |            0 |            0 |            0 |            0 |            0 |            0 |            0 |
|          CAS_COUNT_RD          | MBOX5C0 |  11777309562 |            0 |            0 |            0 |            0 |            0 |            0 |            0 |            0 |            0 |            0 |            0 |   9254555225 |            0 |            0 |            0 |            0 |            0 |            0 |            0 |            0 |            0 |            0 |            0 |
|          CAS_COUNT_WR          | MBOX5C1 |   1785727424 |            0 |            0 |            0 |            0 |            0 |            0 |            0 |            0 |            0 |            0 |            0 |   1505992582 |            0 |            0 |            0 |            0 |            0 |            0 |            0 |            0 |            0 |            0 |            0 |
|          CAS_COUNT_RD          | MBOX6C0 |            0 |            0 |            0 |            0 |            0 |            0 |            0 |            0 |            0 |            0 |            0 |            0 |            0 |            0 |            0 |            0 |            0 |            0 |            0 |            0 |            0 |            0 |            0 |            0 |
|          CAS_COUNT_WR          | MBOX6C1 |            0 |            0 |            0 |            0 |            0 |            0 |            0 |            0 |            0 |            0 |            0 |            0 |            0 |            0 |            0 |            0 |            0 |            0 |            0 |            0 |            0 |            0 |            0 |            0 |
|          CAS_COUNT_RD          | MBOX7C0 |            0 |            0 |            0 |            0 |            0 |            0 |            0 |            0 |            0 |            0 |            0 |            0 |            0 |            0 |            0 |            0 |            0 |            0 |            0 |            0 |            0 |            0 |            0 |            0 |
|          CAS_COUNT_WR          | MBOX7C1 |            0 |            0 |            0 |            0 |            0 |            0 |            0 |            0 |            0 |            0 |            0 |            0 |            0 |            0 |            0 |            0 |            0 |            0 |            0 |            0 |            0 |            0 |            0 |            0 |
+--------------------------------+---------+--------------+--------------+--------------+--------------+--------------+--------------+--------------+--------------+--------------+--------------+--------------+--------------+--------------+--------------+--------------+--------------+--------------+--------------+--------------+--------------+--------------+--------------+--------------+--------------+
+-------------------------------------+---------+---------------+--------------+--------------+--------------+
|                Event                | Counter |      Sum      |      Min     |      Max     |      Avg     |
+-------------------------------------+---------+---------------+--------------+--------------+--------------+
|        INSTR_RETIRED_ANY STAT       |  FIXC0  | 5782534901056 | 186058294960 | 301558999545 | 2.409390e+11 |
|      CPU_CLK_UNHALTED_CORE STAT     |  FIXC1  | 3802065115218 | 122599052643 | 186112998025 | 1.584194e+11 |
|      CPU_CLK_UNHALTED_REF STAT      |  FIXC2  | 3804827383052 | 122823748839 | 186244394510 | 1.585345e+11 |
|           FIXC1/FIXC0 STAT          |   CPI   |             0 |            0 |            0 |            0 |
|  OFFCORE_RESPONSE_0_LOCAL_DRAM STAT |   PMC0  |   38337915289 |    614243297 |   2899267218 | 1.597413e+09 |
| OFFCORE_RESPONSE_1_REMOTE_DRAM STAT |   PMC1  |    5301056741 |        26021 |    376063325 | 2.208774e+08 |
|  MEM_LOAD_UOPS_RETIRED_L3_ALL STAT  |   PMC2  |    4616507033 |     47170147 |    441374974 | 1.923545e+08 |
|  MEM_LOAD_UOPS_RETIRED_L3_MISS STAT |   PMC3  |    2483724570 |     14995299 |    272596531 | 1.034885e+08 |
|      L2_TRANS_ALL_REQUESTS STAT     |   PMC4  |  681471981521 |  27343004091 |  30104074303 | 2.839467e+10 |
|          L2_RQSTS_MISS STAT         |   PMC5  |  190475587434 |   6542626975 |   9621776611 | 7.936483e+09 |
|        UOPS_RETIRED_ALL STAT        |   PMC6  | 6900602375430 | 211140004520 | 371575669788 | 2.875251e+11 |
|            TEMP_CORE STAT           |   TMP0  |          1029 |           38 |           49 |      42.8750 |
|         PWR_PKG_ENERGY STAT         |   PWR0  |    14967.7835 |            0 |    7558.5351 |     623.6576 |
|         PWR_PP0_ENERGY STAT         |   PWR1  |             0 |            0 |            0 |            0 |
|         PWR_DRAM_ENERGY STAT        |   PWR3  |     2513.5439 |            0 |    1322.6650 |     104.7310 |
|          CAS_COUNT_RD STAT          | MBOX0C0 |   21035961355 |            0 |  11772705885 | 8.764984e+08 |
|          CAS_COUNT_WR STAT          | MBOX0C1 |    3291619244 |            0 |   1780295783 | 1.371508e+08 |
|          CAS_COUNT_RD STAT          | MBOX1C0 |   21028619490 |            0 |  11773834618 | 8.761925e+08 |
|          CAS_COUNT_WR STAT          | MBOX1C1 |    3287656567 |            0 |   1782733967 | 1.369857e+08 |
|          CAS_COUNT_RD STAT          | MBOX2C0 |             0 |            0 |            0 |            0 |
|          CAS_COUNT_WR STAT          | MBOX2C1 |             0 |            0 |            0 |            0 |
|          CAS_COUNT_RD STAT          | MBOX3C0 |             0 |            0 |            0 |            0 |
|          CAS_COUNT_WR STAT          | MBOX3C1 |             0 |            0 |            0 |            0 |
|          CAS_COUNT_RD STAT          | MBOX4C0 |   21031803510 |            0 |  11772775801 | 8.763251e+08 |
|          CAS_COUNT_WR STAT          | MBOX4C1 |    3292017040 |            0 |   1781652025 | 1.371674e+08 |
|          CAS_COUNT_RD STAT          | MBOX5C0 |   21031864787 |            0 |  11777309562 | 8.763277e+08 |
|          CAS_COUNT_WR STAT          | MBOX5C1 |    3291720006 |            0 |   1785727424 | 1.371550e+08 |
|          CAS_COUNT_RD STAT          | MBOX6C0 |             0 |            0 |            0 |            0 |
|          CAS_COUNT_WR STAT          | MBOX6C1 |             0 |            0 |            0 |            0 |
|          CAS_COUNT_RD STAT          | MBOX7C0 |             0 |            0 |            0 |            0 |
|          CAS_COUNT_WR STAT          | MBOX7C1 |             0 |            0 |            0 |            0 |
+-------------------------------------+---------+---------------+--------------+--------------+--------------+
+-----------------------------------+------------+-----------+-----------+-----------+-----------+-----------+-----------+-----------+--------------+--------------+--------------+-----------+------------+-----------+-----------+-----------+-----------+-----------+-----------+-----------+-----------+-----------+-----------+-----------+
|               Metric              |   Core 0   |   Core 1  |   Core 2  |   Core 3  |   Core 4  |   Core 5  |   Core 6  |   Core 7  |    Core 8    |    Core 9    |    Core 10   |  Core 11  |   Core 12  |  Core 13  |  Core 14  |  Core 15  |  Core 16  |  Core 17  |  Core 18  |  Core 19  |  Core 20  |  Core 21  |  Core 22  |  Core 23  |
+-----------------------------------+------------+-----------+-----------+-----------+-----------+-----------+-----------+-----------+--------------+--------------+--------------+-----------+------------+-----------+-----------+-----------+-----------+-----------+-----------+-----------+-----------+-----------+-----------+-----------+
|        Runtime (RDTSC) [s]        |    82.3982 |   82.3982 |   82.3982 |   82.3982 |   82.3982 |   82.3982 |   82.3982 |   82.3982 |      82.3982 |      82.3982 |      82.3982 |   82.3982 |    82.3982 |   82.3982 |   82.3982 |   82.3982 |   82.3982 |   82.3982 |   82.3982 |   82.3982 |   82.3982 |   82.3982 |   82.3982 |   82.3982 |
|        Runtime unhalted [s]       |    79.3819 |   79.6740 |   79.8954 |   80.1470 |   79.4520 |   79.5136 |   65.6848 |   53.3039 |      53.4973 |      53.4622 |      53.4909 |   53.4596 |    80.7095 |   80.0587 |   80.9186 |   80.5495 |   80.5656 |   80.7123 |   58.3643 |   60.1264 |   60.7225 |   59.9581 |   60.0925 |   59.3293 |
|            Clock [MHz]            |  2298.3301 | 2298.5417 | 2298.5387 | 2298.3438 | 2298.5423 | 2298.5422 | 2297.9140 | 2295.7946 |    2296.7679 |    2297.1539 |    2297.2596 | 2297.2551 |  2298.3723 | 2298.4953 | 2298.3796 | 2299.4701 | 2299.2915 | 2299.0477 | 2298.6548 | 2298.6751 | 2298.7419 | 2298.5728 | 2298.6183 | 2298.5866 |
|                CPI                |     0.6059 |    0.6079 |    0.6094 |    0.6113 |    0.6478 |    0.6481 |    0.5707 |    0.6548 |       0.6574 |       0.6570 |       0.6574 |    0.6572 |     0.6589 |    0.6535 |    0.6613 |    0.6586 |    0.6589 |    0.6608 |    0.7160 |    0.7373 |    0.7452 |    0.7354 |    0.7371 |    0.7334 |
|   Local DRAM data volume [GByte]  |    52.0031 |   52.1915 |   53.5779 |   53.4282 |   49.9076 |   51.0755 |  185.5531 |  168.0837 |     165.1535 |     165.8290 |     165.9198 |  164.2501 |    39.3116 |   41.2896 |   40.4984 |   42.0183 |   43.4044 |   41.8176 |  150.8302 |  146.8606 |  143.6401 |  144.6508 |  144.9288 |  147.4033 |
|   Local DRAM bandwidth [MByte/s]  |   631.1203 |  633.4061 |  650.2313 |  648.4150 |  605.6889 |  619.8623 | 2251.9085 | 2039.8958 |    2004.3351 |    2012.5330 |    2013.6346 | 1993.3706 |   477.0929 |  501.0980 |  491.4962 |  509.9425 |  526.7638 |  507.5071 | 1830.5043 | 1782.3286 | 1743.2444 | 1755.5098 | 1758.8842 | 1788.9157 |
|  Remote DRAM data volume [GByte]  |    19.6061 |   16.5676 |   15.8742 |   16.7307 |   15.2236 |   15.1291 |    0.0178 |    0.0114 |       0.0026 |       0.0019 |       0.0017 |    1.0066 |    24.0681 |   20.4957 |   21.5427 |   20.1053 |   20.1499 |   23.9287 |   15.5459 |   19.5089 |   20.5081 |   18.6940 |   18.7291 |   15.8180 |
|  Remote DRAM bandwidth [MByte/s]  |   237.9428 |  201.0682 |  192.6525 |  203.0474 |  184.7567 |  183.6096 |    0.2164 |    0.1383 |       0.0318 |       0.0232 |       0.0202 |   12.2160 |   292.0946 |  248.7394 |  261.4458 |  244.0019 |  244.5426 |  290.4038 |  188.6686 |  236.7633 |  248.8906 |  226.8742 |  227.3000 |  191.9699 |
|     Memory data volume [GByte]    |    71.6092 |   68.7591 |   69.4521 |   70.1589 |   65.1313 |   66.2046 |  185.5709 |  168.0950 |     165.1561 |     165.8309 |     165.9214 |  165.2566 |    63.3796 |   61.7852 |   62.0410 |   62.1236 |   63.5542 |   65.7464 |  166.3761 |  166.3694 |  164.1482 |  163.3448 |  163.6579 |  163.2213 |
|     Memory bandwidth [MByte/s]    |   869.0632 |  834.4743 |  842.8838 |  851.4624 |  790.4456 |  803.4719 | 2252.1249 | 2040.0341 |    2004.3669 |    2012.5562 |    2013.6548 | 2005.5865 |   769.1874 |  749.8374 |  752.9420 |  753.9444 |  771.3064 |  797.9109 | 2019.1729 | 2019.0919 | 1992.1350 | 1982.3840 | 1986.1842 | 1980.8856 |
|          L3 request rate          |     1.6564 |    1.6927 |    1.7759 |    1.9276 |    1.6745 |    1.7231 |    3.1577 |    3.1398 |       3.1654 |       3.1373 |       3.1449 |    3.1609 |     1.7070 |    1.5896 |    1.9119 |    1.8861 |    1.7539 |    1.8226 |    3.2002 |    3.1966 |    3.1995 |    3.1957 |    3.1990 |    3.1747 |
|            L3 miss rate           |     1.9342 |    1.3505 |    1.2563 |    1.3178 |    0.6098 |    0.6025 |    0.0058 |    0.0038 |       0.0009 |       0.0006 |       0.0005 |    0.3313 |     0.9792 |    0.7390 |    0.8454 |    0.7117 |    0.7137 |    0.9030 |    5.0482 |    6.2815 |    6.5889 |    6.0107 |    5.9921 |    5.0706 |
|           L3 miss ratio           |     0.3770 |    0.3174 |    0.2963 |    0.3131 |    0.3050 |    0.2962 |    0.0001 |    0.0001 | 1.586849e-05 | 1.152725e-05 | 1.003704e-05 |    0.0061 |     0.6122 |    0.4964 |    0.5319 |    0.4785 |    0.4642 |    0.5722 |    0.1031 |    0.1328 |    0.1428 |    0.1292 |    0.1292 |    0.1073 |
|          L2 request rate          |     0.0992 |    0.0991 |    0.0991 |    0.0992 |    0.0985 |    0.0983 |    0.1137 |    0.1460 |       0.1464 |       0.1463 |       0.1463 |    0.1465 |     0.0987 |    0.0986 |    0.0988 |    0.0988 |    0.0988 |    0.0989 |    0.1526 |    0.1538 |    0.1543 |    0.1538 |    0.1539 |    0.1536 |
|            L2 miss rate           |     0.0235 |    0.0234 |    0.0234 |    0.0234 |    0.0232 |    0.0233 |    0.0363 |    0.0484 |       0.0487 |       0.0487 |       0.0487 |    0.0487 |     0.0233 |    0.0233 |    0.0233 |    0.0234 |    0.0233 |    0.0233 |    0.0484 |    0.0484 |    0.0487 |    0.0487 |    0.0487 |    0.0486 |
|           L2 miss ratio           |     0.2365 |    0.2361 |    0.2361 |    0.2364 |    0.2360 |    0.2366 |    0.3196 |    0.3314 |       0.3330 |       0.3325 |       0.3326 |    0.3328 |     0.2364 |    0.2362 |    0.2363 |    0.2365 |    0.2356 |    0.2357 |    0.3173 |    0.3147 |    0.3156 |    0.3170 |    0.3166 |    0.3164 |
|  Memory read bandwidth [MBytes/s] | 36580.7231 |         0 |         0 |         0 |         0 |         0 |         0 |         0 |            0 |            0 |            0 |         0 | 28763.0702 |         0 |         0 |         0 |         0 |         0 |         0 |         0 |         0 |         0 |         0 |         0 |
|  Memory read data volume [GBytes] |  3014.1841 |         0 |         0 |         0 |         0 |         0 |         0 |         0 |            0 |            0 |            0 |         0 |  2370.0239 |         0 |         0 |         0 |         0 |         0 |         0 |         0 |         0 |         0 |         0 |         0 |
| Memory write bandwidth [MBytes/s] |  5538.3060 |         0 |         0 |         0 |         0 |         0 |         0 |         0 |            0 |            0 |            0 |         0 |  4685.6224 |         0 |         0 |         0 |         0 |         0 |         0 |         0 |         0 |         0 |         0 |         0 |
| Memory write data volume [GBytes] |   456.3462 |         0 |         0 |         0 |         0 |         0 |         0 |         0 |            0 |            0 |            0 |         0 |   386.0866 |         0 |         0 |         0 |         0 |         0 |         0 |         0 |         0 |         0 |         0 |         0 |
|    Memory bandwidth [MBytes/s]    | 42119.0291 |         0 |         0 |         0 |         0 |         0 |         0 |         0 |            0 |            0 |            0 |         0 | 33448.6926 |         0 |         0 |         0 |         0 |         0 |         0 |         0 |         0 |         0 |         0 |         0 |
|    Memory data volume [GBytes]    |  3470.5302 |         0 |         0 |         0 |         0 |         0 |         0 |         0 |            0 |            0 |            0 |         0 |  2756.1105 |         0 |         0 |         0 |         0 |         0 |         0 |         0 |         0 |         0 |         0 |         0 |
|          Temperature [C]          |         44 |        43 |        43 |        44 |        40 |        42 |        42 |        39 |           41 |           38 |           38 |        38 |         45 |        46 |        46 |        48 |        49 |        45 |        44 |        45 |        41 |        43 |        42 |        43 |
|             Energy [J]            |  7409.2484 |         0 |         0 |         0 |         0 |         0 |         0 |         0 |            0 |            0 |            0 |         0 |  7558.5351 |         0 |         0 |         0 |         0 |         0 |         0 |         0 |         0 |         0 |         0 |         0 |
|             Power [W]             |    89.9201 |         0 |         0 |         0 |         0 |         0 |         0 |         0 |            0 |            0 |            0 |         0 |    91.7318 |         0 |         0 |         0 |         0 |         0 |         0 |         0 |         0 |         0 |         0 |         0 |
|           Energy PP0 [J]          |          0 |         0 |         0 |         0 |         0 |         0 |         0 |         0 |            0 |            0 |            0 |         0 |          0 |         0 |         0 |         0 |         0 |         0 |         0 |         0 |         0 |         0 |         0 |         0 |
|           Power PP0 [W]           |          0 |         0 |         0 |         0 |         0 |         0 |         0 |         0 |            0 |            0 |            0 |         0 |          0 |         0 |         0 |         0 |         0 |         0 |         0 |         0 |         0 |         0 |         0 |         0 |
|          Energy DRAM [J]          |  1322.6650 |         0 |         0 |         0 |         0 |         0 |         0 |         0 |            0 |            0 |            0 |         0 |  1190.8789 |         0 |         0 |         0 |         0 |         0 |         0 |         0 |         0 |         0 |         0 |         0 |
|           Power DRAM [W]          |    16.0521 |         0 |         0 |         0 |         0 |         0 |         0 |         0 |            0 |            0 |            0 |         0 |    14.4527 |         0 |         0 |         0 |         0 |         0 |         0 |         0 |         0 |         0 |         0 |         0 |
+-----------------------------------+------------+-----------+-----------+-----------+-----------+-----------+-----------+-----------+--------------+--------------+--------------+-----------+------------+-----------+-----------+-----------+-----------+-----------+-----------+-----------+-----------+-----------+-----------+-----------+
+----------------------------------------+------------+--------------+------------+-----------+
|                 Metric                 |     Sum    |      Min     |     Max    |    Avg    |
+----------------------------------------+------------+--------------+------------+-----------+
|        Runtime (RDTSC) [s] STAT        |  1977.5568 |      82.3982 |    82.3982 |   82.3982 |
|        Runtime unhalted [s] STAT       |  1653.0699 |      53.3039 |    80.9186 |   68.8779 |
|            Clock [MHz] STAT            | 55157.8899 |    2295.7946 |  2299.4701 | 2298.2454 |
|                CPI STAT                |    15.9413 |       0.5707 |     0.7452 |    0.6642 |
|   Local DRAM data volume [GByte] STAT  |  2453.6267 |      39.3116 |   185.5531 |  102.2344 |
|   Local DRAM bandwidth [MByte/s] STAT  | 29777.6890 |     477.0929 |  2251.9085 | 1240.7370 |
|  Remote DRAM data volume [GByte] STAT  |   339.2677 |       0.0017 |    24.0681 |   14.1362 |
|  Remote DRAM bandwidth [MByte/s] STAT  |  4117.4178 |       0.0202 |   292.0946 |  171.5591 |
|     Memory data volume [GByte] STAT    |  2792.8938 |      61.7852 |   185.5709 |  116.3706 |
|     Memory bandwidth [MByte/s] STAT    | 33895.1067 |     749.8374 |  2252.1249 | 1412.2961 |
|          L3 request rate STAT          |    59.1930 |       1.5896 |     3.2002 |    2.4664 |
|            L3 miss rate STAT           |    47.2980 |       0.0005 |     6.5889 |    1.9707 |
|           L3 miss ratio STAT           |     5.8111 | 1.003704e-05 |     0.6122 |    0.2421 |
|          L2 request rate STAT          |     2.9532 |       0.0983 |     0.1543 |    0.1231 |
|            L2 miss rate STAT           |     0.8511 |       0.0232 |     0.0487 |    0.0355 |
|           L2 miss ratio STAT           |     6.7139 |       0.2356 |     0.3330 |    0.2797 |
|  Memory read bandwidth [MBytes/s] STAT | 65343.7933 |            0 | 36580.7231 | 2722.6581 |
|  Memory read data volume [GBytes] STAT |  5384.2080 |            0 |  3014.1841 |  224.3420 |
| Memory write bandwidth [MBytes/s] STAT | 10223.9284 |            0 |  5538.3060 |  425.9970 |
| Memory write data volume [GBytes] STAT |   842.4328 |            0 |   456.3462 |   35.1014 |
|    Memory bandwidth [MBytes/s] STAT    | 75567.7217 |            0 | 42119.0291 | 3148.6551 |
|    Memory data volume [GBytes] STAT    |  6226.6407 |            0 |  3470.5302 |  259.4434 |
|          Temperature [C] STAT          |       1029 |           38 |         49 |   42.8750 |
|             Energy [J] STAT            | 14967.7835 |            0 |  7558.5351 |  623.6576 |
|             Power [W] STAT             |   181.6519 |            0 |    91.7318 |    7.5688 |
|           Energy PP0 [J] STAT          |          0 |            0 |          0 |         0 |
|           Power PP0 [W] STAT           |          0 |            0 |          0 |         0 |
|          Energy DRAM [J] STAT          |  2513.5439 |            0 |  1322.6650 |  104.7310 |
|           Power DRAM [W] STAT          |    30.5048 |            0 |    16.0521 |    1.2710 |
+----------------------------------------+------------+--------------+------------+-----------+
