--------------------------------------------------------------------------------
CPU name:	Intel(R) Xeon(R) CPU E5-2670 v3 @ 2.30GHz
CPU type:	Intel Xeon Haswell EN/EP/EX processor
CPU clock:	2.30 GHz
--------------------------------------------------------------------------------
Group 1: POWERPERF
+--------------------------------+---------+--------------+--------------+--------------+--------------+--------------+--------------+--------------+--------------+--------------+--------------+--------------+--------------+--------------+--------------+--------------+--------------+--------------+--------------+--------------+--------------+--------------+--------------+--------------+--------------+
|              Event             | Counter |    Core 0    |    Core 1    |    Core 2    |    Core 3    |    Core 4    |    Core 5    |    Core 6    |    Core 7    |    Core 8    |    Core 9    |    Core 10   |    Core 11   |    Core 12   |    Core 13   |    Core 14   |    Core 15   |    Core 16   |    Core 17   |    Core 18   |    Core 19   |    Core 20   |    Core 21   |    Core 22   |    Core 23   |
+--------------------------------+---------+--------------+--------------+--------------+--------------+--------------+--------------+--------------+--------------+--------------+--------------+--------------+--------------+--------------+--------------+--------------+--------------+--------------+--------------+--------------+--------------+--------------+--------------+--------------+--------------+
|        INSTR_RETIRED_ANY       |  FIXC0  | 214368996290 | 214117005947 | 214108760511 | 214097625400 | 160590264364 | 160577634884 | 287296654973 | 287323990182 | 287809837794 | 284261317024 | 284575874965 | 287078662272 | 160569926185 | 160563007286 | 160553434720 | 160546257249 | 160539927094 | 160533883985 | 287875895091 | 288018129135 | 288332625947 | 287842083565 | 287419063925 | 287826392425 |
|      CPU_CLK_UNHALTED_CORE     |  FIXC1  |  97972718665 |  97757416321 |  97959120054 |  98218942729 |  74580886468 |  76320275403 |  99706419609 |  99697105020 |  99651333732 |  99636967804 |  99644061968 |  99660806753 |  73904079371 |  73913057461 |  73967913629 |  74084563326 |  73951862359 |  75212085946 |  99717089046 |  99729473991 |  99751458577 |  99761246971 |  99655333576 |  99760180953 |
|      CPU_CLK_UNHALTED_REF      |  FIXC2  |  98003900887 |  97866138822 |  98067099459 |  98326959784 |  74785444288 |  76494821101 |  99706450357 |  99697129147 |  99651266871 |  99636925037 |  99644129695 |  99660853248 |  74118097839 |  74150866491 |  74180872590 |  74309246975 |  74180864126 |  75421758746 |  99717124151 |  99729508524 |  99751398337 |  99761185711 |  99655301692 |  99760180197 |
|           FIXC1/FIXC0          |   CPI   |            0 |            0 |            0 |            0 |            0 |            0 |            0 |            0 |            0 |            0 |            0 |            0 |            0 |            0 |            0 |            0 |            0 |            0 |            0 |            0 |            0 |            0 |            0 |            0 |
|  OFFCORE_RESPONSE_0_LOCAL_DRAM |   PMC0  |    523806676 |    514166537 |    500289903 |    480120987 |    292419027 |    149603250 |    974972131 |    969629062 |    959631943 |    986157662 |    990899565 |    970449306 |    373233838 |    361854166 |    346467933 |    340827625 |    330937504 |    255196579 |    923401555 |    916331764 |    923300211 |    902758124 |    913209285 |    922131971 |
| OFFCORE_RESPONSE_1_REMOTE_DRAM |   PMC1  |     36427864 |     45468503 |     59319482 |     79213306 |    126892825 |    269389624 |         6263 |         1817 |         4059 |         4331 |         5920 |         3505 |     45714688 |     56952247 |     72515985 |     77981710 |     87784131 |    163077947 |        74096 |        88678 |        88712 |        58453 |        68519 |        58598 |
|  MEM_LOAD_UOPS_RETIRED_L3_ALL  |   PMC2  |    113670076 |    112878095 |    112978229 |    113367111 |     85723871 |     87861680 |     10677218 |     10634151 |     10657619 |     10690798 |     10756282 |     10641672 |     88883687 |     87757304 |     86548752 |     87001790 |     85643373 |     89103158 |     10672439 |     10570035 |     10706326 |     10701468 |     10735161 |     10758870 |
|  MEM_LOAD_UOPS_RETIRED_L3_MISS |   PMC3  |     57655123 |     57397303 |     57389918 |     57349630 |     43731433 |     44519696 |      6450508 |      6529756 |      6245934 |      6627387 |      6803798 |      6493295 |     45192004 |     44617502 |     43880548 |     43966490 |     43696693 |     45406033 |      5690174 |      5609647 |      6083446 |      5798051 |      5873086 |      5673656 |
|      L2_TRANS_ALL_REQUESTS     |   PMC4  |   5456226844 |   5355374905 |   5358458416 |   5362210215 |   4007108569 |   4004154679 |   6828544937 |   6806003615 |   6841214686 |   6778565504 |   6800380619 |   6802557501 |   3927355950 |   3962995296 |   4003838800 |   4000150721 |   4002985191 |   3929053319 |   6818177350 |   6804158506 |   6815868711 |   6740807185 |   6770193119 |   6819654853 |
|          L2_RQSTS_MISS         |   PMC5  |   1168298257 |   1143965843 |   1144219397 |   1144437444 |    857778535 |    858550745 |   1238977809 |   1239384190 |   1242377043 |   1226568396 |   1229137344 |   1238900062 |    857648927 |    857609742 |    858323523 |    858537060 |    857214579 |    856831450 |   1243055839 |   1244903239 |   1244810412 |   1241869413 |   1240668530 |   1245894200 |
|        UOPS_RETIRED_ALL        |   PMC6  | 306247992707 | 305916709270 | 305907086369 | 305892816158 | 229446184606 | 229430606620 | 307553960163 | 307575652515 | 308091992687 | 304505705411 | 304801860084 | 307328688133 | 229418097520 | 229409784468 | 229397708794 | 229388961834 | 229381603630 | 229375247667 | 308147867404 | 308298404513 | 308623936475 | 308113932760 | 307695479565 | 308068949982 |
|            TEMP_CORE           |   TMP0  |           44 |           42 |           43 |           42 |           43 |           42 |           46 |           46 |           43 |           44 |           42 |           44 |           42 |           43 |           43 |           42 |           47 |           43 |           45 |           49 |           48 |           47 |           49 |           49 |
|         PWR_PKG_ENERGY         |   PWR0  |    3629.7557 |            0 |            0 |            0 |            0 |            0 |            0 |            0 |            0 |            0 |            0 |            0 |    3353.9449 |            0 |            0 |            0 |            0 |            0 |            0 |            0 |            0 |            0 |            0 |            0 |
|         PWR_PP0_ENERGY         |   PWR1  |            0 |            0 |            0 |            0 |            0 |            0 |            0 |            0 |            0 |            0 |            0 |            0 |            0 |            0 |            0 |            0 |            0 |            0 |            0 |            0 |            0 |            0 |            0 |            0 |
|         PWR_DRAM_ENERGY        |   PWR3  |     542.9385 |            0 |            0 |            0 |            0 |            0 |            0 |            0 |            0 |            0 |            0 |            0 |     540.7391 |            0 |            0 |            0 |            0 |            0 |            0 |            0 |            0 |            0 |            0 |            0 |
|          CAS_COUNT_RD          | MBOX0C0 |   2247575014 |            0 |            0 |            0 |            0 |            0 |            0 |            0 |            0 |            0 |            0 |            0 |   2063734509 |            0 |            0 |            0 |            0 |            0 |            0 |            0 |            0 |            0 |            0 |            0 |
|          CAS_COUNT_WR          | MBOX0C1 |    778844511 |            0 |            0 |            0 |            0 |            0 |            0 |            0 |            0 |            0 |            0 |            0 |    687800313 |            0 |            0 |            0 |            0 |            0 |            0 |            0 |            0 |            0 |            0 |            0 |
|          CAS_COUNT_RD          | MBOX1C0 |   2247422486 |            0 |            0 |            0 |            0 |            0 |            0 |            0 |            0 |            0 |            0 |            0 |   2061818220 |            0 |            0 |            0 |            0 |            0 |            0 |            0 |            0 |            0 |            0 |            0 |
|          CAS_COUNT_WR          | MBOX1C1 |    780325898 |            0 |            0 |            0 |            0 |            0 |            0 |            0 |            0 |            0 |            0 |            0 |    685538428 |            0 |            0 |            0 |            0 |            0 |            0 |            0 |            0 |            0 |            0 |            0 |
|          CAS_COUNT_RD          | MBOX2C0 |            0 |            0 |            0 |            0 |            0 |            0 |            0 |            0 |            0 |            0 |            0 |            0 |            0 |            0 |            0 |            0 |            0 |            0 |            0 |            0 |            0 |            0 |            0 |            0 |
|          CAS_COUNT_WR          | MBOX2C1 |            0 |            0 |            0 |            0 |            0 |            0 |            0 |            0 |            0 |            0 |            0 |            0 |            0 |            0 |            0 |            0 |            0 |            0 |            0 |            0 |            0 |            0 |            0 |            0 |
|          CAS_COUNT_RD          | MBOX3C0 |            0 |            0 |            0 |            0 |            0 |            0 |            0 |            0 |            0 |            0 |            0 |            0 |            0 |            0 |            0 |            0 |            0 |            0 |            0 |            0 |            0 |            0 |            0 |            0 |
|          CAS_COUNT_WR          | MBOX3C1 |            0 |            0 |            0 |            0 |            0 |            0 |            0 |            0 |            0 |            0 |            0 |            0 |            0 |            0 |            0 |            0 |            0 |            0 |            0 |            0 |            0 |            0 |            0 |            0 |
|          CAS_COUNT_RD          | MBOX4C0 |   2246362006 |            0 |            0 |            0 |            0 |            0 |            0 |            0 |            0 |            0 |            0 |            0 |   2063844114 |            0 |            0 |            0 |            0 |            0 |            0 |            0 |            0 |            0 |            0 |            0 |
|          CAS_COUNT_WR          | MBOX4C1 |    778233195 |            0 |            0 |            0 |            0 |            0 |            0 |            0 |            0 |            0 |            0 |            0 |    687825637 |            0 |            0 |            0 |            0 |            0 |            0 |            0 |            0 |            0 |            0 |            0 |
|          CAS_COUNT_RD          | MBOX5C0 |   2250040611 |            0 |            0 |            0 |            0 |            0 |            0 |            0 |            0 |            0 |            0 |            0 |   2061271600 |            0 |            0 |            0 |            0 |            0 |            0 |            0 |            0 |            0 |            0 |            0 |
|          CAS_COUNT_WR          | MBOX5C1 |    781356053 |            0 |            0 |            0 |            0 |            0 |            0 |            0 |            0 |            0 |            0 |            0 |    685529726 |            0 |            0 |            0 |            0 |            0 |            0 |            0 |            0 |            0 |            0 |            0 |
|          CAS_COUNT_RD          | MBOX6C0 |            0 |            0 |            0 |            0 |            0 |            0 |            0 |            0 |            0 |            0 |            0 |            0 |            0 |            0 |            0 |            0 |            0 |            0 |            0 |            0 |            0 |            0 |            0 |            0 |
|          CAS_COUNT_WR          | MBOX6C1 |            0 |            0 |            0 |            0 |            0 |            0 |            0 |            0 |            0 |            0 |            0 |            0 |            0 |            0 |            0 |            0 |            0 |            0 |            0 |            0 |            0 |            0 |            0 |            0 |
|          CAS_COUNT_RD          | MBOX7C0 |            0 |            0 |            0 |            0 |            0 |            0 |            0 |            0 |            0 |            0 |            0 |            0 |            0 |            0 |            0 |            0 |            0 |            0 |            0 |            0 |            0 |            0 |            0 |            0 |
|          CAS_COUNT_WR          | MBOX7C1 |            0 |            0 |            0 |            0 |            0 |            0 |            0 |            0 |            0 |            0 |            0 |            0 |            0 |            0 |            0 |            0 |            0 |            0 |            0 |            0 |            0 |            0 |            0 |            0 |
+--------------------------------+---------+--------------+--------------+--------------+--------------+--------------+--------------+--------------+--------------+--------------+--------------+--------------+--------------+--------------+--------------+--------------+--------------+--------------+--------------+--------------+--------------+--------------+--------------+--------------+--------------+
+-------------------------------------+---------+---------------+--------------+--------------+--------------+
|                Event                | Counter |      Sum      |      Min     |      Max     |      Avg     |
+-------------------------------------+---------+---------------+--------------+--------------+--------------+
|        INSTR_RETIRED_ANY STAT       |  FIXC0  | 5586827251213 | 160533883985 | 288332625947 | 2.327845e+11 |
|      CPU_CLK_UNHALTED_CORE STAT     |  FIXC1  | 2184214399732 |  73904079371 |  99761246971 | 9.100893e+10 |
|      CPU_CLK_UNHALTED_REF STAT      |  FIXC2  | 2186277524075 |  74118097839 |  99761185711 | 9.109490e+10 |
|           FIXC1/FIXC0 STAT          |   CPI   |             0 |            0 |            0 |            0 |
|  OFFCORE_RESPONSE_0_LOCAL_DRAM STAT |   PMC0  |   15821796604 |    149603250 |    990899565 | 6.592415e+08 |
| OFFCORE_RESPONSE_1_REMOTE_DRAM STAT |   PMC1  |    1121201263 |         1817 |    269389624 | 4.671672e+07 |
|  MEM_LOAD_UOPS_RETIRED_L3_ALL STAT  |   PMC2  |    1279619165 |     10570035 |    113670076 | 5.331747e+07 |
|  MEM_LOAD_UOPS_RETIRED_L3_MISS STAT |   PMC3  |     658681111 |      5609647 |     57655123 | 2.744505e+07 |
|      L2_TRANS_ALL_REQUESTS STAT     |   PMC4  |  134996039491 |   3927355950 |   6841214686 | 5.624835e+09 |
|          L2_RQSTS_MISS STAT         |   PMC5  |   26339961979 |    856831450 |   1245894200 | 1.097498e+09 |
|        UOPS_RETIRED_ALL STAT        |   PMC6  | 6748019229335 | 229375247667 | 308623936475 | 2.811675e+11 |
|            TEMP_CORE STAT           |   TMP0  |          1068 |           42 |           49 |      44.5000 |
|         PWR_PKG_ENERGY STAT         |   PWR0  |     6983.7006 |            0 |    3629.7557 |     290.9875 |
|         PWR_PP0_ENERGY STAT         |   PWR1  |             0 |            0 |            0 |            0 |
|         PWR_DRAM_ENERGY STAT        |   PWR3  |     1083.6776 |            0 |     542.9385 |      45.1532 |
|          CAS_COUNT_RD STAT          | MBOX0C0 |    4311309523 |            0 |   2247575014 | 1.796379e+08 |
|          CAS_COUNT_WR STAT          | MBOX0C1 |    1466644824 |            0 |    778844511 |     61110201 |
|          CAS_COUNT_RD STAT          | MBOX1C0 |    4309240706 |            0 |   2247422486 | 1.795517e+08 |
|          CAS_COUNT_WR STAT          | MBOX1C1 |    1465864326 |            0 |    780325898 | 6.107768e+07 |
|          CAS_COUNT_RD STAT          | MBOX2C0 |             0 |            0 |            0 |            0 |
|          CAS_COUNT_WR STAT          | MBOX2C1 |             0 |            0 |            0 |            0 |
|          CAS_COUNT_RD STAT          | MBOX3C0 |             0 |            0 |            0 |            0 |
|          CAS_COUNT_WR STAT          | MBOX3C1 |             0 |            0 |            0 |            0 |
|          CAS_COUNT_RD STAT          | MBOX4C0 |    4310206120 |            0 |   2246362006 | 1.795919e+08 |
|          CAS_COUNT_WR STAT          | MBOX4C1 |    1466058832 |            0 |    778233195 | 6.108578e+07 |
|          CAS_COUNT_RD STAT          | MBOX5C0 |    4311312211 |            0 |   2250040611 | 1.796380e+08 |
|          CAS_COUNT_WR STAT          | MBOX5C1 |    1466885779 |            0 |    781356053 | 6.112024e+07 |
|          CAS_COUNT_RD STAT          | MBOX6C0 |             0 |            0 |            0 |            0 |
|          CAS_COUNT_WR STAT          | MBOX6C1 |             0 |            0 |            0 |            0 |
|          CAS_COUNT_RD STAT          | MBOX7C0 |             0 |            0 |            0 |            0 |
|          CAS_COUNT_WR STAT          | MBOX7C1 |             0 |            0 |            0 |            0 |
+-------------------------------------+---------+---------------+--------------+--------------+--------------+
+-----------------------------------+------------+-----------+-----------+-----------+-----------+-----------+--------------+--------------+--------------+--------------+--------------+--------------+------------+-----------+-----------+-----------+-----------+-----------+-----------+-----------+-----------+-----------+-----------+-----------+
|               Metric              |   Core 0   |   Core 1  |   Core 2  |   Core 3  |   Core 4  |   Core 5  |    Core 6    |    Core 7    |    Core 8    |    Core 9    |    Core 10   |    Core 11   |   Core 12  |  Core 13  |  Core 14  |  Core 15  |  Core 16  |  Core 17  |  Core 18  |  Core 19  |  Core 20  |  Core 21  |  Core 22  |  Core 23  |
+-----------------------------------+------------+-----------+-----------+-----------+-----------+-----------+--------------+--------------+--------------+--------------+--------------+--------------+------------+-----------+-----------+-----------+-----------+-----------+-----------+-----------+-----------+-----------+-----------+-----------+
|        Runtime (RDTSC) [s]        |    43.8436 |   43.8436 |   43.8436 |   43.8436 |   43.8436 |   43.8436 |      43.8436 |      43.8436 |      43.8436 |      43.8436 |      43.8436 |      43.8436 |    43.8436 |   43.8436 |   43.8436 |   43.8436 |   43.8436 |   43.8436 |   43.8436 |   43.8436 |   43.8436 |   43.8436 |   43.8436 |   43.8436 |
|        Runtime unhalted [s]       |    42.5969 |   42.5033 |   42.5910 |   42.7040 |   32.4265 |   33.1828 |      43.3507 |      43.3467 |      43.3268 |      43.3205 |      43.3236 |      43.3309 |    32.1323 |   32.1362 |   32.1600 |   32.2108 |   32.1531 |   32.7010 |   43.3554 |   43.3607 |   43.3703 |   43.3746 |   43.3285 |   43.3741 |
|            Clock [MHz]            |  2299.2631 | 2297.4398 | 2297.4624 | 2297.4683 | 2293.7038 | 2294.7468 |    2299.9942 |    2299.9944 |    2299.9965 |    2299.9959 |    2299.9933 |    2299.9938 |  2293.3536 | 2292.6186 | 2293.3921 | 2293.0406 | 2292.8947 | 2293.6009 | 2299.9941 | 2299.9941 | 2299.9963 | 2299.9963 | 2299.9956 | 2299.9949 |
|                CPI                |     0.4570 |    0.4566 |    0.4575 |    0.4588 |    0.4644 |    0.4753 |       0.3471 |       0.3470 |       0.3462 |       0.3505 |       0.3501 |       0.3472 |     0.4603 |    0.4603 |    0.4607 |    0.4615 |    0.4606 |    0.4685 |    0.3464 |    0.3463 |    0.3460 |    0.3466 |    0.3467 |    0.3466 |
|   Local DRAM data volume [GByte]  |    33.5236 |   32.9067 |   32.0186 |   30.7277 |   18.7148 |    9.5746 |      62.3982 |      62.0563 |      61.4164 |      63.1141 |      63.4176 |      62.1088 |    23.8870 |   23.1587 |   22.1739 |   21.8130 |   21.1800 |   16.3326 |   59.0977 |   58.6452 |   59.0912 |   57.7765 |   58.4454 |   59.0164 |
|   Local DRAM bandwidth [MByte/s]  |   764.6188 |  750.5467 |  730.2905 |  700.8493 |  426.8542 |  218.3811 |    1423.2006 |    1415.4012 |    1400.8080 |    1439.5285 |    1446.4505 |    1416.5985 |   544.8224 |  528.2111 |  505.7513 |  497.5179 |  483.0810 |  372.5193 | 1347.9213 | 1337.6013 | 1347.7733 | 1317.7873 | 1333.0433 | 1346.0680 |
|  Remote DRAM data volume [GByte]  |     2.3314 |    2.9100 |    3.7964 |    5.0697 |    8.1211 |   17.2409 |       0.0004 |       0.0001 |       0.0003 |       0.0003 |       0.0004 |       0.0002 |     2.9257 |    3.6449 |    4.6410 |    4.9908 |    5.6182 |   10.4370 |    0.0047 |    0.0057 |    0.0057 |    0.0037 |    0.0044 |    0.0038 |
|  Remote DRAM bandwidth [MByte/s]  |    53.1750 |   66.3720 |   86.5907 |  115.6304 |  185.2299 |  393.2374 |       0.0091 |       0.0027 |       0.0059 |       0.0063 |       0.0086 |       0.0051 |    66.7313 |   83.1352 |  105.8541 |  113.8326 |  128.1415 |  238.0505 |    0.1082 |    0.1294 |    0.1295 |    0.0853 |    0.1000 |    0.0855 |
|     Memory data volume [GByte]    |    35.8550 |   35.8166 |   35.8150 |   35.7974 |   26.8360 |   26.8155 |      62.3986 |      62.0564 |      61.4167 |      63.1144 |      63.4180 |      62.1090 |    26.8127 |   26.8036 |   26.8150 |   26.8038 |   26.7982 |   26.7696 |   59.1024 |   58.6509 |   59.0969 |   57.7803 |   58.4498 |   59.0202 |
|     Memory bandwidth [MByte/s]    |   817.7938 |  816.9187 |  816.8812 |  816.4797 |  612.0841 |  611.6184 |    1423.2098 |    1415.4038 |    1400.8140 |    1439.5349 |    1446.4591 |    1416.6036 |   611.5537 |  611.3462 |  611.6054 |  611.3505 |  611.2225 |  610.5698 | 1348.0294 | 1337.7307 | 1347.9028 | 1317.8727 | 1333.1433 | 1346.1536 |
|          L3 request rate          |     1.9716 |    1.9666 |    1.9686 |    1.9768 |    1.9602 |    1.9735 |       1.6553 |       1.6286 |       1.7063 |       1.6131 |       1.5809 |       1.6389 |     1.9668 |    1.9669 |    1.9724 |    1.9788 |    1.9600 |    1.9624 |    1.8756 |    1.8843 |    1.7599 |    1.8457 |    1.8279 |    1.8963 |
|            L3 miss rate           |     0.3205 |    0.4028 |    0.5251 |    0.6987 |    1.4803 |    3.0661 |       0.0006 |       0.0002 |       0.0004 |       0.0004 |       0.0006 |       0.0003 |     0.5143 |    0.6490 |    0.8379 |    0.8963 |    1.0250 |    1.8302 |    0.0069 |    0.0084 |    0.0083 |    0.0055 |    0.0064 |    0.0054 |
|           L3 miss ratio           |     0.0695 |    0.0884 |    0.1186 |    0.1650 |    0.4339 |    1.8007 | 6.423773e-06 | 1.873912e-06 | 4.229747e-06 | 4.391793e-06 | 5.974369e-06 | 3.611729e-06 |     0.1225 |    0.1574 |    0.2093 |    0.2288 |    0.2653 |    0.6390 |    0.0001 |    0.0001 |    0.0001 |    0.0001 |    0.0001 |    0.0001 |
|          L2 request rate          |     0.0255 |    0.0250 |    0.0250 |    0.0250 |    0.0250 |    0.0249 |       0.0238 |       0.0237 |       0.0238 |       0.0238 |       0.0239 |       0.0237 |     0.0245 |    0.0247 |    0.0249 |    0.0249 |    0.0249 |    0.0245 |    0.0237 |    0.0236 |    0.0236 |    0.0234 |    0.0236 |    0.0237 |
|            L2 miss rate           |     0.0054 |    0.0053 |    0.0053 |    0.0053 |    0.0053 |    0.0053 |       0.0043 |       0.0043 |       0.0043 |       0.0043 |       0.0043 |       0.0043 |     0.0053 |    0.0053 |    0.0053 |    0.0053 |    0.0053 |    0.0053 |    0.0043 |    0.0043 |    0.0043 |    0.0043 |    0.0043 |    0.0043 |
|           L2 miss ratio           |     0.2141 |    0.2136 |    0.2135 |    0.2134 |    0.2141 |    0.2144 |       0.1814 |       0.1821 |       0.1816 |       0.1809 |       0.1807 |       0.1821 |     0.2184 |    0.2164 |    0.2144 |    0.2146 |    0.2141 |    0.2181 |    0.1823 |    0.1830 |    0.1826 |    0.1842 |    0.1833 |    0.1827 |
|  Memory read bandwidth [MBytes/s] | 13125.0586 |         0 |         0 |         0 |         0 |         0 |            0 |            0 |            0 |            0 |            0 |            0 | 12043.7869 |         0 |         0 |         0 |         0 |         0 |         0 |         0 |         0 |         0 |         0 |         0 |
|  Memory read data volume [GBytes] |   575.4496 |         0 |         0 |         0 |         0 |         0 |            0 |            0 |            0 |            0 |            0 |            0 |   528.0428 |         0 |         0 |         0 |         0 |         0 |         0 |         0 |         0 |         0 |         0 |         0 |
| Memory write bandwidth [MBytes/s] |  4552.5616 |         0 |         0 |         0 |         0 |         0 |            0 |            0 |            0 |            0 |            0 |            0 |  4009.4446 |         0 |         0 |         0 |         0 |         0 |         0 |         0 |         0 |         0 |         0 |         0 |
| Memory write data volume [GBytes] |   199.6006 |         0 |         0 |         0 |         0 |         0 |            0 |            0 |            0 |            0 |            0 |            0 |   175.7884 |         0 |         0 |         0 |         0 |         0 |         0 |         0 |         0 |         0 |         0 |         0 |
|    Memory bandwidth [MBytes/s]    | 17677.6202 |         0 |         0 |         0 |         0 |         0 |            0 |            0 |            0 |            0 |            0 |            0 | 16053.2315 |         0 |         0 |         0 |         0 |         0 |         0 |         0 |         0 |         0 |         0 |         0 |
|    Memory data volume [GBytes]    |   775.0502 |         0 |         0 |         0 |         0 |         0 |            0 |            0 |            0 |            0 |            0 |            0 |   703.8312 |         0 |         0 |         0 |         0 |         0 |         0 |         0 |         0 |         0 |         0 |         0 |
|          Temperature [C]          |         44 |        42 |        43 |        42 |        43 |        42 |           46 |           46 |           43 |           44 |           42 |           44 |         42 |        43 |        43 |        42 |        47 |        43 |        45 |        49 |        48 |        47 |        49 |        49 |
|             Energy [J]            |  3629.7557 |         0 |         0 |         0 |         0 |         0 |            0 |            0 |            0 |            0 |            0 |            0 |  3353.9449 |         0 |         0 |         0 |         0 |         0 |         0 |         0 |         0 |         0 |         0 |         0 |
|             Power [W]             |    82.7888 |         0 |         0 |         0 |         0 |         0 |            0 |            0 |            0 |            0 |            0 |            0 |    76.4980 |         0 |         0 |         0 |         0 |         0 |         0 |         0 |         0 |         0 |         0 |         0 |
|           Energy PP0 [J]          |          0 |         0 |         0 |         0 |         0 |         0 |            0 |            0 |            0 |            0 |            0 |            0 |          0 |         0 |         0 |         0 |         0 |         0 |         0 |         0 |         0 |         0 |         0 |         0 |
|           Power PP0 [W]           |          0 |         0 |         0 |         0 |         0 |         0 |            0 |            0 |            0 |            0 |            0 |            0 |          0 |         0 |         0 |         0 |         0 |         0 |         0 |         0 |         0 |         0 |         0 |         0 |
|          Energy DRAM [J]          |   542.9385 |         0 |         0 |         0 |         0 |         0 |            0 |            0 |            0 |            0 |            0 |            0 |   540.7391 |         0 |         0 |         0 |         0 |         0 |         0 |         0 |         0 |         0 |         0 |         0 |
|           Power DRAM [W]          |    12.3835 |         0 |         0 |         0 |         0 |         0 |            0 |            0 |            0 |            0 |            0 |            0 |    12.3334 |         0 |         0 |         0 |         0 |         0 |         0 |         0 |         0 |         0 |         0 |         0 |
+-----------------------------------+------------+-----------+-----------+-----------+-----------+-----------+--------------+--------------+--------------+--------------+--------------+--------------+------------+-----------+-----------+-----------+-----------+-----------+-----------+-----------+-----------+-----------+-----------+-----------+
+----------------------------------------+------------+--------------+------------+-----------+
|                 Metric                 |     Sum    |      Min     |     Max    |    Avg    |
+----------------------------------------+------------+--------------+------------+-----------+
|        Runtime (RDTSC) [s] STAT        |  1052.2464 |      43.8436 |    43.8436 |   43.8436 |
|        Runtime unhalted [s] STAT       |   949.6607 |      32.1323 |    43.3746 |   39.5692 |
|            Clock [MHz] STAT            | 55138.9241 |    2292.6186 |  2299.9965 | 2297.4552 |
|                CPI STAT                |     9.7082 |       0.3460 |     0.4753 |    0.4045 |
|   Local DRAM data volume [GByte] STAT  |  1012.5950 |       9.5746 |    63.4176 |   42.1915 |
|   Local DRAM bandwidth [MByte/s] STAT  | 23095.6254 |     218.3811 |  1446.4505 |  962.3177 |
|  Remote DRAM data volume [GByte] STAT  |    71.7568 |       0.0001 |    17.2409 |    2.9899 |
|  Remote DRAM bandwidth [MByte/s] STAT  |  1636.6562 |       0.0027 |   393.2374 |   68.1940 |
|     Memory data volume [GByte] STAT    |  1084.3520 |      26.7696 |    63.4180 |   45.1813 |
|     Memory bandwidth [MByte/s] STAT    | 24732.2817 |     610.5698 |  1446.4591 | 1030.5117 |
|          L3 request rate STAT          |    44.5374 |       1.5809 |     1.9788 |    1.8557 |
|            L3 miss rate STAT           |    12.2896 |       0.0002 |     3.0661 |    0.5121 |
|           L3 miss ratio STAT           |     4.2990 | 1.873912e-06 |     1.8007 |    0.1791 |
|          L2 request rate STAT          |     0.5831 |       0.0234 |     0.0255 |    0.0243 |
|            L2 miss rate STAT           |     0.1153 |       0.0043 |     0.0054 |    0.0048 |
|           L2 miss ratio STAT           |     4.7660 |       0.1807 |     0.2184 |    0.1986 |
|  Memory read bandwidth [MBytes/s] STAT | 25168.8455 |            0 | 13125.0586 | 1048.7019 |
|  Memory read data volume [GBytes] STAT |  1103.4924 |            0 |   575.4496 |   45.9789 |
| Memory write bandwidth [MBytes/s] STAT |  8562.0062 |            0 |  4552.5616 |  356.7503 |
| Memory write data volume [GBytes] STAT |   375.3890 |            0 |   199.6006 |   15.6412 |
|    Memory bandwidth [MBytes/s] STAT    | 33730.8517 |            0 | 17677.6202 | 1405.4522 |
|    Memory data volume [GBytes] STAT    |  1478.8814 |            0 |   775.0502 |   61.6201 |
|          Temperature [C] STAT          |       1068 |           42 |         49 |   44.5000 |
|             Energy [J] STAT            |  6983.7006 |            0 |  3629.7557 |  290.9875 |
|             Power [W] STAT             |   159.2868 |            0 |    82.7888 |    6.6369 |
|           Energy PP0 [J] STAT          |          0 |            0 |          0 |         0 |
|           Power PP0 [W] STAT           |          0 |            0 |          0 |         0 |
|          Energy DRAM [J] STAT          |  1083.6776 |            0 |   542.9385 |   45.1532 |
|           Power DRAM [W] STAT          |    24.7169 |            0 |    12.3835 |    1.0299 |
+----------------------------------------+------------+--------------+------------+-----------+
