--------------------------------------------------------------------------------
CPU name:	Intel(R) Xeon(R) CPU E5-2670 v3 @ 2.30GHz
CPU type:	Intel Xeon Haswell EN/EP/EX processor
CPU clock:	2.30 GHz
--------------------------------------------------------------------------------
Group 1: POWERPERF
+--------------------------------+---------+--------------+--------------+--------------+--------------+--------------+--------------+-------------+-------------+-------------+-------------+-------------+-------------+--------------+--------------+--------------+--------------+--------------+--------------+-------------+-------------+-------------+-------------+-------------+-------------+
|              Event             | Counter |    Core 0    |    Core 1    |    Core 2    |    Core 3    |    Core 4    |    Core 5    |    Core 6   |    Core 7   |    Core 8   |    Core 9   |   Core 10   |   Core 11   |    Core 12   |    Core 13   |    Core 14   |    Core 15   |    Core 16   |    Core 17   |   Core 18   |   Core 19   |   Core 20   |   Core 21   |   Core 22   |   Core 23   |
+--------------------------------+---------+--------------+--------------+--------------+--------------+--------------+--------------+-------------+-------------+-------------+-------------+-------------+-------------+--------------+--------------+--------------+--------------+--------------+--------------+-------------+-------------+-------------+-------------+-------------+-------------+
|        INSTR_RETIRED_ANY       |  FIXC0  | 214357964237 | 214116097863 | 214108539802 | 214097477746 | 160602265334 | 160577375651 | 75878437246 | 38456986127 | 42982012803 | 43278105873 | 40842118260 | 40950707861 | 160569122151 | 160562335173 | 160554841411 | 160545428759 | 160538823051 | 160532438418 | 42421272840 | 40288264411 | 38870710019 | 39773643833 | 38123607238 | 37484447076 |
|      CPU_CLK_UNHALTED_CORE     |  FIXC1  |  99212638133 | 101700167006 |  97634144146 |  98009197064 |  74549006711 |  75869726579 | 82024355753 | 64730237914 | 63944994017 | 65378466524 | 65404489489 | 63557128963 |  73339414667 |  73626184592 |  73649027829 |  73808226025 |  73645299334 |  74493232337 | 64987521050 | 65463697208 | 64542423327 | 64390218027 | 64833888601 | 64850431388 |
|      CPU_CLK_UNHALTED_REF      |  FIXC2  |  99266568802 | 101807998652 |  97772560079 |  98146336874 |  74709289701 |  76024966682 | 82132016428 | 64833333823 | 63972309204 | 65454629350 | 65480493471 | 63564288721 |  73553882171 |  73843910837 |  73863812967 |  74020837371 |  73862990625 |  74699663350 | 65008619491 | 65503637796 | 64567515555 | 64440440417 | 64881393519 | 64977319665 |
|           FIXC1/FIXC0          |   CPI   |            0 |            0 |            0 |            0 |            0 |            0 |           0 |           0 |           0 |           0 |           0 |           0 |            0 |            0 |            0 |            0 |            0 |            0 |           0 |           0 |           0 |           0 |           0 |           0 |
|  OFFCORE_RESPONSE_0_LOCAL_DRAM |   PMC0  |    527610173 |    510819004 |    493732241 |    471626606 |    277300480 |    155294043 |   778057998 |   782810314 |   767892044 |   796395371 |   786839375 |   785519993 |    365928603 |    357882993 |    343094668 |    339732344 |    335179980 |    247714228 |   798623280 |   776437607 |   785012784 |   752515047 |   798678936 |   755797564 |
| OFFCORE_RESPONSE_1_REMOTE_DRAM |   PMC1  |     25151883 |     43521877 |     59488723 |     81340434 |    137336671 |    258622152 |     4594623 |     4672915 |       55213 |         424 |         122 |        3016 |     45666216 |     53769347 |     68814979 |     72030550 |     76522921 |    163489906 |      122695 |      100051 |       83045 |       81383 |      122374 |      142430 |
|  MEM_LOAD_UOPS_RETIRED_L3_ALL  |   PMC2  |    133447622 |    173008731 |    114036060 |    115258842 |     86975815 |     87845770 |   268781113 |   252521272 |   276777674 |   268608530 |   264573883 |   283868789 |     86229601 |     88270823 |     86657979 |     87962213 |     87073825 |     86622669 |   292298021 |   267464596 |   264130771 |   261730091 |   278414122 |   255743597 |
|  MEM_LOAD_UOPS_RETIRED_L3_MISS |   PMC3  |     65463105 |     77215414 |     57074566 |     57359982 |     43637623 |     43868104 |   195193076 |   189227283 |   198233937 |   200894722 |   199138980 |   203263844 |     42712483 |     43821097 |     42988002 |     43505861 |     43508506 |     43067823 |   210824051 |   194606349 |   197475662 |   192691588 |   204351579 |   182828405 |
|      L2_TRANS_ALL_REQUESTS     |   PMC4  |   5449915655 |   5398785733 |   5345949987 |   5349625787 |   3997118007 |   3994197437 |  3420157572 |  3309496088 |  3330953733 |  3444161636 |  3362696045 |  3491661125 |   4004315091 |   3949667290 |   3993286120 |   3973009765 |   3965410699 |   3982230537 |  3468787862 |  3371759559 |  3406843724 |  3328265618 |  3433332229 |  3279600150 |
|          L2_RQSTS_MISS         |   PMC5  |   1167383054 |   1180466179 |   1143869208 |   1144337203 |    858132021 |    858406089 |  1096083648 |  1067139459 |  1084271724 |  1116641719 |  1087864606 |  1142884870 |    858166298 |    857555448 |    858116283 |    858255961 |    856919868 |    857324090 |  1127079796 |  1103498052 |  1110140561 |  1088186281 |  1118552266 |  1066822413 |
|        UOPS_RETIRED_ALL        |   PMC6  | 306231426954 | 305911495853 | 305884013832 | 305871236409 | 229448349749 | 229412902678 | 89364843000 | 35701643418 | 38477017798 | 38728689444 | 37120269532 | 37257397987 | 229411103550 | 229403463719 | 229393574281 | 229382180885 | 229374201397 | 229367586051 | 38179779194 | 36857290372 | 36011733955 | 36487812796 | 35517490400 | 35057601665 |
|            TEMP_CORE           |   TMP0  |           41 |           39 |           39 |           41 |           39 |           37 |          37 |          38 |          37 |          37 |          35 |          33 |           39 |           39 |           40 |           41 |           38 |           38 |          37 |          37 |          36 |          37 |          36 |          36 |
|         PWR_PKG_ENERGY         |   PWR0  |    3076.4438 |            0 |            0 |            0 |            0 |            0 |           0 |           0 |           0 |           0 |           0 |           0 |    2816.8812 |            0 |            0 |            0 |            0 |            0 |           0 |           0 |           0 |           0 |           0 |           0 |
|         PWR_PP0_ENERGY         |   PWR1  |            0 |            0 |            0 |            0 |            0 |            0 |           0 |           0 |           0 |           0 |           0 |           0 |            0 |            0 |            0 |            0 |            0 |            0 |           0 |           0 |           0 |           0 |           0 |           0 |
|         PWR_DRAM_ENERGY        |   PWR3  |     574.1475 |            0 |            0 |            0 |            0 |            0 |           0 |           0 |           0 |           0 |           0 |           0 |     569.6144 |            0 |            0 |            0 |            0 |            0 |           0 |           0 |           0 |           0 |           0 |           0 |
|          CAS_COUNT_RD          | MBOX0C0 |   1983223430 |            0 |            0 |            0 |            0 |            0 |           0 |           0 |           0 |           0 |           0 |           0 |   1878033184 |            0 |            0 |            0 |            0 |            0 |           0 |           0 |           0 |           0 |           0 |           0 |
|          CAS_COUNT_WR          | MBOX0C1 |    932499901 |            0 |            0 |            0 |            0 |            0 |           0 |           0 |           0 |           0 |           0 |           0 |    842923460 |            0 |            0 |            0 |            0 |            0 |           0 |           0 |           0 |           0 |           0 |           0 |
|          CAS_COUNT_RD          | MBOX1C0 |   1985691586 |            0 |            0 |            0 |            0 |            0 |           0 |           0 |           0 |           0 |           0 |           0 |   1880885270 |            0 |            0 |            0 |            0 |            0 |           0 |           0 |           0 |           0 |           0 |           0 |
|          CAS_COUNT_WR          | MBOX1C1 |    935054886 |            0 |            0 |            0 |            0 |            0 |           0 |           0 |           0 |           0 |           0 |           0 |    845429142 |            0 |            0 |            0 |            0 |            0 |           0 |           0 |           0 |           0 |           0 |           0 |
|          CAS_COUNT_RD          | MBOX2C0 |            0 |            0 |            0 |            0 |            0 |            0 |           0 |           0 |           0 |           0 |           0 |           0 |            0 |            0 |            0 |            0 |            0 |            0 |           0 |           0 |           0 |           0 |           0 |           0 |
|          CAS_COUNT_WR          | MBOX2C1 |            0 |            0 |            0 |            0 |            0 |            0 |           0 |           0 |           0 |           0 |           0 |           0 |            0 |            0 |            0 |            0 |            0 |            0 |           0 |           0 |           0 |           0 |           0 |           0 |
|          CAS_COUNT_RD          | MBOX3C0 |            0 |            0 |            0 |            0 |            0 |            0 |           0 |           0 |           0 |           0 |           0 |           0 |            0 |            0 |            0 |            0 |            0 |            0 |           0 |           0 |           0 |           0 |           0 |           0 |
|          CAS_COUNT_WR          | MBOX3C1 |            0 |            0 |            0 |            0 |            0 |            0 |           0 |           0 |           0 |           0 |           0 |           0 |            0 |            0 |            0 |            0 |            0 |            0 |           0 |           0 |           0 |           0 |           0 |           0 |
|          CAS_COUNT_RD          | MBOX4C0 |   1983243290 |            0 |            0 |            0 |            0 |            0 |           0 |           0 |           0 |           0 |           0 |           0 |   1878558914 |            0 |            0 |            0 |            0 |            0 |           0 |           0 |           0 |           0 |           0 |           0 |
|          CAS_COUNT_WR          | MBOX4C1 |    933088670 |            0 |            0 |            0 |            0 |            0 |           0 |           0 |           0 |           0 |           0 |           0 |    843218418 |            0 |            0 |            0 |            0 |            0 |           0 |           0 |           0 |           0 |           0 |           0 |
|          CAS_COUNT_RD          | MBOX5C0 |   1986054802 |            0 |            0 |            0 |            0 |            0 |           0 |           0 |           0 |           0 |           0 |           0 |   1880013446 |            0 |            0 |            0 |            0 |            0 |           0 |           0 |           0 |           0 |           0 |           0 |
|          CAS_COUNT_WR          | MBOX5C1 |    935593492 |            0 |            0 |            0 |            0 |            0 |           0 |           0 |           0 |           0 |           0 |           0 |    845296619 |            0 |            0 |            0 |            0 |            0 |           0 |           0 |           0 |           0 |           0 |           0 |
|          CAS_COUNT_RD          | MBOX6C0 |            0 |            0 |            0 |            0 |            0 |            0 |           0 |           0 |           0 |           0 |           0 |           0 |            0 |            0 |            0 |            0 |            0 |            0 |           0 |           0 |           0 |           0 |           0 |           0 |
|          CAS_COUNT_WR          | MBOX6C1 |            0 |            0 |            0 |            0 |            0 |            0 |           0 |           0 |           0 |           0 |           0 |           0 |            0 |            0 |            0 |            0 |            0 |            0 |           0 |           0 |           0 |           0 |           0 |           0 |
|          CAS_COUNT_RD          | MBOX7C0 |            0 |            0 |            0 |            0 |            0 |            0 |           0 |           0 |           0 |           0 |           0 |           0 |            0 |            0 |            0 |            0 |            0 |            0 |           0 |           0 |           0 |           0 |           0 |           0 |
|          CAS_COUNT_WR          | MBOX7C1 |            0 |            0 |            0 |            0 |            0 |            0 |           0 |           0 |           0 |           0 |           0 |           0 |            0 |            0 |            0 |            0 |            0 |            0 |           0 |           0 |           0 |           0 |           0 |           0 |
+--------------------------------+---------+--------------+--------------+--------------+--------------+--------------+--------------+-------------+-------------+-------------+-------------+-------------+-------------+--------------+--------------+--------------+--------------+--------------+--------------+-------------+-------------+-------------+-------------+-------------+-------------+
+-------------------------------------+---------+---------------+-------------+--------------+--------------+
|                Event                | Counter |      Sum      |     Min     |      Max     |      Avg     |
+-------------------------------------+---------+---------------+-------------+--------------+--------------+
|        INSTR_RETIRED_ANY STAT       |  FIXC0  | 2660513023183 | 37484447076 | 214357964237 | 1.108547e+11 |
|      CPU_CLK_UNHALTED_CORE STAT     |  FIXC1  | 1783644116684 | 63557128963 | 101700167006 | 7.431850e+10 |
|      CPU_CLK_UNHALTED_REF STAT      |  FIXC2  | 1786388815551 | 63564288721 | 101807998652 | 7.443287e+10 |
|           FIXC1/FIXC0 STAT          |   CPI   |             0 |           0 |            0 |            0 |
|  OFFCORE_RESPONSE_0_LOCAL_DRAM STAT |   PMC0  |   13790495676 |   155294043 |    798678936 | 5.746040e+08 |
| OFFCORE_RESPONSE_1_REMOTE_DRAM STAT |   PMC1  |    1095733950 |         122 |    258622152 | 4.565558e+07 |
|  MEM_LOAD_UOPS_RETIRED_L3_ALL STAT  |   PMC2  |    4468302409 |    86229601 |    292298021 | 1.861793e+08 |
|  MEM_LOAD_UOPS_RETIRED_L3_MISS STAT |   PMC3  |    2972952042 |    42712483 |    210824051 | 1.238730e+08 |
|      L2_TRANS_ALL_REQUESTS STAT     |   PMC4  |   94051227449 |  3279600150 |   5449915655 | 3.918801e+09 |
|          L2_RQSTS_MISS STAT         |   PMC5  |   24708097097 |   856919868 |   1180466179 | 1.029504e+09 |
|        UOPS_RETIRED_ALL STAT        |   PMC6  | 3553853104919 | 35057601665 | 306231426954 | 1.480772e+11 |
|            TEMP_CORE STAT           |   TMP0  |           907 |          33 |           41 |      37.7917 |
|         PWR_PKG_ENERGY STAT         |   PWR0  |     5893.3250 |           0 |    3076.4438 |     245.5552 |
|         PWR_PP0_ENERGY STAT         |   PWR1  |             0 |           0 |            0 |            0 |
|         PWR_DRAM_ENERGY STAT        |   PWR3  |     1143.7619 |           0 |     574.1475 |      47.6567 |
|          CAS_COUNT_RD STAT          | MBOX0C0 |    3861256614 |           0 |   1983223430 | 1.608857e+08 |
|          CAS_COUNT_WR STAT          | MBOX0C1 |    1775423361 |           0 |    932499901 | 7.397597e+07 |
|          CAS_COUNT_RD STAT          | MBOX1C0 |    3866576856 |           0 |   1985691586 |    161107369 |
|          CAS_COUNT_WR STAT          | MBOX1C1 |    1780484028 |           0 |    935054886 | 7.418683e+07 |
|          CAS_COUNT_RD STAT          | MBOX2C0 |             0 |           0 |            0 |            0 |
|          CAS_COUNT_WR STAT          | MBOX2C1 |             0 |           0 |            0 |            0 |
|          CAS_COUNT_RD STAT          | MBOX3C0 |             0 |           0 |            0 |            0 |
|          CAS_COUNT_WR STAT          | MBOX3C1 |             0 |           0 |            0 |            0 |
|          CAS_COUNT_RD STAT          | MBOX4C0 |    3861802204 |           0 |   1983243290 | 1.609084e+08 |
|          CAS_COUNT_WR STAT          | MBOX4C1 |    1776307088 |           0 |    933088670 | 7.401280e+07 |
|          CAS_COUNT_RD STAT          | MBOX5C0 |    3866068248 |           0 |   1986054802 |    161086177 |
|          CAS_COUNT_WR STAT          | MBOX5C1 |    1780890111 |           0 |    935593492 | 7.420375e+07 |
|          CAS_COUNT_RD STAT          | MBOX6C0 |             0 |           0 |            0 |            0 |
|          CAS_COUNT_WR STAT          | MBOX6C1 |             0 |           0 |            0 |            0 |
|          CAS_COUNT_RD STAT          | MBOX7C0 |             0 |           0 |            0 |            0 |
|          CAS_COUNT_WR STAT          | MBOX7C1 |             0 |           0 |            0 |            0 |
+-------------------------------------+---------+---------------+-------------+--------------+--------------+
+-----------------------------------+------------+-----------+-----------+-----------+-----------+-----------+-----------+-----------+-----------+--------------+--------------+--------------+------------+-----------+-----------+-----------+-----------+-----------+-----------+-----------+-----------+-----------+-----------+-----------+
|               Metric              |   Core 0   |   Core 1  |   Core 2  |   Core 3  |   Core 4  |   Core 5  |   Core 6  |   Core 7  |   Core 8  |    Core 9    |    Core 10   |    Core 11   |   Core 12  |  Core 13  |  Core 14  |  Core 15  |  Core 16  |  Core 17  |  Core 18  |  Core 19  |  Core 20  |  Core 21  |  Core 22  |  Core 23  |
+-----------------------------------+------------+-----------+-----------+-----------+-----------+-----------+-----------+-----------+-----------+--------------+--------------+--------------+------------+-----------+-----------+-----------+-----------+-----------+-----------+-----------+-----------+-----------+-----------+-----------+
|        Runtime (RDTSC) [s]        |    47.4309 |   47.4309 |   47.4309 |   47.4309 |   47.4309 |   47.4309 |   47.4309 |   47.4309 |   47.4309 |      47.4309 |      47.4309 |      47.4309 |    47.4309 |   47.4309 |   47.4309 |   47.4309 |   47.4309 |   47.4309 |   47.4309 |   47.4309 |   47.4309 |   47.4309 |   47.4309 |   47.4309 |
|        Runtime unhalted [s]       |    43.1361 |   44.2177 |   42.4498 |   42.6129 |   32.4128 |   32.9870 |   35.6629 |   28.1437 |   27.8023 |      28.4255 |      28.4369 |      27.6337 |    31.8868 |   32.0115 |   32.0215 |   32.0907 |   32.0198 |   32.3885 |   28.2556 |   28.4626 |   28.0620 |   27.9959 |   28.1888 |   28.1960 |
|            Clock [MHz]            |  2298.7405 | 2297.5539 | 2296.7339 | 2296.7762 | 2295.0556 | 2295.2935 | 2296.9751 | 2296.3326 | 2299.0080 |    2297.3138 |    2297.3204 |    2299.7310 |  2293.2837 | 2293.2086 | 2293.3020 | 2293.3837 | 2293.2114 | 2293.6340 | 2299.2436 | 2298.5876 | 2299.0962 | 2298.1975 | 2298.3060 | 2295.4986 |
|                CPI                |     0.4628 |    0.4750 |    0.4560 |    0.4578 |    0.4642 |    0.4725 |    1.0810 |    1.6832 |    1.4877 |       1.5107 |       1.6014 |       1.5520 |     0.4567 |    0.4586 |    0.4587 |    0.4597 |    0.4587 |    0.4640 |    1.5320 |    1.6249 |    1.6604 |    1.6189 |    1.7006 |    1.7301 |
|   Local DRAM data volume [GByte]  |    33.7671 |   32.6924 |   31.5989 |   30.1841 |   17.7472 |    9.9388 |   49.7957 |   50.0999 |   49.1451 |      50.9693 |      50.3577 |      50.2733 |    23.4194 |   22.9045 |   21.9581 |   21.7429 |   21.4515 |   15.8537 |   51.1119 |   49.6920 |   50.2408 |   48.1610 |   51.1155 |   48.3710 |
|   Local DRAM bandwidth [MByte/s]  |   711.9215 |  689.2646 |  666.2089 |  636.3810 |  374.1705 |  209.5433 | 1049.8588 | 1056.2713 | 1036.1416 |    1074.6020 |    1061.7078 |    1059.9275 |   493.7593 |  482.9031 |  462.9487 |  458.4118 |  452.2692 |  334.2488 | 1077.6082 | 1047.6724 | 1059.2431 | 1015.3929 | 1077.6833 | 1019.8221 |
|  Remote DRAM data volume [GByte]  |     1.6097 |    2.7854 |    3.8073 |    5.2058 |    8.7895 |   16.5518 |    0.2941 |    0.2991 |    0.0035 | 2.713600e-05 | 7.808000e-06 |       0.0002 |     2.9226 |    3.4412 |    4.4042 |    4.6100 |    4.8975 |   10.4634 |    0.0079 |    0.0064 |    0.0053 |    0.0052 |    0.0078 |    0.0091 |
|  Remote DRAM bandwidth [MByte/s]  |    33.9382 |   58.7255 |   80.2701 |  109.7553 |  185.3128 |  348.9672 |    6.1997 |    6.3053 |    0.0745 |       0.0006 |       0.0002 |       0.0041 |    61.6189 |   72.5527 |   92.8543 |   97.1931 |  103.2549 |  220.6022 |    0.1656 |    0.1350 |    0.1121 |    0.1098 |    0.1651 |    0.1922 |
|     Memory data volume [GByte]    |    35.3768 |   35.4778 |   35.4061 |   35.3899 |   26.5368 |   26.4906 |   50.0898 |   50.3989 |   49.1486 |      50.9693 |      50.3577 |      50.2735 |    26.3421 |   26.3457 |   26.3622 |   26.3528 |   26.3490 |   26.3171 |   51.1197 |   49.6984 |   50.2461 |   48.1662 |   51.1233 |   48.3802 |
|     Memory bandwidth [MByte/s]    |   745.8597 |  747.9901 |  746.4789 |  746.1363 |  559.4833 |  558.5105 | 1056.0585 | 1062.5766 | 1036.2161 |    1074.6026 |    1061.7080 |    1059.9316 |   555.3782 |  555.4558 |  555.8030 |  555.6050 |  555.5240 |  554.8510 | 1077.7738 | 1047.8074 | 1059.3552 | 1015.5027 | 1077.8484 | 1020.0143 |
|          L3 request rate          |     2.0385 |    2.2406 |    1.9980 |    2.0094 |    1.9931 |    2.0025 |    1.3770 |    1.3345 |    1.3962 |       1.3371 |       1.3286 |       1.3966 |     2.0188 |    2.0143 |    2.0159 |    2.0218 |    2.0013 |    2.0113 |    1.3865 |    1.3744 |    1.3375 |    1.3583 |    1.3624 |    1.3988 |
|            L3 miss rate           |     0.1885 |    0.2516 |    0.5217 |    0.7057 |    1.5790 |    2.9440 |    0.0171 |    0.0185 |    0.0002 | 1.578505e-06 | 4.611188e-07 | 1.062463e-05 |     0.5296 |    0.6091 |    0.7941 |    0.8189 |    0.8788 |    1.8874 |    0.0004 |    0.0004 |    0.0003 |    0.0003 |    0.0004 |    0.0006 |
|           L3 miss ratio           |     0.0477 |    0.0852 |    0.1205 |    0.1725 |    0.4953 |    1.6654 |    0.0059 |    0.0060 |    0.0001 | 5.323989e-07 | 1.550507e-07 | 3.839495e-06 |     0.1248 |    0.1502 |    0.2006 |    0.2120 |    0.2283 |    0.6600 |    0.0002 |    0.0001 |    0.0001 |    0.0001 |    0.0002 |    0.0002 |
|          L2 request rate          |     0.0254 |    0.0252 |    0.0250 |    0.0250 |    0.0249 |    0.0249 |    0.0451 |    0.0861 |    0.0775 |       0.0796 |       0.0823 |       0.0853 |     0.0249 |    0.0246 |    0.0249 |    0.0247 |    0.0247 |    0.0248 |    0.0818 |    0.0837 |    0.0876 |    0.0837 |    0.0901 |    0.0875 |
|            L2 miss rate           |     0.0054 |    0.0055 |    0.0053 |    0.0053 |    0.0053 |    0.0053 |    0.0144 |    0.0277 |    0.0252 |       0.0258 |       0.0266 |       0.0279 |     0.0053 |    0.0053 |    0.0053 |    0.0053 |    0.0053 |    0.0053 |    0.0266 |    0.0274 |    0.0286 |    0.0274 |    0.0293 |    0.0285 |
|           L2 miss ratio           |     0.2142 |    0.2187 |    0.2140 |    0.2139 |    0.2147 |    0.2149 |    0.3205 |    0.3224 |    0.3255 |       0.3242 |       0.3235 |       0.3273 |     0.2143 |    0.2171 |    0.2149 |    0.2160 |    0.2161 |    0.2153 |    0.3249 |    0.3273 |    0.3259 |    0.3270 |    0.3258 |    0.3253 |
|  Memory read bandwidth [MBytes/s] | 10711.2875 |         0 |         0 |         0 |         0 |         0 |         0 |         0 |         0 |            0 |            0 |            0 | 10143.5933 |         0 |         0 |         0 |         0 |         0 |         0 |         0 |         0 |         0 |         0 |         0 |
|  Memory read data volume [GBytes] |   508.0456 |         0 |         0 |         0 |         0 |         0 |         0 |         0 |         0 |            0 |            0 |            0 |   481.1194 |         0 |         0 |         0 |         0 |         0 |         0 |         0 |         0 |         0 |         0 |         0 |
| Memory write bandwidth [MBytes/s] |  5041.4253 |         0 |         0 |         0 |         0 |         0 |         0 |         0 |         0 |            0 |            0 |            0 |  4556.5166 |         0 |         0 |         0 |         0 |         0 |         0 |         0 |         0 |         0 |         0 |         0 |
| Memory write data volume [GBytes] |   239.1192 |         0 |         0 |         0 |         0 |         0 |         0 |         0 |         0 |            0 |            0 |            0 |   216.1195 |         0 |         0 |         0 |         0 |         0 |         0 |         0 |         0 |         0 |         0 |         0 |
|    Memory bandwidth [MBytes/s]    | 15752.7128 |         0 |         0 |         0 |         0 |         0 |         0 |         0 |         0 |            0 |            0 |            0 | 14700.1100 |         0 |         0 |         0 |         0 |         0 |         0 |         0 |         0 |         0 |         0 |         0 |
|    Memory data volume [GBytes]    |   747.1648 |         0 |         0 |         0 |         0 |         0 |         0 |         0 |         0 |            0 |            0 |            0 |   697.2389 |         0 |         0 |         0 |         0 |         0 |         0 |         0 |         0 |         0 |         0 |         0 |
|          Temperature [C]          |         41 |        39 |        39 |        41 |        39 |        37 |        37 |        38 |        37 |           37 |           35 |           33 |         39 |        39 |        40 |        41 |        38 |        38 |        37 |        37 |        36 |        37 |        36 |        36 |
|             Energy [J]            |  3076.4438 |         0 |         0 |         0 |         0 |         0 |         0 |         0 |         0 |            0 |            0 |            0 |  2816.8812 |         0 |         0 |         0 |         0 |         0 |         0 |         0 |         0 |         0 |         0 |         0 |
|             Power [W]             |    64.8616 |         0 |         0 |         0 |         0 |         0 |         0 |         0 |         0 |            0 |            0 |            0 |    59.3892 |         0 |         0 |         0 |         0 |         0 |         0 |         0 |         0 |         0 |         0 |         0 |
|           Energy PP0 [J]          |          0 |         0 |         0 |         0 |         0 |         0 |         0 |         0 |         0 |            0 |            0 |            0 |          0 |         0 |         0 |         0 |         0 |         0 |         0 |         0 |         0 |         0 |         0 |         0 |
|           Power PP0 [W]           |          0 |         0 |         0 |         0 |         0 |         0 |         0 |         0 |         0 |            0 |            0 |            0 |          0 |         0 |         0 |         0 |         0 |         0 |         0 |         0 |         0 |         0 |         0 |         0 |
|          Energy DRAM [J]          |   574.1475 |         0 |         0 |         0 |         0 |         0 |         0 |         0 |         0 |            0 |            0 |            0 |   569.6144 |         0 |         0 |         0 |         0 |         0 |         0 |         0 |         0 |         0 |         0 |         0 |
|           Power DRAM [W]          |    12.1049 |         0 |         0 |         0 |         0 |         0 |         0 |         0 |         0 |            0 |            0 |            0 |    12.0094 |         0 |         0 |         0 |         0 |         0 |         0 |         0 |         0 |         0 |         0 |         0 |
+-----------------------------------+------------+-----------+-----------+-----------+-----------+-----------+-----------+-----------+-----------+--------------+--------------+--------------+------------+-----------+-----------+-----------+-----------+-----------+-----------+-----------+-----------+-----------+-----------+-----------+
+----------------------------------------+------------+--------------+------------+-----------+
|                 Metric                 |     Sum    |      Min     |     Max    |    Avg    |
+----------------------------------------+------------+--------------+------------+-----------+
|        Runtime (RDTSC) [s] STAT        |  1138.3416 |      47.4309 |    47.4309 |   47.4309 |
|        Runtime unhalted [s] STAT       |   775.5010 |      27.6337 |    44.2177 |   32.3125 |
|            Clock [MHz] STAT            | 55115.7874 |    2293.2086 |  2299.7310 | 2296.4911 |
|                CPI STAT                |    24.3276 |       0.4560 |     1.7301 |    1.0136 |
|   Local DRAM data volume [GByte] STAT  |   882.5918 |       9.9388 |    51.1155 |   36.7747 |
|   Local DRAM bandwidth [MByte/s] STAT  | 18607.9617 |     209.5433 |  1077.6833 |  775.3317 |
|  Remote DRAM data volume [GByte] STAT  |    70.1270 | 7.808000e-06 |    16.5518 |    2.9220 |
|  Remote DRAM bandwidth [MByte/s] STAT  |  1478.5094 |       0.0002 |   348.9672 |   61.6046 |
|     Memory data volume [GByte] STAT    |   952.7186 |      26.3171 |    51.1233 |   39.6966 |
|     Memory bandwidth [MByte/s] STAT    | 20086.4710 |     554.8510 |  1077.8484 |  836.9363 |
|          L3 request rate STAT          |    40.7534 |       1.3286 |     2.2406 |    1.6981 |
|            L3 miss rate STAT           |    11.7466 | 4.611188e-07 |     2.9440 |    0.4894 |
|           L3 miss ratio STAT           |     4.1754 | 1.550507e-07 |     1.6654 |    0.1740 |
|          L2 request rate STAT          |     1.2693 |       0.0246 |     0.0901 |    0.0529 |
|            L2 miss rate STAT           |     0.3793 |       0.0053 |     0.0293 |    0.0158 |
|           L2 miss ratio STAT           |     6.4837 |       0.2139 |     0.3273 |    0.2702 |
|  Memory read bandwidth [MBytes/s] STAT | 20854.8808 |            0 | 10711.2875 |  868.9534 |
|  Memory read data volume [GBytes] STAT |   989.1650 |            0 |   508.0456 |   41.2152 |
| Memory write bandwidth [MBytes/s] STAT |  9597.9419 |            0 |  5041.4253 |  399.9142 |
| Memory write data volume [GBytes] STAT |   455.2387 |            0 |   239.1192 |   18.9683 |
|    Memory bandwidth [MBytes/s] STAT    | 30452.8228 |            0 | 15752.7128 | 1268.8676 |
|    Memory data volume [GBytes] STAT    |  1444.4037 |            0 |   747.1648 |   60.1835 |
|          Temperature [C] STAT          |        907 |           33 |         41 |   37.7917 |
|             Energy [J] STAT            |  5893.3250 |            0 |  3076.4438 |  245.5552 |
|             Power [W] STAT             |   124.2508 |            0 |    64.8616 |    5.1771 |
|           Energy PP0 [J] STAT          |          0 |            0 |          0 |         0 |
|           Power PP0 [W] STAT           |          0 |            0 |          0 |         0 |
|          Energy DRAM [J] STAT          |  1143.7619 |            0 |   574.1475 |   47.6567 |
|           Power DRAM [W] STAT          |    24.1143 |            0 |    12.1049 |    1.0048 |
+----------------------------------------+------------+--------------+------------+-----------+
