--------------------------------------------------------------------------------
CPU name:	Intel(R) Xeon(R) CPU E5-2670 v3 @ 2.30GHz
CPU type:	Intel Xeon Haswell EN/EP/EX processor
CPU clock:	2.30 GHz
--------------------------------------------------------------------------------
Group 1: POWERPERF
+--------------------------------+---------+--------------+--------------+--------------+--------------+--------------+--------------+-------------+-------------+-------------+-------------+-------------+-------------+--------------+--------------+--------------+--------------+--------------+--------------+-------------+-------------+-------------+-------------+-------------+-------------+
|              Event             | Counter |    Core 0    |    Core 1    |    Core 2    |    Core 3    |    Core 4    |    Core 5    |    Core 6   |    Core 7   |    Core 8   |    Core 9   |   Core 10   |   Core 11   |    Core 12   |    Core 13   |    Core 14   |    Core 15   |    Core 16   |    Core 17   |   Core 18   |   Core 19   |   Core 20   |   Core 21   |   Core 22   |   Core 23   |
+--------------------------------+---------+--------------+--------------+--------------+--------------+--------------+--------------+-------------+-------------+-------------+-------------+-------------+-------------+--------------+--------------+--------------+--------------+--------------+--------------+-------------+-------------+-------------+-------------+-------------+-------------+
|        INSTR_RETIRED_ANY       |  FIXC0  | 214365785707 | 214117245430 | 214109001323 | 214097978647 | 160601898333 | 160577542998 | 50628387715 | 50269881783 | 49936333769 | 49861607895 | 21069123398 | 49793986099 | 160573754960 | 160563088008 | 160561636398 | 160546149251 | 160541417562 | 160536070988 | 37401237428 | 39999826097 | 49284171564 | 49167896061 | 49249927567 | 49269640245 |
|      CPU_CLK_UNHALTED_CORE     |  FIXC1  | 102685422699 | 103070688537 | 103417170107 | 103571070015 |  79990296504 |  81785190426 | 92482096099 | 92564370611 | 92825432863 | 92678349675 | 63904826545 | 92272864486 |  78862609492 |  79116055245 |  78905656100 |  78945402300 |  79668643037 |  79949974769 | 92806119553 | 88325663673 | 92825030771 | 92851902028 | 92758876914 | 93129317488 |
|      CPU_CLK_UNHALTED_REF      |  FIXC2  | 102725258409 | 103192594282 | 103538641863 | 103692487575 |  80211053369 |  81981692545 | 92976165425 | 93029907915 | 93070056324 | 93051831791 | 64318626322 | 92612454810 |  79093226022 |  79337125888 |  79136428831 |  79183500148 |  79894353788 |  80161274791 | 93193673964 | 88631770911 | 93189027573 | 93196384859 | 93146540777 | 93434799524 |
|           FIXC1/FIXC0          |   CPI   |            0 |            0 |            0 |            0 |            0 |            0 |           0 |           0 |           0 |           0 |           0 |           0 |            0 |            0 |            0 |            0 |            0 |            0 |           0 |           0 |           0 |           0 |           0 |           0 |
|  OFFCORE_RESPONSE_0_LOCAL_DRAM |   PMC0  |    526805238 |    518069412 |    504781609 |    484298671 |    282686237 |    149251285 |  1772281171 |  1771399600 |  1770295856 |  1770530908 |  1233704279 |  1770253095 |    377147849 |    365716938 |    358386848 |    354353858 |    341766902 |    262386217 |  2059462608 |  1821544160 |  1763025515 |  1762952788 |  1762932606 |  1763370777 |
| OFFCORE_RESPONSE_1_REMOTE_DRAM |   PMC1  |     36404854 |     45150914 |     58566564 |     78624444 |    139126791 |    271729521 |      128434 |      149448 |       80087 |       89693 |   155808367 |      127360 |     44806798 |     55966752 |     63444373 |     67331865 |     79637266 |    159090505 |       72552 |       93538 |       74685 |       45406 |       75378 |      231478 |
|  MEM_LOAD_UOPS_RETIRED_L3_ALL  |   PMC2  |    115572543 |    119220475 |    119877278 |    119485022 |     94776018 |     95029134 |  1691151295 |  1690197078 |  1687772635 |  1689032632 |  1326988502 |  1686869129 |     93831927 |     94263073 |     92013637 |     92313736 |     96329095 |     94652139 |  1978071373 |  1738431861 |  1678712573 |  1681238563 |  1680875229 |  1682500607 |
|  MEM_LOAD_UOPS_RETIRED_L3_MISS |   PMC3  |     59035689 |     60804182 |     61067024 |     60539891 |     48159717 |     47652021 |  1674736506 |  1673759469 |  1671573955 |  1672644324 |  1312218043 |  1670504174 |     47467703 |     47724942 |     46383522 |     46427274 |     48959672 |     47908199 |  1952002414 |  1719726865 |  1662254814 |  1664788483 |  1664482240 |  1665711789 |
|      L2_TRANS_ALL_REQUESTS     |   PMC4  |   5496424701 |   5355608826 |   5364910110 |   5367843468 |   3981205042 |   4006477548 |  7379943354 |  7370948657 |  7370812906 |  7360748331 |  5795154996 |  7355769345 |   3969739235 |   3953058447 |   4017288656 |   4003720104 |   3921552127 |   3962485920 |  8562066249 |  7619628916 |  7340870769 |  7331189381 |  7342950759 |  7336920261 |
|          L2_RQSTS_MISS         |   PMC5  |   1170736257 |   1146429937 |   1146752272 |   1146921525 |    860119510 |    861387965 |  1839330531 |  1838592945 |  1837517001 |  1838014898 |  1447365867 |  1837883273 |    860522885 |    860114376 |    861132203 |    861126826 |    858757514 |    859679971 |  2137483383 |  1901306128 |  1830977089 |  1830341556 |  1830838271 |  1832260594 |
|        UOPS_RETIRED_ALL        |   PMC6  | 306328626391 | 306002890644 | 305992044537 | 305978039740 | 229531506200 | 229498928280 | 70978729730 | 70347605076 | 69826263613 | 69721157049 | 28638867146 | 69778707769 | 229494980950 | 229481485064 | 229478694731 | 229460129307 | 229456271071 | 229449689039 | 51523835377 | 55421964380 | 69030136508 | 68751704713 | 68971585233 | 68827923889 |
|            TEMP_CORE           |   TMP0  |           41 |           40 |           41 |           42 |           43 |           41 |          42 |          44 |          43 |          43 |          41 |          40 |           41 |           40 |           43 |           43 |           43 |           43 |          44 |          44 |          42 |          45 |          42 |          42 |
|         PWR_PKG_ENERGY         |   PWR0  |    3747.8063 |            0 |            0 |            0 |            0 |            0 |           0 |           0 |           0 |           0 |           0 |           0 |    3609.2830 |            0 |            0 |            0 |            0 |            0 |           0 |           0 |           0 |           0 |           0 |           0 |
|         PWR_PP0_ENERGY         |   PWR1  |            0 |            0 |            0 |            0 |            0 |            0 |           0 |           0 |           0 |           0 |           0 |           0 |            0 |            0 |            0 |            0 |            0 |            0 |           0 |           0 |           0 |           0 |           0 |           0 |
|         PWR_DRAM_ENERGY        |   PWR3  |     793.8763 |            0 |            0 |            0 |            0 |            0 |           0 |           0 |           0 |           0 |           0 |           0 |     843.2617 |            0 |            0 |            0 |            0 |            0 |           0 |           0 |           0 |           0 |           0 |           0 |
|          CAS_COUNT_RD          | MBOX0C0 |   3296498473 |            0 |            0 |            0 |            0 |            0 |           0 |           0 |           0 |           0 |           0 |           0 |   3470386014 |            0 |            0 |            0 |            0 |            0 |           0 |           0 |           0 |           0 |           0 |           0 |
|          CAS_COUNT_WR          | MBOX0C1 |   3257340201 |            0 |            0 |            0 |            0 |            0 |           0 |           0 |           0 |           0 |           0 |           0 |   3440580996 |            0 |            0 |            0 |            0 |            0 |           0 |           0 |           0 |           0 |           0 |           0 |
|          CAS_COUNT_RD          | MBOX1C0 |   3294187776 |            0 |            0 |            0 |            0 |            0 |           0 |           0 |           0 |           0 |           0 |           0 |   3473904797 |            0 |            0 |            0 |            0 |            0 |           0 |           0 |           0 |           0 |           0 |           0 |
|          CAS_COUNT_WR          | MBOX1C1 |   3255071725 |            0 |            0 |            0 |            0 |            0 |           0 |           0 |           0 |           0 |           0 |           0 |   3443113022 |            0 |            0 |            0 |            0 |            0 |           0 |           0 |           0 |           0 |           0 |           0 |
|          CAS_COUNT_RD          | MBOX2C0 |            0 |            0 |            0 |            0 |            0 |            0 |           0 |           0 |           0 |           0 |           0 |           0 |            0 |            0 |            0 |            0 |            0 |            0 |           0 |           0 |           0 |           0 |           0 |           0 |
|          CAS_COUNT_WR          | MBOX2C1 |            0 |            0 |            0 |            0 |            0 |            0 |           0 |           0 |           0 |           0 |           0 |           0 |            0 |            0 |            0 |            0 |            0 |            0 |           0 |           0 |           0 |           0 |           0 |           0 |
|          CAS_COUNT_RD          | MBOX3C0 |            0 |            0 |            0 |            0 |            0 |            0 |           0 |           0 |           0 |           0 |           0 |           0 |            0 |            0 |            0 |            0 |            0 |            0 |           0 |           0 |           0 |           0 |           0 |           0 |
|          CAS_COUNT_WR          | MBOX3C1 |            0 |            0 |            0 |            0 |            0 |            0 |           0 |           0 |           0 |           0 |           0 |           0 |            0 |            0 |            0 |            0 |            0 |            0 |           0 |           0 |           0 |           0 |           0 |           0 |
|          CAS_COUNT_RD          | MBOX4C0 |   3297130546 |            0 |            0 |            0 |            0 |            0 |           0 |           0 |           0 |           0 |           0 |           0 |   3470055973 |            0 |            0 |            0 |            0 |            0 |           0 |           0 |           0 |           0 |           0 |           0 |
|          CAS_COUNT_WR          | MBOX4C1 |   3257958149 |            0 |            0 |            0 |            0 |            0 |           0 |           0 |           0 |           0 |           0 |           0 |   3440395880 |            0 |            0 |            0 |            0 |            0 |           0 |           0 |           0 |           0 |           0 |           0 |
|          CAS_COUNT_RD          | MBOX5C0 |   3294702859 |            0 |            0 |            0 |            0 |            0 |           0 |           0 |           0 |           0 |           0 |           0 |   3474271242 |            0 |            0 |            0 |            0 |            0 |           0 |           0 |           0 |           0 |           0 |           0 |
|          CAS_COUNT_WR          | MBOX5C1 |   3255578662 |            0 |            0 |            0 |            0 |            0 |           0 |           0 |           0 |           0 |           0 |           0 |   3443474243 |            0 |            0 |            0 |            0 |            0 |           0 |           0 |           0 |           0 |           0 |           0 |
|          CAS_COUNT_RD          | MBOX6C0 |            0 |            0 |            0 |            0 |            0 |            0 |           0 |           0 |           0 |           0 |           0 |           0 |            0 |            0 |            0 |            0 |            0 |            0 |           0 |           0 |           0 |           0 |           0 |           0 |
|          CAS_COUNT_WR          | MBOX6C1 |            0 |            0 |            0 |            0 |            0 |            0 |           0 |           0 |           0 |           0 |           0 |           0 |            0 |            0 |            0 |            0 |            0 |            0 |           0 |           0 |           0 |           0 |           0 |           0 |
|          CAS_COUNT_RD          | MBOX7C0 |            0 |            0 |            0 |            0 |            0 |            0 |           0 |           0 |           0 |           0 |           0 |           0 |            0 |            0 |            0 |            0 |            0 |            0 |           0 |           0 |           0 |           0 |           0 |           0 |
|          CAS_COUNT_WR          | MBOX7C1 |            0 |            0 |            0 |            0 |            0 |            0 |           0 |           0 |           0 |           0 |           0 |           0 |            0 |            0 |            0 |            0 |            0 |            0 |           0 |           0 |           0 |           0 |           0 |           0 |
+--------------------------------+---------+--------------+--------------+--------------+--------------+--------------+--------------+-------------+-------------+-------------+-------------+-------------+-------------+--------------+--------------+--------------+--------------+--------------+--------------+-------------+-------------+-------------+-------------+-------------+-------------+
+-------------------------------------+---------+---------------+-------------+--------------+--------------+
|                Event                | Counter |      Sum      |     Min     |      Max     |      Avg     |
+-------------------------------------+---------+---------------+-------------+--------------+--------------+
|        INSTR_RETIRED_ANY STAT       |  FIXC0  | 2687123589226 | 21069123398 | 214365785707 | 1.119635e+11 |
|      CPU_CLK_UNHALTED_CORE STAT     |  FIXC1  | 2129393029937 | 63904826545 | 103571070015 | 8.872471e+10 |
|      CPU_CLK_UNHALTED_REF STAT      |  FIXC2  | 2135998877706 | 64318626322 | 103692487575 | 8.899995e+10 |
|           FIXC1/FIXC0 STAT          |   CPI   |             0 |           0 |            0 |            0 |
|  OFFCORE_RESPONSE_0_LOCAL_DRAM STAT |   PMC0  |   25547404427 |   149251285 |   2059462608 | 1.064475e+09 |
| OFFCORE_RESPONSE_1_REMOTE_DRAM STAT |   PMC1  |    1256857073 |       45406 |    271729521 | 5.236904e+07 |
|  MEM_LOAD_UOPS_RETIRED_L3_ALL STAT  |   PMC2  |   21439205554 |    92013637 |   1978071373 | 8.933002e+08 |
|  MEM_LOAD_UOPS_RETIRED_L3_MISS STAT |   PMC3  |   20626532912 |    46383522 |   1952002414 | 8.594389e+08 |
|      L2_TRANS_ALL_REQUESTS STAT     |   PMC4  |  141567318108 |  3921552127 |   8562066249 | 5.898638e+09 |
|          L2_RQSTS_MISS STAT         |   PMC5  |   33495592777 |   858757514 |   2137483383 | 1.395650e+09 |
|        UOPS_RETIRED_ALL STAT        |   PMC6  | 3821971766437 | 28638867146 | 306328626391 | 1.592488e+11 |
|            TEMP_CORE STAT           |   TMP0  |          1013 |          40 |           45 |      42.2083 |
|         PWR_PKG_ENERGY STAT         |   PWR0  |     7357.0893 |           0 |    3747.8063 |     306.5454 |
|         PWR_PP0_ENERGY STAT         |   PWR1  |             0 |           0 |            0 |            0 |
|         PWR_DRAM_ENERGY STAT        |   PWR3  |     1637.1380 |           0 |     843.2617 |      68.2141 |
|          CAS_COUNT_RD STAT          | MBOX0C0 |    6766884487 |           0 |   3470386014 | 2.819535e+08 |
|          CAS_COUNT_WR STAT          | MBOX0C1 |    6697921197 |           0 |   3440580996 | 2.790800e+08 |
|          CAS_COUNT_RD STAT          | MBOX1C0 |    6768092573 |           0 |   3473904797 | 2.820039e+08 |
|          CAS_COUNT_WR STAT          | MBOX1C1 |    6698184747 |           0 |   3443113022 | 2.790910e+08 |
|          CAS_COUNT_RD STAT          | MBOX2C0 |             0 |           0 |            0 |            0 |
|          CAS_COUNT_WR STAT          | MBOX2C1 |             0 |           0 |            0 |            0 |
|          CAS_COUNT_RD STAT          | MBOX3C0 |             0 |           0 |            0 |            0 |
|          CAS_COUNT_WR STAT          | MBOX3C1 |             0 |           0 |            0 |            0 |
|          CAS_COUNT_RD STAT          | MBOX4C0 |    6767186519 |           0 |   3470055973 | 2.819661e+08 |
|          CAS_COUNT_WR STAT          | MBOX4C1 |    6698354029 |           0 |   3440395880 | 2.790981e+08 |
|          CAS_COUNT_RD STAT          | MBOX5C0 |    6768974101 |           0 |   3474271242 | 2.820406e+08 |
|          CAS_COUNT_WR STAT          | MBOX5C1 |    6699052905 |           0 |   3443474243 | 2.791272e+08 |
|          CAS_COUNT_RD STAT          | MBOX6C0 |             0 |           0 |            0 |            0 |
|          CAS_COUNT_WR STAT          | MBOX6C1 |             0 |           0 |            0 |            0 |
|          CAS_COUNT_RD STAT          | MBOX7C0 |             0 |           0 |            0 |            0 |
|          CAS_COUNT_WR STAT          | MBOX7C1 |             0 |           0 |            0 |            0 |
+-------------------------------------+---------+---------------+-------------+--------------+--------------+
+-----------------------------------+------------+-----------+-----------+-----------+-----------+-----------+-----------+-----------+--------------+-----------+-----------+-----------+------------+-----------+-----------+-----------+-----------+-----------+--------------+-----------+--------------+--------------+--------------+-----------+
|               Metric              |   Core 0   |   Core 1  |   Core 2  |   Core 3  |   Core 4  |   Core 5  |   Core 6  |   Core 7  |    Core 8    |   Core 9  |  Core 10  |  Core 11  |   Core 12  |  Core 13  |  Core 14  |  Core 15  |  Core 16  |  Core 17  |    Core 18   |  Core 19  |    Core 20   |    Core 21   |    Core 22   |  Core 23  |
+-----------------------------------+------------+-----------+-----------+-----------+-----------+-----------+-----------+-----------+--------------+-----------+-----------+-----------+------------+-----------+-----------+-----------+-----------+-----------+--------------+-----------+--------------+--------------+--------------+-----------+
|        Runtime (RDTSC) [s]        |    47.6618 |   47.6618 |   47.6618 |   47.6618 |   47.6618 |   47.6618 |   47.6618 |   47.6618 |      47.6618 |   47.6618 |   47.6618 |   47.6618 |    47.6618 |   47.6618 |   47.6618 |   47.6618 |   47.6618 |   47.6618 |      47.6618 |   47.6618 |      47.6618 |      47.6618 |      47.6618 |   47.6618 |
|        Runtime unhalted [s]       |    44.6461 |   44.8136 |   44.9643 |   45.0312 |   34.7786 |   35.5590 |   40.2099 |   40.2456 |      40.3591 |   40.2952 |   27.7849 |   40.1189 |    34.2883 |   34.3985 |   34.3070 |   34.3243 |   34.6388 |   34.7611 |      40.3507 |   38.4027 |      40.3590 |      40.3706 |      40.3302 |   40.4913 |
|            Clock [MHz]            |  2299.0938 | 2297.2687 | 2297.2874 | 2297.2926 | 2293.6557 | 2294.4729 | 2287.7637 | 2288.4762 |    2293.9405 | 2290.7543 | 2285.1886 | 2291.5522 |  2293.2795 | 2293.5769 | 2293.2786 | 2293.0699 | 2293.4880 | 2293.9231 |    2290.4210 | 2292.0423 |    2291.0020 |    2291.4843 |    2290.4135 | 2292.4660 |
|                CPI                |     0.4790 |    0.4814 |    0.4830 |    0.4838 |    0.4981 |    0.5093 |    1.8267 |    1.8413 |       1.8589 |    1.8587 |    3.0331 |    1.8531 |     0.4911 |    0.4927 |    0.4914 |    0.4917 |    0.4962 |    0.4980 |       2.4814 |    2.2082 |       1.8835 |       1.8885 |       1.8834 |    1.8902 |
|   Local DRAM data volume [GByte]  |    33.7155 |   33.1564 |   32.3060 |   30.9951 |   18.0919 |    9.5521 |  113.4260 |  113.3696 |     113.2989 |  113.3140 |   78.9571 |  113.2962 |    24.1375 |   23.4059 |   22.9368 |   22.6786 |   21.8731 |   16.7927 |     131.8056 |  116.5788 |     112.8336 |     112.8290 |     112.8277 |  112.8557 |
|   Local DRAM bandwidth [MByte/s]  |   707.3918 |  695.6614 |  677.8186 |  650.3142 |  379.5899 |  200.4140 | 2379.8117 | 2378.6279 |    2377.1458 | 2377.4614 | 1656.6129 | 2377.0884 |   506.4325 |  491.0832 |  481.2403 |  475.8249 |  458.9232 |  352.3311 |    2765.4377 | 2445.9618 |    2367.3832 |    2367.2856 |    2367.2585 | 2367.8468 |
|  Remote DRAM data volume [GByte]  |     2.3299 |    2.8897 |    3.7483 |    5.0320 |    8.9041 |   17.3907 |    0.0082 |    0.0096 |       0.0051 |    0.0057 |    9.9717 |    0.0082 |     2.8676 |    3.5819 |    4.0604 |    4.3092 |    5.0968 |   10.1818 |       0.0046 |    0.0060 |       0.0048 |       0.0029 |       0.0048 |    0.0148 |
|  Remote DRAM bandwidth [MByte/s]  |    48.8843 |   60.6285 |   78.6429 |  105.5766 |  186.8189 |  364.8773 |    0.1725 |    0.2007 |       0.1075 |    0.1204 |  209.2188 |    0.1710 |    60.1664 |   75.1519 |   85.1928 |   90.4129 |  106.9366 |  213.6261 |       0.0974 |    0.1256 |       0.1003 |       0.0610 |       0.1012 |    0.3108 |
|     Memory data volume [GByte]    |    36.0454 |   36.0461 |   36.0543 |   36.0271 |   26.9960 |   26.9428 |  113.4342 |  113.3791 |     113.3041 |  113.3197 |   88.9288 |  113.3043 |    27.0051 |   26.9878 |   26.9972 |   26.9879 |   26.9699 |   26.9745 |     131.8103 |  116.5848 |     112.8384 |     112.8319 |     112.8325 |  112.8705 |
|     Memory bandwidth [MByte/s]    |   756.2761 |  756.2899 |  756.4615 |  755.8908 |  566.4088 |  565.2912 | 2379.9841 | 2378.8286 |    2377.2533 | 2377.5819 | 1865.8317 | 2377.2594 |   566.5989 |  566.2351 |  566.4332 |  566.2378 |  565.8597 |  565.9572 |    2765.5351 | 2446.0874 |    2367.4835 |    2367.3465 |    2367.3597 | 2368.1577 |
|          L3 request rate          |     1.9577 |    1.9607 |    1.9630 |    1.9737 |    1.9680 |    1.9942 |    1.0098 |    1.0098 |       1.0097 |    1.0098 |    1.0113 |    1.0098 |     1.9768 |    1.9751 |    1.9838 |    1.9884 |    1.9675 |    1.9757 |       1.0134 |    1.0109 |       1.0099 |       1.0099 |       1.0098 |    1.0101 |
|            L3 miss rate           |     0.3150 |    0.3787 |    0.4886 |    0.6580 |    1.4680 |    2.8594 |    0.0001 |    0.0001 | 4.745130e-05 |    0.0001 |    0.1174 |    0.0001 |     0.4775 |    0.5937 |    0.6895 |    0.7294 |    0.8267 |    1.6808 | 3.667815e-05 |    0.0001 | 4.448945e-05 | 2.700747e-05 | 4.484449e-05 |    0.0001 |
|           L3 miss ratio           |     0.0691 |    0.0872 |    0.1160 |    0.1623 |    0.4922 |    1.8206 |    0.0001 |    0.0001 | 4.523933e-05 |    0.0001 |    0.1263 |    0.0001 |     0.1188 |    0.1530 |    0.1770 |    0.1900 |    0.2330 |    0.6063 | 3.522861e-05 |    0.0001 | 4.236184e-05 | 2.575565e-05 | 4.275716e-05 |    0.0001 |
|          L2 request rate          |     0.0256 |    0.0250 |    0.0251 |    0.0251 |    0.0248 |    0.0250 |    0.1458 |    0.1466 |       0.1476 |    0.1476 |    0.2751 |    0.1477 |     0.0247 |    0.0246 |    0.0250 |    0.0249 |    0.0244 |    0.0247 |       0.2289 |    0.1905 |       0.1489 |       0.1491 |       0.1491 |    0.1489 |
|            L2 miss rate           |     0.0055 |    0.0054 |    0.0054 |    0.0054 |    0.0054 |    0.0054 |    0.0363 |    0.0366 |       0.0368 |    0.0369 |    0.0687 |    0.0369 |     0.0054 |    0.0054 |    0.0054 |    0.0054 |    0.0053 |    0.0054 |       0.0572 |    0.0475 |       0.0372 |       0.0372 |       0.0372 |    0.0372 |
|           L2 miss ratio           |     0.2130 |    0.2141 |    0.2138 |    0.2137 |    0.2160 |    0.2150 |    0.2492 |    0.2494 |       0.2493 |    0.2497 |    0.2498 |    0.2499 |     0.2168 |    0.2176 |    0.2144 |    0.2151 |    0.2190 |    0.2170 |       0.2496 |    0.2495 |       0.2494 |       0.2497 |       0.2493 |    0.2497 |
|  Memory read bandwidth [MBytes/s] | 17701.4317 |         0 |         0 |         0 |         0 |         0 |         0 |         0 |            0 |         0 |         0 |         0 | 18649.5777 |         0 |         0 |         0 |         0 |         0 |            0 |         0 |            0 |            0 |            0 |         0 |
|  Memory read data volume [GBytes] |   843.6813 |         0 |         0 |         0 |         0 |         0 |         0 |         0 |            0 |         0 |         0 |         0 |   888.8716 |         0 |         0 |         0 |         0 |         0 |            0 |         0 |            0 |            0 |            0 |         0 |
| Memory write bandwidth [MBytes/s] | 17491.1890 |         0 |         0 |         0 |         0 |         0 |         0 |         0 |            0 |         0 |         0 |         0 | 18487.0270 |         0 |         0 |         0 |         0 |         0 |            0 |         0 |            0 |            0 |            0 |         0 |
| Memory write data volume [GBytes] |   833.6607 |         0 |         0 |         0 |         0 |         0 |         0 |         0 |            0 |         0 |         0 |         0 |   881.1241 |         0 |         0 |         0 |         0 |         0 |            0 |         0 |            0 |            0 |            0 |         0 |
|    Memory bandwidth [MBytes/s]    | 35192.6207 |         0 |         0 |         0 |         0 |         0 |         0 |         0 |            0 |         0 |         0 |         0 | 37136.6047 |         0 |         0 |         0 |         0 |         0 |            0 |         0 |            0 |            0 |            0 |         0 |
|    Memory data volume [GBytes]    |  1677.3420 |         0 |         0 |         0 |         0 |         0 |         0 |         0 |            0 |         0 |         0 |         0 |  1769.9957 |         0 |         0 |         0 |         0 |         0 |            0 |         0 |            0 |            0 |            0 |         0 |
|          Temperature [C]          |         41 |        40 |        41 |        42 |        43 |        41 |        42 |        44 |           43 |        43 |        41 |        40 |         41 |        40 |        43 |        43 |        43 |        43 |           44 |        44 |           42 |           45 |           42 |        42 |
|             Energy [J]            |  3747.8063 |         0 |         0 |         0 |         0 |         0 |         0 |         0 |            0 |         0 |         0 |         0 |  3609.2830 |         0 |         0 |         0 |         0 |         0 |            0 |         0 |            0 |            0 |            0 |         0 |
|             Power [W]             |    78.6334 |         0 |         0 |         0 |         0 |         0 |         0 |         0 |            0 |         0 |         0 |         0 |    75.7270 |         0 |         0 |         0 |         0 |         0 |            0 |         0 |            0 |            0 |            0 |         0 |
|           Energy PP0 [J]          |          0 |         0 |         0 |         0 |         0 |         0 |         0 |         0 |            0 |         0 |         0 |         0 |          0 |         0 |         0 |         0 |         0 |         0 |            0 |         0 |            0 |            0 |            0 |         0 |
|           Power PP0 [W]           |          0 |         0 |         0 |         0 |         0 |         0 |         0 |         0 |            0 |         0 |         0 |         0 |          0 |         0 |         0 |         0 |         0 |         0 |            0 |         0 |            0 |            0 |            0 |         0 |
|          Energy DRAM [J]          |   793.8763 |         0 |         0 |         0 |         0 |         0 |         0 |         0 |            0 |         0 |         0 |         0 |   843.2617 |         0 |         0 |         0 |         0 |         0 |            0 |         0 |            0 |            0 |            0 |         0 |
|           Power DRAM [W]          |    16.6565 |         0 |         0 |         0 |         0 |         0 |         0 |         0 |            0 |         0 |         0 |         0 |    17.6926 |         0 |         0 |         0 |         0 |         0 |            0 |         0 |            0 |            0 |            0 |         0 |
+-----------------------------------+------------+-----------+-----------+-----------+-----------+-----------+-----------+-----------+--------------+-----------+-----------+-----------+------------+-----------+-----------+-----------+-----------+-----------+--------------+-----------+--------------+--------------+--------------+-----------+
+----------------------------------------+------------+--------------+------------+-----------+
|                 Metric                 |     Sum    |      Min     |     Max    |    Avg    |
+----------------------------------------+------------+--------------+------------+-----------+
|        Runtime (RDTSC) [s] STAT        |  1143.8832 |      47.6618 |    47.6618 |   47.6618 |
|        Runtime unhalted [s] STAT       |   925.8289 |      27.7849 |    45.0312 |   38.5762 |
|            Clock [MHz] STAT            | 55025.1917 |    2285.1886 |  2299.0938 | 2292.7163 |
|                CPI STAT                |    30.4027 |       0.4790 |     3.0331 |    1.2668 |
|   Local DRAM data volume [GByte] STAT  |  1635.0338 |       9.5521 |   131.8056 |   68.1264 |
|   Local DRAM bandwidth [MByte/s] STAT  | 34304.9468 |     200.4140 |  2765.4377 | 1429.3728 |
|  Remote DRAM data volume [GByte] STAT  |    80.4388 |       0.0029 |    17.3907 |    3.3516 |
|  Remote DRAM bandwidth [MByte/s] STAT  |  1687.7024 |       0.0610 |   364.8773 |   70.3209 |
|     Memory data volume [GByte] STAT    |  1715.4727 |      26.9428 |   131.8103 |   71.4780 |
|     Memory bandwidth [MByte/s] STAT    | 35992.6491 |     565.2912 |  2765.5351 | 1499.6937 |
|          L3 request rate STAT          |    35.8088 |       1.0097 |     1.9942 |    1.4920 |
|            L3 miss rate STAT           |    11.2835 | 2.700747e-05 |     2.8594 |    0.4701 |
|           L3 miss ratio STAT           |     4.3526 | 2.575565e-05 |     1.8206 |    0.1814 |
|          L2 request rate STAT          |     2.3247 |       0.0244 |     0.2751 |    0.0969 |
|            L2 miss rate STAT           |     0.5705 |       0.0053 |     0.0687 |    0.0238 |
|           L2 miss ratio STAT           |     5.5800 |       0.2130 |     0.2499 |    0.2325 |
|  Memory read bandwidth [MBytes/s] STAT | 36351.0094 |            0 | 18649.5777 | 1514.6254 |
|  Memory read data volume [GBytes] STAT |  1732.5529 |            0 |   888.8716 |   72.1897 |
| Memory write bandwidth [MBytes/s] STAT | 35978.2160 |            0 | 18487.0270 | 1499.0923 |
| Memory write data volume [GBytes] STAT |  1714.7848 |            0 |   881.1241 |   71.4494 |
|    Memory bandwidth [MBytes/s] STAT    | 72329.2254 |            0 | 37136.6047 | 3013.7177 |
|    Memory data volume [GBytes] STAT    |  3447.3377 |            0 |  1769.9957 |  143.6391 |
|          Temperature [C] STAT          |       1013 |           40 |         45 |   42.2083 |
|             Energy [J] STAT            |  7357.0893 |            0 |  3747.8063 |  306.5454 |
|             Power [W] STAT             |   154.3604 |            0 |    78.6334 |    6.4317 |
|           Energy PP0 [J] STAT          |          0 |            0 |          0 |         0 |
|           Power PP0 [W] STAT           |          0 |            0 |          0 |         0 |
|          Energy DRAM [J] STAT          |  1637.1380 |            0 |   843.2617 |   68.2141 |
|           Power DRAM [W] STAT          |    34.3491 |            0 |    17.6926 |    1.4312 |
+----------------------------------------+------------+--------------+------------+-----------+
