--------------------------------------------------------------------------------
CPU name:	Intel(R) Xeon(R) CPU E5-2670 v3 @ 2.30GHz
CPU type:	Intel Xeon Haswell EN/EP/EX processor
CPU clock:	2.30 GHz
--------------------------------------------------------------------------------
Group 1: POWERPERF
+--------------------------------+---------+--------------+--------------+--------------+--------------+--------------+--------------+--------------+--------------+--------------+--------------+--------------+--------------+--------------+--------------+--------------+--------------+--------------+--------------+--------------+--------------+--------------+--------------+--------------+--------------+
|              Event             | Counter |    Core 0    |    Core 1    |    Core 2    |    Core 3    |    Core 4    |    Core 5    |    Core 6    |    Core 7    |    Core 8    |    Core 9    |    Core 10   |    Core 11   |    Core 12   |    Core 13   |    Core 14   |    Core 15   |    Core 16   |    Core 17   |    Core 18   |    Core 19   |    Core 20   |    Core 21   |    Core 22   |    Core 23   |
+--------------------------------+---------+--------------+--------------+--------------+--------------+--------------+--------------+--------------+--------------+--------------+--------------+--------------+--------------+--------------+--------------+--------------+--------------+--------------+--------------+--------------+--------------+--------------+--------------+--------------+--------------+
|        INSTR_RETIRED_ANY       |  FIXC0  | 214356997635 | 214116621415 | 214108394768 | 214097186855 | 160601138883 | 160577163855 | 192779251136 | 192037350106 | 189729953192 | 191515345732 | 192344851991 | 191138626917 | 160573802159 | 160562172768 | 160553968868 | 160545500825 | 160538814062 | 160535511516 | 191418502173 | 191297474581 | 191324656441 | 190097576813 | 190603537213 | 191073678268 |
|      CPU_CLK_UNHALTED_CORE     |  FIXC1  |  99302271675 |  99330559355 |  99617630940 | 100061042999 |  76320468238 |  77779516742 | 101770442134 | 101776476220 | 101768593429 | 101728892470 | 101759806287 | 101759162735 |  74949057459 |  74886932890 |  75167484423 |  75313690353 |  75140014630 |  76256460650 | 101759034385 | 101793593999 | 101780901120 | 101696892804 | 101759821026 | 101748910055 |
|      CPU_CLK_UNHALTED_REF      |  FIXC2  |  99340377044 |  99439909843 |  99726888778 | 100170449137 |  76537724634 |  77976050150 | 101770454257 | 101776491297 | 101768541600 | 101728862759 | 101759842724 | 101759186235 |  75143322770 |  75075426586 |  75357553763 |  75501668198 |  75324929896 |  76441939018 | 101759044992 | 101793609530 | 101780851085 | 101696857546 | 101759802451 | 101748910594 |
|           FIXC1/FIXC0          |   CPI   |            0 |            0 |            0 |            0 |            0 |            0 |            0 |            0 |            0 |            0 |            0 |            0 |            0 |            0 |            0 |            0 |            0 |            0 |            0 |            0 |            0 |            0 |            0 |            0 |
|  OFFCORE_RESPONSE_0_LOCAL_DRAM |   PMC0  |    514690082 |    502363814 |    484599125 |    457814927 |    273363216 |    151189388 |    534030668 |    516463643 |    523083945 |    516290541 |    532202363 |    508159729 |    371390996 |    372940539 |    347442638 |    343649385 |    333462090 |    251636383 |    517699969 |    516727724 |    513154553 |    511651164 |    507081145 |    508847673 |
| OFFCORE_RESPONSE_1_REMOTE_DRAM |   PMC1  |     46426771 |     58520259 |     76221791 |    102710035 |    146800478 |    268076564 |       194563 |      1890977 |      1429507 |      1103154 |       248868 |       921379 |     47803533 |     46491480 |     71589734 |     75513063 |     85732323 |    166949734 |      2340621 |       801623 |       355638 |      1744524 |       321982 |      1092986 |
|  MEM_LOAD_UOPS_RETIRED_L3_ALL  |   PMC2  |    114162491 |    115069921 |    115224577 |    116394258 |     89007269 |     90241188 |    130375740 |    135745285 |    153144075 |    136371701 |    138694659 |    151571539 |     88480605 |     87960332 |     87759945 |     88426306 |     87007089 |     89722324 |    139557835 |    128783408 |    146466609 |    146394814 |    140287870 |    154630539 |
|  MEM_LOAD_UOPS_RETIRED_L3_MISS |   PMC3  |     57552131 |     58134109 |     58137596 |     58465112 |     44964915 |     45244090 |     15879607 |     16246128 |     17523658 |     15450668 |     15557652 |     16743983 |     44412143 |     44235548 |     43925817 |     44217178 |     43836672 |     45174246 |     17196133 |     15585557 |     15700041 |     17564287 |     15387210 |     16920060 |
|      L2_TRANS_ALL_REQUESTS     |   PMC4  |   5475929815 |   5371867082 |   5375514171 |   5374893296 |   3998958979 |   4004480287 |  16697324210 |  16302203719 |  17028268506 |  16733750255 |  17110689471 |  16373046454 |   3990677078 |   4008289290 |   4019718069 |   4012628344 |   4018974193 |   3977367799 |  16633467036 |  16506376539 |  16941038832 |  16629316205 |  16554775903 |  16753646176 |
|          L2_RQSTS_MISS         |   PMC5  |   1171950530 |   1146332162 |   1146555989 |   1146774416 |    860084520 |    860402468 |   4577175037 |   4528169465 |   4736159895 |   4607702461 |   4713132798 |   4581441021 |    859907795 |    859807155 |    860149435 |    860286112 |    859345955 |    858964337 |   4588242393 |   4537045182 |   4705848716 |   4608566176 |   4583962158 |   4692662971 |
|        UOPS_RETIRED_ALL        |   PMC6  | 306234313500 | 305919350809 | 305908800068 | 305895264107 | 229466099752 | 229434079638 | 238540788695 | 239026001532 | 234445621524 | 236805367770 | 237452515220 | 237788646469 | 229426896579 | 229411981689 | 229401761908 | 229391461529 | 229383365592 | 229379977148 | 237264320516 | 237337543801 | 236709700191 | 235479249447 | 236356656082 | 236953816776 |
|            TEMP_CORE           |   TMP0  |           43 |           42 |           43 |           44 |           43 |           41 |           45 |           44 |           44 |           44 |           42 |           40 |           42 |           43 |           45 |           45 |           43 |           43 |           44 |           45 |           44 |           46 |           43 |           42 |
|         PWR_PKG_ENERGY         |   PWR0  |    3585.1711 |            0 |            0 |            0 |            0 |            0 |            0 |            0 |            0 |            0 |            0 |            0 |    3354.1666 |            0 |            0 |            0 |            0 |            0 |            0 |            0 |            0 |            0 |            0 |            0 |
|         PWR_PP0_ENERGY         |   PWR1  |            0 |            0 |            0 |            0 |            0 |            0 |            0 |            0 |            0 |            0 |            0 |            0 |            0 |            0 |            0 |            0 |            0 |            0 |            0 |            0 |            0 |            0 |            0 |            0 |
|         PWR_DRAM_ENERGY        |   PWR3  |     578.3340 |            0 |            0 |            0 |            0 |            0 |            0 |            0 |            0 |            0 |            0 |            0 |     592.5667 |            0 |            0 |            0 |            0 |            0 |            0 |            0 |            0 |            0 |            0 |            0 |
|          CAS_COUNT_RD          | MBOX0C0 |   2121778589 |            0 |            0 |            0 |            0 |            0 |            0 |            0 |            0 |            0 |            0 |            0 |   2055882321 |            0 |            0 |            0 |            0 |            0 |            0 |            0 |            0 |            0 |            0 |            0 |
|          CAS_COUNT_WR          | MBOX0C1 |   1378574488 |            0 |            0 |            0 |            0 |            0 |            0 |            0 |            0 |            0 |            0 |            0 |   1326390987 |            0 |            0 |            0 |            0 |            0 |            0 |            0 |            0 |            0 |            0 |            0 |
|          CAS_COUNT_RD          | MBOX1C0 |   2124037596 |            0 |            0 |            0 |            0 |            0 |            0 |            0 |            0 |            0 |            0 |            0 |   2053313748 |            0 |            0 |            0 |            0 |            0 |            0 |            0 |            0 |            0 |            0 |            0 |
|          CAS_COUNT_WR          | MBOX1C1 |   1381039364 |            0 |            0 |            0 |            0 |            0 |            0 |            0 |            0 |            0 |            0 |            0 |   1324190331 |            0 |            0 |            0 |            0 |            0 |            0 |            0 |            0 |            0 |            0 |            0 |
|          CAS_COUNT_RD          | MBOX2C0 |            0 |            0 |            0 |            0 |            0 |            0 |            0 |            0 |            0 |            0 |            0 |            0 |            0 |            0 |            0 |            0 |            0 |            0 |            0 |            0 |            0 |            0 |            0 |            0 |
|          CAS_COUNT_WR          | MBOX2C1 |            0 |            0 |            0 |            0 |            0 |            0 |            0 |            0 |            0 |            0 |            0 |            0 |            0 |            0 |            0 |            0 |            0 |            0 |            0 |            0 |            0 |            0 |            0 |            0 |
|          CAS_COUNT_RD          | MBOX3C0 |            0 |            0 |            0 |            0 |            0 |            0 |            0 |            0 |            0 |            0 |            0 |            0 |            0 |            0 |            0 |            0 |            0 |            0 |            0 |            0 |            0 |            0 |            0 |            0 |
|          CAS_COUNT_WR          | MBOX3C1 |            0 |            0 |            0 |            0 |            0 |            0 |            0 |            0 |            0 |            0 |            0 |            0 |            0 |            0 |            0 |            0 |            0 |            0 |            0 |            0 |            0 |            0 |            0 |            0 |
|          CAS_COUNT_RD          | MBOX4C0 |   2122947667 |            0 |            0 |            0 |            0 |            0 |            0 |            0 |            0 |            0 |            0 |            0 |   2055968177 |            0 |            0 |            0 |            0 |            0 |            0 |            0 |            0 |            0 |            0 |            0 |
|          CAS_COUNT_WR          | MBOX4C1 |   1379546841 |            0 |            0 |            0 |            0 |            0 |            0 |            0 |            0 |            0 |            0 |            0 |   1326724312 |            0 |            0 |            0 |            0 |            0 |            0 |            0 |            0 |            0 |            0 |            0 |
|          CAS_COUNT_RD          | MBOX5C0 |   2125249044 |            0 |            0 |            0 |            0 |            0 |            0 |            0 |            0 |            0 |            0 |            0 |   2053354801 |            0 |            0 |            0 |            0 |            0 |            0 |            0 |            0 |            0 |            0 |            0 |
|          CAS_COUNT_WR          | MBOX5C1 |   1381659915 |            0 |            0 |            0 |            0 |            0 |            0 |            0 |            0 |            0 |            0 |            0 |   1324320127 |            0 |            0 |            0 |            0 |            0 |            0 |            0 |            0 |            0 |            0 |            0 |
|          CAS_COUNT_RD          | MBOX6C0 |            0 |            0 |            0 |            0 |            0 |            0 |            0 |            0 |            0 |            0 |            0 |            0 |            0 |            0 |            0 |            0 |            0 |            0 |            0 |            0 |            0 |            0 |            0 |            0 |
|          CAS_COUNT_WR          | MBOX6C1 |            0 |            0 |            0 |            0 |            0 |            0 |            0 |            0 |            0 |            0 |            0 |            0 |            0 |            0 |            0 |            0 |            0 |            0 |            0 |            0 |            0 |            0 |            0 |            0 |
|          CAS_COUNT_RD          | MBOX7C0 |            0 |            0 |            0 |            0 |            0 |            0 |            0 |            0 |            0 |            0 |            0 |            0 |            0 |            0 |            0 |            0 |            0 |            0 |            0 |            0 |            0 |            0 |            0 |            0 |
|          CAS_COUNT_WR          | MBOX7C1 |            0 |            0 |            0 |            0 |            0 |            0 |            0 |            0 |            0 |            0 |            0 |            0 |            0 |            0 |            0 |            0 |            0 |            0 |            0 |            0 |            0 |            0 |            0 |            0 |
+--------------------------------+---------+--------------+--------------+--------------+--------------+--------------+--------------+--------------+--------------+--------------+--------------+--------------+--------------+--------------+--------------+--------------+--------------+--------------+--------------+--------------+--------------+--------------+--------------+--------------+--------------+
+-------------------------------------+---------+---------------+--------------+--------------+--------------+
|                Event                | Counter |      Sum      |      Min     |      Max     |      Avg     |
+-------------------------------------+---------+---------------+--------------+--------------+--------------+
|        INSTR_RETIRED_ANY STAT       |  FIXC0  | 4436528078172 | 160535511516 | 214356997635 | 1.848553e+11 |
|      CPU_CLK_UNHALTED_CORE STAT     |  FIXC1  | 2225227657018 |  74886932890 | 101793593999 | 9.271782e+10 |
|      CPU_CLK_UNHALTED_REF STAT      |  FIXC2  | 2227138694887 |  75075426586 | 101793609530 | 9.279745e+10 |
|           FIXC1/FIXC0 STAT          |   CPI   |             0 |            0 |            0 |            0 |
|  OFFCORE_RESPONSE_0_LOCAL_DRAM STAT |   PMC0  |   10609935700 |    151189388 |    534030668 | 4.420807e+08 |
| OFFCORE_RESPONSE_1_REMOTE_DRAM STAT |   PMC1  |    1205281587 |       194563 |    268076564 | 5.022007e+07 |
|  MEM_LOAD_UOPS_RETIRED_L3_ALL STAT  |   PMC2  |    2871480379 |     87007089 |    154630539 | 1.196450e+08 |
|  MEM_LOAD_UOPS_RETIRED_L3_MISS STAT |   PMC3  |     784054541 |     15387210 |     58465112 | 3.266894e+07 |
|      L2_TRANS_ALL_REQUESTS STAT     |   PMC4  |  253893201709 |   3977367799 |  17110689471 | 1.057888e+10 |
|          L2_RQSTS_MISS STAT         |   PMC5  |   66950669147 |    858964337 |   4736159895 | 2.789611e+09 |
|        UOPS_RETIRED_ALL STAT        |   PMC6  | 5903413580342 | 229379977148 | 306234313500 | 2.459756e+11 |
|            TEMP_CORE STAT           |   TMP0  |          1040 |           40 |           46 |      43.3333 |
|         PWR_PKG_ENERGY STAT         |   PWR0  |     6939.3377 |            0 |    3585.1711 |     289.1391 |
|         PWR_PP0_ENERGY STAT         |   PWR1  |             0 |            0 |            0 |            0 |
|         PWR_DRAM_ENERGY STAT        |   PWR3  |     1170.9007 |            0 |     592.5667 |      48.7875 |
|          CAS_COUNT_RD STAT          | MBOX0C0 |    4177660910 |            0 |   2121778589 | 1.740692e+08 |
|          CAS_COUNT_WR STAT          | MBOX0C1 |    2704965475 |            0 |   1378574488 | 1.127069e+08 |
|          CAS_COUNT_RD STAT          | MBOX1C0 |    4177351344 |            0 |   2124037596 |    174056306 |
|          CAS_COUNT_WR STAT          | MBOX1C1 |    2705229695 |            0 |   1381039364 | 1.127179e+08 |
|          CAS_COUNT_RD STAT          | MBOX2C0 |             0 |            0 |            0 |            0 |
|          CAS_COUNT_WR STAT          | MBOX2C1 |             0 |            0 |            0 |            0 |
|          CAS_COUNT_RD STAT          | MBOX3C0 |             0 |            0 |            0 |            0 |
|          CAS_COUNT_WR STAT          | MBOX3C1 |             0 |            0 |            0 |            0 |
|          CAS_COUNT_RD STAT          | MBOX4C0 |    4178915844 |            0 |   2122947667 | 1.741215e+08 |
|          CAS_COUNT_WR STAT          | MBOX4C1 |    2706271153 |            0 |   1379546841 | 1.127613e+08 |
|          CAS_COUNT_RD STAT          | MBOX5C0 |    4178603845 |            0 |   2125249044 | 1.741085e+08 |
|          CAS_COUNT_WR STAT          | MBOX5C1 |    2705980042 |            0 |   1381659915 | 1.127492e+08 |
|          CAS_COUNT_RD STAT          | MBOX6C0 |             0 |            0 |            0 |            0 |
|          CAS_COUNT_WR STAT          | MBOX6C1 |             0 |            0 |            0 |            0 |
|          CAS_COUNT_RD STAT          | MBOX7C0 |             0 |            0 |            0 |            0 |
|          CAS_COUNT_WR STAT          | MBOX7C1 |             0 |            0 |            0 |            0 |
+-------------------------------------+---------+---------------+--------------+--------------+--------------+
+-----------------------------------+------------+-----------+-----------+-----------+-----------+-----------+-----------+-----------+-----------+-----------+-----------+-----------+------------+-----------+-----------+-----------+-----------+-----------+-----------+-----------+-----------+-----------+-----------+-----------+
|               Metric              |   Core 0   |   Core 1  |   Core 2  |   Core 3  |   Core 4  |   Core 5  |   Core 6  |   Core 7  |   Core 8  |   Core 9  |  Core 10  |  Core 11  |   Core 12  |  Core 13  |  Core 14  |  Core 15  |  Core 16  |  Core 17  |  Core 18  |  Core 19  |  Core 20  |  Core 21  |  Core 22  |  Core 23  |
+-----------------------------------+------------+-----------+-----------+-----------+-----------+-----------+-----------+-----------+-----------+-----------+-----------+-----------+------------+-----------+-----------+-----------+-----------+-----------+-----------+-----------+-----------+-----------+-----------+-----------+
|        Runtime (RDTSC) [s]        |    44.6549 |   44.6549 |   44.6549 |   44.6549 |   44.6549 |   44.6549 |   44.6549 |   44.6549 |   44.6549 |   44.6549 |   44.6549 |   44.6549 |    44.6549 |   44.6549 |   44.6549 |   44.6549 |   44.6549 |   44.6549 |   44.6549 |   44.6549 |   44.6549 |   44.6549 |   44.6549 |   44.6549 |
|        Runtime unhalted [s]       |    43.1752 |   43.1875 |   43.3123 |   43.5051 |   33.1830 |   33.8174 |   44.2483 |   44.2510 |   44.2475 |   44.2303 |   44.2437 |   44.2434 |    32.5868 |   32.5598 |   32.6817 |   32.7453 |   32.6698 |   33.1552 |   44.2434 |   44.2584 |   44.2529 |   44.2164 |   44.2437 |   44.2390 |
|            Clock [MHz]            |  2299.1016 | 2297.4546 | 2297.4640 | 2297.4718 | 2293.4552 | 2294.1869 | 2299.9836 | 2299.9835 | 2299.9850 | 2299.9845 | 2299.9830 | 2299.9833 |  2294.0378 | 2294.2092 | 2294.1827 | 2294.2575 | 2294.3376 | 2294.4032 | 2299.9836 | 2299.9835 | 2299.9850 | 2299.9846 | 2299.9843 | 2299.9838 |
|                CPI                |     0.4633 |    0.4639 |    0.4653 |    0.4674 |    0.4752 |    0.4844 |    0.5279 |    0.5300 |    0.5364 |    0.5312 |    0.5290 |    0.5324 |     0.4668 |    0.4664 |    0.4682 |    0.4691 |    0.4680 |    0.4750 |    0.5316 |    0.5321 |    0.5320 |    0.5350 |    0.5339 |    0.5325 |
|   Local DRAM data volume [GByte]  |    32.9402 |   32.1513 |   31.0143 |   29.3002 |   17.4952 |    9.6761 |   34.1780 |   33.0537 |   33.4774 |   33.0426 |   34.0610 |   32.5222 |    23.7690 |   23.8682 |   22.2363 |   21.9936 |   21.3416 |   16.1047 |   33.1328 |   33.0706 |   32.8419 |   32.7457 |   32.4532 |   32.5663 |
|   Local DRAM bandwidth [MByte/s]  |   737.6602 |  719.9941 |  694.5335 |  656.1461 |  391.7876 |  216.6865 |  765.3794 |  740.2021 |  749.6904 |  739.9540 |  762.7591 |  728.3009 |   532.2822 |  534.5030 |  497.9591 |  492.5226 |  477.9220 |  360.6484 |  741.9740 |  740.5806 |  735.4595 |  733.3048 |  726.7550 |  729.2868 |
|  Remote DRAM data volume [GByte]  |     2.9713 |    3.7453 |    4.8782 |    6.5734 |    9.3952 |   17.1569 |    0.0125 |    0.1210 |    0.0915 |    0.0706 |    0.0159 |    0.0590 |     3.0594 |    2.9755 |    4.5817 |    4.8328 |    5.4869 |   10.6848 |    0.1498 |    0.0513 |    0.0228 |    0.1116 |    0.0206 |    0.0700 |
|  Remote DRAM bandwidth [MByte/s]  |    66.5394 |   83.8720 |  109.2420 |  147.2053 |  210.3963 |  384.2107 |    0.2789 |    2.7102 |    2.0488 |    1.5811 |    0.3567 |    1.3205 |    68.5126 |   66.6322 |  102.6033 |  108.2263 |  122.8726 |  239.2744 |    3.3546 |    1.1489 |    0.5097 |    2.5003 |    0.4615 |    1.5665 |
|     Memory data volume [GByte]    |    35.9115 |   35.8966 |   35.8925 |   35.8736 |   26.8905 |   26.8330 |   34.1904 |   33.1747 |   33.5689 |   33.1132 |   34.0769 |   32.5812 |    26.8284 |   26.8436 |   26.8181 |   26.8264 |   26.8284 |   26.7895 |   33.2826 |   33.1219 |   32.8647 |   32.8573 |   32.4738 |   32.6362 |
|     Memory bandwidth [MByte/s]    |   804.1997 |  803.8660 |  803.7755 |  803.3514 |  602.1838 |  600.8972 |  765.6583 |  742.9123 |  751.7392 |  741.5351 |  763.1157 |  729.6214 |   600.7948 |  601.1352 |  600.5624 |  600.7488 |  600.7947 |  599.9228 |  745.3286 |  741.7295 |  735.9692 |  735.8051 |  727.2165 |  730.8533 |
|          L3 request rate          |     1.9836 |    1.9794 |    1.9819 |    1.9908 |    1.9795 |    1.9945 |    8.2103 |    8.3555 |    8.7393 |    8.8263 |    8.9149 |    9.0523 |     1.9923 |    1.9885 |    1.9979 |    1.9998 |    1.9848 |    1.9861 |    8.1157 |    8.2630 |    9.3291 |    8.3348 |    9.1172 |    9.1389 |
|            L3 miss rate           |     0.4067 |    0.5086 |    0.6615 |    0.8824 |    1.6493 |    2.9707 |    0.0015 |    0.0139 |    0.0093 |    0.0081 |    0.0018 |    0.0061 |     0.5403 |    0.5286 |    0.8157 |    0.8540 |    0.9853 |    1.8607 |    0.0168 |    0.0062 |    0.0024 |    0.0119 |    0.0023 |    0.0071 |
|           L3 miss ratio           |     0.0902 |    0.1165 |    0.1573 |    0.2243 |    0.5370 |    1.7731 |    0.0004 |    0.0037 |    0.0027 |    0.0021 |    0.0005 |    0.0018 |     0.1287 |    0.1247 |    0.2060 |    0.2197 |    0.2571 |    0.6635 |    0.0045 |    0.0016 |    0.0007 |    0.0034 |    0.0006 |    0.0021 |
|          L2 request rate          |     0.0255 |    0.0251 |    0.0251 |    0.0251 |    0.0249 |    0.0249 |    0.0866 |    0.0849 |    0.0898 |    0.0874 |    0.0890 |    0.0857 |     0.0249 |    0.0250 |    0.0250 |    0.0250 |    0.0250 |    0.0248 |    0.0869 |    0.0863 |    0.0885 |    0.0875 |    0.0869 |    0.0877 |
|            L2 miss rate           |     0.0055 |    0.0054 |    0.0054 |    0.0054 |    0.0054 |    0.0054 |    0.0237 |    0.0236 |    0.0250 |    0.0241 |    0.0245 |    0.0240 |     0.0054 |    0.0054 |    0.0054 |    0.0054 |    0.0054 |    0.0054 |    0.0240 |    0.0237 |    0.0246 |    0.0242 |    0.0240 |    0.0246 |
|           L2 miss ratio           |     0.2140 |    0.2134 |    0.2133 |    0.2134 |    0.2151 |    0.2149 |    0.2741 |    0.2778 |    0.2781 |    0.2754 |    0.2754 |    0.2798 |     0.2155 |    0.2145 |    0.2140 |    0.2144 |    0.2138 |    0.2160 |    0.2758 |    0.2749 |    0.2778 |    0.2771 |    0.2769 |    0.2801 |
|  Memory read bandwidth [MBytes/s] | 12173.7251 |         0 |         0 |         0 |         0 |         0 |         0 |         0 |         0 |         0 |         0 |         0 | 11778.8838 |         0 |         0 |         0 |         0 |         0 |         0 |         0 |         0 |         0 |         0 |         0 |
|  Memory read data volume [GBytes] |   543.6168 |         0 |         0 |         0 |         0 |         0 |         0 |         0 |         0 |         0 |         0 |         0 |   525.9852 |         0 |         0 |         0 |         0 |         0 |         0 |         0 |         0 |         0 |         0 |         0 |
| Memory write bandwidth [MBytes/s] |  7912.5088 |         0 |         0 |         0 |         0 |         0 |         0 |         0 |         0 |         0 |         0 |         0 |  7598.3561 |         0 |         0 |         0 |         0 |         0 |         0 |         0 |         0 |         0 |         0 |         0 |
| Memory write data volume [GBytes] |   353.3325 |         0 |         0 |         0 |         0 |         0 |         0 |         0 |         0 |         0 |         0 |         0 |   339.3040 |         0 |         0 |         0 |         0 |         0 |         0 |         0 |         0 |         0 |         0 |         0 |
|    Memory bandwidth [MBytes/s]    | 20086.2339 |         0 |         0 |         0 |         0 |         0 |         0 |         0 |         0 |         0 |         0 |         0 | 19377.2399 |         0 |         0 |         0 |         0 |         0 |         0 |         0 |         0 |         0 |         0 |         0 |
|    Memory data volume [GBytes]    |   896.9493 |         0 |         0 |         0 |         0 |         0 |         0 |         0 |         0 |         0 |         0 |         0 |   865.2893 |         0 |         0 |         0 |         0 |         0 |         0 |         0 |         0 |         0 |         0 |         0 |
|          Temperature [C]          |         43 |        42 |        43 |        44 |        43 |        41 |        45 |        44 |        44 |        44 |        42 |        40 |         42 |        43 |        45 |        45 |        43 |        43 |        44 |        45 |        44 |        46 |        43 |        42 |
|             Energy [J]            |  3585.1711 |         0 |         0 |         0 |         0 |         0 |         0 |         0 |         0 |         0 |         0 |         0 |  3354.1666 |         0 |         0 |         0 |         0 |         0 |         0 |         0 |         0 |         0 |         0 |         0 |
|             Power [W]             |    80.2861 |         0 |         0 |         0 |         0 |         0 |         0 |         0 |         0 |         0 |         0 |         0 |    75.1130 |         0 |         0 |         0 |         0 |         0 |         0 |         0 |         0 |         0 |         0 |         0 |
|           Energy PP0 [J]          |          0 |         0 |         0 |         0 |         0 |         0 |         0 |         0 |         0 |         0 |         0 |         0 |          0 |         0 |         0 |         0 |         0 |         0 |         0 |         0 |         0 |         0 |         0 |         0 |
|           Power PP0 [W]           |          0 |         0 |         0 |         0 |         0 |         0 |         0 |         0 |         0 |         0 |         0 |         0 |          0 |         0 |         0 |         0 |         0 |         0 |         0 |         0 |         0 |         0 |         0 |         0 |
|          Energy DRAM [J]          |   578.3340 |         0 |         0 |         0 |         0 |         0 |         0 |         0 |         0 |         0 |         0 |         0 |   592.5667 |         0 |         0 |         0 |         0 |         0 |         0 |         0 |         0 |         0 |         0 |         0 |
|           Power DRAM [W]          |    12.9512 |         0 |         0 |         0 |         0 |         0 |         0 |         0 |         0 |         0 |         0 |         0 |    13.2699 |         0 |         0 |         0 |         0 |         0 |         0 |         0 |         0 |         0 |         0 |         0 |
+-----------------------------------+------------+-----------+-----------+-----------+-----------+-----------+-----------+-----------+-----------+-----------+-----------+-----------+------------+-----------+-----------+-----------+-----------+-----------+-----------+-----------+-----------+-----------+-----------+-----------+
+----------------------------------------+------------+-----------+------------+-----------+
|                 Metric                 |     Sum    |    Min    |     Max    |    Avg    |
+----------------------------------------+------------+-----------+------------+-----------+
|        Runtime (RDTSC) [s] STAT        |  1071.7176 |   44.6549 |    44.6549 |   44.6549 |
|        Runtime unhalted [s] STAT       |   967.4971 |   32.5598 |    44.2584 |   40.3124 |
|            Clock [MHz] STAT            | 55144.3698 | 2293.4552 |  2299.9850 | 2297.6821 |
|                CPI STAT                |    12.0170 |    0.4633 |     0.5364 |    0.5007 |
|   Local DRAM data volume [GByte] STAT  |   679.0361 |    9.6761 |    34.1780 |   28.2932 |
|   Local DRAM bandwidth [MByte/s] STAT  | 15206.2919 |  216.6865 |   765.3794 |  633.5955 |
|  Remote DRAM data volume [GByte] STAT  |    77.1380 |    0.0125 |    17.1569 |    3.2141 |
|  Remote DRAM bandwidth [MByte/s] STAT  |  1727.4248 |    0.2789 |   384.2107 |   71.9760 |
|     Memory data volume [GByte] STAT    |   756.1739 |   26.7895 |    35.9115 |   31.5072 |
|     Memory bandwidth [MByte/s] STAT    | 16933.7165 |  599.9228 |   804.1997 |  705.5715 |
|          L3 request rate STAT          |   128.2564 |    1.9794 |     9.3291 |    5.3440 |
|            L3 miss rate STAT           |    12.7512 |    0.0015 |     2.9707 |    0.5313 |
|           L3 miss ratio STAT           |     4.5222 |    0.0004 |     1.7731 |    0.1884 |
|          L2 request rate STAT          |     1.3475 |    0.0248 |     0.0898 |    0.0561 |
|            L2 miss rate STAT           |     0.3549 |    0.0054 |     0.0250 |    0.0148 |
|           L2 miss ratio STAT           |     5.8955 |    0.2133 |     0.2801 |    0.2456 |
|  Memory read bandwidth [MBytes/s] STAT | 23952.6089 |         0 | 12173.7251 |  998.0254 |
|  Memory read data volume [GBytes] STAT |  1069.6020 |         0 |   543.6168 |   44.5667 |
| Memory write bandwidth [MBytes/s] STAT | 15510.8649 |         0 |  7912.5088 |  646.2860 |
| Memory write data volume [GBytes] STAT |   692.6365 |         0 |   353.3325 |   28.8599 |
|    Memory bandwidth [MBytes/s] STAT    | 39463.4738 |         0 | 20086.2339 | 1644.3114 |
|    Memory data volume [GBytes] STAT    |  1762.2386 |         0 |   896.9493 |   73.4266 |
|          Temperature [C] STAT          |       1040 |        40 |         46 |   43.3333 |
|             Energy [J] STAT            |  6939.3377 |         0 |  3585.1711 |  289.1391 |
|             Power [W] STAT             |   155.3991 |         0 |    80.2861 |    6.4750 |
|           Energy PP0 [J] STAT          |          0 |         0 |          0 |         0 |
|           Power PP0 [W] STAT           |          0 |         0 |          0 |         0 |
|          Energy DRAM [J] STAT          |  1170.9007 |         0 |   592.5667 |   48.7875 |
|           Power DRAM [W] STAT          |    26.2211 |         0 |    13.2699 |    1.0925 |
+----------------------------------------+------------+-----------+------------+-----------+
