--------------------------------------------------------------------------------
CPU name:	Intel(R) Xeon(R) CPU E5-2670 v3 @ 2.30GHz
CPU type:	Intel Xeon Haswell EN/EP/EX processor
CPU clock:	2.30 GHz
--------------------------------------------------------------------------------
Group 1: POWERPERF
+--------------------------------+---------+--------------+--------------+--------------+--------------+--------------+--------------+-------------+-------------+-------------+-------------+-------------+-------------+--------------+--------------+--------------+--------------+--------------+--------------+-------------+-------------+-------------+-------------+-------------+-------------+
|              Event             | Counter |    Core 0    |    Core 1    |    Core 2    |    Core 3    |    Core 4    |    Core 5    |    Core 6   |    Core 7   |    Core 8   |    Core 9   |   Core 10   |   Core 11   |    Core 12   |    Core 13   |    Core 14   |    Core 15   |    Core 16   |    Core 17   |   Core 18   |   Core 19   |   Core 20   |   Core 21   |   Core 22   |   Core 23   |
+--------------------------------+---------+--------------+--------------+--------------+--------------+--------------+--------------+-------------+-------------+-------------+-------------+-------------+-------------+--------------+--------------+--------------+--------------+--------------+--------------+-------------+-------------+-------------+-------------+-------------+-------------+
|        INSTR_RETIRED_ANY       |  FIXC0  | 214357129610 | 214116346280 | 214109053633 | 214097550392 | 160602231700 | 160576804046 | 73708830407 | 73694721001 | 72725255453 | 72698495836 | 72738741428 | 72485607400 | 160568106582 | 160565538532 | 160538998127 | 160530428858 | 160539300476 | 160535315893 | 72583378962 | 73364231015 | 72351582016 | 72820672102 | 72591423017 | 72219187429 |
|      CPU_CLK_UNHALTED_CORE     |  FIXC1  |  96964166727 |  96795705295 |  97021692007 |  97499774416 |  74369706916 |  75647151581 | 98721580338 | 98777209510 | 98789941270 | 98796052660 | 98814180551 | 98909652643 |  72848252897 |  72815523881 |  73068839381 |  73236192812 |  73454102345 |  74068929641 | 98816304383 | 98859795746 | 98890348017 | 98910501912 | 98889638375 | 98890430769 |
|      CPU_CLK_UNHALTED_REF      |  FIXC2  |  97001985490 |  96913359820 |  97139293972 |  97617373605 |  74573606514 |  75833813061 | 98722915410 | 98779356030 | 98791876103 | 98797930531 | 98816049103 | 98917504288 |  73056654854 |  73025239223 |  73288987169 |  73452065909 |  73658464896 |  74273977372 | 98818526318 | 98860018249 | 98890529589 | 98910656659 | 98889773740 | 98890541434 |
|           FIXC1/FIXC0          |   CPI   |            0 |            0 |            0 |            0 |            0 |            0 |           0 |           0 |           0 |           0 |           0 |           0 |            0 |            0 |            0 |            0 |            0 |            0 |           0 |           0 |           0 |           0 |           0 |           0 |
|  OFFCORE_RESPONSE_0_LOCAL_DRAM |   PMC0  |    514385542 |    502152049 |    484492227 |    451230197 |    265086817 |    146840007 |  1469890213 |  1473261674 |  1478358514 |  1468311863 |  1467524926 |  1461468783 |    370963440 |    367464699 |    348578521 |    344486916 |    328965196 |    247514487 |  1396232642 |  1468703289 |  1466721972 |  1474635651 |  1466806672 |  1463143318 |
| OFFCORE_RESPONSE_1_REMOTE_DRAM |   PMC1  |     46431627 |     58409158 |     76013738 |    108894640 |    155069239 |    272832634 |     5524438 |     3583720 |     3521421 |     3676192 |     3516819 |    16383264 |     48556282 |     51980466 |     70836894 |     74811594 |     90141139 |    171469005 |    77844906 |     5342734 |     6192991 |     6221990 |     6349206 |     7227205 |
|  MEM_LOAD_UOPS_RETIRED_L3_ALL  |   PMC2  |    110746772 |    109539643 |    109546585 |    110621027 |     85536150 |     85902099 |  6799145585 |  6808801677 |  6844809590 |  6793522630 |  6784946223 |  6821680276 |     84080790 |     83316509 |     83764931 |     85189169 |     85911347 |     83882848 |  6794100968 |  6798523330 |  6809462827 |  6847082959 |  6803217734 |  6794660484 |
|  MEM_LOAD_UOPS_RETIRED_L3_MISS |   PMC3  |     57614390 |     57190690 |     57155649 |     57399798 |     44541295 |     44443415 |   672266513 |   674557380 |   684104839 |   682920985 |   681764635 |   689853251 |     43700691 |     43366255 |     43520192 |     44084764 |     44717370 |     43498254 |   665742066 |   672695872 |   678801155 |   685414257 |   683020930 |   687162507 |
|      L2_TRANS_ALL_REQUESTS     |   PMC4  |   5420280376 |   5325300509 |   5328844677 |   5329316800 |   3987422959 |   4007560433 | 18607747521 | 18631277288 | 18692068540 | 18563973962 | 18549689139 | 18636925871 |   3971508369 |   3978949300 |   3977728272 |   3951624873 |   3956182645 |   4009877871 | 18593195660 | 18599147997 | 18577598491 | 18678351387 | 18576473915 | 18547456863 |
|          L2_RQSTS_MISS         |   PMC5  |   1164120877 |   1140137292 |   1140301035 |   1140460678 |    855455916 |    855850547 |  7847973063 |  7858283386 |  7886156086 |  7831449624 |  7827956691 |  7861524495 |    855206169 |    855130204 |    855082305 |    855396714 |    854090545 |    855111787 |  7840407475 |  7843771935 |  7839717231 |  7886662917 |  7838403359 |  7826645606 |
|        UOPS_RETIRED_ALL        |   PMC6  | 306285400914 | 305970525063 | 305961374264 | 305947284715 | 229505965894 | 229471747588 | 82094947326 | 81875232857 | 79668387555 | 80197327845 | 80133275404 | 79215002796 | 229453820986 | 229451921653 | 229413715391 | 229404385062 | 229419567494 | 229415265995 | 79696858006 | 81141483740 | 79087486518 | 79576418457 | 79515377704 | 78835992251 |
|            TEMP_CORE           |   TMP0  |           45 |           43 |           43 |           44 |           44 |           41 |          45 |          45 |          43 |          43 |          43 |          41 |           43 |           45 |           47 |           46 |           45 |           43 |          46 |          44 |          43 |          46 |          43 |          43 |
|         PWR_PKG_ENERGY         |   PWR0  |    3706.2236 |            0 |            0 |            0 |            0 |            0 |           0 |           0 |           0 |           0 |           0 |           0 |    3429.1454 |            0 |            0 |            0 |            0 |            0 |           0 |           0 |           0 |           0 |           0 |           0 |
|         PWR_PP0_ENERGY         |   PWR1  |            0 |            0 |            0 |            0 |            0 |            0 |           0 |           0 |           0 |           0 |           0 |           0 |            0 |            0 |            0 |            0 |            0 |            0 |           0 |           0 |           0 |           0 |           0 |           0 |
|         PWR_DRAM_ENERGY        |   PWR3  |     596.4812 |            0 |            0 |            0 |            0 |            0 |           0 |           0 |           0 |           0 |           0 |           0 |     616.7698 |            0 |            0 |            0 |            0 |            0 |           0 |           0 |           0 |           0 |           0 |           0 |
|          CAS_COUNT_RD          | MBOX0C0 |   3002904744 |            0 |            0 |            0 |            0 |            0 |           0 |           0 |           0 |           0 |           0 |           0 |   2898057234 |            0 |            0 |            0 |            0 |            0 |           0 |           0 |           0 |           0 |           0 |           0 |
|          CAS_COUNT_WR          | MBOX0C1 |    742787890 |            0 |            0 |            0 |            0 |            0 |           0 |           0 |           0 |           0 |           0 |           0 |    683608145 |            0 |            0 |            0 |            0 |            0 |           0 |           0 |           0 |           0 |           0 |           0 |
|          CAS_COUNT_RD          | MBOX1C0 |   3000513301 |            0 |            0 |            0 |            0 |            0 |           0 |           0 |           0 |           0 |           0 |           0 |   2895718332 |            0 |            0 |            0 |            0 |            0 |           0 |           0 |           0 |           0 |           0 |           0 |
|          CAS_COUNT_WR          | MBOX1C1 |    740373066 |            0 |            0 |            0 |            0 |            0 |           0 |           0 |           0 |           0 |           0 |           0 |    681248631 |            0 |            0 |            0 |            0 |            0 |           0 |           0 |           0 |           0 |           0 |           0 |
|          CAS_COUNT_RD          | MBOX2C0 |            0 |            0 |            0 |            0 |            0 |            0 |           0 |           0 |           0 |           0 |           0 |           0 |            0 |            0 |            0 |            0 |            0 |            0 |           0 |           0 |           0 |           0 |           0 |           0 |
|          CAS_COUNT_WR          | MBOX2C1 |            0 |            0 |            0 |            0 |            0 |            0 |           0 |           0 |           0 |           0 |           0 |           0 |            0 |            0 |            0 |            0 |            0 |            0 |           0 |           0 |           0 |           0 |           0 |           0 |
|          CAS_COUNT_RD          | MBOX3C0 |            0 |            0 |            0 |            0 |            0 |            0 |           0 |           0 |           0 |           0 |           0 |           0 |            0 |            0 |            0 |            0 |            0 |            0 |           0 |           0 |           0 |           0 |           0 |           0 |
|          CAS_COUNT_WR          | MBOX3C1 |            0 |            0 |            0 |            0 |            0 |            0 |           0 |           0 |           0 |           0 |           0 |           0 |            0 |            0 |            0 |            0 |            0 |            0 |           0 |           0 |           0 |           0 |           0 |           0 |
|          CAS_COUNT_RD          | MBOX4C0 |   3003935860 |            0 |            0 |            0 |            0 |            0 |           0 |           0 |           0 |           0 |           0 |           0 |   2897975398 |            0 |            0 |            0 |            0 |            0 |           0 |           0 |           0 |           0 |           0 |           0 |
|          CAS_COUNT_WR          | MBOX4C1 |    743550695 |            0 |            0 |            0 |            0 |            0 |           0 |           0 |           0 |           0 |           0 |           0 |    683592761 |            0 |            0 |            0 |            0 |            0 |           0 |           0 |           0 |           0 |           0 |           0 |
|          CAS_COUNT_RD          | MBOX5C0 |   3002213122 |            0 |            0 |            0 |            0 |            0 |           0 |           0 |           0 |           0 |           0 |           0 |   2895664071 |            0 |            0 |            0 |            0 |            0 |           0 |           0 |           0 |           0 |           0 |           0 |
|          CAS_COUNT_WR          | MBOX5C1 |    741532901 |            0 |            0 |            0 |            0 |            0 |           0 |           0 |           0 |           0 |           0 |           0 |    681277923 |            0 |            0 |            0 |            0 |            0 |           0 |           0 |           0 |           0 |           0 |           0 |
|          CAS_COUNT_RD          | MBOX6C0 |            0 |            0 |            0 |            0 |            0 |            0 |           0 |           0 |           0 |           0 |           0 |           0 |            0 |            0 |            0 |            0 |            0 |            0 |           0 |           0 |           0 |           0 |           0 |           0 |
|          CAS_COUNT_WR          | MBOX6C1 |            0 |            0 |            0 |            0 |            0 |            0 |           0 |           0 |           0 |           0 |           0 |           0 |            0 |            0 |            0 |            0 |            0 |            0 |           0 |           0 |           0 |           0 |           0 |           0 |
|          CAS_COUNT_RD          | MBOX7C0 |            0 |            0 |            0 |            0 |            0 |            0 |           0 |           0 |           0 |           0 |           0 |           0 |            0 |            0 |            0 |            0 |            0 |            0 |           0 |           0 |           0 |           0 |           0 |           0 |
|          CAS_COUNT_WR          | MBOX7C1 |            0 |            0 |            0 |            0 |            0 |            0 |           0 |           0 |           0 |           0 |           0 |           0 |            0 |            0 |            0 |            0 |            0 |            0 |           0 |           0 |           0 |           0 |           0 |           0 |
+--------------------------------+---------+--------------+--------------+--------------+--------------+--------------+--------------+-------------+-------------+-------------+-------------+-------------+-------------+--------------+--------------+--------------+--------------+--------------+--------------+-------------+-------------+-------------+-------------+-------------+-------------+
+-------------------------------------+---------+---------------+-------------+--------------+--------------+
|                Event                | Counter |      Sum      |     Min     |      Max     |      Avg     |
+-------------------------------------+---------+---------------+-------------+--------------+--------------+
|        INSTR_RETIRED_ANY STAT       |  FIXC0  | 3015118930195 | 72219187429 | 214357129610 | 1.256300e+11 |
|      CPU_CLK_UNHALTED_CORE STAT     |  FIXC1  | 2163855674073 | 72815523881 |  98910501912 | 9.016065e+10 |
|      CPU_CLK_UNHALTED_REF STAT      |  FIXC2  | 2165920499339 | 73025239223 |  98917504288 | 9.024669e+10 |
|           FIXC1/FIXC0 STAT          |   CPI   |             0 |           0 |            0 |            0 |
|  OFFCORE_RESPONSE_0_LOCAL_DRAM STAT |   PMC0  |   21927219615 |   146840007 |   1478358514 | 9.136342e+08 |
| OFFCORE_RESPONSE_1_REMOTE_DRAM STAT |   PMC1  |    1370831302 |     3516819 |    272832634 | 5.711797e+07 |
|  MEM_LOAD_UOPS_RETIRED_L3_ALL STAT  |   PMC2  |   82817992153 |    83316509 |   6847082959 | 3.450750e+09 |
|  MEM_LOAD_UOPS_RETIRED_L3_MISS STAT |   PMC3  |    8739537153 |    43366255 |    689853251 | 3.641474e+08 |
|      L2_TRANS_ALL_REQUESTS STAT     |   PMC4  |  276498503718 |  3951624873 |  18692068540 | 1.152077e+10 |
|          L2_RQSTS_MISS STAT         |   PMC5  |  105615295937 |   854090545 |   7886662917 | 4.400637e+09 |
|        UOPS_RETIRED_ALL STAT        |   PMC6  | 4020738765478 | 78835992251 | 306285400914 | 1.675308e+11 |
|            TEMP_CORE STAT           |   TMP0  |          1054 |          41 |           47 |      43.9167 |
|         PWR_PKG_ENERGY STAT         |   PWR0  |     7135.3690 |           0 |    3706.2236 |     297.3070 |
|         PWR_PP0_ENERGY STAT         |   PWR1  |             0 |           0 |            0 |            0 |
|         PWR_DRAM_ENERGY STAT        |   PWR3  |     1213.2510 |           0 |     616.7698 |      50.5521 |
|          CAS_COUNT_RD STAT          | MBOX0C0 |    5900961978 |           0 |   3002904744 | 2.458734e+08 |
|          CAS_COUNT_WR STAT          | MBOX0C1 |    1426396035 |           0 |    742787890 | 5.943317e+07 |
|          CAS_COUNT_RD STAT          | MBOX1C0 |    5896231633 |           0 |   3000513301 | 2.456763e+08 |
|          CAS_COUNT_WR STAT          | MBOX1C1 |    1421621697 |           0 |    740373066 | 5.923424e+07 |
|          CAS_COUNT_RD STAT          | MBOX2C0 |             0 |           0 |            0 |            0 |
|          CAS_COUNT_WR STAT          | MBOX2C1 |             0 |           0 |            0 |            0 |
|          CAS_COUNT_RD STAT          | MBOX3C0 |             0 |           0 |            0 |            0 |
|          CAS_COUNT_WR STAT          | MBOX3C1 |             0 |           0 |            0 |            0 |
|          CAS_COUNT_RD STAT          | MBOX4C0 |    5901911258 |           0 |   3003935860 | 2.459130e+08 |
|          CAS_COUNT_WR STAT          | MBOX4C1 |    1427143456 |           0 |    743550695 | 5.946431e+07 |
|          CAS_COUNT_RD STAT          | MBOX5C0 |    5897877193 |           0 |   3002213122 | 2.457449e+08 |
|          CAS_COUNT_WR STAT          | MBOX5C1 |    1422810824 |           0 |    741532901 | 5.928378e+07 |
|          CAS_COUNT_RD STAT          | MBOX6C0 |             0 |           0 |            0 |            0 |
|          CAS_COUNT_WR STAT          | MBOX6C1 |             0 |           0 |            0 |            0 |
|          CAS_COUNT_RD STAT          | MBOX7C0 |             0 |           0 |            0 |            0 |
|          CAS_COUNT_WR STAT          | MBOX7C1 |             0 |           0 |            0 |            0 |
+-------------------------------------+---------+---------------+-------------+--------------+--------------+
+-----------------------------------+------------+-----------+-----------+-----------+-----------+-----------+-----------+-----------+-----------+-----------+-----------+-----------+------------+-----------+-----------+-----------+-----------+-----------+-----------+-----------+-----------+-----------+-----------+-----------+
|               Metric              |   Core 0   |   Core 1  |   Core 2  |   Core 3  |   Core 4  |   Core 5  |   Core 6  |   Core 7  |   Core 8  |   Core 9  |  Core 10  |  Core 11  |   Core 12  |  Core 13  |  Core 14  |  Core 15  |  Core 16  |  Core 17  |  Core 18  |  Core 19  |  Core 20  |  Core 21  |  Core 22  |  Core 23  |
+-----------------------------------+------------+-----------+-----------+-----------+-----------+-----------+-----------+-----------+-----------+-----------+-----------+-----------+------------+-----------+-----------+-----------+-----------+-----------+-----------+-----------+-----------+-----------+-----------+-----------+
|        Runtime (RDTSC) [s]        |    43.4447 |   43.4447 |   43.4447 |   43.4447 |   43.4447 |   43.4447 |   43.4447 |   43.4447 |   43.4447 |   43.4447 |   43.4447 |   43.4447 |    43.4447 |   43.4447 |   43.4447 |   43.4447 |   43.4447 |   43.4447 |   43.4447 |   43.4447 |   43.4447 |   43.4447 |   43.4447 |   43.4447 |
|        Runtime unhalted [s]       |    42.1586 |   42.0854 |   42.1836 |   42.3915 |   32.3349 |   32.8903 |   42.9227 |   42.9469 |   42.9525 |   42.9551 |   42.9630 |   43.0045 |    31.6734 |   31.6592 |   31.7693 |   31.8421 |   31.9368 |   32.2041 |   42.9639 |   42.9828 |   42.9961 |   43.0049 |   42.9958 |   42.9961 |
|            Clock [MHz]            |  2299.0868 | 2297.1913 | 2297.1990 | 2297.2127 | 2293.6949 | 2294.3222 | 2299.9524 | 2299.9335 | 2299.9385 | 2299.9398 | 2299.9400 | 2299.8009 |  2293.4226 | 2293.3784 | 2293.0747 | 2293.2239 | 2293.6023 | 2293.6340 | 2299.9318 | 2299.9783 | 2299.9793 | 2299.9799 | 2299.9804 | 2299.9809 |
|                CPI                |     0.4523 |    0.4521 |    0.4531 |    0.4554 |    0.4631 |    0.4711 |    1.3393 |    1.3404 |    1.3584 |    1.3590 |    1.3585 |    1.3645 |     0.4537 |    0.4535 |    0.4551 |    0.4562 |    0.4575 |    0.4614 |    1.3614 |    1.3475 |    1.3668 |    1.3583 |    1.3623 |    1.3693 |
|   Local DRAM data volume [GByte]  |    32.9207 |   32.1377 |   31.0075 |   28.8787 |   16.9656 |    9.3978 |   94.0730 |   94.2887 |   94.6149 |   93.9720 |   93.9216 |   93.5340 |    23.7417 |   23.5177 |   22.3090 |   22.0472 |   21.0538 |   15.8409 |   89.3589 |   93.9970 |   93.8702 |   94.3767 |   93.8756 |   93.6412 |
|   Local DRAM bandwidth [MByte/s]  |   757.7598 |  739.7382 |  713.7229 |  664.7234 |  390.5089 |  216.3153 | 2165.3481 | 2170.3147 | 2177.8231 | 2163.0230 | 2161.8637 | 2152.9422 |   546.4796 |  541.3255 |  513.5035 |  507.4761 |  484.6105 |  364.6225 | 2056.8405 | 2163.5996 | 2160.6808 | 2172.3388 | 2160.8056 | 2155.4090 |
|  Remote DRAM data volume [GByte]  |     2.9716 |    3.7382 |    4.8649 |    6.9693 |    9.9244 |   17.4613 |    0.3536 |    0.2294 |    0.2254 |    0.2353 |    0.2251 |    1.0485 |     3.1076 |    3.3267 |    4.5336 |    4.7879 |    5.7690 |   10.9740 |    4.9821 |    0.3419 |    0.3964 |    0.3982 |    0.4063 |    0.4625 |
|  Remote DRAM bandwidth [MByte/s]  |    68.4001 |   86.0446 |  111.9786 |  160.4166 |  228.4381 |  401.9196 |    8.1382 |    5.2793 |    5.1875 |    5.4155 |    5.1808 |   24.1348 |    71.5300 |   76.5743 |  104.3524 |  110.2076 |  132.7902 |  252.5972 |  114.6761 |    7.8706 |    9.1231 |    9.1658 |    9.3532 |   10.6467 |
|     Memory data volume [GByte]    |    35.8923 |   35.8759 |   35.8724 |   35.8480 |   26.8900 |   26.8590 |   94.4265 |   94.5181 |   94.8403 |   94.2072 |   94.1467 |   94.5825 |    26.8493 |   26.8445 |   26.8426 |   26.8351 |   26.8228 |   26.8149 |   94.3410 |   94.3389 |   94.2666 |   94.7749 |   94.2820 |   94.1037 |
|     Memory bandwidth [MByte/s]    |   826.1599 |  825.7829 |  825.7015 |  825.1400 |  618.9470 |  618.2348 | 2173.4863 | 2175.5940 | 2183.0106 | 2168.4385 | 2167.0445 | 2177.0770 |   618.0096 |  617.8997 |  617.8559 |  617.6837 |  617.4006 |  617.2196 | 2171.5166 | 2171.4702 | 2169.8040 | 2181.5046 | 2170.1589 | 2166.0557 |
|          L3 request rate          |     1.9222 |    1.9153 |    1.9166 |    1.9272 |    1.9204 |    1.9328 |   10.1138 |   10.0937 |   10.0055 |    9.9477 |    9.9520 |    9.8886 |     1.9240 |    1.9212 |    1.9247 |    1.9324 |    1.9212 |    1.9284 |   10.2053 |   10.1064 |   10.0316 |    9.9897 |    9.9605 |    9.8880 |
|            L3 miss rate           |     0.4193 |    0.5332 |    0.6939 |    0.9844 |    1.8129 |    3.1761 |    0.0008 |    0.0005 |    0.0005 |    0.0005 |    0.0005 |    0.0024 |     0.5775 |    0.6239 |    0.8457 |    0.8782 |    1.0492 |    2.0441 |    0.0115 |    0.0008 |    0.0009 |    0.0009 |    0.0009 |    0.0011 |
|           L3 miss ratio           |     0.0903 |    0.1163 |    0.1569 |    0.2413 |    0.5850 |    1.8580 |    0.0038 |    0.0024 |    0.0024 |    0.0025 |    0.0024 |    0.0112 |     0.1309 |    0.1415 |    0.2032 |    0.2172 |    0.2740 |    0.6928 |    0.0558 |    0.0036 |    0.0042 |    0.0042 |    0.0043 |    0.0049 |
|          L2 request rate          |     0.0253 |    0.0249 |    0.0249 |    0.0249 |    0.0248 |    0.0250 |    0.2524 |    0.2528 |    0.2570 |    0.2554 |    0.2550 |    0.2571 |     0.0247 |    0.0248 |    0.0248 |    0.0246 |    0.0246 |    0.0250 |    0.2562 |    0.2535 |    0.2568 |    0.2565 |    0.2559 |    0.2568 |
|            L2 miss rate           |     0.0054 |    0.0053 |    0.0053 |    0.0053 |    0.0053 |    0.0053 |    0.1065 |    0.1066 |    0.1084 |    0.1077 |    0.1076 |    0.1085 |     0.0053 |    0.0053 |    0.0053 |    0.0053 |    0.0053 |    0.0053 |    0.1080 |    0.1069 |    0.1084 |    0.1083 |    0.1080 |    0.1084 |
|           L2 miss ratio           |     0.2148 |    0.2141 |    0.2140 |    0.2140 |    0.2145 |    0.2136 |    0.4218 |    0.4218 |    0.4219 |    0.4219 |    0.4220 |    0.4218 |     0.2153 |    0.2149 |    0.2150 |    0.2165 |    0.2159 |    0.2133 |    0.4217 |    0.4217 |    0.4220 |    0.4222 |    0.4220 |    0.4220 |
|  Memory read bandwidth [MBytes/s] | 17691.7247 |         0 |         0 |         0 |         0 |         0 |         0 |         0 |         0 |         0 |         0 |         0 | 17069.8375 |         0 |         0 |         0 |         0 |         0 |         0 |         0 |         0 |         0 |         0 |         0 |
|  Memory read data volume [GBytes] |   768.6123 |         0 |         0 |         0 |         0 |         0 |         0 |         0 |         0 |         0 |         0 |         0 |   741.5946 |         0 |         0 |         0 |         0 |         0 |         0 |         0 |         0 |         0 |         0 |         0 |
| Memory write bandwidth [MBytes/s] |  4372.6277 |         0 |         0 |         0 |         0 |         0 |         0 |         0 |         0 |         0 |         0 |         0 |  4021.2596 |         0 |         0 |         0 |         0 |         0 |         0 |         0 |         0 |         0 |         0 |         0 |
| Memory write data volume [GBytes] |   189.9677 |         0 |         0 |         0 |         0 |         0 |         0 |         0 |         0 |         0 |         0 |         0 |   174.7026 |         0 |         0 |         0 |         0 |         0 |         0 |         0 |         0 |         0 |         0 |         0 |
|    Memory bandwidth [MBytes/s]    | 22064.3525 |         0 |         0 |         0 |         0 |         0 |         0 |         0 |         0 |         0 |         0 |         0 | 21091.0971 |         0 |         0 |         0 |         0 |         0 |         0 |         0 |         0 |         0 |         0 |         0 |
|    Memory data volume [GBytes]    |   958.5799 |         0 |         0 |         0 |         0 |         0 |         0 |         0 |         0 |         0 |         0 |         0 |   916.2971 |         0 |         0 |         0 |         0 |         0 |         0 |         0 |         0 |         0 |         0 |         0 |
|          Temperature [C]          |         45 |        43 |        43 |        44 |        44 |        41 |        45 |        45 |        43 |        43 |        43 |        41 |         43 |        45 |        47 |        46 |        45 |        43 |        46 |        44 |        43 |        46 |        43 |        43 |
|             Energy [J]            |  3706.2236 |         0 |         0 |         0 |         0 |         0 |         0 |         0 |         0 |         0 |         0 |         0 |  3429.1454 |         0 |         0 |         0 |         0 |         0 |         0 |         0 |         0 |         0 |         0 |         0 |
|             Power [W]             |    85.3089 |         0 |         0 |         0 |         0 |         0 |         0 |         0 |         0 |         0 |         0 |         0 |    78.9312 |         0 |         0 |         0 |         0 |         0 |         0 |         0 |         0 |         0 |         0 |         0 |
|           Energy PP0 [J]          |          0 |         0 |         0 |         0 |         0 |         0 |         0 |         0 |         0 |         0 |         0 |         0 |          0 |         0 |         0 |         0 |         0 |         0 |         0 |         0 |         0 |         0 |         0 |         0 |
|           Power PP0 [W]           |          0 |         0 |         0 |         0 |         0 |         0 |         0 |         0 |         0 |         0 |         0 |         0 |          0 |         0 |         0 |         0 |         0 |         0 |         0 |         0 |         0 |         0 |         0 |         0 |
|          Energy DRAM [J]          |   596.4812 |         0 |         0 |         0 |         0 |         0 |         0 |         0 |         0 |         0 |         0 |         0 |   616.7698 |         0 |         0 |         0 |         0 |         0 |         0 |         0 |         0 |         0 |         0 |         0 |
|           Power DRAM [W]          |    13.7297 |         0 |         0 |         0 |         0 |         0 |         0 |         0 |         0 |         0 |         0 |         0 |    14.1967 |         0 |         0 |         0 |         0 |         0 |         0 |         0 |         0 |         0 |         0 |         0 |
+-----------------------------------+------------+-----------+-----------+-----------+-----------+-----------+-----------+-----------+-----------+-----------+-----------+-----------+------------+-----------+-----------+-----------+-----------+-----------+-----------+-----------+-----------+-----------+-----------+-----------+
+----------------------------------------+------------+-----------+------------+-----------+
|                 Metric                 |     Sum    |    Min    |     Max    |    Avg    |
+----------------------------------------+------------+-----------+------------+-----------+
|        Runtime (RDTSC) [s] STAT        |  1042.6728 |   43.4447 |    43.4447 |   43.4447 |
|        Runtime unhalted [s] STAT       |   940.8135 |   31.6592 |    43.0049 |   39.2006 |
|            Clock [MHz] STAT            | 55138.3785 | 2293.0747 |  2299.9809 | 2297.4324 |
|                CPI STAT                |    21.7702 |    0.4521 |     1.3693 |    0.9071 |
|   Local DRAM data volume [GByte] STAT  |  1403.3421 |    9.3978 |    94.6149 |   58.4726 |
|   Local DRAM bandwidth [MByte/s] STAT  | 32301.7753 |  216.3153 |  2177.8231 | 1345.9073 |
|  Remote DRAM data volume [GByte] STAT  |    87.7332 |    0.2251 |    17.4613 |    3.6556 |
|  Remote DRAM bandwidth [MByte/s] STAT  |  2019.4209 |    5.1808 |   401.9196 |   84.1425 |
|     Memory data volume [GByte] STAT    |  1491.0752 |   26.8149 |    94.8403 |   62.1281 |
|     Memory bandwidth [MByte/s] STAT    | 34321.1961 |  617.2196 |  2183.0106 | 1430.0498 |
|          L3 request rate STAT          |   143.2692 |    1.9153 |    10.2053 |    5.9695 |
|            L3 miss rate STAT           |    13.6597 |    0.0005 |     3.1761 |    0.5692 |
|           L3 miss ratio STAT           |     4.8091 |    0.0024 |     1.8580 |    0.2004 |
|          L2 request rate STAT          |     3.3637 |    0.0246 |     0.2571 |    0.1402 |
|            L2 miss rate STAT           |     1.3570 |    0.0053 |     0.1085 |    0.0565 |
|           L2 miss ratio STAT           |     7.6387 |    0.2133 |     0.4222 |    0.3183 |
|  Memory read bandwidth [MBytes/s] STAT | 34761.5622 |         0 | 17691.7247 | 1448.3984 |
|  Memory read data volume [GBytes] STAT |  1510.2069 |         0 |   768.6123 |   62.9253 |
| Memory write bandwidth [MBytes/s] STAT |  8393.8873 |         0 |  4372.6277 |  349.7453 |
| Memory write data volume [GBytes] STAT |   364.6703 |         0 |   189.9677 |   15.1946 |
|    Memory bandwidth [MBytes/s] STAT    | 43155.4496 |         0 | 22064.3525 | 1798.1437 |
|    Memory data volume [GBytes] STAT    |  1874.8770 |         0 |   958.5799 |   78.1199 |
|          Temperature [C] STAT          |       1054 |        41 |         47 |   43.9167 |
|             Energy [J] STAT            |  7135.3690 |         0 |  3706.2236 |  297.3070 |
|             Power [W] STAT             |   164.2401 |         0 |    85.3089 |    6.8433 |
|           Energy PP0 [J] STAT          |          0 |         0 |          0 |         0 |
|           Power PP0 [W] STAT           |          0 |         0 |          0 |         0 |
|          Energy DRAM [J] STAT          |  1213.2510 |         0 |   616.7698 |   50.5521 |
|           Power DRAM [W] STAT          |    27.9264 |         0 |    14.1967 |    1.1636 |
+----------------------------------------+------------+-----------+------------+-----------+
