--------------------------------------------------------------------------------
CPU name:	Intel(R) Xeon(R) CPU E5-2670 v3 @ 2.30GHz
CPU type:	Intel Xeon Haswell EN/EP/EX processor
CPU clock:	2.30 GHz
--------------------------------------------------------------------------------
Group 1: POWERPERF
+--------------------------------+---------+-------------+-------------+-------------+-------------+-------------+-------------+-------------+---------+--------+--------+---------+---------+-------------+-------------+-------------+-------------+-------------+-------------+---------+---------+---------+---------+---------+---------+
|              Event             | Counter |    Core 0   |    Core 1   |    Core 2   |    Core 3   |    Core 4   |    Core 5   |    Core 6   |  Core 7 | Core 8 | Core 9 | Core 10 | Core 11 |   Core 12   |   Core 13   |   Core 14   |   Core 15   |   Core 16   |   Core 17   | Core 18 | Core 19 | Core 20 | Core 21 | Core 22 | Core 23 |
+--------------------------------+---------+-------------+-------------+-------------+-------------+-------------+-------------+-------------+---------+--------+--------+---------+---------+-------------+-------------+-------------+-------------+-------------+-------------+---------+---------+---------+---------+---------+---------+
|        INSTR_RETIRED_ANY       |  FIXC0  | 28103746457 | 27943878138 | 28022184833 | 27942197257 | 28031845955 | 28264108713 | 22357670023 |  822821 | 189002 |    672 |   31598 |       0 | 27467543112 | 27487405876 | 27474797254 | 27418485966 | 27626497588 | 27619747409 | 5060894 |   21235 |       0 |       0 |       0 |  109196 |
|      CPU_CLK_UNHALTED_CORE     |  FIXC1  | 11932305371 | 11934506696 | 11940838977 | 11941883662 | 11943814845 | 11945879077 | 11313192360 | 1655195 | 189041 |   8804 |   61778 |       0 | 11918623589 | 11922853650 | 11922862795 | 11924759612 | 11921521299 | 11928186069 | 4637661 |  122080 |       0 |       0 |       0 |  288246 |
|      CPU_CLK_UNHALTED_REF      |  FIXC2  | 22870236898 | 22874469289 | 22886613358 | 22888597062 | 22892318784 | 22896277176 | 21683610617 | 3172689 | 362296 |  16859 |  118496 |       0 | 22844026834 | 22852136772 | 22852170582 | 22855789632 | 22849563946 | 22862336674 | 8888718 |  234002 |       0 |       0 |       0 |  552828 |
|           FIXC1/FIXC0          |   CPI   |           0 |           0 |           0 |           0 |           0 |           0 |           0 |       0 |      0 |      0 |       0 |       0 |           0 |           0 |           0 |           0 |           0 |           0 |       0 |       0 |       0 |       0 |       0 |       0 |
|  OFFCORE_RESPONSE_0_LOCAL_DRAM |   PMC0  |    54571346 |    52816223 |    53856069 |    54675263 |    54927714 |    54371691 |     6413507 |   11957 |   1096 |      1 |     279 |       0 |    29169881 |    27918445 |    29328556 |    28142695 |    28112216 |    29387331 |    1913 |     408 |       0 |       0 |       0 |    1063 |
| OFFCORE_RESPONSE_1_REMOTE_DRAM |   PMC1  |     8424029 |     9677187 |     8937052 |     8004750 |     7680400 |     8804506 |       19155 |   14085 |    258 |      9 |     365 |       0 |    28862632 |    30144318 |    28771924 |    29998790 |    30194011 |    28765531 |  114170 |    1637 |       0 |       0 |       0 |     759 |
|  MEM_LOAD_UOPS_RETIRED_L3_ALL  |   PMC2  |    36872628 |    36499956 |    36752713 |    36531695 |    36687854 |    37101152 |       61076 |    3855 |    148 |     23 |      60 |       0 |    35916934 |    35962259 |    35894194 |    35740466 |    36246171 |    36330270 |    2697 |     197 |       0 |       0 |       0 |     595 |
|  MEM_LOAD_UOPS_RETIRED_L3_MISS |   PMC3  |    13467799 |    13302040 |    13476086 |    13346644 |    13321600 |    13468500 |       36585 |    3554 |    114 |     12 |      60 |       0 |    12480050 |    12487928 |    12441155 |    12370392 |    12511423 |    12590258 |     908 |     174 |       0 |       0 |       0 |     506 |
|      L2_TRANS_ALL_REQUESTS     |   PMC4  |   650497617 |   646547755 |   648811816 |   646704861 |   636327100 |   642452843 |    92100389 |   87598 |   5629 |    664 |    1428 |       0 |   631625821 |   632018838 |   631381422 |   630041676 |   624371359 |   623496674 |  644033 |    6611 |       0 |       0 |       0 |   21294 |
|          L2_RQSTS_MISS         |   PMC5  |   195741369 |   194515570 |   195263840 |   194608280 |   194896703 |   196876799 |     9456331 |   27533 |   2013 |    336 |     653 |       0 |   191448659 |   191509194 |   191275810 |   190909209 |   192472020 |   192210580 |  198691 |    2650 |       0 |       0 |       0 |    2089 |
|        UOPS_RETIRED_ALL        |   PMC6  | 30355756172 | 30218612644 | 30283645982 | 30214958000 | 30336398412 | 30538179709 | 35429450237 |  974667 | 218026 |   1157 |   33718 |       0 | 29695869103 | 29713115746 | 29705111577 | 29654200127 | 29862703338 | 29866998820 | 7689563 |   26036 |       0 |       0 |       0 |  177613 |
|            TEMP_CORE           |   TMP0  |          31 |          27 |          32 |          32 |          32 |          27 |          28 |      29 |     29 |     27 |      27 |      25 |          29 |          31 |          32 |          33 |          30 |          28 |      28 |      28 |      26 |      29 |      28 |      27 |
|         PWR_PKG_ENERGY         |   PWR0  |    333.3572 |           0 |           0 |           0 |           0 |           0 |           0 |       0 |      0 |      0 |       0 |       0 |    338.2155 |           0 |           0 |           0 |           0 |           0 |       0 |       0 |       0 |       0 |       0 |       0 |
|         PWR_PP0_ENERGY         |   PWR1  |           0 |           0 |           0 |           0 |           0 |           0 |           0 |       0 |      0 |      0 |       0 |       0 |           0 |           0 |           0 |           0 |           0 |           0 |       0 |       0 |       0 |       0 |       0 |       0 |
|         PWR_DRAM_ENERGY        |   PWR3  |     92.7749 |           0 |           0 |           0 |           0 |           0 |           0 |       0 |      0 |      0 |       0 |       0 |     81.8821 |           0 |           0 |           0 |           0 |           0 |       0 |       0 |       0 |       0 |       0 |       0 |
|          CAS_COUNT_RD          | MBOX0C0 |   188265504 |           0 |           0 |           0 |           0 |           0 |           0 |       0 |      0 |      0 |       0 |       0 |    70957863 |           0 |           0 |           0 |           0 |           0 |       0 |       0 |       0 |       0 |       0 |       0 |
|          CAS_COUNT_WR          | MBOX0C1 |    55786094 |           0 |           0 |           0 |           0 |           0 |           0 |       0 |      0 |      0 |       0 |       0 |    33989541 |           0 |           0 |           0 |           0 |           0 |       0 |       0 |       0 |       0 |       0 |       0 |
|          CAS_COUNT_RD          | MBOX1C0 |   188800680 |           0 |           0 |           0 |           0 |           0 |           0 |       0 |      0 |      0 |       0 |       0 |    71554345 |           0 |           0 |           0 |           0 |           0 |       0 |       0 |       0 |       0 |       0 |       0 |
|          CAS_COUNT_WR          | MBOX1C1 |    56275736 |           0 |           0 |           0 |           0 |           0 |           0 |       0 |      0 |      0 |       0 |       0 |    34525110 |           0 |           0 |           0 |           0 |           0 |       0 |       0 |       0 |       0 |       0 |       0 |
|          CAS_COUNT_RD          | MBOX2C0 |           0 |           0 |           0 |           0 |           0 |           0 |           0 |       0 |      0 |      0 |       0 |       0 |           0 |           0 |           0 |           0 |           0 |           0 |       0 |       0 |       0 |       0 |       0 |       0 |
|          CAS_COUNT_WR          | MBOX2C1 |           0 |           0 |           0 |           0 |           0 |           0 |           0 |       0 |      0 |      0 |       0 |       0 |           0 |           0 |           0 |           0 |           0 |           0 |       0 |       0 |       0 |       0 |       0 |       0 |
|          CAS_COUNT_RD          | MBOX3C0 |           0 |           0 |           0 |           0 |           0 |           0 |           0 |       0 |      0 |      0 |       0 |       0 |           0 |           0 |           0 |           0 |           0 |           0 |       0 |       0 |       0 |       0 |       0 |       0 |
|          CAS_COUNT_WR          | MBOX3C1 |           0 |           0 |           0 |           0 |           0 |           0 |           0 |       0 |      0 |      0 |       0 |       0 |           0 |           0 |           0 |           0 |           0 |           0 |       0 |       0 |       0 |       0 |       0 |       0 |
|          CAS_COUNT_RD          | MBOX4C0 |   188370947 |           0 |           0 |           0 |           0 |           0 |           0 |       0 |      0 |      0 |       0 |       0 |    71089787 |           0 |           0 |           0 |           0 |           0 |       0 |       0 |       0 |       0 |       0 |       0 |
|          CAS_COUNT_WR          | MBOX4C1 |    55759470 |           0 |           0 |           0 |           0 |           0 |           0 |       0 |      0 |      0 |       0 |       0 |    34084959 |           0 |           0 |           0 |           0 |           0 |       0 |       0 |       0 |       0 |       0 |       0 |
|          CAS_COUNT_RD          | MBOX5C0 |   188929547 |           0 |           0 |           0 |           0 |           0 |           0 |       0 |      0 |      0 |       0 |       0 |    71501296 |           0 |           0 |           0 |           0 |           0 |       0 |       0 |       0 |       0 |       0 |       0 |
|          CAS_COUNT_WR          | MBOX5C1 |    56368224 |           0 |           0 |           0 |           0 |           0 |           0 |       0 |      0 |      0 |       0 |       0 |    34533971 |           0 |           0 |           0 |           0 |           0 |       0 |       0 |       0 |       0 |       0 |       0 |
|          CAS_COUNT_RD          | MBOX6C0 |           0 |           0 |           0 |           0 |           0 |           0 |           0 |       0 |      0 |      0 |       0 |       0 |           0 |           0 |           0 |           0 |           0 |           0 |       0 |       0 |       0 |       0 |       0 |       0 |
|          CAS_COUNT_WR          | MBOX6C1 |           0 |           0 |           0 |           0 |           0 |           0 |           0 |       0 |      0 |      0 |       0 |       0 |           0 |           0 |           0 |           0 |           0 |           0 |       0 |       0 |       0 |       0 |       0 |       0 |
|          CAS_COUNT_RD          | MBOX7C0 |           0 |           0 |           0 |           0 |           0 |           0 |           0 |       0 |      0 |      0 |       0 |       0 |           0 |           0 |           0 |           0 |           0 |           0 |       0 |       0 |       0 |       0 |       0 |       0 |
|          CAS_COUNT_WR          | MBOX7C1 |           0 |           0 |           0 |           0 |           0 |           0 |           0 |       0 |      0 |      0 |       0 |       0 |           0 |           0 |           0 |           0 |           0 |           0 |       0 |       0 |       0 |       0 |       0 |       0 |
+--------------------------------+---------+-------------+-------------+-------------+-------------+-------------+-------------+-------------+---------+--------+--------+---------+---------+-------------+-------------+-------------+-------------+-------------+-------------+---------+---------+---------+---------+---------+---------+
+-------------------------------------+---------+--------------+-----+-------------+--------------+
|                Event                | Counter |      Sum     | Min |     Max     |      Avg     |
+-------------------------------------+---------+--------------+-----+-------------+--------------+
|        INSTR_RETIRED_ANY STAT       |  FIXC0  | 355766343999 |   0 | 28264108713 | 1.482360e+10 |
|      CPU_CLK_UNHALTED_CORE STAT     |  FIXC1  | 154498190807 |   0 | 11945879077 | 6.437425e+09 |
|      CPU_CLK_UNHALTED_REF STAT      |  FIXC2  | 296121493512 |   0 | 22896277176 |  12338395563 |
|           FIXC1/FIXC0 STAT          |   CPI   |            0 |   0 |           0 |            0 |
|  OFFCORE_RESPONSE_0_LOCAL_DRAM STAT |   PMC0  |    503707654 |   0 |    54927714 | 2.098782e+07 |
| OFFCORE_RESPONSE_1_REMOTE_DRAM STAT |   PMC1  |    228415568 |   0 |    30194011 | 9.517315e+06 |
|  MEM_LOAD_UOPS_RETIRED_L3_ALL STAT  |   PMC2  |    436604943 |   0 |    37101152 | 1.819187e+07 |
|  MEM_LOAD_UOPS_RETIRED_L3_MISS STAT |   PMC3  |    155305788 |   0 |    13476086 | 6.471074e+06 |
|      L2_TRANS_ALL_REQUESTS STAT     |   PMC4  |   7737145428 |   0 |   650497617 | 3.223811e+08 |
|          L2_RQSTS_MISS STAT         |   PMC5  |   2331418329 |   0 |   196876799 | 9.714243e+07 |
|        UOPS_RETIRED_ALL STAT        |   PMC6  | 395884120647 |   0 | 35429450237 | 1.649517e+10 |
|            TEMP_CORE STAT           |   TMP0  |          695 |  25 |          33 |      28.9583 |
|         PWR_PKG_ENERGY STAT         |   PWR0  |     671.5727 |   0 |    338.2155 |      27.9822 |
|         PWR_PP0_ENERGY STAT         |   PWR1  |            0 |   0 |           0 |            0 |
|         PWR_DRAM_ENERGY STAT        |   PWR3  |     174.6570 |   0 |     92.7749 |       7.2774 |
|          CAS_COUNT_RD STAT          | MBOX0C0 |    259223367 |   0 |   188265504 | 1.080097e+07 |
|          CAS_COUNT_WR STAT          | MBOX0C1 |     89775635 |   0 |    55786094 | 3.740651e+06 |
|          CAS_COUNT_RD STAT          | MBOX1C0 |    260355025 |   0 |   188800680 | 1.084813e+07 |
|          CAS_COUNT_WR STAT          | MBOX1C1 |     90800846 |   0 |    56275736 | 3.783369e+06 |
|          CAS_COUNT_RD STAT          | MBOX2C0 |            0 |   0 |           0 |            0 |
|          CAS_COUNT_WR STAT          | MBOX2C1 |            0 |   0 |           0 |            0 |
|          CAS_COUNT_RD STAT          | MBOX3C0 |            0 |   0 |           0 |            0 |
|          CAS_COUNT_WR STAT          | MBOX3C1 |            0 |   0 |           0 |            0 |
|          CAS_COUNT_RD STAT          | MBOX4C0 |    259460734 |   0 |   188370947 | 1.081086e+07 |
|          CAS_COUNT_WR STAT          | MBOX4C1 |     89844429 |   0 |    55759470 | 3.743518e+06 |
|          CAS_COUNT_RD STAT          | MBOX5C0 |    260430843 |   0 |   188929547 | 1.085129e+07 |
|          CAS_COUNT_WR STAT          | MBOX5C1 |     90902195 |   0 |    56368224 | 3.787591e+06 |
|          CAS_COUNT_RD STAT          | MBOX6C0 |            0 |   0 |           0 |            0 |
|          CAS_COUNT_WR STAT          | MBOX6C1 |            0 |   0 |           0 |            0 |
|          CAS_COUNT_RD STAT          | MBOX7C0 |            0 |   0 |           0 |            0 |
|          CAS_COUNT_WR STAT          | MBOX7C1 |            0 |   0 |           0 |            0 |
+-------------------------------------+---------+--------------+-----+-------------+--------------+
+-----------------------------------+-----------+-----------+-----------+-----------+-----------+-----------+-----------+-----------+--------------+--------------+--------------+---------+-----------+-----------+-----------+-----------+-----------+-----------+-----------+--------------+---------+---------+---------+--------------+
|               Metric              |   Core 0  |   Core 1  |   Core 2  |   Core 3  |   Core 4  |   Core 5  |   Core 6  |   Core 7  |    Core 8    |    Core 9    |    Core 10   | Core 11 |  Core 12  |  Core 13  |  Core 14  |  Core 15  |  Core 16  |  Core 17  |  Core 18  |    Core 19   | Core 20 | Core 21 | Core 22 |    Core 23   |
+-----------------------------------+-----------+-----------+-----------+-----------+-----------+-----------+-----------+-----------+--------------+--------------+--------------+---------+-----------+-----------+-----------+-----------+-----------+-----------+-----------+--------------+---------+---------+---------+--------------+
|        Runtime (RDTSC) [s]        |   10.0008 |   10.0008 |   10.0008 |   10.0008 |   10.0008 |   10.0008 |   10.0008 |   10.0008 |      10.0008 |      10.0008 |      10.0008 | 10.0008 |   10.0008 |   10.0008 |   10.0008 |   10.0008 |   10.0008 |   10.0008 |   10.0008 |      10.0008 | 10.0008 | 10.0008 | 10.0008 |      10.0008 |
|        Runtime unhalted [s]       |    5.1880 |    5.1890 |    5.1917 |    5.1922 |    5.1930 |    5.1939 |    4.9188 |    0.0007 |       0.0001 | 3.827861e-06 | 2.686024e-05 |       0 |    5.1821 |    5.1839 |    5.1839 |    5.1847 |    5.1833 |    5.1862 |    0.0020 |       0.0001 |       0 |       0 |       0 |       0.0001 |
|            Clock [MHz]            | 1199.9899 | 1199.9892 | 1199.9888 | 1199.9898 | 1199.9887 | 1199.9886 | 1199.9895 | 1199.9014 |    1200.0970 |    1201.0805 |    1199.0962 |   nan   | 1199.9892 | 1199.9891 | 1199.9882 | 1199.9891 | 1199.9901 | 1199.9901 | 1200.0070 |    1199.9105 |   nan   |   nan   |   nan   |    1199.2153 |
|                CPI                |    0.4246 |    0.4271 |    0.4261 |    0.4274 |    0.4261 |    0.4227 |    0.5060 |    2.0116 |       1.0002 |      13.1012 |       1.9551 |   nan   |    0.4339 |    0.4338 |    0.4340 |    0.4349 |    0.4315 |    0.4319 |    0.9164 |       5.7490 |   nan   |   nan   |   nan   |       2.6397 |
|   Local DRAM data volume [GByte]  |    3.4926 |    3.3802 |    3.4468 |    3.4992 |    3.5154 |    3.4798 |    0.4105 |    0.0008 |       0.0001 | 6.400000e-08 | 1.785600e-05 |       0 |    1.8669 |    1.7868 |    1.8770 |    1.8011 |    1.7992 |    1.8808 |    0.0001 | 2.611200e-05 |       0 |       0 |       0 |       0.0001 |
|   Local DRAM bandwidth [MByte/s]  |  349.2295 |  337.9976 |  344.6521 |  349.8946 |  351.5101 |  347.9518 |   41.0433 |    0.0765 |       0.0070 | 6.399504e-06 |       0.0018 |       0 |  186.6728 |  178.6642 |  187.6882 |  180.0993 |  179.9042 |  188.0643 |    0.0122 |       0.0026 |       0 |       0 |       0 |       0.0068 |
|  Remote DRAM data volume [GByte]  |    0.5391 |    0.6193 |    0.5720 |    0.5123 |    0.4915 |    0.5635 |    0.0012 |    0.0009 | 1.651200e-05 | 5.760000e-07 | 2.336000e-05 |       0 |    1.8472 |    1.9292 |    1.8414 |    1.9199 |    1.9324 |    1.8410 |    0.0073 |       0.0001 |       0 |       0 |       0 | 4.857600e-05 |
|  Remote DRAM bandwidth [MByte/s]  |   53.9096 |   61.9292 |   57.1927 |   51.2264 |   49.1507 |   56.3445 |    0.1226 |    0.0901 |       0.0017 |       0.0001 |       0.0023 |       0 |  184.7065 |  192.9087 |  184.1260 |  191.9774 |  193.2267 |  184.0851 |    0.7306 |       0.0105 |       0 |       0 |       0 |       0.0049 |
|     Memory data volume [GByte]    |    4.0317 |    3.9996 |    4.0188 |    4.0115 |    4.0069 |    4.0433 |    0.4117 |    0.0017 |       0.0001 | 6.400000e-07 | 4.121600e-05 |       0 |    3.7141 |    3.7160 |    3.7184 |    3.7211 |    3.7316 |    3.7218 |    0.0074 |       0.0001 |       0 |       0 |       0 |       0.0001 |
|     Memory bandwidth [MByte/s]    |  403.1391 |  399.9268 |  401.8448 |  401.1210 |  400.6609 |  404.2963 |   41.1658 |    0.1667 |       0.0087 |       0.0001 |       0.0041 |       0 |  371.3793 |  371.5729 |  371.8142 |  372.0767 |  373.1309 |  372.1495 |    0.7429 |       0.0131 |       0 |       0 |       0 |       0.0117 |
|          L3 request rate          |    2.7378 |    2.7439 |    2.7273 |    2.7371 |    2.7540 |    2.7547 |    1.6694 |    1.0847 |       1.2982 |       1.9167 |            1 |   nan   |    2.8779 |    2.8798 |    2.8851 |    2.8892 |    2.8970 |    2.8856 |    2.9703 |       1.1322 |   nan   |   nan   |   nan   |       1.1759 |
|            L3 miss rate           |    0.2285 |    0.2651 |    0.2432 |    0.2191 |    0.2093 |    0.2373 |    0.3136 |    3.6537 |       1.7432 |       0.3913 |       6.0833 |   nan   |    0.8036 |    0.8382 |    0.8016 |    0.8394 |    0.8330 |    0.7918 |   42.3322 |       8.3096 |   nan   |   nan   |   nan   |       1.2756 |
|           L3 miss ratio           |    0.1544 |    0.1832 |    0.1659 |    0.1464 |    0.1398 |    0.1619 |    0.0030 |    1.1780 |       0.2354 |            9 |       1.3082 |   nan   |    0.9895 |    1.0797 |    0.9810 |    1.0660 |    1.0741 |    0.9788 |   59.6811 |       4.0123 |   nan   |   nan   |   nan   |       0.7140 |
|          L2 request rate          |    0.0231 |    0.0231 |    0.0232 |    0.0231 |    0.0227 |    0.0227 |    0.0041 |    0.1065 |       0.0298 |       0.9881 |       0.0452 |   nan   |    0.0230 |    0.0230 |    0.0230 |    0.0230 |    0.0226 |    0.0226 |    0.1273 |       0.3113 |   nan   |   nan   |   nan   |       0.1950 |
|            L2 miss rate           |    0.0070 |    0.0070 |    0.0070 |    0.0070 |    0.0070 |    0.0070 |    0.0004 |    0.0335 |       0.0107 |       0.5000 |       0.0207 |   nan   |    0.0070 |    0.0070 |    0.0070 |    0.0070 |    0.0070 |    0.0070 |    0.0393 |       0.1248 |   nan   |   nan   |   nan   |       0.0191 |
|           L2 miss ratio           |    0.3009 |    0.3009 |    0.3010 |    0.3009 |    0.3063 |    0.3064 |    0.1027 |    0.3143 |       0.3576 |       0.5060 |       0.4573 |   nan   |    0.3031 |    0.3030 |    0.3029 |    0.3030 |    0.3083 |    0.3083 |    0.3085 |       0.4008 |   nan   |   nan   |   nan   |       0.0981 |
|  Memory read bandwidth [MBytes/s] | 4827.5724 |         0 |         0 |         0 |         0 |         0 |         0 |         0 |            0 |            0 |            0 |       0 | 1824.5196 |         0 |         0 |         0 |         0 |         0 |         0 |            0 |       0 |       0 |       0 |            0 |
|  Memory read data volume [GBytes] |   48.2795 |         0 |         0 |         0 |         0 |         0 |         0 |         0 |            0 |            0 |            0 |       0 |   18.2466 |         0 |         0 |         0 |         0 |         0 |         0 |            0 |       0 |       0 |       0 |            0 |
| Memory write bandwidth [MBytes/s] | 1434.7017 |         0 |         0 |         0 |         0 |         0 |         0 |         0 |            0 |            0 |            0 |       0 |  877.5869 |         0 |         0 |         0 |         0 |         0 |         0 |            0 |       0 |       0 |       0 |            0 |
| Memory write data volume [GBytes] |   14.3481 |         0 |         0 |         0 |         0 |         0 |         0 |         0 |            0 |            0 |            0 |       0 |    8.7765 |         0 |         0 |         0 |         0 |         0 |         0 |            0 |       0 |       0 |       0 |            0 |
|    Memory bandwidth [MBytes/s]    | 6262.2741 |         0 |         0 |         0 |         0 |         0 |         0 |         0 |            0 |            0 |            0 |       0 | 2702.1064 |         0 |         0 |         0 |         0 |         0 |         0 |            0 |       0 |       0 |       0 |            0 |
|    Memory data volume [GBytes]    |   62.6276 |         0 |         0 |         0 |         0 |         0 |         0 |         0 |            0 |            0 |            0 |       0 |   27.0232 |         0 |         0 |         0 |         0 |         0 |         0 |            0 |       0 |       0 |       0 |            0 |
|          Temperature [C]          |        31 |        27 |        32 |        32 |        32 |        27 |        28 |        29 |           29 |           27 |           27 |      25 |        29 |        31 |        32 |        33 |        30 |        28 |        28 |           28 |      26 |      29 |      28 |           27 |
|             Energy [J]            |  333.3572 |         0 |         0 |         0 |         0 |         0 |         0 |         0 |            0 |            0 |            0 |       0 |  338.2155 |         0 |         0 |         0 |         0 |         0 |         0 |            0 |       0 |       0 |       0 |            0 |
|             Power [W]             |   33.3331 |         0 |         0 |         0 |         0 |         0 |         0 |         0 |            0 |            0 |            0 |       0 |   33.8189 |         0 |         0 |         0 |         0 |         0 |         0 |            0 |       0 |       0 |       0 |            0 |
|           Energy PP0 [J]          |         0 |         0 |         0 |         0 |         0 |         0 |         0 |         0 |            0 |            0 |            0 |       0 |         0 |         0 |         0 |         0 |         0 |         0 |         0 |            0 |       0 |       0 |       0 |            0 |
|           Power PP0 [W]           |         0 |         0 |         0 |         0 |         0 |         0 |         0 |         0 |            0 |            0 |            0 |       0 |         0 |         0 |         0 |         0 |         0 |         0 |         0 |            0 |       0 |       0 |       0 |            0 |
|          Energy DRAM [J]          |   92.7749 |         0 |         0 |         0 |         0 |         0 |         0 |         0 |            0 |            0 |            0 |       0 |   81.8821 |         0 |         0 |         0 |         0 |         0 |         0 |            0 |       0 |       0 |       0 |            0 |
|           Power DRAM [W]          |    9.2768 |         0 |         0 |         0 |         0 |         0 |         0 |         0 |            0 |            0 |            0 |       0 |    8.1876 |         0 |         0 |         0 |         0 |         0 |         0 |            0 |       0 |       0 |       0 |            0 |
+-----------------------------------+-----------+-----------+-----------+-----------+-----------+-----------+-----------+-----------+--------------+--------------+--------------+---------+-----------+-----------+-----------+-----------+-----------+-----------+-----------+--------------+---------+---------+---------+--------------+
+----------------------------------------+-----------+---------+-----------+----------+
|                 Metric                 |    Sum    |   Min   |    Max    |    Avg   |
+----------------------------------------+-----------+---------+-----------+----------+
|        Runtime (RDTSC) [s] STAT        |  240.0192 | 10.0008 |   10.0008 |  10.0008 |
|        Runtime unhalted [s] STAT       |   67.1737 |       0 |    5.1939 |   2.7989 |
|            Clock [MHz] STAT            | 1199.2153 |       0 | 1199.2153 |  49.9673 |
|                CPI STAT                |    2.6397 |       0 |    2.6397 |   0.1100 |
|   Local DRAM data volume [GByte] STAT  |   32.2374 |       0 |    3.5154 |   1.3432 |
|   Local DRAM bandwidth [MByte/s] STAT  | 3223.4789 |       0 |  351.5101 | 134.3116 |
|  Remote DRAM data volume [GByte] STAT  |   14.6184 |       0 |    1.9324 |   0.6091 |
|  Remote DRAM bandwidth [MByte/s] STAT  | 1461.7463 |       0 |  193.2267 |  60.9061 |
|     Memory data volume [GByte] STAT    |   46.8559 |       0 |    4.0433 |   1.9523 |
|     Memory bandwidth [MByte/s] STAT    | 4685.2255 |       0 |  404.2963 | 195.2177 |
|          L3 request rate STAT          |    1.1759 |       0 |    1.1759 |   0.0490 |
|            L3 miss rate STAT           |    1.2756 |       0 |    1.2756 |   0.0532 |
|           L3 miss ratio STAT           |    0.7140 |       0 |    0.7140 |   0.0297 |
|          L2 request rate STAT          |    0.1950 |       0 |    0.1950 |   0.0081 |
|            L2 miss rate STAT           |    0.0191 |       0 |    0.0191 |   0.0008 |
|           L2 miss ratio STAT           |    0.0981 |       0 |    0.0981 |   0.0041 |
|  Memory read bandwidth [MBytes/s] STAT | 6652.0920 |       0 | 4827.5724 | 277.1705 |
|  Memory read data volume [GBytes] STAT |   66.5261 |       0 |   48.2795 |   2.7719 |
| Memory write bandwidth [MBytes/s] STAT | 2312.2886 |       0 | 1434.7017 |  96.3454 |
| Memory write data volume [GBytes] STAT |   23.1246 |       0 |   14.3481 |   0.9635 |
|    Memory bandwidth [MBytes/s] STAT    | 8964.3805 |       0 | 6262.2741 | 373.5159 |
|    Memory data volume [GBytes] STAT    |   89.6508 |       0 |   62.6276 |   3.7355 |
|          Temperature [C] STAT          |       695 |      25 |        33 |  28.9583 |
|             Energy [J] STAT            |  671.5727 |       0 |  338.2155 |  27.9822 |
|             Power [W] STAT             |   67.1520 |       0 |   33.8189 |   2.7980 |
|           Energy PP0 [J] STAT          |         0 |       0 |         0 |        0 |
|           Power PP0 [W] STAT           |         0 |       0 |         0 |        0 |
|          Energy DRAM [J] STAT          |  174.6570 |       0 |   92.7749 |   7.2774 |
|           Power DRAM [W] STAT          |   17.4644 |       0 |    9.2768 |   0.7277 |
+----------------------------------------+-----------+---------+-----------+----------+
