--------------------------------------------------------------------------------
CPU name:	Intel(R) Xeon(R) CPU E5-2670 v3 @ 2.30GHz
CPU type:	Intel Xeon Haswell EN/EP/EX processor
CPU clock:	2.30 GHz
--------------------------------------------------------------------------------
Group 1: POWERPERF
+--------------------------------+---------+-------------+------------+------------+------------+------------+------------+-------------+-------------+-------------+-------------+-------------+-------------+------------+------------+------------+------------+------------+------------+-------------+-------------+-------------+-------------+-------------+-------------+
|              Event             | Counter |    Core 0   |   Core 1   |   Core 2   |   Core 3   |   Core 4   |   Core 5   |    Core 6   |    Core 7   |    Core 8   |    Core 9   |   Core 10   |   Core 11   |   Core 12  |   Core 13  |   Core 14  |   Core 15  |   Core 16  |   Core 17  |   Core 18   |   Core 19   |   Core 20   |   Core 21   |   Core 22   |   Core 23   |
+--------------------------------+---------+-------------+------------+------------+------------+------------+------------+-------------+-------------+-------------+-------------+-------------+-------------+------------+------------+------------+------------+------------+------------+-------------+-------------+-------------+-------------+-------------+-------------+
|        INSTR_RETIRED_ANY       |  FIXC0  | 13501178749 | 4028357126 | 4019714151 | 3989695961 | 4013454277 | 3972615631 | 24255490126 | 24319017550 | 24350054355 | 24343214640 | 24332482919 | 24354829082 | 3750406234 | 3728988523 | 3704795368 | 3665788957 | 3678003479 | 3689482617 | 24286884842 | 24231292569 | 23669671667 | 23662072122 | 23667037530 | 23661607181 |
|      CPU_CLK_UNHALTED_CORE     |  FIXC1  | 11539289194 | 3132147583 | 3132702169 | 3131280716 | 3135520277 | 3134767601 | 11426116929 | 11553436371 | 11757116543 | 11728941729 | 11747591292 | 11780463721 | 3135537377 | 3137243706 | 3144169916 | 3140548746 | 3147800423 | 3146531748 | 11637418161 | 11619111231 | 11629650700 | 11625290410 | 11637164172 | 11692617433 |
|      CPU_CLK_UNHALTED_REF      |  FIXC2  | 22116970545 | 6003281290 | 6004345523 | 6001617631 | 6009750868 | 6008305433 | 21900056487 | 22144089937 | 22534475193 | 22480472849 | 22516216413 | 22579224476 | 6009776582 | 6013044698 | 6026323288 | 6019390191 | 6033284330 | 6030848492 | 22305038670 | 22269962106 | 22290163489 | 22281801218 | 22304570436 | 22410847755 |
|           FIXC1/FIXC0          |   CPI   |           0 |          0 |          0 |          0 |          0 |          0 |           0 |           0 |           0 |           0 |           0 |           0 |          0 |          0 |          0 |          0 |          0 |          0 |           0 |           0 |           0 |           0 |           0 |           0 |
|  OFFCORE_RESPONSE_0_LOCAL_DRAM |   PMC0  |    78705272 |   15551979 |   15390082 |   15737978 |   15719716 |   15254479 |    52700898 |    58549368 |    57164675 |    57538930 |    58103835 |    55726647 |    3485444 |    3454484 |    3702102 |    3680964 |    3774717 |    3707041 |    40061124 |    53312183 |    53978384 |    54974972 |    45751282 |    37911074 |
| OFFCORE_RESPONSE_1_REMOTE_DRAM |   PMC1  |      608970 |     407353 |     549765 |     272584 |     386594 |     892508 |     9506201 |     5198560 |     4787333 |     4843311 |     4768493 |     6035945 |   12428558 |   12421139 |   12278433 |   12223961 |   12262513 |   12262545 |    21658176 |    10062980 |     6971174 |     6841492 |    14758062 |    21993295 |
|  MEM_LOAD_UOPS_RETIRED_L3_ALL  |   PMC2  |    40504660 |   19661055 |   20363866 |   21633701 |   22570267 |   23496762 |    52395800 |    50753631 |    52829587 |    51768470 |    53046824 |    51934172 |   24270596 |   24901725 |   25410489 |   25757963 |   26289506 |   26159636 |    51613335 |    53160120 |    51228395 |    48895501 |    50736987 |    49497755 |
|  MEM_LOAD_UOPS_RETIRED_L3_MISS |   PMC3  |    17410010 |    3801052 |    4015790 |    4665961 |    5087497 |    5347517 |    10668564 |    10818799 |    10941086 |    10700231 |    10463492 |    10421384 |    5625453 |    5707349 |    5856084 |    5834147 |    5952244 |    5873646 |    10525503 |    10907339 |    10157579 |     9028613 |    10126582 |     9379840 |
|      L2_TRANS_ALL_REQUESTS     |   PMC4  |   520365651 |  205352219 |  207580936 |  203757066 |  202015251 |  202686529 |  3984166645 |  3966802338 |  4021401459 |  3992286353 |  4012111167 |  4008789073 |  203967493 |  202373817 |  201274805 |  200584810 |  201705369 |  201322459 |  3982681383 |  3976518669 |  3885782777 |  3812024907 |  3887872993 |  3852209055 |
|          L2_RQSTS_MISS         |   PMC5  |   125372800 |   46581556 |   47479037 |   47730831 |   48079483 |   48877041 |  1018449849 |  1013126877 |  1042584144 |  1032326016 |  1039764207 |  1046811611 |   49990082 |   50410533 |   50717201 |   51099276 |   51703289 |   51571045 |  1018776630 |  1016719993 |  1014222359 |  1001662951 |  1004534419 |  1005341151 |
|        UOPS_RETIRED_ALL        |   PMC6  | 16778148411 | 5098014390 | 5076026193 | 5020298952 | 5044224165 | 4976255720 | 27198311895 | 27271016739 | 27294894124 | 27296602953 | 27282907578 | 27293347376 | 4615395168 | 4574627054 | 4530407572 | 4467703432 | 4472190416 | 4485827785 | 27225794562 | 27167970126 | 26546803933 | 26535482926 | 26541425186 | 26534049007 |
|            TEMP_CORE           |   TMP0  |          30 |         32 |         34 |         29 |         29 |         30 |          28 |          28 |          29 |          28 |          30 |          33 |         30 |         34 |         31 |         29 |         34 |         29 |          31 |          35 |          31 |          34 |          32 |          32 |
|         PWR_PKG_ENERGY         |   PWR0  |    403.0115 |          0 |          0 |          0 |          0 |          0 |           0 |           0 |           0 |           0 |           0 |           0 |   404.4420 |          0 |          0 |          0 |          0 |          0 |           0 |           0 |           0 |           0 |           0 |           0 |
|         PWR_PP0_ENERGY         |   PWR1  |           0 |          0 |          0 |          0 |          0 |          0 |           0 |           0 |           0 |           0 |           0 |           0 |          0 |          0 |          0 |          0 |          0 |          0 |           0 |           0 |           0 |           0 |           0 |           0 |
|         PWR_DRAM_ENERGY        |   PWR3  |     99.3771 |          0 |          0 |          0 |          0 |          0 |           0 |           0 |           0 |           0 |           0 |           0 |    85.6314 |          0 |          0 |          0 |          0 |          0 |           0 |           0 |           0 |           0 |           0 |           0 |
|          CAS_COUNT_RD          | MBOX0C0 |   194837154 |          0 |          0 |          0 |          0 |          0 |           0 |           0 |           0 |           0 |           0 |           0 |  109285350 |          0 |          0 |          0 |          0 |          0 |           0 |           0 |           0 |           0 |           0 |           0 |
|          CAS_COUNT_WR          | MBOX0C1 |   141013409 |          0 |          0 |          0 |          0 |          0 |           0 |           0 |           0 |           0 |           0 |           0 |   85121992 |          0 |          0 |          0 |          0 |          0 |           0 |           0 |           0 |           0 |           0 |           0 |
|          CAS_COUNT_RD          | MBOX1C0 |   195325577 |          0 |          0 |          0 |          0 |          0 |           0 |           0 |           0 |           0 |           0 |           0 |  108474920 |          0 |          0 |          0 |          0 |          0 |           0 |           0 |           0 |           0 |           0 |           0 |
|          CAS_COUNT_WR          | MBOX1C1 |   141508976 |          0 |          0 |          0 |          0 |          0 |           0 |           0 |           0 |           0 |           0 |           0 |   84456150 |          0 |          0 |          0 |          0 |          0 |           0 |           0 |           0 |           0 |           0 |           0 |
|          CAS_COUNT_RD          | MBOX2C0 |           0 |          0 |          0 |          0 |          0 |          0 |           0 |           0 |           0 |           0 |           0 |           0 |          0 |          0 |          0 |          0 |          0 |          0 |           0 |           0 |           0 |           0 |           0 |           0 |
|          CAS_COUNT_WR          | MBOX2C1 |           0 |          0 |          0 |          0 |          0 |          0 |           0 |           0 |           0 |           0 |           0 |           0 |          0 |          0 |          0 |          0 |          0 |          0 |           0 |           0 |           0 |           0 |           0 |           0 |
|          CAS_COUNT_RD          | MBOX3C0 |           0 |          0 |          0 |          0 |          0 |          0 |           0 |           0 |           0 |           0 |           0 |           0 |          0 |          0 |          0 |          0 |          0 |          0 |           0 |           0 |           0 |           0 |           0 |           0 |
|          CAS_COUNT_WR          | MBOX3C1 |           0 |          0 |          0 |          0 |          0 |          0 |           0 |           0 |           0 |           0 |           0 |           0 |          0 |          0 |          0 |          0 |          0 |          0 |           0 |           0 |           0 |           0 |           0 |           0 |
|          CAS_COUNT_RD          | MBOX4C0 |   194853988 |          0 |          0 |          0 |          0 |          0 |           0 |           0 |           0 |           0 |           0 |           0 |  109085545 |          0 |          0 |          0 |          0 |          0 |           0 |           0 |           0 |           0 |           0 |           0 |
|          CAS_COUNT_WR          | MBOX4C1 |   141013738 |          0 |          0 |          0 |          0 |          0 |           0 |           0 |           0 |           0 |           0 |           0 |   85014233 |          0 |          0 |          0 |          0 |          0 |           0 |           0 |           0 |           0 |           0 |           0 |
|          CAS_COUNT_RD          | MBOX5C0 |   195323291 |          0 |          0 |          0 |          0 |          0 |           0 |           0 |           0 |           0 |           0 |           0 |  108519090 |          0 |          0 |          0 |          0 |          0 |           0 |           0 |           0 |           0 |           0 |           0 |
|          CAS_COUNT_WR          | MBOX5C1 |   141531542 |          0 |          0 |          0 |          0 |          0 |           0 |           0 |           0 |           0 |           0 |           0 |   84471371 |          0 |          0 |          0 |          0 |          0 |           0 |           0 |           0 |           0 |           0 |           0 |
|          CAS_COUNT_RD          | MBOX6C0 |           0 |          0 |          0 |          0 |          0 |          0 |           0 |           0 |           0 |           0 |           0 |           0 |          0 |          0 |          0 |          0 |          0 |          0 |           0 |           0 |           0 |           0 |           0 |           0 |
|          CAS_COUNT_WR          | MBOX6C1 |           0 |          0 |          0 |          0 |          0 |          0 |           0 |           0 |           0 |           0 |           0 |           0 |          0 |          0 |          0 |          0 |          0 |          0 |           0 |           0 |           0 |           0 |           0 |           0 |
|          CAS_COUNT_RD          | MBOX7C0 |           0 |          0 |          0 |          0 |          0 |          0 |           0 |           0 |           0 |           0 |           0 |           0 |          0 |          0 |          0 |          0 |          0 |          0 |           0 |           0 |           0 |           0 |           0 |           0 |
|          CAS_COUNT_WR          | MBOX7C1 |           0 |          0 |          0 |          0 |          0 |          0 |           0 |           0 |           0 |           0 |           0 |           0 |          0 |          0 |          0 |          0 |          0 |          0 |           0 |           0 |           0 |           0 |           0 |           0 |
+--------------------------------+---------+-------------+------------+------------+------------+------------+------------+-------------+-------------+-------------+-------------+-------------+-------------+------------+------------+------------+------------+------------+------------+-------------+-------------+-------------+-------------+-------------+-------------+
+-------------------------------------+---------+--------------+------------+-------------+--------------+
|                Event                | Counter |      Sum     |     Min    |     Max     |      Avg     |
+-------------------------------------+---------+--------------+------------+-------------+--------------+
|        INSTR_RETIRED_ANY STAT       |  FIXC0  | 344876135656 | 3665788957 | 24354829082 | 1.436984e+10 |
|      CPU_CLK_UNHALTED_CORE STAT     |  FIXC1  | 185892458148 | 3131280716 | 11780463721 | 7.745519e+09 |
|      CPU_CLK_UNHALTED_REF STAT      |  FIXC2  | 356293857900 | 6001617631 | 22579224476 | 1.484558e+10 |
|           FIXC1/FIXC0 STAT          |   CPI   |            0 |          0 |           0 |            0 |
|  OFFCORE_RESPONSE_0_LOCAL_DRAM STAT |   PMC0  |    803937630 |    3454484 |    78705272 | 3.349740e+07 |
| OFFCORE_RESPONSE_1_REMOTE_DRAM STAT |   PMC1  |    194419945 |     272584 |    21993295 | 8.100831e+06 |
|  MEM_LOAD_UOPS_RETIRED_L3_ALL STAT  |   PMC2  |    918880803 |   19661055 |    53160120 | 3.828670e+07 |
|  MEM_LOAD_UOPS_RETIRED_L3_MISS STAT |   PMC3  |    199315762 |    3801052 |    17410010 | 8.304823e+06 |
|      L2_TRANS_ALL_REQUESTS STAT     |   PMC4  |  50135633224 |  200584810 |  4021401459 | 2.088985e+09 |
|          L2_RQSTS_MISS STAT         |   PMC5  |  12923932381 |   46581556 |  1046811611 | 5.384972e+08 |
|        UOPS_RETIRED_ALL STAT        |   PMC6  | 393327725663 | 4467703432 | 27296602953 | 1.638866e+10 |
|            TEMP_CORE STAT           |   TMP0  |          742 |         28 |          35 |      30.9167 |
|         PWR_PKG_ENERGY STAT         |   PWR0  |     807.4535 |          0 |    404.4420 |      33.6439 |
|         PWR_PP0_ENERGY STAT         |   PWR1  |            0 |          0 |           0 |            0 |
|         PWR_DRAM_ENERGY STAT        |   PWR3  |     185.0085 |          0 |     99.3771 |       7.7087 |
|          CAS_COUNT_RD STAT          | MBOX0C0 |    304122504 |          0 |   194837154 |     12671771 |
|          CAS_COUNT_WR STAT          | MBOX0C1 |    226135401 |          0 |   141013409 | 9.422308e+06 |
|          CAS_COUNT_RD STAT          | MBOX1C0 |    303800497 |          0 |   195325577 | 1.265835e+07 |
|          CAS_COUNT_WR STAT          | MBOX1C1 |    225965126 |          0 |   141508976 | 9.415214e+06 |
|          CAS_COUNT_RD STAT          | MBOX2C0 |            0 |          0 |           0 |            0 |
|          CAS_COUNT_WR STAT          | MBOX2C1 |            0 |          0 |           0 |            0 |
|          CAS_COUNT_RD STAT          | MBOX3C0 |            0 |          0 |           0 |            0 |
|          CAS_COUNT_WR STAT          | MBOX3C1 |            0 |          0 |           0 |            0 |
|          CAS_COUNT_RD STAT          | MBOX4C0 |    303939533 |          0 |   194853988 | 1.266415e+07 |
|          CAS_COUNT_WR STAT          | MBOX4C1 |    226027971 |          0 |   141013738 | 9.417832e+06 |
|          CAS_COUNT_RD STAT          | MBOX5C0 |    303842381 |          0 |   195323291 | 1.266010e+07 |
|          CAS_COUNT_WR STAT          | MBOX5C1 |    226002913 |          0 |   141531542 | 9.416788e+06 |
|          CAS_COUNT_RD STAT          | MBOX6C0 |            0 |          0 |           0 |            0 |
|          CAS_COUNT_WR STAT          | MBOX6C1 |            0 |          0 |           0 |            0 |
|          CAS_COUNT_RD STAT          | MBOX7C0 |            0 |          0 |           0 |            0 |
|          CAS_COUNT_WR STAT          | MBOX7C1 |            0 |          0 |           0 |            0 |
+-------------------------------------+---------+--------------+------------+-------------+--------------+
+-----------------------------------+-----------+-----------+-----------+-----------+-----------+-----------+-----------+-----------+-----------+-----------+-----------+-----------+-----------+-----------+-----------+-----------+-----------+-----------+-----------+-----------+-----------+-----------+-----------+-----------+
|               Metric              |   Core 0  |   Core 1  |   Core 2  |   Core 3  |   Core 4  |   Core 5  |   Core 6  |   Core 7  |   Core 8  |   Core 9  |  Core 10  |  Core 11  |  Core 12  |  Core 13  |  Core 14  |  Core 15  |  Core 16  |  Core 17  |  Core 18  |  Core 19  |  Core 20  |  Core 21  |  Core 22  |  Core 23  |
+-----------------------------------+-----------+-----------+-----------+-----------+-----------+-----------+-----------+-----------+-----------+-----------+-----------+-----------+-----------+-----------+-----------+-----------+-----------+-----------+-----------+-----------+-----------+-----------+-----------+-----------+
|        Runtime (RDTSC) [s]        |   10.0009 |   10.0009 |   10.0009 |   10.0009 |   10.0009 |   10.0009 |   10.0009 |   10.0009 |   10.0009 |   10.0009 |   10.0009 |   10.0009 |   10.0009 |   10.0009 |   10.0009 |   10.0009 |   10.0009 |   10.0009 |   10.0009 |   10.0009 |   10.0009 |   10.0009 |   10.0009 |   10.0009 |
|        Runtime unhalted [s]       |    5.0172 |    1.3618 |    1.3621 |    1.3615 |    1.3633 |    1.3630 |    4.9680 |    5.0234 |    5.1119 |    5.0997 |    5.1078 |    5.1221 |    1.3633 |    1.3641 |    1.3671 |    1.3655 |    1.3686 |    1.3681 |    5.0599 |    5.0519 |    5.0565 |    5.0546 |    5.0598 |    5.0839 |
|            Clock [MHz]            | 1199.9705 | 1199.9708 | 1199.9706 | 1199.9712 | 1199.9698 | 1199.9703 | 1199.9705 | 1199.9703 | 1199.9704 | 1199.9704 | 1199.9705 | 1199.9704 | 1199.9712 | 1199.9716 | 1199.9710 | 1199.9695 | 1199.9705 | 1199.9713 | 1199.9712 | 1199.9706 | 1199.9705 | 1199.9708 | 1199.9702 | 1199.9706 |
|                CPI                |    0.8547 |    0.7775 |    0.7793 |    0.7848 |    0.7813 |    0.7891 |    0.4711 |    0.4751 |    0.4828 |    0.4818 |    0.4828 |    0.4837 |    0.8361 |    0.8413 |    0.8487 |    0.8567 |    0.8558 |    0.8528 |    0.4792 |    0.4795 |    0.4913 |    0.4913 |    0.4917 |    0.4942 |
|   Local DRAM data volume [GByte]  |    5.0371 |    0.9953 |    0.9850 |    1.0072 |    1.0061 |    0.9763 |    3.3729 |    3.7472 |    3.6585 |    3.6825 |    3.7186 |    3.5665 |    0.2231 |    0.2211 |    0.2369 |    0.2356 |    0.2416 |    0.2373 |    2.5639 |    3.4120 |    3.4546 |    3.5184 |    2.9281 |    2.4263 |
|   Local DRAM bandwidth [MByte/s]  |  503.6665 |   99.5233 |   98.4873 |  100.7136 |  100.5967 |   97.6195 |  337.2541 |  374.6808 |  365.8196 |  368.2146 |  371.8297 |  356.6171 |   22.3048 |   22.1066 |   23.6912 |   23.5560 |   24.1559 |   23.7228 |  256.3672 |  341.1660 |  345.4293 |  351.8068 |  292.7808 |  242.6081 |
|  Remote DRAM data volume [GByte]  |    0.0390 |    0.0261 |    0.0352 |    0.0174 |    0.0247 |    0.0571 |    0.6084 |    0.3327 |    0.3064 |    0.3100 |    0.3052 |    0.3863 |    0.7954 |    0.7950 |    0.7858 |    0.7823 |    0.7848 |    0.7848 |    1.3861 |    0.6440 |    0.4462 |    0.4379 |    0.9445 |    1.4076 |
|  Remote DRAM bandwidth [MByte/s]  |    3.8970 |    2.6068 |    3.5182 |    1.7444 |    2.4740 |    5.7115 |   60.8340 |   33.2677 |   30.6361 |   30.9943 |   30.5155 |   38.6264 |   79.5353 |   79.4878 |   78.5746 |   78.2260 |   78.4727 |   78.4729 |  138.5993 |   64.3970 |   44.6113 |   43.7814 |   94.4427 |  140.7439 |
|     Memory data volume [GByte]    |    5.0761 |    1.0214 |    1.0202 |    1.0247 |    1.0308 |    1.0334 |    3.9813 |    4.0799 |    3.9649 |    3.9925 |    4.0238 |    3.9528 |    1.0185 |    1.0160 |    1.0228 |    1.0179 |    1.0264 |    1.0221 |    3.9500 |    4.0560 |    3.9008 |    3.9563 |    3.8726 |    3.8339 |
|     Memory bandwidth [MByte/s]    |  507.5636 |  102.1301 |  102.0055 |  102.4580 |  103.0707 |  103.3310 |  398.0881 |  407.9485 |  396.4557 |  399.2089 |  402.3452 |  395.2435 |  101.8401 |  101.5945 |  102.2658 |  101.7820 |  102.6286 |  102.1958 |  394.9665 |  405.5630 |  390.0406 |  395.5883 |  387.2235 |  383.3520 |
|          L3 request rate          |    2.3265 |    5.1725 |    5.0709 |    4.6365 |    4.4364 |    4.3940 |    4.9112 |    4.6912 |    4.8286 |    4.8381 |    5.0697 |    4.9834 |    4.3144 |    4.3631 |    4.3392 |    4.4150 |    4.4167 |    4.4537 |    4.9036 |    4.8738 |    5.0434 |    5.4156 |    5.0103 |    5.2770 |
|            L3 miss rate           |    0.0150 |    0.0207 |    0.0270 |    0.0126 |    0.0171 |    0.0380 |    0.1814 |    0.1024 |    0.0906 |    0.0936 |    0.0899 |    0.1162 |    0.5121 |    0.4988 |    0.4832 |    0.4746 |    0.4664 |    0.4688 |    0.4196 |    0.1893 |    0.1361 |    0.1399 |    0.2909 |    0.4443 |
|           L3 miss ratio           |    0.0077 |    0.0262 |    0.0357 |    0.0173 |    0.0246 |    0.0585 |    0.1804 |    0.0888 |    0.0837 |    0.0842 |    0.0821 |    0.1083 |    3.5658 |    3.5957 |    3.3166 |    3.3209 |    3.2486 |    3.3079 |    0.5406 |    0.1888 |    0.1291 |    0.1244 |    0.3226 |    0.5801 |
|          L2 request rate          |    0.0385 |    0.0510 |    0.0516 |    0.0511 |    0.0503 |    0.0510 |    0.1643 |    0.1631 |    0.1651 |    0.1640 |    0.1649 |    0.1646 |    0.0544 |    0.0543 |    0.0543 |    0.0547 |    0.0548 |    0.0546 |    0.1640 |    0.1641 |    0.1642 |    0.1611 |    0.1643 |    0.1628 |
|            L2 miss rate           |    0.0093 |    0.0116 |    0.0118 |    0.0120 |    0.0120 |    0.0123 |    0.0420 |    0.0417 |    0.0428 |    0.0424 |    0.0427 |    0.0430 |    0.0133 |    0.0135 |    0.0137 |    0.0139 |    0.0141 |    0.0140 |    0.0419 |    0.0420 |    0.0428 |    0.0423 |    0.0424 |    0.0425 |
|           L2 miss ratio           |    0.2409 |    0.2268 |    0.2287 |    0.2343 |    0.2380 |    0.2411 |    0.2556 |    0.2554 |    0.2593 |    0.2586 |    0.2592 |    0.2611 |    0.2451 |    0.2491 |    0.2520 |    0.2548 |    0.2563 |    0.2562 |    0.2558 |    0.2557 |    0.2610 |    0.2628 |    0.2584 |    0.2610 |
|  Memory read bandwidth [MBytes/s] | 4993.7078 |         0 |         0 |         0 |         0 |         0 |         0 |         0 |         0 |         0 |         0 |         0 | 2786.0741 |         0 |         0 |         0 |         0 |         0 |         0 |         0 |         0 |         0 |         0 |         0 |
|  Memory read data volume [GBytes] |   49.9418 |         0 |         0 |         0 |         0 |         0 |         0 |         0 |         0 |         0 |         0 |         0 |   27.8634 |         0 |         0 |         0 |         0 |         0 |         0 |         0 |         0 |         0 |         0 |         0 |
| Memory write bandwidth [MBytes/s] | 3616.0940 |         0 |         0 |         0 |         0 |         0 |         0 |         0 |         0 |         0 |         0 |         0 | 2169.8045 |         0 |         0 |         0 |         0 |         0 |         0 |         0 |         0 |         0 |         0 |         0 |
| Memory write data volume [GBytes] |   36.1643 |         0 |         0 |         0 |         0 |         0 |         0 |         0 |         0 |         0 |         0 |         0 |   21.7001 |         0 |         0 |         0 |         0 |         0 |         0 |         0 |         0 |         0 |         0 |         0 |
|    Memory bandwidth [MBytes/s]    | 8609.8018 |         0 |         0 |         0 |         0 |         0 |         0 |         0 |         0 |         0 |         0 |         0 | 4955.8787 |         0 |         0 |         0 |         0 |         0 |         0 |         0 |         0 |         0 |         0 |         0 |
|    Memory data volume [GBytes]    |   86.1061 |         0 |         0 |         0 |         0 |         0 |         0 |         0 |         0 |         0 |         0 |         0 |   49.5634 |         0 |         0 |         0 |         0 |         0 |         0 |         0 |         0 |         0 |         0 |         0 |
|          Temperature [C]          |        30 |        32 |        34 |        29 |        29 |        30 |        28 |        28 |        29 |        28 |        30 |        33 |        30 |        34 |        31 |        29 |        34 |        29 |        31 |        35 |        31 |        34 |        32 |        32 |
|             Energy [J]            |  403.0115 |         0 |         0 |         0 |         0 |         0 |         0 |         0 |         0 |         0 |         0 |         0 |  404.4420 |         0 |         0 |         0 |         0 |         0 |         0 |         0 |         0 |         0 |         0 |         0 |
|             Power [W]             |   40.2974 |         0 |         0 |         0 |         0 |         0 |         0 |         0 |         0 |         0 |         0 |         0 |   40.4404 |         0 |         0 |         0 |         0 |         0 |         0 |         0 |         0 |         0 |         0 |         0 |
|           Energy PP0 [J]          |         0 |         0 |         0 |         0 |         0 |         0 |         0 |         0 |         0 |         0 |         0 |         0 |         0 |         0 |         0 |         0 |         0 |         0 |         0 |         0 |         0 |         0 |         0 |         0 |
|           Power PP0 [W]           |         0 |         0 |         0 |         0 |         0 |         0 |         0 |         0 |         0 |         0 |         0 |         0 |         0 |         0 |         0 |         0 |         0 |         0 |         0 |         0 |         0 |         0 |         0 |         0 |
|          Energy DRAM [J]          |   99.3771 |         0 |         0 |         0 |         0 |         0 |         0 |         0 |         0 |         0 |         0 |         0 |   85.6314 |         0 |         0 |         0 |         0 |         0 |         0 |         0 |         0 |         0 |         0 |         0 |
|           Power DRAM [W]          |    9.9368 |         0 |         0 |         0 |         0 |         0 |         0 |         0 |         0 |         0 |         0 |         0 |    8.5623 |         0 |         0 |         0 |         0 |         0 |         0 |         0 |         0 |         0 |         0 |         0 |
+-----------------------------------+-----------+-----------+-----------+-----------+-----------+-----------+-----------+-----------+-----------+-----------+-----------+-----------+-----------+-----------+-----------+-----------+-----------+-----------+-----------+-----------+-----------+-----------+-----------+-----------+
+----------------------------------------+------------+-----------+-----------+-----------+
|                 Metric                 |     Sum    |    Min    |    Max    |    Avg    |
+----------------------------------------+------------+-----------+-----------+-----------+
|        Runtime (RDTSC) [s] STAT        |   240.0216 |   10.0009 |   10.0009 |   10.0009 |
|        Runtime unhalted [s] STAT       |    80.8251 |    1.3615 |    5.1221 |    3.3677 |
|            Clock [MHz] STAT            | 28799.2947 | 1199.9695 | 1199.9716 | 1199.9706 |
|                CPI STAT                |    15.6626 |    0.4711 |    0.8567 |    0.6526 |
|   Local DRAM data volume [GByte] STAT  |    51.4521 |    0.2211 |    5.0371 |    2.1438 |
|   Local DRAM bandwidth [MByte/s] STAT  |  5144.7183 |   22.1066 |  503.6665 |  214.3633 |
|  Remote DRAM data volume [GByte] STAT  |    12.4429 |    0.0174 |    1.4076 |    0.5185 |
|  Remote DRAM bandwidth [MByte/s] STAT  |  1244.1708 |    1.7444 |  140.7439 |   51.8404 |
|     Memory data volume [GByte] STAT    |    63.8951 |    1.0160 |    5.0761 |    2.6623 |
|     Memory bandwidth [MByte/s] STAT    |  6388.8895 |  101.5945 |  507.5636 |  266.2037 |
|          L3 request rate STAT          |   112.1848 |    2.3265 |    5.4156 |    4.6744 |
|            L3 miss rate STAT           |     5.3285 |    0.0126 |    0.5121 |    0.2220 |
|           L3 miss ratio STAT           |    23.0386 |    0.0077 |    3.5957 |    0.9599 |
|          L2 request rate STAT          |     2.5871 |    0.0385 |    0.1651 |    0.1078 |
|            L2 miss rate STAT           |     0.6600 |    0.0093 |    0.0430 |    0.0275 |
|           L2 miss ratio STAT           |     6.0272 |    0.2268 |    0.2628 |    0.2511 |
|  Memory read bandwidth [MBytes/s] STAT |  7779.7819 |         0 | 4993.7078 |  324.1576 |
|  Memory read data volume [GBytes] STAT |    77.8052 |         0 |   49.9418 |    3.2419 |
| Memory write bandwidth [MBytes/s] STAT |  5785.8985 |         0 | 3616.0940 |  241.0791 |
| Memory write data volume [GBytes] STAT |    57.8644 |         0 |   36.1643 |    2.4110 |
|    Memory bandwidth [MBytes/s] STAT    | 13565.6805 |         0 | 8609.8018 |  565.2367 |
|    Memory data volume [GBytes] STAT    |   135.6695 |         0 |   86.1061 |    5.6529 |
|          Temperature [C] STAT          |        742 |        28 |        35 |   30.9167 |
|             Energy [J] STAT            |   807.4535 |         0 |  404.4420 |   33.6439 |
|             Power [W] STAT             |    80.7378 |         0 |   40.4404 |    3.3641 |
|           Energy PP0 [J] STAT          |          0 |         0 |         0 |         0 |
|           Power PP0 [W] STAT           |          0 |         0 |         0 |         0 |
|          Energy DRAM [J] STAT          |   185.0085 |         0 |   99.3771 |    7.7087 |
|           Power DRAM [W] STAT          |    18.4991 |         0 |    9.9368 |    0.7708 |
+----------------------------------------+------------+-----------+-----------+-----------+
