--------------------------------------------------------------------------------
CPU name:	Intel(R) Xeon(R) CPU E5-2670 v3 @ 2.30GHz
CPU type:	Intel Xeon Haswell EN/EP/EX processor
CPU clock:	2.30 GHz
--------------------------------------------------------------------------------
Group 1: POWERPERF
+--------------------------------+---------+-------------+------------+------------+------------+------------+------------+-------------+-------------+-------------+-------------+-------------+-------------+------------+------------+------------+------------+------------+------------+-------------+-------------+-------------+-------------+-------------+-------------+
|              Event             | Counter |    Core 0   |   Core 1   |   Core 2   |   Core 3   |   Core 4   |   Core 5   |    Core 6   |    Core 7   |    Core 8   |    Core 9   |   Core 10   |   Core 11   |   Core 12  |   Core 13  |   Core 14  |   Core 15  |   Core 16  |   Core 17  |   Core 18   |   Core 19   |   Core 20   |   Core 21   |   Core 22   |   Core 23   |
+--------------------------------+---------+-------------+------------+------------+------------+------------+------------+-------------+-------------+-------------+-------------+-------------+-------------+------------+------------+------------+------------+------------+------------+-------------+-------------+-------------+-------------+-------------+-------------+
|        INSTR_RETIRED_ANY       |  FIXC0  | 13024607371 | 3648190104 | 3640557481 | 3618578003 | 3646422168 | 3610841515 | 27577942882 | 27604412063 | 27472394253 | 27474544749 | 27276726078 | 27379197886 | 3360295336 | 3352688710 | 3322773280 | 3297063678 | 3296961483 | 3304829594 | 27474138655 | 27460597362 | 27184568447 | 27367510073 | 27237100477 | 27293265205 |
|      CPU_CLK_UNHALTED_CORE     |  FIXC1  | 11532375572 | 2925160876 | 2925030170 | 2924028106 | 2925123800 | 2927044202 | 11926352343 | 11928008082 | 11923797170 | 11922039314 | 11919676513 | 11921278650 | 2927836123 | 2937639475 | 2944177977 | 2940581150 | 2941328974 | 2942223121 | 11904525677 | 11904942412 | 11902384385 | 11908553685 | 11902793571 | 11906144536 |
|      CPU_CLK_UNHALTED_REF      |  FIXC2  | 22103710056 | 5606558614 | 5606305706 | 5604394222 | 5606490097 | 5610166739 | 22858835430 | 22862002714 | 22853955474 | 22850549151 | 22846032848 | 22849110363 | 5611681588 | 5630470104 | 5643006622 | 5636113361 | 5637550056 | 5639262521 | 22816996981 | 22817791654 | 22812912779 | 22824717069 | 22813715433 | 22820109157 |
|           FIXC1/FIXC0          |   CPI   |           0 |          0 |          0 |          0 |          0 |          0 |           0 |           0 |           0 |           0 |           0 |           0 |          0 |          0 |          0 |          0 |          0 |          0 |           0 |           0 |           0 |           0 |           0 |           0 |
|  OFFCORE_RESPONSE_0_LOCAL_DRAM |   PMC0  |    79428891 |   14762994 |   14597586 |   14828350 |   14830125 |   14365714 |    55117582 |    51859144 |    55086458 |    54582247 |    52764454 |    55014597 |    3463898 |    3523004 |    3686848 |    3762615 |    3766950 |    3808048 |    38264575 |    42723941 |    39909536 |    39651355 |    38140575 |    41617059 |
| OFFCORE_RESPONSE_1_REMOTE_DRAM |   PMC1  |      596040 |     268932 |     471362 |     229349 |     302343 |     804985 |    18523865 |    21841633 |    18336482 |    18893955 |    20170646 |    18224576 |   11402976 |   11402588 |   11327370 |   11217673 |   11204860 |   11217904 |    27802686 |    23556169 |    25775428 |    26589024 |    27772445 |    24377872 |
|  MEM_LOAD_UOPS_RETIRED_L3_ALL  |   PMC2  |    40081517 |   19066378 |   19581854 |   20443627 |   21169564 |   21772705 |    36054061 |    35757965 |    35432021 |    35475787 |    35129836 |    35319061 |   22247386 |   22790905 |   23284426 |   23614394 |   24007625 |   23987288 |    35742564 |    35566405 |    35058524 |    35409950 |    35212444 |    35220645 |
|  MEM_LOAD_UOPS_RETIRED_L3_MISS |   PMC3  |    19906063 |    3957004 |    4139707 |    4585297 |    4912042 |    5066189 |    15796073 |    15539375 |    15434994 |    15474375 |    15349117 |    15431990 |    5209499 |    5316878 |    5450559 |    5381619 |    5397088 |    5427404 |    14110066 |    13974550 |    13847558 |    14027172 |    13958329 |    13927608 |
|      L2_TRANS_ALL_REQUESTS     |   PMC4  |   493491704 |  182430950 |  184988979 |  182559138 |  187884903 |  188759989 |   638939747 |   639577223 |   644627786 |   647312849 |   643258061 |   641999101 |  182992837 |  182269169 |  181309404 |  180381157 |  186490445 |  185940330 |   629176433 |   628482856 |   628990485 |   636347751 |   634517138 |   631960388 |
|          L2_RQSTS_MISS         |   PMC5  |   120331411 |   43626783 |   44378465 |   44560926 |   45003546 |   45657122 |   191862792 |   192208229 |   191366976 |   191262338 |   189688508 |   190527597 |   46482867 |   46936796 |   47257936 |   47464703 |   47895026 |   47791805 |   191277388 |   191012621 |   189050046 |   190563558 |   189664024 |   189957758 |
|        UOPS_RETIRED_ALL        |   PMC6  | 16202353961 | 4643687699 | 4623773115 | 4582978164 | 4617092840 | 4560068349 | 29799156863 | 29831968878 | 29689267628 | 29695832682 | 29518293030 | 29606150538 | 4165091331 | 4140575446 | 4086458474 | 4039892320 | 4029636425 | 4038981570 | 29692361132 | 29696228333 | 29409760057 | 29567752686 | 29446569818 | 29505666465 |
|            TEMP_CORE           |   TMP0  |          32 |         35 |         36 |         32 |         32 |         32 |          30 |          30 |          31 |          32 |          33 |          36 |         33 |         34 |         32 |         31 |         36 |         30 |          32 |          36 |          32 |          35 |          33 |          33 |
|         PWR_PKG_ENERGY         |   PWR0  |    364.2670 |          0 |          0 |          0 |          0 |          0 |           0 |           0 |           0 |           0 |           0 |           0 |   372.9758 |          0 |          0 |          0 |          0 |          0 |           0 |           0 |           0 |           0 |           0 |           0 |
|         PWR_PP0_ENERGY         |   PWR1  |           0 |          0 |          0 |          0 |          0 |          0 |           0 |           0 |           0 |           0 |           0 |           0 |          0 |          0 |          0 |          0 |          0 |          0 |           0 |           0 |           0 |           0 |           0 |           0 |
|         PWR_DRAM_ENERGY        |   PWR3  |    100.2616 |          0 |          0 |          0 |          0 |          0 |           0 |           0 |           0 |           0 |           0 |           0 |    88.8487 |          0 |          0 |          0 |          0 |          0 |           0 |           0 |           0 |           0 |           0 |           0 |
|          CAS_COUNT_RD          | MBOX0C0 |   227270558 |          0 |          0 |          0 |          0 |          0 |           0 |           0 |           0 |           0 |           0 |           0 |  131143800 |          0 |          0 |          0 |          0 |          0 |           0 |           0 |           0 |           0 |           0 |           0 |
|          CAS_COUNT_WR          | MBOX0C1 |    79672083 |          0 |          0 |          0 |          0 |          0 |           0 |           0 |           0 |           0 |           0 |           0 |   45206964 |          0 |          0 |          0 |          0 |          0 |           0 |           0 |           0 |           0 |           0 |           0 |
|          CAS_COUNT_RD          | MBOX1C0 |   227808735 |          0 |          0 |          0 |          0 |          0 |           0 |           0 |           0 |           0 |           0 |           0 |  131538999 |          0 |          0 |          0 |          0 |          0 |           0 |           0 |           0 |           0 |           0 |           0 |
|          CAS_COUNT_WR          | MBOX1C1 |    80215930 |          0 |          0 |          0 |          0 |          0 |           0 |           0 |           0 |           0 |           0 |           0 |   45624831 |          0 |          0 |          0 |          0 |          0 |           0 |           0 |           0 |           0 |           0 |           0 |
|          CAS_COUNT_RD          | MBOX2C0 |           0 |          0 |          0 |          0 |          0 |          0 |           0 |           0 |           0 |           0 |           0 |           0 |          0 |          0 |          0 |          0 |          0 |          0 |           0 |           0 |           0 |           0 |           0 |           0 |
|          CAS_COUNT_WR          | MBOX2C1 |           0 |          0 |          0 |          0 |          0 |          0 |           0 |           0 |           0 |           0 |           0 |           0 |          0 |          0 |          0 |          0 |          0 |          0 |           0 |           0 |           0 |           0 |           0 |           0 |
|          CAS_COUNT_RD          | MBOX3C0 |           0 |          0 |          0 |          0 |          0 |          0 |           0 |           0 |           0 |           0 |           0 |           0 |          0 |          0 |          0 |          0 |          0 |          0 |           0 |           0 |           0 |           0 |           0 |           0 |
|          CAS_COUNT_WR          | MBOX3C1 |           0 |          0 |          0 |          0 |          0 |          0 |           0 |           0 |           0 |           0 |           0 |           0 |          0 |          0 |          0 |          0 |          0 |          0 |           0 |           0 |           0 |           0 |           0 |           0 |
|          CAS_COUNT_RD          | MBOX4C0 |   227435696 |          0 |          0 |          0 |          0 |          0 |           0 |           0 |           0 |           0 |           0 |           0 |  131014409 |          0 |          0 |          0 |          0 |          0 |           0 |           0 |           0 |           0 |           0 |           0 |
|          CAS_COUNT_WR          | MBOX4C1 |    79709643 |          0 |          0 |          0 |          0 |          0 |           0 |           0 |           0 |           0 |           0 |           0 |   45129605 |          0 |          0 |          0 |          0 |          0 |           0 |           0 |           0 |           0 |           0 |           0 |
|          CAS_COUNT_RD          | MBOX5C0 |   227858185 |          0 |          0 |          0 |          0 |          0 |           0 |           0 |           0 |           0 |           0 |           0 |  131567579 |          0 |          0 |          0 |          0 |          0 |           0 |           0 |           0 |           0 |           0 |           0 |
|          CAS_COUNT_WR          | MBOX5C1 |    80223365 |          0 |          0 |          0 |          0 |          0 |           0 |           0 |           0 |           0 |           0 |           0 |   45597035 |          0 |          0 |          0 |          0 |          0 |           0 |           0 |           0 |           0 |           0 |           0 |
|          CAS_COUNT_RD          | MBOX6C0 |           0 |          0 |          0 |          0 |          0 |          0 |           0 |           0 |           0 |           0 |           0 |           0 |          0 |          0 |          0 |          0 |          0 |          0 |           0 |           0 |           0 |           0 |           0 |           0 |
|          CAS_COUNT_WR          | MBOX6C1 |           0 |          0 |          0 |          0 |          0 |          0 |           0 |           0 |           0 |           0 |           0 |           0 |          0 |          0 |          0 |          0 |          0 |          0 |           0 |           0 |           0 |           0 |           0 |           0 |
|          CAS_COUNT_RD          | MBOX7C0 |           0 |          0 |          0 |          0 |          0 |          0 |           0 |           0 |           0 |           0 |           0 |           0 |          0 |          0 |          0 |          0 |          0 |          0 |           0 |           0 |           0 |           0 |           0 |           0 |
|          CAS_COUNT_WR          | MBOX7C1 |           0 |          0 |          0 |          0 |          0 |          0 |           0 |           0 |           0 |           0 |           0 |           0 |          0 |          0 |          0 |          0 |          0 |          0 |           0 |           0 |           0 |           0 |           0 |           0 |
+--------------------------------+---------+-------------+------------+------------+------------+------------+------------+-------------+-------------+-------------+-------------+-------------+-------------+------------+------------+------------+------------+------------+------------+-------------+-------------+-------------+-------------+-------------+-------------+
+-------------------------------------+---------+--------------+------------+-------------+--------------+
|                Event                | Counter |      Sum     |     Min    |     Max     |      Avg     |
+-------------------------------------+---------+--------------+------------+-------------+--------------+
|        INSTR_RETIRED_ANY STAT       |  FIXC0  | 379926206853 | 3296961483 | 27604412063 | 1.583026e+10 |
|      CPU_CLK_UNHALTED_CORE STAT     |  FIXC1  | 186763045884 | 2924028106 | 11928008082 | 7.781794e+09 |
|      CPU_CLK_UNHALTED_REF STAT      |  FIXC2  | 357962438739 | 5604394222 | 22862002714 | 1.491510e+10 |
|           FIXC1/FIXC0 STAT          |   CPI   |            0 |          0 |           0 |            0 |
|  OFFCORE_RESPONSE_0_LOCAL_DRAM STAT |   PMC0  |    739556546 |    3463898 |    79428891 | 3.081486e+07 |
| OFFCORE_RESPONSE_1_REMOTE_DRAM STAT |   PMC1  |    342311163 |     229349 |    27802686 | 1.426297e+07 |
|  MEM_LOAD_UOPS_RETIRED_L3_ALL STAT  |   PMC2  |    707426932 |   19066378 |    40081517 | 2.947612e+07 |
|  MEM_LOAD_UOPS_RETIRED_L3_MISS STAT |   PMC3  |    251620556 |    3957004 |    19906063 | 1.048419e+07 |
|      L2_TRANS_ALL_REQUESTS STAT     |   PMC4  |  10164688823 |  180381157 |   647312849 | 4.235287e+08 |
|          L2_RQSTS_MISS STAT         |   PMC5  |   2915829221 |   43626783 |   192208229 | 1.214929e+08 |
|        UOPS_RETIRED_ALL STAT        |   PMC6  | 419189597804 | 4029636425 | 29831968878 | 1.746623e+10 |
|            TEMP_CORE STAT           |   TMP0  |          788 |         30 |          36 |      32.8333 |
|         PWR_PKG_ENERGY STAT         |   PWR0  |     737.2428 |          0 |    372.9758 |      30.7185 |
|         PWR_PP0_ENERGY STAT         |   PWR1  |            0 |          0 |           0 |            0 |
|         PWR_DRAM_ENERGY STAT        |   PWR3  |     189.1103 |          0 |    100.2616 |       7.8796 |
|          CAS_COUNT_RD STAT          | MBOX0C0 |    358414358 |          0 |   227270558 | 1.493393e+07 |
|          CAS_COUNT_WR STAT          | MBOX0C1 |    124879047 |          0 |    79672083 | 5.203294e+06 |
|          CAS_COUNT_RD STAT          | MBOX1C0 |    359347734 |          0 |   227808735 | 1.497282e+07 |
|          CAS_COUNT_WR STAT          | MBOX1C1 |    125840761 |          0 |    80215930 | 5.243365e+06 |
|          CAS_COUNT_RD STAT          | MBOX2C0 |            0 |          0 |           0 |            0 |
|          CAS_COUNT_WR STAT          | MBOX2C1 |            0 |          0 |           0 |            0 |
|          CAS_COUNT_RD STAT          | MBOX3C0 |            0 |          0 |           0 |            0 |
|          CAS_COUNT_WR STAT          | MBOX3C1 |            0 |          0 |           0 |            0 |
|          CAS_COUNT_RD STAT          | MBOX4C0 |    358450105 |          0 |   227435696 | 1.493542e+07 |
|          CAS_COUNT_WR STAT          | MBOX4C1 |    124839248 |          0 |    79709643 | 5.201635e+06 |
|          CAS_COUNT_RD STAT          | MBOX5C0 |    359425764 |          0 |   227858185 | 1.497607e+07 |
|          CAS_COUNT_WR STAT          | MBOX5C1 |    125820400 |          0 |    80223365 | 5.242517e+06 |
|          CAS_COUNT_RD STAT          | MBOX6C0 |            0 |          0 |           0 |            0 |
|          CAS_COUNT_WR STAT          | MBOX6C1 |            0 |          0 |           0 |            0 |
|          CAS_COUNT_RD STAT          | MBOX7C0 |            0 |          0 |           0 |            0 |
|          CAS_COUNT_WR STAT          | MBOX7C1 |            0 |          0 |           0 |            0 |
+-------------------------------------+---------+--------------+------------+-------------+--------------+
+-----------------------------------+-----------+-----------+-----------+-----------+-----------+-----------+-----------+-----------+-----------+-----------+-----------+-----------+-----------+-----------+-----------+-----------+-----------+-----------+-----------+-----------+-----------+-----------+-----------+-----------+
|               Metric              |   Core 0  |   Core 1  |   Core 2  |   Core 3  |   Core 4  |   Core 5  |   Core 6  |   Core 7  |   Core 8  |   Core 9  |  Core 10  |  Core 11  |  Core 12  |  Core 13  |  Core 14  |  Core 15  |  Core 16  |  Core 17  |  Core 18  |  Core 19  |  Core 20  |  Core 21  |  Core 22  |  Core 23  |
+-----------------------------------+-----------+-----------+-----------+-----------+-----------+-----------+-----------+-----------+-----------+-----------+-----------+-----------+-----------+-----------+-----------+-----------+-----------+-----------+-----------+-----------+-----------+-----------+-----------+-----------+
|        Runtime (RDTSC) [s]        |   10.0008 |   10.0008 |   10.0008 |   10.0008 |   10.0008 |   10.0008 |   10.0008 |   10.0008 |   10.0008 |   10.0008 |   10.0008 |   10.0008 |   10.0008 |   10.0008 |   10.0008 |   10.0008 |   10.0008 |   10.0008 |   10.0008 |   10.0008 |   10.0008 |   10.0008 |   10.0008 |   10.0008 |
|        Runtime unhalted [s]       |    5.0141 |    1.2718 |    1.2718 |    1.2713 |    1.2718 |    1.2726 |    5.1854 |    5.1861 |    5.1843 |    5.1835 |    5.1825 |    5.1832 |    1.2730 |    1.2772 |    1.2801 |    1.2785 |    1.2788 |    1.2792 |    5.1759 |    5.1761 |    5.1750 |    5.1777 |    5.1752 |    5.1766 |
|            Clock [MHz]            | 1199.9937 | 1199.9931 | 1199.9936 | 1199.9917 | 1199.9926 | 1199.9935 | 1199.9935 | 1199.9938 | 1199.9926 | 1199.9946 | 1199.9939 | 1199.9935 | 1199.9941 | 1199.9944 | 1199.9934 | 1199.9933 | 1199.9926 | 1199.9929 | 1199.9937 | 1199.9939 | 1199.9927 | 1199.9937 | 1199.9917 | 1199.9932 |
|                CPI                |    0.8854 |    0.8018 |    0.8035 |    0.8081 |    0.8022 |    0.8106 |    0.4325 |    0.4321 |    0.4340 |    0.4339 |    0.4370 |    0.4354 |    0.8713 |    0.8762 |    0.8861 |    0.8919 |    0.8921 |    0.8903 |    0.4333 |    0.4335 |    0.4378 |    0.4351 |    0.4370 |    0.4362 |
|   Local DRAM data volume [GByte]  |    5.0834 |    0.9448 |    0.9342 |    0.9490 |    0.9491 |    0.9194 |    3.5275 |    3.3190 |    3.5255 |    3.4933 |    3.3769 |    3.5209 |    0.2217 |    0.2255 |    0.2360 |    0.2408 |    0.2411 |    0.2437 |    2.4489 |    2.7343 |    2.5542 |    2.5377 |    2.4410 |    2.6635 |
|   Local DRAM bandwidth [MByte/s]  |  508.3065 |   94.4760 |   93.4175 |   94.8943 |   94.9056 |   91.9336 |  352.7259 |  331.8734 |  352.5267 |  349.3000 |  337.6670 |  352.0668 |   22.1673 |   22.5455 |   23.5940 |   24.0789 |   24.1067 |   24.3697 |  244.8748 |  273.4126 |  255.4017 |  253.7495 |  244.0812 |  266.3290 |
|  Remote DRAM data volume [GByte]  |    0.0381 |    0.0172 |    0.0302 |    0.0147 |    0.0193 |    0.0515 |    1.1855 |    1.3979 |    1.1735 |    1.2092 |    1.2909 |    1.1664 |    0.7298 |    0.7298 |    0.7250 |    0.7179 |    0.7171 |    0.7179 |    1.7794 |    1.5076 |    1.6496 |    1.7017 |    1.7774 |    1.5602 |
|  Remote DRAM bandwidth [MByte/s]  |    3.8144 |    1.7210 |    3.0165 |    1.4677 |    1.9348 |    5.1515 |  118.5438 |  139.7759 |  117.3446 |  120.9122 |  129.0824 |  116.6285 |   72.9735 |   72.9710 |   72.4897 |   71.7877 |   71.7057 |   71.7892 |  177.9237 |  150.7481 |  164.9503 |  170.1569 |  177.7302 |  156.0066 |
|     Memory data volume [GByte]    |    5.1216 |    0.9620 |    0.9644 |    0.9637 |    0.9685 |    0.9709 |    4.7131 |    4.7168 |    4.6991 |    4.7025 |    4.6678 |    4.6873 |    0.9515 |    0.9552 |    0.9609 |    0.9587 |    0.9582 |    0.9617 |    4.2283 |    4.2419 |    4.2038 |    4.2394 |    4.2184 |    4.2237 |
|     Memory bandwidth [MByte/s]    |  512.1208 |   96.1971 |   96.4340 |   96.3620 |   96.8405 |   97.0851 |  471.2696 |  471.6493 |  469.8713 |  470.2122 |  466.7494 |  468.6953 |   95.1408 |   95.5166 |   96.0837 |   95.8666 |   95.8123 |   96.1588 |  422.7985 |  424.1606 |  420.3520 |  423.9064 |  421.8114 |  422.3356 |
|          L3 request rate          |    2.0135 |    4.8184 |    4.7303 |    4.4585 |    4.3097 |    4.2976 |    2.2825 |    2.3011 |    2.2956 |    2.2926 |    2.2887 |    2.2887 |    4.2705 |    4.2865 |    4.2719 |    4.3880 |    4.4483 |    4.4197 |    2.5331 |    2.5451 |    2.5317 |    2.5244 |    2.5227 |    2.5288 |
|            L3 miss rate           |    0.0149 |    0.0141 |    0.0241 |    0.0112 |    0.0143 |    0.0370 |    0.5138 |    0.6108 |    0.5175 |    0.5326 |    0.5742 |    0.5160 |    0.5126 |    0.5003 |    0.4865 |    0.4750 |    0.4667 |    0.4677 |    0.7779 |    0.6623 |    0.7352 |    0.7509 |    0.7887 |    0.6921 |
|           L3 miss ratio           |    0.0075 |    0.0182 |    0.0323 |    0.0155 |    0.0204 |    0.0560 |    0.3361 |    0.4212 |    0.3329 |    0.3462 |    0.3823 |    0.3313 |    3.2919 |    3.2366 |    3.0724 |    2.9814 |    2.9745 |    2.9458 |    0.7266 |    0.5514 |    0.6458 |    0.6706 |    0.7282 |    0.5858 |
|          L2 request rate          |    0.0379 |    0.0500 |    0.0508 |    0.0505 |    0.0515 |    0.0523 |    0.0232 |    0.0232 |    0.0235 |    0.0236 |    0.0236 |    0.0234 |    0.0545 |    0.0544 |    0.0546 |    0.0547 |    0.0566 |    0.0563 |    0.0229 |    0.0229 |    0.0231 |    0.0233 |    0.0233 |    0.0232 |
|            L2 miss rate           |    0.0092 |    0.0120 |    0.0122 |    0.0123 |    0.0123 |    0.0126 |    0.0070 |    0.0070 |    0.0070 |    0.0070 |    0.0070 |    0.0070 |    0.0138 |    0.0140 |    0.0142 |    0.0144 |    0.0145 |    0.0145 |    0.0070 |    0.0070 |    0.0070 |    0.0070 |    0.0070 |    0.0070 |
|           L2 miss ratio           |    0.2438 |    0.2391 |    0.2399 |    0.2441 |    0.2395 |    0.2419 |    0.3003 |    0.3005 |    0.2969 |    0.2955 |    0.2949 |    0.2968 |    0.2540 |    0.2575 |    0.2606 |    0.2631 |    0.2568 |    0.2570 |    0.3040 |    0.3039 |    0.3006 |    0.2995 |    0.2989 |    0.3006 |
|  Memory read bandwidth [MBytes/s] | 5825.9479 |         0 |         0 |         0 |         0 |         0 |         0 |         0 |         0 |         0 |         0 |         0 | 3361.4406 |         0 |         0 |         0 |         0 |         0 |         0 |         0 |         0 |         0 |         0 |         0 |
|  Memory read data volume [GBytes] |   58.2639 |         0 |         0 |         0 |         0 |         0 |         0 |         0 |         0 |         0 |         0 |         0 |   33.6169 |         0 |         0 |         0 |         0 |         0 |         0 |         0 |         0 |         0 |         0 |         0 |
| Memory write bandwidth [MBytes/s] | 2046.6998 |         0 |         0 |         0 |         0 |         0 |         0 |         0 |         0 |         0 |         0 |         0 | 1161.8862 |         0 |         0 |         0 |         0 |         0 |         0 |         0 |         0 |         0 |         0 |         0 |
| Memory write data volume [GBytes] |   20.4685 |         0 |         0 |         0 |         0 |         0 |         0 |         0 |         0 |         0 |         0 |         0 |   11.6197 |         0 |         0 |         0 |         0 |         0 |         0 |         0 |         0 |         0 |         0 |         0 |
|    Memory bandwidth [MBytes/s]    | 7872.6478 |         0 |         0 |         0 |         0 |         0 |         0 |         0 |         0 |         0 |         0 |         0 | 4523.3267 |         0 |         0 |         0 |         0 |         0 |         0 |         0 |         0 |         0 |         0 |         0 |
|    Memory data volume [GBytes]    |   78.7324 |         0 |         0 |         0 |         0 |         0 |         0 |         0 |         0 |         0 |         0 |         0 |   45.2367 |         0 |         0 |         0 |         0 |         0 |         0 |         0 |         0 |         0 |         0 |         0 |
|          Temperature [C]          |        32 |        35 |        36 |        32 |        32 |        32 |        30 |        30 |        31 |        32 |        33 |        36 |        33 |        34 |        32 |        31 |        36 |        30 |        32 |        36 |        32 |        35 |        33 |        33 |
|             Energy [J]            |  364.2670 |         0 |         0 |         0 |         0 |         0 |         0 |         0 |         0 |         0 |         0 |         0 |  372.9758 |         0 |         0 |         0 |         0 |         0 |         0 |         0 |         0 |         0 |         0 |         0 |
|             Power [W]             |   36.4239 |         0 |         0 |         0 |         0 |         0 |         0 |         0 |         0 |         0 |         0 |         0 |   37.2948 |         0 |         0 |         0 |         0 |         0 |         0 |         0 |         0 |         0 |         0 |         0 |
|           Energy PP0 [J]          |         0 |         0 |         0 |         0 |         0 |         0 |         0 |         0 |         0 |         0 |         0 |         0 |         0 |         0 |         0 |         0 |         0 |         0 |         0 |         0 |         0 |         0 |         0 |         0 |
|           Power PP0 [W]           |         0 |         0 |         0 |         0 |         0 |         0 |         0 |         0 |         0 |         0 |         0 |         0 |         0 |         0 |         0 |         0 |         0 |         0 |         0 |         0 |         0 |         0 |         0 |         0 |
|          Energy DRAM [J]          |  100.2616 |         0 |         0 |         0 |         0 |         0 |         0 |         0 |         0 |         0 |         0 |         0 |   88.8487 |         0 |         0 |         0 |         0 |         0 |         0 |         0 |         0 |         0 |         0 |         0 |
|           Power DRAM [W]          |   10.0254 |         0 |         0 |         0 |         0 |         0 |         0 |         0 |         0 |         0 |         0 |         0 |    8.8842 |         0 |         0 |         0 |         0 |         0 |         0 |         0 |         0 |         0 |         0 |         0 |
+-----------------------------------+-----------+-----------+-----------+-----------+-----------+-----------+-----------+-----------+-----------+-----------+-----------+-----------+-----------+-----------+-----------+-----------+-----------+-----------+-----------+-----------+-----------+-----------+-----------+-----------+
+----------------------------------------+------------+-----------+-----------+-----------+
|                 Metric                 |     Sum    |    Min    |    Max    |    Avg    |
+----------------------------------------+------------+-----------+-----------+-----------+
|        Runtime (RDTSC) [s] STAT        |   240.0192 |   10.0008 |   10.0008 |   10.0008 |
|        Runtime unhalted [s] STAT       |    81.2017 |    1.2713 |    5.1861 |    3.3834 |
|            Clock [MHz] STAT            | 28799.8397 | 1199.9917 | 1199.9946 | 1199.9933 |
|                CPI STAT                |    15.4373 |    0.4321 |    0.8921 |    0.6432 |
|   Local DRAM data volume [GByte] STAT  |    47.3314 |    0.2217 |    5.0834 |    1.9721 |
|   Local DRAM bandwidth [MByte/s] STAT  |  4732.8042 |   22.1673 |  508.3065 |  197.2002 |
|  Remote DRAM data volume [GByte] STAT  |    21.9078 |    0.0147 |    1.7794 |    0.9128 |
|  Remote DRAM bandwidth [MByte/s] STAT  |  2190.6259 |    1.4677 |  177.9237 |   91.2761 |
|     Memory data volume [GByte] STAT    |    69.2394 |    0.9515 |    5.1216 |    2.8850 |
|     Memory bandwidth [MByte/s] STAT    |  6923.4299 |   95.1408 |  512.1208 |  288.4762 |
|          L3 request rate STAT          |    79.6479 |    2.0135 |    4.8184 |    3.3187 |
|            L3 miss rate STAT           |    10.6964 |    0.0112 |    0.7887 |    0.4457 |
|           L3 miss ratio STAT           |    24.7109 |    0.0075 |    3.2919 |    1.0296 |
|          L2 request rate STAT          |     0.9033 |    0.0229 |    0.0566 |    0.0376 |
|            L2 miss rate STAT           |     0.2400 |    0.0070 |    0.0145 |    0.0100 |
|           L2 miss ratio STAT           |     6.5897 |    0.2391 |    0.3040 |    0.2746 |
|  Memory read bandwidth [MBytes/s] STAT |  9187.3885 |         0 | 5825.9479 |  382.8079 |
|  Memory read data volume [GBytes] STAT |    91.8808 |         0 |   58.2639 |    3.8284 |
| Memory write bandwidth [MBytes/s] STAT |  3208.5860 |         0 | 2046.6998 |  133.6911 |
| Memory write data volume [GBytes] STAT |    32.0882 |         0 |   20.4685 |    1.3370 |
|    Memory bandwidth [MBytes/s] STAT    | 12395.9745 |         0 | 7872.6478 |  516.4989 |
|    Memory data volume [GBytes] STAT    |   123.9691 |         0 |   78.7324 |    5.1654 |
|          Temperature [C] STAT          |        788 |        30 |        36 |   32.8333 |
|             Energy [J] STAT            |   737.2428 |         0 |  372.9758 |   30.7185 |
|             Power [W] STAT             |    73.7187 |         0 |   37.2948 |    3.0716 |
|           Energy PP0 [J] STAT          |          0 |         0 |         0 |         0 |
|           Power PP0 [W] STAT           |          0 |         0 |         0 |         0 |
|          Energy DRAM [J] STAT          |   189.1103 |         0 |  100.2616 |    7.8796 |
|           Power DRAM [W] STAT          |    18.9096 |         0 |   10.0254 |    0.7879 |
+----------------------------------------+------------+-----------+-----------+-----------+
