--------------------------------------------------------------------------------
CPU name:	Intel(R) Xeon(R) CPU E5-2670 v3 @ 2.30GHz
CPU type:	Intel Xeon Haswell EN/EP/EX processor
CPU clock:	2.30 GHz
--------------------------------------------------------------------------------
Group 1: POWERPERF
+--------------------------------+---------+----------+---------+--------+--------+--------+--------+-------------+-------------+-------------+-------------+-------------+-------------+----------+---------+---------+---------+---------+---------+-------------+-------------+-------------+-------------+-------------+-------------+
|              Event             | Counter |  Core 0  |  Core 1 | Core 2 | Core 3 | Core 4 | Core 5 |    Core 6   |    Core 7   |    Core 8   |    Core 9   |   Core 10   |   Core 11   |  Core 12 | Core 13 | Core 14 | Core 15 | Core 16 | Core 17 |   Core 18   |   Core 19   |   Core 20   |   Core 21   |   Core 22   |   Core 23   |
+--------------------------------+---------+----------+---------+--------+--------+--------+--------+-------------+-------------+-------------+-------------+-------------+-------------+----------+---------+---------+---------+---------+---------+-------------+-------------+-------------+-------------+-------------+-------------+
|        INSTR_RETIRED_ANY       |  FIXC0  |    48727 | 2531684 |  42418 |  93415 |      0 |      0 | 14359892532 | 14584420337 | 14470417466 | 14522215544 | 14574926254 | 14181236888 |   819930 |       0 |       0 |       0 |       0 |       0 | 14465453292 | 14551003191 | 14221648223 | 14183375355 | 14198926693 | 14103661648 |
|      CPU_CLK_UNHALTED_CORE     |  FIXC1  |   185592 | 2209618 |  82283 | 180586 |      0 |      0 | 11926747824 | 11933065221 | 11933778236 | 11931845887 | 11931231748 | 11933249256 |   948724 |       0 |       0 |       0 |       0 |       0 | 11931372928 | 11931095468 | 11932207897 | 11931333611 | 11930006232 | 11931832134 |
|      CPU_CLK_UNHALTED_REF      |  FIXC2  |   355557 | 4235128 | 157688 | 345667 |      0 |      0 | 22859593694 | 22871690176 | 22873083470 | 22869330882 | 22868171843 | 22872053829 |  1818449 |       0 |       0 |       0 |       0 |       0 | 22868423946 | 22867934276 | 22870080061 | 22868375370 | 22865877087 | 22869339208 |
|           FIXC1/FIXC0          |   CPI   |        0 |       0 |      0 |      0 |      0 |      0 |           0 |           0 |           0 |           0 |           0 |           0 |        0 |       0 |       0 |       0 |       0 |       0 |           0 |           0 |           0 |           0 |           0 |           0 |
|  OFFCORE_RESPONSE_0_LOCAL_DRAM |   PMC0  |       87 |   58633 |     92 |     23 |      0 |      0 |       38738 |         246 |         267 |          80 |         605 |         166 |      159 |       0 |       0 |       0 |       0 |       0 |         252 |         315 |         238 |         352 |         259 |         291 |
| OFFCORE_RESPONSE_1_REMOTE_DRAM |   PMC1  |      396 |     485 |     58 |     86 |      0 |      0 |       37842 |         418 |         204 |         494 |         432 |         344 |        1 |       0 |       0 |       0 |       0 |       0 |         206 |         410 |         132 |         201 |         171 |         156 |
|  MEM_LOAD_UOPS_RETIRED_L3_ALL  |   PMC2  |      134 |    1549 |     95 |    227 |      0 |      0 |    63144074 |    63773988 |    61703983 |    61747326 |    60433550 |    63742950 |     4070 |       0 |       0 |       0 |       0 |       0 |    63585346 |    62427164 |    63432413 |    61104601 |    64260229 |    63758690 |
|  MEM_LOAD_UOPS_RETIRED_L3_MISS |   PMC3  |       70 |     468 |     13 |     17 |      0 |      0 |       16417 |        3963 |        4463 |        4274 |        4735 |        4121 |       21 |       0 |       0 |       0 |       0 |       0 |        8639 |        8533 |        8463 |        9513 |        7716 |        8316 |
|      L2_TRANS_ALL_REQUESTS     |   PMC4  |    18064 |  336628 |   6067 |  19805 |      0 |      0 |   567387542 |   569811013 |   556243595 |   553576318 |   554619504 |   560902629 |    74395 |       0 |       0 |       0 |       0 |       0 |   567065419 |   568677279 |   555571951 |   550447745 |   565712962 |   559855879 |
|          L2_RQSTS_MISS         |   PMC5  |     1172 |   92841 |   1327 |   1614 |      0 |      0 |   190333650 |   192078706 |   187928499 |   186097266 |   183692228 |   190909757 |    25446 |       0 |       0 |       0 |       0 |       0 |   190836673 |   188640797 |   188636262 |   184934533 |   192376847 |   190411767 |
|        UOPS_RETIRED_ALL        |   PMC6  |   114629 | 3846056 |  51791 | 151592 |      0 |      0 | 19378680564 | 19683873655 | 19532922351 | 19602031170 | 19668780220 | 19135145814 |   971341 |       0 |       0 |       0 |       0 |       0 | 19520094148 | 19636396723 | 19191383805 | 19139571359 | 19162682908 | 19034548723 |
|            TEMP_CORE           |   TMP0  |       28 |      30 |     32 |     28 |     29 |     29 |          28 |          28 |          29 |          31 |          31 |          34 |       31 |      32 |      30 |      28 |      34 |      28 |          32 |          35 |          32 |          35 |          33 |          34 |
|         PWR_PKG_ENERGY         |   PWR0  | 313.4728 |       0 |      0 |      0 |      0 |      0 |           0 |           0 |           0 |           0 |           0 |           0 | 363.1324 |       0 |       0 |       0 |       0 |       0 |           0 |           0 |           0 |           0 |           0 |           0 |
|         PWR_PP0_ENERGY         |   PWR1  |        0 |       0 |      0 |      0 |      0 |      0 |           0 |           0 |           0 |           0 |           0 |           0 |        0 |       0 |       0 |       0 |       0 |       0 |           0 |           0 |           0 |           0 |           0 |           0 |
|         PWR_DRAM_ENERGY        |   PWR3  |  48.2705 |       0 |      0 |      0 |      0 |      0 |           0 |           0 |           0 |           0 |           0 |           0 |  50.1267 |       0 |       0 |       0 |       0 |       0 |           0 |           0 |           0 |           0 |           0 |           0 |
|          CAS_COUNT_RD          | MBOX0C0 |   620637 |       0 |      0 |      0 |      0 |      0 |           0 |           0 |           0 |           0 |           0 |           0 |   669774 |       0 |       0 |       0 |       0 |       0 |           0 |           0 |           0 |           0 |           0 |           0 |
|          CAS_COUNT_WR          | MBOX0C1 |   573236 |       0 |      0 |      0 |      0 |      0 |           0 |           0 |           0 |           0 |           0 |           0 |   615884 |       0 |       0 |       0 |       0 |       0 |           0 |           0 |           0 |           0 |           0 |           0 |
|          CAS_COUNT_RD          | MBOX1C0 |    42169 |       0 |      0 |      0 |      0 |      0 |           0 |           0 |           0 |           0 |           0 |           0 |    53657 |       0 |       0 |       0 |       0 |       0 |           0 |           0 |           0 |           0 |           0 |           0 |
|          CAS_COUNT_WR          | MBOX1C1 |    37457 |       0 |      0 |      0 |      0 |      0 |           0 |           0 |           0 |           0 |           0 |           0 |    20694 |       0 |       0 |       0 |       0 |       0 |           0 |           0 |           0 |           0 |           0 |           0 |
|          CAS_COUNT_RD          | MBOX2C0 |        0 |       0 |      0 |      0 |      0 |      0 |           0 |           0 |           0 |           0 |           0 |           0 |        0 |       0 |       0 |       0 |       0 |       0 |           0 |           0 |           0 |           0 |           0 |           0 |
|          CAS_COUNT_WR          | MBOX2C1 |        0 |       0 |      0 |      0 |      0 |      0 |           0 |           0 |           0 |           0 |           0 |           0 |        0 |       0 |       0 |       0 |       0 |       0 |           0 |           0 |           0 |           0 |           0 |           0 |
|          CAS_COUNT_RD          | MBOX3C0 |        0 |       0 |      0 |      0 |      0 |      0 |           0 |           0 |           0 |           0 |           0 |           0 |        0 |       0 |       0 |       0 |       0 |       0 |           0 |           0 |           0 |           0 |           0 |           0 |
|          CAS_COUNT_WR          | MBOX3C1 |        0 |       0 |      0 |      0 |      0 |      0 |           0 |           0 |           0 |           0 |           0 |           0 |        0 |       0 |       0 |       0 |       0 |       0 |           0 |           0 |           0 |           0 |           0 |           0 |
|          CAS_COUNT_RD          | MBOX4C0 |   677018 |       0 |      0 |      0 |      0 |      0 |           0 |           0 |           0 |           0 |           0 |           0 |   593390 |       0 |       0 |       0 |       0 |       0 |           0 |           0 |           0 |           0 |           0 |           0 |
|          CAS_COUNT_WR          | MBOX4C1 |   591364 |       0 |      0 |      0 |      0 |      0 |           0 |           0 |           0 |           0 |           0 |           0 |   549628 |       0 |       0 |       0 |       0 |       0 |           0 |           0 |           0 |           0 |           0 |           0 |
|          CAS_COUNT_RD          | MBOX5C0 |   168116 |       0 |      0 |      0 |      0 |      0 |           0 |           0 |           0 |           0 |           0 |           0 |    18937 |       0 |       0 |       0 |       0 |       0 |           0 |           0 |           0 |           0 |           0 |           0 |
|          CAS_COUNT_WR          | MBOX5C1 |    79697 |       0 |      0 |      0 |      0 |      0 |           0 |           0 |           0 |           0 |           0 |           0 |    11616 |       0 |       0 |       0 |       0 |       0 |           0 |           0 |           0 |           0 |           0 |           0 |
|          CAS_COUNT_RD          | MBOX6C0 |        0 |       0 |      0 |      0 |      0 |      0 |           0 |           0 |           0 |           0 |           0 |           0 |        0 |       0 |       0 |       0 |       0 |       0 |           0 |           0 |           0 |           0 |           0 |           0 |
|          CAS_COUNT_WR          | MBOX6C1 |        0 |       0 |      0 |      0 |      0 |      0 |           0 |           0 |           0 |           0 |           0 |           0 |        0 |       0 |       0 |       0 |       0 |       0 |           0 |           0 |           0 |           0 |           0 |           0 |
|          CAS_COUNT_RD          | MBOX7C0 |        0 |       0 |      0 |      0 |      0 |      0 |           0 |           0 |           0 |           0 |           0 |           0 |        0 |       0 |       0 |       0 |       0 |       0 |           0 |           0 |           0 |           0 |           0 |           0 |
|          CAS_COUNT_WR          | MBOX7C1 |        0 |       0 |      0 |      0 |      0 |      0 |           0 |           0 |           0 |           0 |           0 |           0 |        0 |       0 |       0 |       0 |       0 |       0 |           0 |           0 |           0 |           0 |           0 |           0 |
+--------------------------------+---------+----------+---------+--------+--------+--------+--------+-------------+-------------+-------------+-------------+-------------+-------------+----------+---------+---------+---------+---------+---------+-------------+-------------+-------------+-------------+-------------+-------------+
+-------------------------------------+---------+--------------+-----+-------------+--------------+
|                Event                | Counter |      Sum     | Min |     Max     |      Avg     |
+-------------------------------------+---------+--------------+-----+-------------+--------------+
|        INSTR_RETIRED_ANY STAT       |  FIXC0  | 172420713597 |   0 | 14584420337 | 7.184196e+09 |
|      CPU_CLK_UNHALTED_CORE STAT     |  FIXC1  | 143181373245 |   0 | 11933778236 | 5.965891e+09 |
|      CPU_CLK_UNHALTED_REF STAT      |  FIXC2  | 274430866331 |   0 | 22873083470 | 1.143462e+10 |
|           FIXC1/FIXC0 STAT          |   CPI   |            0 |   0 |           0 |            0 |
|  OFFCORE_RESPONSE_0_LOCAL_DRAM STAT |   PMC0  |       100803 |   0 |       58633 |    4200.1250 |
| OFFCORE_RESPONSE_1_REMOTE_DRAM STAT |   PMC1  |        42036 |   0 |       37842 |    1751.5000 |
|  MEM_LOAD_UOPS_RETIRED_L3_ALL STAT  |   PMC2  |    753120389 |   0 |    64260229 | 3.138002e+07 |
|  MEM_LOAD_UOPS_RETIRED_L3_MISS STAT |   PMC3  |        89742 |   0 |       16417 |    3739.2500 |
|      L2_TRANS_ALL_REQUESTS STAT     |   PMC4  |   6730326795 |   0 |   569811013 | 2.804303e+08 |
|          L2_RQSTS_MISS STAT         |   PMC5  |   2266999385 |   0 |   192376847 | 9.445831e+07 |
|        UOPS_RETIRED_ALL STAT        |   PMC6  | 232691246849 |   0 | 19683873655 | 9.695469e+09 |
|            TEMP_CORE STAT           |   TMP0  |          741 |  28 |          35 |      30.8750 |
|         PWR_PKG_ENERGY STAT         |   PWR0  |     676.6052 |   0 |    363.1324 |      28.1919 |
|         PWR_PP0_ENERGY STAT         |   PWR1  |            0 |   0 |           0 |            0 |
|         PWR_DRAM_ENERGY STAT        |   PWR3  |      98.3972 |   0 |     50.1267 |       4.0999 |
|          CAS_COUNT_RD STAT          | MBOX0C0 |      1290411 |   0 |      669774 |   53767.1250 |
|          CAS_COUNT_WR STAT          | MBOX0C1 |      1189120 |   0 |      615884 |   49546.6667 |
|          CAS_COUNT_RD STAT          | MBOX1C0 |        95826 |   0 |       53657 |    3992.7500 |
|          CAS_COUNT_WR STAT          | MBOX1C1 |        58151 |   0 |       37457 |    2422.9583 |
|          CAS_COUNT_RD STAT          | MBOX2C0 |            0 |   0 |           0 |            0 |
|          CAS_COUNT_WR STAT          | MBOX2C1 |            0 |   0 |           0 |            0 |
|          CAS_COUNT_RD STAT          | MBOX3C0 |            0 |   0 |           0 |            0 |
|          CAS_COUNT_WR STAT          | MBOX3C1 |            0 |   0 |           0 |            0 |
|          CAS_COUNT_RD STAT          | MBOX4C0 |      1270408 |   0 |      677018 |   52933.6667 |
|          CAS_COUNT_WR STAT          | MBOX4C1 |      1140992 |   0 |      591364 |   47541.3333 |
|          CAS_COUNT_RD STAT          | MBOX5C0 |       187053 |   0 |      168116 |    7793.8750 |
|          CAS_COUNT_WR STAT          | MBOX5C1 |        91313 |   0 |       79697 |    3804.7083 |
|          CAS_COUNT_RD STAT          | MBOX6C0 |            0 |   0 |           0 |            0 |
|          CAS_COUNT_WR STAT          | MBOX6C1 |            0 |   0 |           0 |            0 |
|          CAS_COUNT_RD STAT          | MBOX7C0 |            0 |   0 |           0 |            0 |
|          CAS_COUNT_WR STAT          | MBOX7C1 |            0 |   0 |           0 |            0 |
+-------------------------------------+---------+--------------+-----+-------------+--------------+
+-----------------------------------+--------------+--------------+--------------+--------------+---------+---------+-----------+--------------+--------------+--------------+--------------+--------------+--------------+---------+---------+---------+---------+---------+--------------+--------------+--------------+--------------+--------------+--------------+
|               Metric              |    Core 0    |    Core 1    |    Core 2    |    Core 3    |  Core 4 |  Core 5 |   Core 6  |    Core 7    |    Core 8    |    Core 9    |    Core 10   |    Core 11   |    Core 12   | Core 13 | Core 14 | Core 15 | Core 16 | Core 17 |    Core 18   |    Core 19   |    Core 20   |    Core 21   |    Core 22   |    Core 23   |
+-----------------------------------+--------------+--------------+--------------+--------------+---------+---------+-----------+--------------+--------------+--------------+--------------+--------------+--------------+---------+---------+---------+---------+---------+--------------+--------------+--------------+--------------+--------------+--------------+
|        Runtime (RDTSC) [s]        |      10.0009 |      10.0009 |      10.0009 |      10.0009 | 10.0009 | 10.0009 |   10.0009 |      10.0009 |      10.0009 |      10.0009 |      10.0009 |      10.0009 |      10.0009 | 10.0009 | 10.0009 | 10.0009 | 10.0009 | 10.0009 |      10.0009 |      10.0009 |      10.0009 |      10.0009 |      10.0009 |      10.0009 |
|        Runtime unhalted [s]       |       0.0001 |       0.0010 | 3.577529e-05 |       0.0001 |       0 |       0 |    5.1856 |       5.1883 |       5.1886 |       5.1878 |       5.1875 |       5.1884 |       0.0004 |       0 |       0 |       0 |       0 |       0 |       5.1876 |       5.1874 |       5.1879 |       5.1875 |       5.1870 |       5.1878 |
|            Clock [MHz]            |    1200.5408 |    1199.9899 |    1200.1579 |    1201.5811 |   nan   |   nan   | 1199.9978 |    1199.9984 |    1199.9970 |    1199.9996 |    1199.9986 |    1199.9978 |    1199.9570 |   nan   |   nan   |   nan   |   nan   |   nan   |    1199.9996 |    1199.9974 |    1199.9967 |    1199.9982 |    1199.9958 |    1199.9978 |
|                CPI                |       3.8088 |       0.8728 |       1.9398 |       1.9332 |   nan   |   nan   |    0.8306 |       0.8182 |       0.8247 |       0.8216 |       0.8186 |       0.8415 |       1.1571 |   nan   |   nan   |   nan   |   nan   |   nan   |       0.8248 |       0.8200 |       0.8390 |       0.8412 |       0.8402 |       0.8460 |
|   Local DRAM data volume [GByte]  | 5.568000e-06 |       0.0038 | 5.888000e-06 | 1.472000e-06 |       0 |       0 |    0.0025 | 1.574400e-05 | 1.708800e-05 | 5.120000e-06 | 3.872000e-05 | 1.062400e-05 | 1.017600e-05 |       0 |       0 |       0 |       0 |       0 | 1.612800e-05 | 2.016000e-05 | 1.523200e-05 | 2.252800e-05 | 1.657600e-05 | 1.862400e-05 |
|   Local DRAM bandwidth [MByte/s]  |       0.0006 |       0.3752 |       0.0006 |       0.0001 |       0 |       0 |    0.2479 |       0.0016 |       0.0017 |       0.0005 |       0.0039 |       0.0011 |       0.0010 |       0 |       0 |       0 |       0 |       0 |       0.0016 |       0.0020 |       0.0015 |       0.0023 |       0.0017 |       0.0019 |
|  Remote DRAM data volume [GByte]  | 2.534400e-05 | 3.104000e-05 | 3.712000e-06 | 5.504000e-06 |       0 |       0 |    0.0024 | 2.675200e-05 | 1.305600e-05 | 3.161600e-05 | 2.764800e-05 | 2.201600e-05 | 6.400000e-08 |       0 |       0 |       0 |       0 |       0 | 1.318400e-05 | 2.624000e-05 | 8.448000e-06 | 1.286400e-05 | 1.094400e-05 | 9.984000e-06 |
|  Remote DRAM bandwidth [MByte/s]  |       0.0025 |       0.0031 |       0.0004 |       0.0006 |       0 |       0 |    0.2422 |       0.0027 |       0.0013 |       0.0032 |       0.0028 |       0.0022 | 6.399398e-06 |       0 |       0 |       0 |       0 |       0 |       0.0013 |       0.0026 |       0.0008 |       0.0013 |       0.0011 |       0.0010 |
|     Memory data volume [GByte]    | 3.091200e-05 |       0.0038 | 9.600000e-06 | 6.976000e-06 |       0 |       0 |    0.0049 | 4.249600e-05 | 3.014400e-05 | 3.673600e-05 |       0.0001 | 3.264000e-05 | 1.024000e-05 |       0 |       0 |       0 |       0 |       0 | 2.931200e-05 | 4.640000e-05 | 2.368000e-05 | 3.539200e-05 | 2.752000e-05 | 2.860800e-05 |
|     Memory bandwidth [MByte/s]    |       0.0031 |       0.3783 |       0.0010 |       0.0007 |       0 |       0 |    0.4901 |       0.0042 |       0.0030 |       0.0037 |       0.0066 |       0.0033 |       0.0010 |       0 |       0 |       0 |       0 |       0 |       0.0029 |       0.0046 |       0.0024 |       0.0035 |       0.0028 |       0.0029 |
|          L3 request rate          |       1.9143 |       3.3098 |       7.3077 |      13.3529 |   nan   |   nan   | 3846.2614 |   16092.3512 |   13825.6740 |   14447.1984 |   12763.1573 |   15467.8355 |     193.8095 |   nan   |   nan   |   nan   |   nan   |   nan   |    7360.2669 |    7315.9691 |    7495.2633 |    6423.2735 |    8328.1790 |    7666.9901 |
|            L3 miss rate           |       2.9552 |       0.3131 |       0.6105 |       0.3789 |   nan   |   nan   |    0.0006 | 6.554396e-06 | 3.306107e-06 | 8.000346e-06 | 7.148347e-06 | 5.396675e-06 |       0.0002 |   nan   |   nan   |   nan   |   nan   |   nan   | 3.239740e-06 | 6.567654e-06 | 2.080955e-06 | 3.289441e-06 | 2.661055e-06 | 2.446725e-06 |
|           L3 miss ratio           |       4.5517 |       0.0083 |       0.6304 |       3.7391 |   nan   |   nan   |    0.9769 |       1.6992 |       0.7640 |       6.1750 |       0.7140 |       2.0723 |       0.0063 |   nan   |   nan   |   nan   |   nan   |   nan   |       0.8175 |       1.3016 |       0.5546 |       0.5710 |       0.6602 |       0.5361 |
|          L2 request rate          |       0.3707 |       0.1330 |       0.1430 |       0.2120 |   nan   |   nan   |    0.0395 |       0.0391 |       0.0384 |       0.0381 |       0.0381 |       0.0396 |       0.0907 |   nan   |   nan   |   nan   |   nan   |   nan   |       0.0392 |       0.0391 |       0.0391 |       0.0388 |       0.0398 |       0.0397 |
|            L2 miss rate           |       0.0241 |       0.0367 |       0.0313 |       0.0173 |   nan   |   nan   |    0.0133 |       0.0132 |       0.0130 |       0.0128 |       0.0126 |       0.0135 |       0.0310 |   nan   |   nan   |   nan   |   nan   |   nan   |       0.0132 |       0.0130 |       0.0133 |       0.0130 |       0.0135 |       0.0135 |
|           L2 miss ratio           |       0.0649 |       0.2758 |       0.2187 |       0.0815 |   nan   |   nan   |    0.3355 |       0.3371 |       0.3379 |       0.3362 |       0.3312 |       0.3404 |       0.3420 |   nan   |   nan   |   nan   |   nan   |   nan   |       0.3365 |       0.3317 |       0.3395 |       0.3360 |       0.3401 |       0.3401 |
|  Memory read bandwidth [MBytes/s] |       9.6499 |            0 |            0 |            0 |       0 |       0 |         0 |            0 |            0 |            0 |            0 |            0 |       8.5480 |       0 |       0 |       0 |       0 |       0 |            0 |            0 |            0 |            0 |            0 |            0 |
|  Memory read data volume [GBytes] |       0.0965 |            0 |            0 |            0 |       0 |       0 |         0 |            0 |            0 |            0 |            0 |            0 |       0.0855 |       0 |       0 |       0 |       0 |       0 |            0 |            0 |            0 |            0 |            0 |            0 |
| Memory write bandwidth [MBytes/s] |       8.2025 |            0 |            0 |            0 |       0 |       0 |         0 |            0 |            0 |            0 |            0 |            0 |       7.6653 |       0 |       0 |       0 |       0 |       0 |            0 |            0 |            0 |            0 |            0 |            0 |
| Memory write data volume [GBytes] |       0.0820 |            0 |            0 |            0 |       0 |       0 |         0 |            0 |            0 |            0 |            0 |            0 |       0.0767 |       0 |       0 |       0 |       0 |       0 |            0 |            0 |            0 |            0 |            0 |            0 |
|    Memory bandwidth [MBytes/s]    |      17.8524 |            0 |            0 |            0 |       0 |       0 |         0 |            0 |            0 |            0 |            0 |            0 |      16.2134 |       0 |       0 |       0 |       0 |       0 |            0 |            0 |            0 |            0 |            0 |            0 |
|    Memory data volume [GBytes]    |       0.1785 |            0 |            0 |            0 |       0 |       0 |         0 |            0 |            0 |            0 |            0 |            0 |       0.1621 |       0 |       0 |       0 |       0 |       0 |            0 |            0 |            0 |            0 |            0 |            0 |
|          Temperature [C]          |           28 |           30 |           32 |           28 |      29 |      29 |        28 |           28 |           29 |           31 |           31 |           34 |           31 |      32 |      30 |      28 |      34 |      28 |           32 |           35 |           32 |           35 |           33 |           34 |
|             Energy [J]            |     313.4728 |            0 |            0 |            0 |       0 |       0 |         0 |            0 |            0 |            0 |            0 |            0 |     363.1324 |       0 |       0 |       0 |       0 |       0 |            0 |            0 |            0 |            0 |            0 |            0 |
|             Power [W]             |      31.3443 |            0 |            0 |            0 |       0 |       0 |         0 |            0 |            0 |            0 |            0 |            0 |      36.3098 |       0 |       0 |       0 |       0 |       0 |            0 |            0 |            0 |            0 |            0 |            0 |
|           Energy PP0 [J]          |            0 |            0 |            0 |            0 |       0 |       0 |         0 |            0 |            0 |            0 |            0 |            0 |            0 |       0 |       0 |       0 |       0 |       0 |            0 |            0 |            0 |            0 |            0 |            0 |
|           Power PP0 [W]           |            0 |            0 |            0 |            0 |       0 |       0 |         0 |            0 |            0 |            0 |            0 |            0 |            0 |       0 |       0 |       0 |       0 |       0 |            0 |            0 |            0 |            0 |            0 |            0 |
|          Energy DRAM [J]          |      48.2705 |            0 |            0 |            0 |       0 |       0 |         0 |            0 |            0 |            0 |            0 |            0 |      50.1267 |       0 |       0 |       0 |       0 |       0 |            0 |            0 |            0 |            0 |            0 |            0 |
|           Power DRAM [W]          |       4.8266 |            0 |            0 |            0 |       0 |       0 |         0 |            0 |            0 |            0 |            0 |            0 |       5.0122 |       0 |       0 |       0 |       0 |       0 |            0 |            0 |            0 |            0 |            0 |            0 |
+-----------------------------------+--------------+--------------+--------------+--------------+---------+---------+-----------+--------------+--------------+--------------+--------------+--------------+--------------+---------+---------+---------+---------+---------+--------------+--------------+--------------+--------------+--------------+--------------+
+----------------------------------------+--------------+---------+--------------+--------------+
|                 Metric                 |      Sum     |   Min   |      Max     |      Avg     |
+----------------------------------------+--------------+---------+--------------+--------------+
|        Runtime (RDTSC) [s] STAT        |     240.0216 | 10.0009 |      10.0009 |      10.0009 |
|        Runtime unhalted [s] STAT       |      62.2530 |       0 |       5.1886 |       2.5939 |
|            Clock [MHz] STAT            |    7199.9855 |       0 |    1199.9996 |     299.9994 |
|                CPI STAT                |       5.0112 |       0 |       0.8460 |       0.2088 |
|   Local DRAM data volume [GByte] STAT  |       0.0065 |       0 |       0.0038 |       0.0003 |
|   Local DRAM bandwidth [MByte/s] STAT  |       0.6452 |       0 |       0.3752 |       0.0269 |
|  Remote DRAM data volume [GByte] STAT  |       0.0027 |       0 |       0.0024 |       0.0001 |
|  Remote DRAM bandwidth [MByte/s] STAT  |       0.2691 |       0 |       0.2422 |       0.0112 |
|     Memory data volume [GByte] STAT    |       0.0092 |       0 |       0.0049 |       0.0004 |
|     Memory bandwidth [MByte/s] STAT    |       0.9141 |       0 |       0.4901 |       0.0381 |
|          L3 request rate STAT          |   44589.9419 |       0 |    8328.1790 |    1857.9142 |
|            L3 miss rate STAT           | 2.028557e-05 |       0 | 6.567654e-06 | 8.452321e-07 |
|           L3 miss ratio STAT           |       4.4410 |       0 |       1.3016 |       0.1850 |
|          L2 request rate STAT          |       0.2357 |       0 |       0.0398 |       0.0098 |
|            L2 miss rate STAT           |       0.0795 |       0 |       0.0135 |       0.0033 |
|           L2 miss ratio STAT           |       2.0239 |       0 |       0.3401 |       0.0843 |
|  Memory read bandwidth [MBytes/s] STAT |      18.1979 |       0 |       9.6499 |       0.7582 |
|  Memory read data volume [GBytes] STAT |       0.1820 |       0 |       0.0965 |       0.0076 |
| Memory write bandwidth [MBytes/s] STAT |      15.8678 |       0 |       8.2025 |       0.6612 |
| Memory write data volume [GBytes] STAT |       0.1587 |       0 |       0.0820 |       0.0066 |
|    Memory bandwidth [MBytes/s] STAT    |      34.0658 |       0 |      17.8524 |       1.4194 |
|    Memory data volume [GBytes] STAT    |       0.3406 |       0 |       0.1785 |       0.0142 |
|          Temperature [C] STAT          |          741 |      28 |           35 |      30.8750 |
|             Energy [J] STAT            |     676.6052 |       0 |     363.1324 |      28.1919 |
|             Power [W] STAT             |      67.6541 |       0 |      36.3098 |       2.8189 |
|           Energy PP0 [J] STAT          |            0 |       0 |            0 |            0 |
|           Power PP0 [W] STAT           |            0 |       0 |            0 |            0 |
|          Energy DRAM [J] STAT          |      98.3972 |       0 |      50.1267 |       4.0999 |
|           Power DRAM [W] STAT          |       9.8388 |       0 |       5.0122 |       0.4099 |
+----------------------------------------+--------------+---------+--------------+--------------+
