--------------------------------------------------------------------------------
CPU name:	Intel(R) Xeon(R) CPU E5-2670 v3 @ 2.30GHz
CPU type:	Intel Xeon Haswell EN/EP/EX processor
CPU clock:	2.30 GHz
--------------------------------------------------------------------------------
Group 1: POWERPERF
+--------------------------------+---------+-------------+-------------+-------------+-------------+-------------+-------------+------------+------------+------------+------------+------------+------------+-------------+-------------+-------------+-------------+-------------+-------------+------------+------------+------------+------------+------------+------------+
|              Event             | Counter |    Core 0   |    Core 1   |    Core 2   |    Core 3   |    Core 4   |    Core 5   |   Core 6   |   Core 7   |   Core 8   |   Core 9   |   Core 10  |   Core 11  |   Core 12   |   Core 13   |   Core 14   |   Core 15   |   Core 16   |   Core 17   |   Core 18  |   Core 19  |   Core 20  |   Core 21  |   Core 22  |   Core 23  |
+--------------------------------+---------+-------------+-------------+-------------+-------------+-------------+-------------+------------+------------+------------+------------+------------+------------+-------------+-------------+-------------+-------------+-------------+-------------+------------+------------+------------+------------+------------+------------+
|        INSTR_RETIRED_ANY       |  FIXC0  | 23658272272 | 21993743738 | 24354103696 | 20824319985 | 20838512469 | 20828903029 | 5940349219 | 5947077426 | 5931221522 | 5936042746 | 6696797927 | 5935411604 | 23901315275 | 20914541810 | 23263196149 | 20965797784 | 24063223404 | 19940228332 | 6840323378 | 6081583240 | 6830896700 | 6061237211 | 6834855927 | 6054849552 |
|      CPU_CLK_UNHALTED_CORE     |  FIXC1  | 11928553421 | 11941689310 | 11933166776 | 10756775454 | 10753921235 | 10754096564 | 3917141954 | 3915740818 | 3906276642 | 3903763533 | 3996845067 | 3907162918 | 11929095817 | 10732066090 | 11932443649 | 10744678132 | 11930070608 | 10739328299 | 3962474689 | 3900934185 | 3961926251 | 3901071031 | 3958659462 | 3899625838 |
|      CPU_CLK_UNHALTED_REF      |  FIXC2  | 22863040773 | 22888213675 | 22871925512 | 20617128286 | 20611665188 | 20611998826 | 7507855983 | 7505165098 | 7487026056 | 7482212133 | 7660635783 | 7488723548 | 22864107421 | 20569789318 | 22870540751 | 20593986238 | 22865951814 | 20583712575 | 7594738552 | 7476786502 | 7593687636 | 7477048495 | 7587425702 | 7474274327 |
|           FIXC1/FIXC0          |   CPI   |           0 |           0 |           0 |           0 |           0 |           0 |          0 |          0 |          0 |          0 |          0 |          0 |           0 |           0 |           0 |           0 |           0 |           0 |          0 |          0 |          0 |          0 |          0 |          0 |
|  OFFCORE_RESPONSE_0_LOCAL_DRAM |   PMC0  |     6009228 |     6085065 |    32178115 |    31602202 |    28066335 |    43620727 |   43502240 |   42945731 |   42596876 |   42252804 |      78689 |   42574804 |    49431254 |    50235226 |    22716969 |       77503 |    34865358 |    28177475 |      85019 |   43970793 |      81820 |   42745604 |      75282 |   43691278 |
| OFFCORE_RESPONSE_1_REMOTE_DRAM |   PMC1  |        8739 |        8045 |       54040 |       14223 |       15354 |       14040 |     568034 |     608227 |     559433 |     546347 |      35094 |     551787 |        4814 |        5100 |        5236 |       14937 |       28686 |       14025 |       4521 |      27992 |       1357 |      27845 |       1007 |      25676 |
|  MEM_LOAD_UOPS_RETIRED_L3_ALL  |   PMC2  |    22130902 |    22636677 |    81982042 |    80972111 |    80445318 |   200337103 |   28433438 |   28428759 |   28467747 |   28427261 |     109059 |   28716236 |   222663461 |   176507173 |   103972770 |      477473 |   104594474 |    80564329 |      76955 |   29621379 |      83522 |   29737825 |      76413 |   29948229 |
|  MEM_LOAD_UOPS_RETIRED_L3_MISS |   PMC3  |     2846176 |     2906258 |    13101429 |    12692814 |    12533110 |    30325996 |   10654501 |   10490276 |   10451930 |   10344927 |      68138 |   10618588 |    33140225 |    27045753 |    15770375 |       77773 |    15805782 |    12395140 |      51960 |   11423410 |      53225 |   11401073 |      50173 |   11537559 |
|      L2_TRANS_ALL_REQUESTS     |   PMC4  |   105214257 |   107347992 |   613842756 |   621273173 |   575685207 |   946777330 |  495884336 |  494521878 |  489354704 |  488700862 |    1454870 |  489100639 |  1049801517 |  1035297530 |   478172480 |     3708123 |   678392060 |   574826218 |     959157 |  484161443 |    1007441 |  477630224 |     999639 |  485928016 |
|          L2_RQSTS_MISS         |   PMC5  |    25552154 |    26082556 |   161867954 |   163857620 |   153246778 |   239553883 |  145795161 |  145439286 |  144100261 |  143756541 |     283091 |  144084914 |   264047115 |   268503575 |   120651063 |     1478068 |   178291737 |   152746981 |     185962 |  142015373 |     208185 |  140143638 |     184347 |  142774277 |
|        UOPS_RETIRED_ALL        |   PMC6  | 32309395011 | 30905665654 | 32701205094 | 27675699552 | 27897274389 | 28130516495 | 6870816709 | 6879623176 | 6858485961 | 6865109428 | 9679601843 | 6863840864 | 32195314223 | 28277067030 | 31998185920 | 28340487366 | 32363980698 | 27732274483 | 9894452168 | 7052907280 | 9880600429 | 7030496437 | 9886581900 | 7018211465 |
|            TEMP_CORE           |   TMP0  |          33 |          35 |          37 |          32 |          33 |          31 |         29 |         29 |         31 |         31 |         32 |         33 |          35 |          36 |          34 |          32 |          36 |          30 |         32 |         35 |         32 |         34 |         32 |         32 |
|         PWR_PKG_ENERGY         |   PWR0  |    362.8990 |           0 |           0 |           0 |           0 |           0 |          0 |          0 |          0 |          0 |          0 |          0 |    379.6736 |           0 |           0 |           0 |           0 |           0 |          0 |          0 |          0 |          0 |          0 |          0 |
|         PWR_PP0_ENERGY         |   PWR1  |           0 |           0 |           0 |           0 |           0 |           0 |          0 |          0 |          0 |          0 |          0 |          0 |           0 |           0 |           0 |           0 |           0 |           0 |          0 |          0 |          0 |          0 |          0 |          0 |
|         PWR_DRAM_ENERGY        |   PWR3  |     79.6409 |           0 |           0 |           0 |           0 |           0 |          0 |          0 |          0 |          0 |          0 |          0 |     80.9643 |           0 |           0 |           0 |           0 |           0 |          0 |          0 |          0 |          0 |          0 |          0 |
|          CAS_COUNT_RD          | MBOX0C0 |   129225094 |           0 |           0 |           0 |           0 |           0 |          0 |          0 |          0 |          0 |          0 |          0 |   117727137 |           0 |           0 |           0 |           0 |           0 |          0 |          0 |          0 |          0 |          0 |          0 |
|          CAS_COUNT_WR          | MBOX0C1 |    74910796 |           0 |           0 |           0 |           0 |           0 |          0 |          0 |          0 |          0 |          0 |          0 |    66894698 |           0 |           0 |           0 |           0 |           0 |          0 |          0 |          0 |          0 |          0 |          0 |
|          CAS_COUNT_RD          | MBOX1C0 |   128588278 |           0 |           0 |           0 |           0 |           0 |          0 |          0 |          0 |          0 |          0 |          0 |   118292348 |           0 |           0 |           0 |           0 |           0 |          0 |          0 |          0 |          0 |          0 |          0 |
|          CAS_COUNT_WR          | MBOX1C1 |    74345369 |           0 |           0 |           0 |           0 |           0 |          0 |          0 |          0 |          0 |          0 |          0 |    67344982 |           0 |           0 |           0 |           0 |           0 |          0 |          0 |          0 |          0 |          0 |          0 |
|          CAS_COUNT_RD          | MBOX2C0 |           0 |           0 |           0 |           0 |           0 |           0 |          0 |          0 |          0 |          0 |          0 |          0 |           0 |           0 |           0 |           0 |           0 |           0 |          0 |          0 |          0 |          0 |          0 |          0 |
|          CAS_COUNT_WR          | MBOX2C1 |           0 |           0 |           0 |           0 |           0 |           0 |          0 |          0 |          0 |          0 |          0 |          0 |           0 |           0 |           0 |           0 |           0 |           0 |          0 |          0 |          0 |          0 |          0 |          0 |
|          CAS_COUNT_RD          | MBOX3C0 |           0 |           0 |           0 |           0 |           0 |           0 |          0 |          0 |          0 |          0 |          0 |          0 |           0 |           0 |           0 |           0 |           0 |           0 |          0 |          0 |          0 |          0 |          0 |          0 |
|          CAS_COUNT_WR          | MBOX3C1 |           0 |           0 |           0 |           0 |           0 |           0 |          0 |          0 |          0 |          0 |          0 |          0 |           0 |           0 |           0 |           0 |           0 |           0 |          0 |          0 |          0 |          0 |          0 |          0 |
|          CAS_COUNT_RD          | MBOX4C0 |   129262504 |           0 |           0 |           0 |           0 |           0 |          0 |          0 |          0 |          0 |          0 |          0 |   117955850 |           0 |           0 |           0 |           0 |           0 |          0 |          0 |          0 |          0 |          0 |          0 |
|          CAS_COUNT_WR          | MBOX4C1 |    74925257 |           0 |           0 |           0 |           0 |           0 |          0 |          0 |          0 |          0 |          0 |          0 |    66923886 |           0 |           0 |           0 |           0 |           0 |          0 |          0 |          0 |          0 |          0 |          0 |
|          CAS_COUNT_RD          | MBOX5C0 |   128670146 |           0 |           0 |           0 |           0 |           0 |          0 |          0 |          0 |          0 |          0 |          0 |   118160373 |           0 |           0 |           0 |           0 |           0 |          0 |          0 |          0 |          0 |          0 |          0 |
|          CAS_COUNT_WR          | MBOX5C1 |    74402714 |           0 |           0 |           0 |           0 |           0 |          0 |          0 |          0 |          0 |          0 |          0 |    67352959 |           0 |           0 |           0 |           0 |           0 |          0 |          0 |          0 |          0 |          0 |          0 |
|          CAS_COUNT_RD          | MBOX6C0 |           0 |           0 |           0 |           0 |           0 |           0 |          0 |          0 |          0 |          0 |          0 |          0 |           0 |           0 |           0 |           0 |           0 |           0 |          0 |          0 |          0 |          0 |          0 |          0 |
|          CAS_COUNT_WR          | MBOX6C1 |           0 |           0 |           0 |           0 |           0 |           0 |          0 |          0 |          0 |          0 |          0 |          0 |           0 |           0 |           0 |           0 |           0 |           0 |          0 |          0 |          0 |          0 |          0 |          0 |
|          CAS_COUNT_RD          | MBOX7C0 |           0 |           0 |           0 |           0 |           0 |           0 |          0 |          0 |          0 |          0 |          0 |          0 |           0 |           0 |           0 |           0 |           0 |           0 |          0 |          0 |          0 |          0 |          0 |          0 |
|          CAS_COUNT_WR          | MBOX7C1 |           0 |           0 |           0 |           0 |           0 |           0 |          0 |          0 |          0 |          0 |          0 |          0 |           0 |           0 |           0 |           0 |           0 |           0 |          0 |          0 |          0 |          0 |          0 |          0 |
+--------------------------------+---------+-------------+-------------+-------------+-------------+-------------+-------------+------------+------------+------------+------------+------------+------------+-------------+-------------+-------------+-------------+-------------+-------------+------------+------------+------------+------------+------------+------------+
+-------------------------------------+---------+--------------+------------+-------------+--------------+
|                Event                | Counter |      Sum     |     Min    |     Max     |      Avg     |
+-------------------------------------+---------+--------------+------------+-------------+--------------+
|        INSTR_RETIRED_ANY STAT       |  FIXC0  | 340636804395 | 5931221522 | 24354103696 | 1.419320e+10 |
|      CPU_CLK_UNHALTED_CORE STAT     |  FIXC1  | 183207507743 | 3899625838 | 11941689310 | 7.633646e+09 |
|      CPU_CLK_UNHALTED_REF STAT      |  FIXC2  | 351147640192 | 7474274327 | 22888213675 | 1.463115e+10 |
|           FIXC1/FIXC0 STAT          |   CPI   |            0 |          0 |           0 |            0 |
|  OFFCORE_RESPONSE_0_LOCAL_DRAM STAT |   PMC0  |    677666397 |      75282 |    50235226 | 2.823610e+07 |
| OFFCORE_RESPONSE_1_REMOTE_DRAM STAT |   PMC1  |      3144559 |       1007 |      608227 |  131023.2917 |
|  MEM_LOAD_UOPS_RETIRED_L3_ALL STAT  |   PMC2  |   1409410656 |      76413 |   222663461 |     58725444 |
|  MEM_LOAD_UOPS_RETIRED_L3_MISS STAT |   PMC3  |    265786591 |      50173 |    33140225 | 1.107444e+07 |
|      L2_TRANS_ALL_REQUESTS STAT     |   PMC4  |  10700041852 |     959157 |  1049801517 | 4.458351e+08 |
|          L2_RQSTS_MISS STAT         |   PMC5  |   2904850520 |     184347 |   268503575 | 1.210354e+08 |
|        UOPS_RETIRED_ALL STAT        |   PMC6  | 455307793575 | 6858485961 | 32701205094 | 1.897116e+10 |
|            TEMP_CORE STAT           |   TMP0  |          786 |         29 |          37 |      32.7500 |
|         PWR_PKG_ENERGY STAT         |   PWR0  |     742.5726 |          0 |    379.6736 |      30.9405 |
|         PWR_PP0_ENERGY STAT         |   PWR1  |            0 |          0 |           0 |            0 |
|         PWR_DRAM_ENERGY STAT        |   PWR3  |     160.6052 |          0 |     80.9643 |       6.6919 |
|          CAS_COUNT_RD STAT          | MBOX0C0 |    246952231 |          0 |   129225094 | 1.028968e+07 |
|          CAS_COUNT_WR STAT          | MBOX0C1 |    141805494 |          0 |    74910796 | 5.908562e+06 |
|          CAS_COUNT_RD STAT          | MBOX1C0 |    246880626 |          0 |   128588278 | 1.028669e+07 |
|          CAS_COUNT_WR STAT          | MBOX1C1 |    141690351 |          0 |    74345369 | 5.903765e+06 |
|          CAS_COUNT_RD STAT          | MBOX2C0 |            0 |          0 |           0 |            0 |
|          CAS_COUNT_WR STAT          | MBOX2C1 |            0 |          0 |           0 |            0 |
|          CAS_COUNT_RD STAT          | MBOX3C0 |            0 |          0 |           0 |            0 |
|          CAS_COUNT_WR STAT          | MBOX3C1 |            0 |          0 |           0 |            0 |
|          CAS_COUNT_RD STAT          | MBOX4C0 |    247218354 |          0 |   129262504 | 1.030076e+07 |
|          CAS_COUNT_WR STAT          | MBOX4C1 |    141849143 |          0 |    74925257 | 5.910381e+06 |
|          CAS_COUNT_RD STAT          | MBOX5C0 |    246830519 |          0 |   128670146 | 1.028460e+07 |
|          CAS_COUNT_WR STAT          | MBOX5C1 |    141755673 |          0 |    74402714 | 5.906486e+06 |
|          CAS_COUNT_RD STAT          | MBOX6C0 |            0 |          0 |           0 |            0 |
|          CAS_COUNT_WR STAT          | MBOX6C1 |            0 |          0 |           0 |            0 |
|          CAS_COUNT_RD STAT          | MBOX7C0 |            0 |          0 |           0 |            0 |
|          CAS_COUNT_WR STAT          | MBOX7C1 |            0 |          0 |           0 |            0 |
+-------------------------------------+---------+--------------+------------+-------------+--------------+
+-----------------------------------+-----------+-----------+-----------+-----------+-----------+-----------+-----------+-----------+-----------+-----------+--------------+-----------+--------------+--------------+-----------+-----------+-----------+-----------+--------------+-----------+--------------+-----------+--------------+-----------+
|               Metric              |   Core 0  |   Core 1  |   Core 2  |   Core 3  |   Core 4  |   Core 5  |   Core 6  |   Core 7  |   Core 8  |   Core 9  |    Core 10   |  Core 11  |    Core 12   |    Core 13   |  Core 14  |  Core 15  |  Core 16  |  Core 17  |    Core 18   |  Core 19  |    Core 20   |  Core 21  |    Core 22   |  Core 23  |
+-----------------------------------+-----------+-----------+-----------+-----------+-----------+-----------+-----------+-----------+-----------+-----------+--------------+-----------+--------------+--------------+-----------+-----------+-----------+-----------+--------------+-----------+--------------+-----------+--------------+-----------+
|        Runtime (RDTSC) [s]        |   10.0009 |   10.0009 |   10.0009 |   10.0009 |   10.0009 |   10.0009 |   10.0009 |   10.0009 |   10.0009 |   10.0009 |      10.0009 |   10.0009 |      10.0009 |      10.0009 |   10.0009 |   10.0009 |   10.0009 |   10.0009 |      10.0009 |   10.0009 |      10.0009 |   10.0009 |      10.0009 |   10.0009 |
|        Runtime unhalted [s]       |    5.1863 |    5.1921 |    5.1883 |    4.6769 |    4.6756 |    4.6757 |    1.7031 |    1.7025 |    1.6984 |    1.6973 |       1.7378 |    1.6988 |       5.1866 |       4.6661 |    5.1880 |    4.6716 |    5.1870 |    4.6693 |       1.7228 |    1.6961 |       1.7226 |    1.6961 |       1.7212 |    1.6955 |
|            Clock [MHz]            | 1199.9973 | 1199.9976 | 1199.9951 | 1199.9977 | 1199.9973 | 1199.9974 | 1199.9962 | 1199.9971 | 1199.9970 | 1199.9965 |    1199.9938 | 1199.9972 |    1199.9959 |    1199.9965 | 1199.9951 | 1199.9951 | 1199.9972 | 1199.9963 |    1199.9970 | 1199.9969 |    1199.9970 | 1199.9970 |    1199.9971 | 1199.9977 |
|                CPI                |    0.5042 |    0.5430 |    0.4900 |    0.5165 |    0.5161 |    0.5163 |    0.6594 |    0.6584 |    0.6586 |    0.6576 |       0.5968 |    0.6583 |       0.4991 |       0.5131 |    0.5129 |    0.5125 |    0.4958 |    0.5386 |       0.5793 |    0.6414 |       0.5800 |    0.6436 |       0.5792 |    0.6440 |
|   Local DRAM data volume [GByte]  |    0.3846 |    0.3894 |    2.0594 |    2.0225 |    1.7962 |    2.7917 |    2.7841 |    2.7485 |    2.7262 |    2.7042 |       0.0050 |    2.7248 |       3.1636 |       3.2151 |    1.4539 |    0.0050 |    2.2314 |    1.8034 |       0.0054 |    2.8141 |       0.0052 |    2.7357 |       0.0048 |    2.7962 |
|   Local DRAM bandwidth [MByte/s]  |   38.4554 |   38.9407 |  205.9205 |  202.2350 |  179.6076 |  279.1464 |  278.3881 |  274.8268 |  272.5943 |  270.3925 |       0.5036 |  272.4531 |     316.3302 |     321.4752 |  145.3749 |    0.4960 |  223.1173 |  180.3189 |       0.5441 |  281.3866 |       0.5236 |  273.5461 |       0.4818 |  279.5978 |
|  Remote DRAM data volume [GByte]  |    0.0006 |    0.0005 |    0.0035 |    0.0009 |    0.0010 |    0.0009 |    0.0364 |    0.0389 |    0.0358 |    0.0350 |       0.0022 |    0.0353 |       0.0003 |       0.0003 |    0.0003 |    0.0010 |    0.0018 |    0.0009 |       0.0003 |    0.0018 |       0.0001 |    0.0018 |       0.0001 |    0.0016 |
|  Remote DRAM bandwidth [MByte/s]  |    0.0559 |    0.0515 |    0.3458 |    0.0910 |    0.0983 |    0.0898 |    3.6351 |    3.8923 |    3.5800 |    3.4963 |       0.2246 |    3.5311 |       0.0308 |       0.0326 |    0.0335 |    0.0956 |    0.1836 |    0.0898 |       0.0289 |    0.1791 |       0.0087 |    0.1782 |       0.0064 |    0.1643 |
|     Memory data volume [GByte]    |    0.3851 |    0.3900 |    2.0629 |    2.0235 |    1.7972 |    2.7926 |    2.8205 |    2.7875 |    2.7620 |    2.7391 |       0.0073 |    2.7601 |       3.1639 |       3.2154 |    1.4542 |    0.0059 |    2.2332 |    1.8043 |       0.0057 |    2.8159 |       0.0053 |    2.7375 |       0.0049 |    2.7979 |
|     Memory bandwidth [MByte/s]    |   38.5114 |   38.9922 |  206.2664 |  202.3261 |  179.7059 |  279.2362 |  282.0232 |  278.7191 |  276.1744 |  273.8888 |       0.7281 |  275.9842 |     316.3610 |     321.5078 |  145.4084 |    0.5916 |  223.3008 |  180.4086 |       0.5730 |  281.5657 |       0.5323 |  273.7243 |       0.4882 |  279.7622 |
|          L3 request rate          |    7.7757 |    7.7889 |    6.2575 |    6.3794 |    6.4186 |    6.6061 |    2.6687 |    2.7100 |    2.7237 |    2.7479 |       1.6006 |    2.7043 |       6.7188 |       6.5262 |    6.5929 |    6.1393 |    6.6175 |    6.4997 |       1.4810 |    2.5930 |       1.5692 |    2.6083 |       1.5230 |    2.5957 |
|            L3 miss rate           |    0.0004 |    0.0004 |    0.0007 |    0.0002 |    0.0002 |    0.0001 |    0.0200 |    0.0214 |    0.0197 |    0.0192 |       0.3218 |    0.0192 | 2.162007e-05 | 2.889401e-05 |    0.0001 |    0.0313 |    0.0003 |    0.0002 |       0.0587 |    0.0009 |       0.0162 |    0.0009 |       0.0132 |    0.0009 |
|           L3 miss ratio           |    0.0015 |    0.0013 |    0.0017 |    0.0005 |    0.0005 |    0.0003 |    0.0131 |    0.0142 |    0.0131 |    0.0129 |       0.4460 |    0.0130 |       0.0001 |       0.0001 |    0.0002 |    0.1927 |    0.0008 |    0.0005 |       0.0532 |    0.0006 |       0.0166 |    0.0007 |       0.0134 |    0.0006 |
|          L2 request rate          |    0.0044 |    0.0049 |    0.0252 |    0.0298 |    0.0276 |    0.0455 |    0.0835 |    0.0832 |    0.0825 |    0.0823 |       0.0002 |    0.0824 |       0.0439 |       0.0495 |    0.0206 |    0.0002 |    0.0282 |    0.0288 |       0.0001 |    0.0796 |       0.0001 |    0.0788 |       0.0001 |    0.0803 |
|            L2 miss rate           |    0.0011 |    0.0012 |    0.0066 |    0.0079 |    0.0074 |    0.0115 |    0.0245 |    0.0245 |    0.0243 |    0.0242 | 4.227259e-05 |    0.0243 |       0.0110 |       0.0128 |    0.0052 |    0.0001 |    0.0074 |    0.0077 | 2.718614e-05 |    0.0234 | 3.047697e-05 |    0.0231 | 2.697160e-05 |    0.0236 |
|           L2 miss ratio           |    0.2429 |    0.2430 |    0.2637 |    0.2637 |    0.2662 |    0.2530 |    0.2940 |    0.2941 |    0.2945 |    0.2942 |       0.1946 |    0.2946 |       0.2515 |       0.2593 |    0.2523 |    0.3986 |    0.2628 |    0.2657 |       0.1939 |    0.2933 |       0.2066 |    0.2934 |       0.1844 |    0.2938 |
|  Memory read bandwidth [MBytes/s] | 3300.4636 |         0 |         0 |         0 |         0 |         0 |         0 |         0 |         0 |         0 |            0 |         0 |    3021.3839 |            0 |         0 |         0 |         0 |         0 |            0 |         0 |            0 |         0 |            0 |         0 |
|  Memory read data volume [GBytes] |   33.0077 |         0 |         0 |         0 |         0 |         0 |         0 |         0 |         0 |         0 |            0 |         0 |      30.2167 |            0 |         0 |         0 |         0 |         0 |            0 |         0 |            0 |         0 |            0 |         0 |
| Memory write bandwidth [MBytes/s] | 1910.7585 |         0 |         0 |         0 |         0 |         0 |         0 |         0 |         0 |         0 |            0 |         0 |    1718.3439 |            0 |         0 |         0 |         0 |         0 |            0 |         0 |            0 |         0 |            0 |         0 |
| Memory write data volume [GBytes] |   19.1094 |         0 |         0 |         0 |         0 |         0 |         0 |         0 |         0 |         0 |            0 |         0 |      17.1851 |            0 |         0 |         0 |         0 |         0 |            0 |         0 |            0 |         0 |            0 |         0 |
|    Memory bandwidth [MBytes/s]    | 5211.2221 |         0 |         0 |         0 |         0 |         0 |         0 |         0 |         0 |         0 |            0 |         0 |    4739.7278 |            0 |         0 |         0 |         0 |         0 |            0 |         0 |            0 |         0 |            0 |         0 |
|    Memory data volume [GBytes]    |   52.1171 |         0 |         0 |         0 |         0 |         0 |         0 |         0 |         0 |         0 |            0 |         0 |      47.4017 |            0 |         0 |         0 |         0 |         0 |            0 |         0 |            0 |         0 |            0 |         0 |
|          Temperature [C]          |        33 |        35 |        37 |        32 |        33 |        31 |        29 |        29 |        31 |        31 |           32 |        33 |           35 |           36 |        34 |        32 |        36 |        30 |           32 |        35 |           32 |        34 |           32 |        32 |
|             Energy [J]            |  362.8990 |         0 |         0 |         0 |         0 |         0 |         0 |         0 |         0 |         0 |            0 |         0 |     379.6736 |            0 |         0 |         0 |         0 |         0 |            0 |         0 |            0 |         0 |            0 |         0 |
|             Power [W]             |   36.2865 |         0 |         0 |         0 |         0 |         0 |         0 |         0 |         0 |         0 |            0 |         0 |      37.9638 |            0 |         0 |         0 |         0 |         0 |            0 |         0 |            0 |         0 |            0 |         0 |
|           Energy PP0 [J]          |         0 |         0 |         0 |         0 |         0 |         0 |         0 |         0 |         0 |         0 |            0 |         0 |            0 |            0 |         0 |         0 |         0 |         0 |            0 |         0 |            0 |         0 |            0 |         0 |
|           Power PP0 [W]           |         0 |         0 |         0 |         0 |         0 |         0 |         0 |         0 |         0 |         0 |            0 |         0 |            0 |            0 |         0 |         0 |         0 |         0 |            0 |         0 |            0 |         0 |            0 |         0 |
|          Energy DRAM [J]          |   79.6409 |         0 |         0 |         0 |         0 |         0 |         0 |         0 |         0 |         0 |            0 |         0 |      80.9643 |            0 |         0 |         0 |         0 |         0 |            0 |         0 |            0 |         0 |            0 |         0 |
|           Power DRAM [W]          |    7.9633 |         0 |         0 |         0 |         0 |         0 |         0 |         0 |         0 |         0 |            0 |         0 |       8.0957 |            0 |         0 |         0 |         0 |         0 |            0 |         0 |            0 |         0 |            0 |         0 |
+-----------------------------------+-----------+-----------+-----------+-----------+-----------+-----------+-----------+-----------+-----------+-----------+--------------+-----------+--------------+--------------+-----------+-----------+-----------+-----------+--------------+-----------+--------------+-----------+--------------+-----------+
+----------------------------------------+------------+--------------+-----------+-----------+
|                 Metric                 |     Sum    |      Min     |    Max    |    Avg    |
+----------------------------------------+------------+--------------+-----------+-----------+
|        Runtime (RDTSC) [s] STAT        |   240.0216 |      10.0009 |   10.0009 |   10.0009 |
|        Runtime unhalted [s] STAT       |    79.6557 |       1.6955 |    5.1921 |    3.3190 |
|            Clock [MHz] STAT            | 28799.9190 |    1199.9938 | 1199.9977 | 1199.9966 |
|                CPI STAT                |    13.7147 |       0.4900 |    0.6594 |    0.5714 |
|   Local DRAM data volume [GByte] STAT  |    43.3704 |       0.0048 |    3.2151 |    1.8071 |
|   Local DRAM bandwidth [MByte/s] STAT  |  4336.6565 |       0.4818 |  321.4752 |  180.6940 |
|  Remote DRAM data volume [GByte] STAT  |     0.2013 |       0.0001 |    0.0389 |    0.0084 |
|  Remote DRAM bandwidth [MByte/s] STAT  |    20.1232 |       0.0064 |    3.8923 |    0.8385 |
|     Memory data volume [GByte] STAT    |    43.5719 |       0.0049 |    3.2154 |    1.8155 |
|     Memory bandwidth [MByte/s] STAT    |  4356.7799 |       0.4882 |  321.5078 |  181.5325 |
|          L3 request rate STAT          |   107.8460 |       1.4810 |    7.7889 |    4.4936 |
|            L3 miss rate STAT           |     0.5461 | 2.162007e-05 |    0.3218 |    0.0228 |
|           L3 miss ratio STAT           |     0.7976 |       0.0001 |    0.4460 |    0.0332 |
|          L2 request rate STAT          |     0.9617 |       0.0001 |    0.0835 |    0.0401 |
|            L2 miss rate STAT           |     0.2719 | 2.697160e-05 |    0.0245 |    0.0113 |
|           L2 miss ratio STAT           |     6.3541 |       0.1844 |    0.3986 |    0.2648 |
|  Memory read bandwidth [MBytes/s] STAT |  6321.8475 |            0 | 3300.4636 |  263.4103 |
|  Memory read data volume [GBytes] STAT |    63.2244 |            0 |   33.0077 |    2.6343 |
| Memory write bandwidth [MBytes/s] STAT |  3629.1024 |            0 | 1910.7585 |  151.2126 |
| Memory write data volume [GBytes] STAT |    36.2945 |            0 |   19.1094 |    1.5123 |
|    Memory bandwidth [MBytes/s] STAT    |  9950.9499 |            0 | 5211.2221 |  414.6229 |
|    Memory data volume [GBytes] STAT    |    99.5188 |            0 |   52.1171 |    4.1466 |
|          Temperature [C] STAT          |        786 |           29 |        37 |   32.7500 |
|             Energy [J] STAT            |   742.5726 |            0 |  379.6736 |   30.9405 |
|             Power [W] STAT             |    74.2503 |            0 |   37.9638 |    3.0938 |
|           Energy PP0 [J] STAT          |          0 |            0 |         0 |         0 |
|           Power PP0 [W] STAT           |          0 |            0 |         0 |         0 |
|          Energy DRAM [J] STAT          |   160.6052 |            0 |   80.9643 |    6.6919 |
|           Power DRAM [W] STAT          |    16.0590 |            0 |    8.0957 |    0.6691 |
+----------------------------------------+------------+--------------+-----------+-----------+
