--------------------------------------------------------------------------------
CPU name:	Intel(R) Xeon(R) CPU E5-2670 v3 @ 2.30GHz
CPU type:	Intel Xeon Haswell EN/EP/EX processor
CPU clock:	2.30 GHz
--------------------------------------------------------------------------------
Group 1: POWERPERF
+--------------------------------+---------+-------------+-------------+-------------+-------------+-------------+-------------+-------------+-------------+-------------+-------------+-------------+-------------+-------------+-------------+-------------+-------------+-------------+-------------+-------------+-------------+-------------+-------------+-------------+-------------+
|              Event             | Counter |    Core 0   |    Core 1   |    Core 2   |    Core 3   |    Core 4   |    Core 5   |    Core 6   |    Core 7   |    Core 8   |    Core 9   |   Core 10   |   Core 11   |   Core 12   |   Core 13   |   Core 14   |   Core 15   |   Core 16   |   Core 17   |   Core 18   |   Core 19   |   Core 20   |   Core 21   |   Core 22   |   Core 23   |
+--------------------------------+---------+-------------+-------------+-------------+-------------+-------------+-------------+-------------+-------------+-------------+-------------+-------------+-------------+-------------+-------------+-------------+-------------+-------------+-------------+-------------+-------------+-------------+-------------+-------------+-------------+
|        INSTR_RETIRED_ANY       |  FIXC0  | 22585093704 | 22150877310 | 21984490087 | 21609667498 | 23114205620 | 21863193205 | 21821299286 | 22874746371 | 22561219545 | 22275473645 | 22678323122 | 22400973814 | 22633660643 | 22359116151 | 22168177595 | 21761010538 | 22320002061 | 23522748542 | 21973406752 | 23142375023 | 22986228951 | 22717368516 | 22025241723 | 22805520001 |
|      CPU_CLK_UNHALTED_CORE     |  FIXC1  | 11892220490 | 11238225025 | 11254295742 | 11246456871 | 11927446216 | 11928982358 | 11909673034 | 11908750770 | 11908251087 | 11907758514 | 11905311174 | 11907865912 | 11914292870 | 11918951701 | 11241608234 | 11243388408 | 11912090206 | 11907209839 | 11904942383 | 11904488045 | 11903538721 | 11902963563 | 11901447557 | 11903825204 |
|      CPU_CLK_UNHALTED_REF      |  FIXC2  | 22793415081 | 21539919106 | 21570752538 | 21555686917 | 22860913733 | 22863905458 | 22826873963 | 22825107126 | 22824150947 | 22823181635 | 22818499410 | 22823414625 | 22835743453 | 22844641992 | 21546403588 | 21549810371 | 22831491995 | 22822133456 | 22817781074 | 22816936284 | 22815124275 | 22813999414 | 22811130739 | 22815663188 |
|           FIXC1/FIXC0          |   CPI   |           0 |           0 |           0 |           0 |           0 |           0 |           0 |           0 |           0 |           0 |           0 |           0 |           0 |           0 |           0 |           0 |           0 |           0 |           0 |           0 |           0 |           0 |           0 |           0 |
|  OFFCORE_RESPONSE_0_LOCAL_DRAM |   PMC0  |    81842686 |    28461694 |    28480935 |    53545984 |     4879382 |       93237 |    30811521 |    30919006 |    30846606 |    30900079 |    30954797 |    30895294 |    26134460 |    26171691 |    22298123 |     3241397 |    21569226 |    32412141 |    30597826 |    30603659 |    30609841 |    30784319 |    30635561 |    30562226 |
| OFFCORE_RESPONSE_1_REMOTE_DRAM |   PMC1  |       57608 |        8631 |        6996 |       12446 |        7659 |        4319 |       49815 |        6096 |       23685 |       13880 |       15900 |       28613 |        4982 |        3789 |        5030 |        5461 |        2102 |        6638 |      290300 |      261014 |      290210 |      232699 |      241155 |      245674 |
|  MEM_LOAD_UOPS_RETIRED_L3_ALL  |   PMC2  |   264206187 |    80186930 |    80184144 |   185177339 |     6283757 |      113596 |    32968791 |    33012091 |    33053505 |    33010863 |    33139421 |    33093289 |   110530839 |   110801299 |   104533591 |     1893593 |    95369665 |    88959564 |    33061445 |    32850213 |    32982161 |    33038378 |    33014300 |    32915859 |
|  MEM_LOAD_UOPS_RETIRED_L3_MISS |   PMC3  |    40997819 |    12313017 |    12328765 |    28441422 |      892438 |       92541 |    31578186 |    31528270 |    31519148 |    31548245 |    31524120 |    31562948 |    16524434 |    16499864 |    15732186 |      339445 |    14714837 |    14058170 |    31526077 |    31531286 |    31527131 |    31576809 |    31485253 |    31474037 |
|      L2_TRANS_ALL_REQUESTS     |   PMC4  |  1646992234 |   573359486 |   572965134 |  1119857843 |    54193131 |     1115001 |   268472063 |   275990518 |   275183711 |   275454249 |   277915454 |   273858129 |   520432641 |   521285764 |   480360242 |    53491437 |   463884691 |   644805730 |   269144681 |   271759326 |   271603884 |   274755427 |   270538850 |   273862209 |
|          L2_RQSTS_MISS         |   PMC5  |   429763184 |   152004120 |   151866266 |   290579388 |    12917430 |      146911 |    43429869 |    44373476 |    43952027 |    44302471 |    44592171 |    44134465 |   130681698 |   130834839 |   121588928 |    14455234 |   116812729 |   171242530 |    43955910 |    43630613 |    44372189 |    44294431 |    43883150 |    43893538 |
|        UOPS_RETIRED_ALL        |   PMC6  | 30455738579 | 29755434060 | 29388443273 | 28959503759 | 32164308079 | 30893725596 | 27731953397 | 29071981114 | 28671683586 | 28311930434 | 28823443802 | 28471155602 | 31449242795 | 30468113639 | 29794155342 | 29680306122 | 31083357629 | 31609728277 | 27926266454 | 29409008370 | 29210814889 | 28872532444 | 27991128412 | 28982612850 |
|            TEMP_CORE           |   TMP0  |          31 |          33 |          35 |          31 |          33 |          33 |          29 |          31 |          30 |          33 |          33 |          36 |          35 |          36 |          32 |          32 |          36 |          31 |          34 |          37 |          33 |          37 |          34 |          34 |
|         PWR_PKG_ENERGY         |   PWR0  |    413.4420 |           0 |           0 |           0 |           0 |           0 |           0 |           0 |           0 |           0 |           0 |           0 |    430.8018 |           0 |           0 |           0 |           0 |           0 |           0 |           0 |           0 |           0 |           0 |           0 |
|         PWR_PP0_ENERGY         |   PWR1  |           0 |           0 |           0 |           0 |           0 |           0 |           0 |           0 |           0 |           0 |           0 |           0 |           0 |           0 |           0 |           0 |           0 |           0 |           0 |           0 |           0 |           0 |           0 |           0 |
|         PWR_DRAM_ENERGY        |   PWR3  |     89.4678 |           0 |           0 |           0 |           0 |           0 |           0 |           0 |           0 |           0 |           0 |           0 |     86.0754 |           0 |           0 |           0 |           0 |           0 |           0 |           0 |           0 |           0 |           0 |           0 |
|          CAS_COUNT_RD          | MBOX0C0 |   126239589 |           0 |           0 |           0 |           0 |           0 |           0 |           0 |           0 |           0 |           0 |           0 |    89619989 |           0 |           0 |           0 |           0 |           0 |           0 |           0 |           0 |           0 |           0 |           0 |
|          CAS_COUNT_WR          | MBOX0C1 |    90745845 |           0 |           0 |           0 |           0 |           0 |           0 |           0 |           0 |           0 |           0 |           0 |    75969360 |           0 |           0 |           0 |           0 |           0 |           0 |           0 |           0 |           0 |           0 |           0 |
|          CAS_COUNT_RD          | MBOX1C0 |   126604891 |           0 |           0 |           0 |           0 |           0 |           0 |           0 |           0 |           0 |           0 |           0 |    88671370 |           0 |           0 |           0 |           0 |           0 |           0 |           0 |           0 |           0 |           0 |           0 |
|          CAS_COUNT_WR          | MBOX1C1 |    91340240 |           0 |           0 |           0 |           0 |           0 |           0 |           0 |           0 |           0 |           0 |           0 |    75207468 |           0 |           0 |           0 |           0 |           0 |           0 |           0 |           0 |           0 |           0 |           0 |
|          CAS_COUNT_RD          | MBOX2C0 |           0 |           0 |           0 |           0 |           0 |           0 |           0 |           0 |           0 |           0 |           0 |           0 |           0 |           0 |           0 |           0 |           0 |           0 |           0 |           0 |           0 |           0 |           0 |           0 |
|          CAS_COUNT_WR          | MBOX2C1 |           0 |           0 |           0 |           0 |           0 |           0 |           0 |           0 |           0 |           0 |           0 |           0 |           0 |           0 |           0 |           0 |           0 |           0 |           0 |           0 |           0 |           0 |           0 |           0 |
|          CAS_COUNT_RD          | MBOX3C0 |           0 |           0 |           0 |           0 |           0 |           0 |           0 |           0 |           0 |           0 |           0 |           0 |           0 |           0 |           0 |           0 |           0 |           0 |           0 |           0 |           0 |           0 |           0 |           0 |
|          CAS_COUNT_WR          | MBOX3C1 |           0 |           0 |           0 |           0 |           0 |           0 |           0 |           0 |           0 |           0 |           0 |           0 |           0 |           0 |           0 |           0 |           0 |           0 |           0 |           0 |           0 |           0 |           0 |           0 |
|          CAS_COUNT_RD          | MBOX4C0 |   125771156 |           0 |           0 |           0 |           0 |           0 |           0 |           0 |           0 |           0 |           0 |           0 |    89592319 |           0 |           0 |           0 |           0 |           0 |           0 |           0 |           0 |           0 |           0 |           0 |
|          CAS_COUNT_WR          | MBOX4C1 |    90521036 |           0 |           0 |           0 |           0 |           0 |           0 |           0 |           0 |           0 |           0 |           0 |    75794851 |           0 |           0 |           0 |           0 |           0 |           0 |           0 |           0 |           0 |           0 |           0 |
|          CAS_COUNT_RD          | MBOX5C0 |   125409686 |           0 |           0 |           0 |           0 |           0 |           0 |           0 |           0 |           0 |           0 |           0 |    89307616 |           0 |           0 |           0 |           0 |           0 |           0 |           0 |           0 |           0 |           0 |           0 |
|          CAS_COUNT_WR          | MBOX5C1 |    91072198 |           0 |           0 |           0 |           0 |           0 |           0 |           0 |           0 |           0 |           0 |           0 |    75283206 |           0 |           0 |           0 |           0 |           0 |           0 |           0 |           0 |           0 |           0 |           0 |
|          CAS_COUNT_RD          | MBOX6C0 |           0 |           0 |           0 |           0 |           0 |           0 |           0 |           0 |           0 |           0 |           0 |           0 |           0 |           0 |           0 |           0 |           0 |           0 |           0 |           0 |           0 |           0 |           0 |           0 |
|          CAS_COUNT_WR          | MBOX6C1 |           0 |           0 |           0 |           0 |           0 |           0 |           0 |           0 |           0 |           0 |           0 |           0 |           0 |           0 |           0 |           0 |           0 |           0 |           0 |           0 |           0 |           0 |           0 |           0 |
|          CAS_COUNT_RD          | MBOX7C0 |           0 |           0 |           0 |           0 |           0 |           0 |           0 |           0 |           0 |           0 |           0 |           0 |           0 |           0 |           0 |           0 |           0 |           0 |           0 |           0 |           0 |           0 |           0 |           0 |
|          CAS_COUNT_WR          | MBOX7C1 |           0 |           0 |           0 |           0 |           0 |           0 |           0 |           0 |           0 |           0 |           0 |           0 |           0 |           0 |           0 |           0 |           0 |           0 |           0 |           0 |           0 |           0 |           0 |           0 |
+--------------------------------+---------+-------------+-------------+-------------+-------------+-------------+-------------+-------------+-------------+-------------+-------------+-------------+-------------+-------------+-------------+-------------+-------------+-------------+-------------+-------------+-------------+-------------+-------------+-------------+-------------+
+-------------------------------------+---------+--------------+-------------+-------------+--------------+
|                Event                | Counter |      Sum     |     Min     |     Max     |      Avg     |
+-------------------------------------+---------+--------------+-------------+-------------+--------------+
|        INSTR_RETIRED_ANY STAT       |  FIXC0  | 538334419703 | 21609667498 | 23522748542 | 2.243060e+10 |
|      CPU_CLK_UNHALTED_CORE STAT     |  FIXC1  | 282493983924 | 11238225025 | 11928982358 | 1.177058e+10 |
|      CPU_CLK_UNHALTED_REF STAT      |  FIXC2  | 541446680368 | 21539919106 | 22863905458 | 2.256028e+10 |
|           FIXC1/FIXC0 STAT          |   CPI   |            0 |           0 |           0 |            0 |
|  OFFCORE_RESPONSE_0_LOCAL_DRAM STAT |   PMC0  |    698251691 |       93237 |    81842686 | 2.909382e+07 |
| OFFCORE_RESPONSE_1_REMOTE_DRAM STAT |   PMC1  |      1824702 |        2102 |      290300 |   76029.2500 |
|  MEM_LOAD_UOPS_RETIRED_L3_ALL STAT  |   PMC2  |   1524380820 |      113596 |   264206187 | 6.351587e+07 |
|  MEM_LOAD_UOPS_RETIRED_L3_MISS STAT |   PMC3  |    551316448 |       92541 |    40997819 | 2.297152e+07 |
|      L2_TRANS_ALL_REQUESTS STAT     |   PMC4  |   9931281835 |     1115001 |  1646992234 | 4.138034e+08 |
|          L2_RQSTS_MISS STAT         |   PMC5  |   2251707567 |      146911 |   429763184 | 9.382115e+07 |
|        UOPS_RETIRED_ALL STAT        |   PMC6  | 709176568504 | 27731953397 | 32164308079 | 2.954902e+10 |
|            TEMP_CORE STAT           |   TMP0  |          799 |          29 |          37 |      33.2917 |
|         PWR_PKG_ENERGY STAT         |   PWR0  |     844.2438 |           0 |    430.8018 |      35.1768 |
|         PWR_PP0_ENERGY STAT         |   PWR1  |            0 |           0 |           0 |            0 |
|         PWR_DRAM_ENERGY STAT        |   PWR3  |     175.5432 |           0 |     89.4678 |       7.3143 |
|          CAS_COUNT_RD STAT          | MBOX0C0 |    215859578 |           0 |   126239589 | 8.994149e+06 |
|          CAS_COUNT_WR STAT          | MBOX0C1 |    166715205 |           0 |    90745845 | 6.946467e+06 |
|          CAS_COUNT_RD STAT          | MBOX1C0 |    215276261 |           0 |   126604891 | 8.969844e+06 |
|          CAS_COUNT_WR STAT          | MBOX1C1 |    166547708 |           0 |    91340240 | 6.939488e+06 |
|          CAS_COUNT_RD STAT          | MBOX2C0 |            0 |           0 |           0 |            0 |
|          CAS_COUNT_WR STAT          | MBOX2C1 |            0 |           0 |           0 |            0 |
|          CAS_COUNT_RD STAT          | MBOX3C0 |            0 |           0 |           0 |            0 |
|          CAS_COUNT_WR STAT          | MBOX3C1 |            0 |           0 |           0 |            0 |
|          CAS_COUNT_RD STAT          | MBOX4C0 |    215363475 |           0 |   125771156 | 8.973478e+06 |
|          CAS_COUNT_WR STAT          | MBOX4C1 |    166315887 |           0 |    90521036 | 6.929829e+06 |
|          CAS_COUNT_RD STAT          | MBOX5C0 |    214717302 |           0 |   125409686 | 8.946554e+06 |
|          CAS_COUNT_WR STAT          | MBOX5C1 |    166355404 |           0 |    91072198 | 6.931475e+06 |
|          CAS_COUNT_RD STAT          | MBOX6C0 |            0 |           0 |           0 |            0 |
|          CAS_COUNT_WR STAT          | MBOX6C1 |            0 |           0 |           0 |            0 |
|          CAS_COUNT_RD STAT          | MBOX7C0 |            0 |           0 |           0 |            0 |
|          CAS_COUNT_WR STAT          | MBOX7C1 |            0 |           0 |           0 |            0 |
+-------------------------------------+---------+--------------+-------------+-------------+--------------+
+-----------------------------------+-----------+-----------+-----------+-----------+-----------+--------------+-----------+-----------+-----------+-----------+-----------+-----------+--------------+--------------+--------------+-----------+--------------+-----------+-----------+-----------+-----------+-----------+-----------+-----------+
|               Metric              |   Core 0  |   Core 1  |   Core 2  |   Core 3  |   Core 4  |    Core 5    |   Core 6  |   Core 7  |   Core 8  |   Core 9  |  Core 10  |  Core 11  |    Core 12   |    Core 13   |    Core 14   |  Core 15  |    Core 16   |  Core 17  |  Core 18  |  Core 19  |  Core 20  |  Core 21  |  Core 22  |  Core 23  |
+-----------------------------------+-----------+-----------+-----------+-----------+-----------+--------------+-----------+-----------+-----------+-----------+-----------+-----------+--------------+--------------+--------------+-----------+--------------+-----------+-----------+-----------+-----------+-----------+-----------+-----------+
|        Runtime (RDTSC) [s]        |   10.0007 |   10.0007 |   10.0007 |   10.0007 |   10.0007 |      10.0007 |   10.0007 |   10.0007 |   10.0007 |   10.0007 |   10.0007 |   10.0007 |      10.0007 |      10.0007 |      10.0007 |   10.0007 |      10.0007 |   10.0007 |   10.0007 |   10.0007 |   10.0007 |   10.0007 |   10.0007 |   10.0007 |
|        Runtime unhalted [s]       |    5.1706 |    4.8862 |    4.8932 |    4.8898 |    5.1859 |       5.1865 |    5.1781 |    5.1777 |    5.1775 |    5.1773 |    5.1762 |    5.1774 |       5.1801 |       5.1822 |       4.8877 |    4.8885 |       5.1792 |    5.1771 |    5.1761 |    5.1759 |    5.1755 |    5.1752 |    5.1746 |    5.1756 |
|            Clock [MHz]            | 1199.9952 | 1199.9955 | 1199.9938 | 1199.9961 | 1199.9961 |    1199.9936 | 1199.9948 | 1199.9948 | 1199.9947 | 1199.9960 | 1199.9956 | 1199.9946 |    1199.9940 |    1199.9956 |    1199.9955 | 1199.9958 |    1199.9956 | 1199.9958 | 1199.9962 | 1199.9948 | 1199.9944 | 1199.9956 | 1199.9936 | 1199.9949 |
|                CPI                |    0.5266 |    0.5073 |    0.5119 |    0.5204 |    0.5160 |       0.5456 |    0.5458 |    0.5206 |    0.5278 |    0.5346 |    0.5250 |    0.5316 |       0.5264 |       0.5331 |       0.5071 |    0.5167 |       0.5337 |    0.5062 |    0.5418 |    0.5144 |    0.5179 |    0.5240 |    0.5404 |    0.5220 |
|   Local DRAM data volume [GByte]  |    5.2379 |    1.8215 |    1.8228 |    3.4269 |    0.3123 |       0.0060 |    1.9719 |    1.9788 |    1.9742 |    1.9776 |    1.9811 |    1.9773 |       1.6726 |       1.6750 |       1.4271 |    0.2074 |       1.3804 |    2.0744 |    1.9583 |    1.9586 |    1.9590 |    1.9702 |    1.9607 |    1.9560 |
|   Local DRAM bandwidth [MByte/s]  |  523.7564 |  182.1421 |  182.2652 |  342.6702 |   31.2259 |       0.5967 |  197.1799 |  197.8677 |  197.4044 |  197.7466 |  198.0968 |  197.7160 |     167.2488 |     167.4871 |     142.6980 |   20.7435 |     138.0334 |  207.4231 |  195.8123 |  195.8497 |  195.8892 |  197.0058 |  196.0538 |  195.5845 |
|  Remote DRAM data volume [GByte]  |    0.0037 |    0.0006 |    0.0004 |    0.0008 |    0.0005 |       0.0003 |    0.0032 |    0.0004 |    0.0015 |    0.0009 |    0.0010 |    0.0018 |       0.0003 |       0.0002 |       0.0003 |    0.0003 |       0.0001 |    0.0004 |    0.0186 |    0.0167 |    0.0186 |    0.0149 |    0.0154 |    0.0157 |
|  Remote DRAM bandwidth [MByte/s]  |    0.3687 |    0.0552 |    0.0448 |    0.0796 |    0.0490 |       0.0276 |    0.3188 |    0.0390 |    0.1516 |    0.0888 |    0.1018 |    0.1831 |       0.0319 |       0.0242 |       0.0322 |    0.0349 |       0.0135 |    0.0425 |    1.8578 |    1.6704 |    1.8572 |    1.4892 |    1.5433 |    1.5722 |
|     Memory data volume [GByte]    |    5.2416 |    1.8221 |    1.8232 |    3.4277 |    0.3128 |       0.0062 |    1.9751 |    1.9792 |    1.9757 |    1.9785 |    1.9821 |    1.9791 |       1.6729 |       1.6752 |       1.4274 |    0.2078 |       1.3806 |    2.0748 |    1.9768 |    1.9753 |    1.9776 |    1.9851 |    1.9761 |    1.9717 |
|     Memory bandwidth [MByte/s]    |  524.1251 |  182.1973 |  182.3100 |  342.7499 |   31.2749 |       0.6243 |  197.4987 |  197.9068 |  197.5560 |  197.8354 |  198.1985 |  197.8991 |     167.2807 |     167.5113 |     142.7302 |   20.7784 |     138.0468 |  207.4656 |  197.6701 |  197.5200 |  197.7464 |  198.4950 |  197.5971 |  197.1567 |
|          L3 request rate          |    6.4444 |    6.5124 |    6.5038 |    6.5108 |    7.0411 |       1.2275 |    1.0440 |    1.0471 |    1.0487 |    1.0464 |    1.0512 |    1.0485 |       6.6889 |       6.7153 |       6.6446 |    5.5785 |       6.4812 |    6.3280 |    1.0487 |    1.0418 |    1.0462 |    1.0463 |    1.0486 |    1.0458 |
|            L3 miss rate           |    0.0002 |    0.0001 |    0.0001 |    0.0001 |    0.0012 |       0.0380 |    0.0015 |    0.0002 |    0.0007 |    0.0004 |    0.0005 |    0.0009 | 4.507339e-05 | 3.419635e-05 | 4.811850e-05 |    0.0029 | 2.204055e-05 |    0.0001 |    0.0088 |    0.0079 |    0.0088 |    0.0070 |    0.0073 |    0.0075 |
|           L3 miss ratio           |    0.0007 |    0.0003 |    0.0002 |    0.0002 |    0.0016 |       0.0463 |    0.0016 |    0.0002 |    0.0008 |    0.0004 |    0.0005 |    0.0009 |       0.0002 |       0.0001 |       0.0002 |    0.0017 |       0.0001 |    0.0002 |    0.0095 |    0.0085 |    0.0095 |    0.0076 |    0.0079 |    0.0080 |
|          L2 request rate          |    0.0729 |    0.0259 |    0.0261 |    0.0518 |    0.0023 |       0.0001 |    0.0123 |    0.0121 |    0.0122 |    0.0124 |    0.0123 |    0.0122 |       0.0230 |       0.0233 |       0.0217 |    0.0025 |       0.0208 |    0.0274 |    0.0122 |    0.0117 |    0.0118 |    0.0121 |    0.0123 |    0.0120 |
|            L2 miss rate           |    0.0190 |    0.0069 |    0.0069 |    0.0134 |    0.0006 | 6.719558e-06 |    0.0020 |    0.0019 |    0.0019 |    0.0020 |    0.0020 |    0.0020 |       0.0058 |       0.0059 |       0.0055 |    0.0007 |       0.0052 |    0.0073 |    0.0020 |    0.0019 |    0.0019 |    0.0019 |    0.0020 |    0.0019 |
|           L2 miss ratio           |    0.2609 |    0.2651 |    0.2651 |    0.2595 |    0.2384 |       0.1318 |    0.1618 |    0.1608 |    0.1597 |    0.1608 |    0.1605 |    0.1612 |       0.2511 |       0.2510 |       0.2531 |    0.2702 |       0.2518 |    0.2656 |    0.1633 |    0.1605 |    0.1634 |    0.1612 |    0.1622 |    0.1603 |
|  Memory read bandwidth [MBytes/s] | 3225.5356 |         0 |         0 |         0 |         0 |            0 |         0 |         0 |         0 |         0 |         0 |         0 |    2285.8638 |            0 |            0 |         0 |            0 |         0 |         0 |         0 |         0 |         0 |         0 |         0 |
|  Memory read data volume [GBytes] |   32.2576 |         0 |         0 |         0 |         0 |            0 |         0 |         0 |         0 |         0 |         0 |         0 |      22.8602 |            0 |            0 |         0 |            0 |         0 |         0 |         0 |         0 |         0 |         0 |         0 |
| Memory write bandwidth [MBytes/s] | 2327.3842 |         0 |         0 |         0 |         0 |            0 |         0 |         0 |         0 |         0 |         0 |         0 |    1934.2955 |            0 |            0 |         0 |            0 |         0 |         0 |         0 |         0 |         0 |         0 |         0 |
| Memory write data volume [GBytes] |   23.2755 |         0 |         0 |         0 |         0 |            0 |         0 |         0 |         0 |         0 |         0 |         0 |      19.3443 |            0 |            0 |         0 |            0 |         0 |         0 |         0 |         0 |         0 |         0 |         0 |
|    Memory bandwidth [MBytes/s]    | 5552.9198 |         0 |         0 |         0 |         0 |            0 |         0 |         0 |         0 |         0 |         0 |         0 |    4220.1593 |            0 |            0 |         0 |            0 |         0 |         0 |         0 |         0 |         0 |         0 |         0 |
|    Memory data volume [GBytes]    |   55.5331 |         0 |         0 |         0 |         0 |            0 |         0 |         0 |         0 |         0 |         0 |         0 |      42.2046 |            0 |            0 |         0 |            0 |         0 |         0 |         0 |         0 |         0 |         0 |         0 |
|          Temperature [C]          |        31 |        33 |        35 |        31 |        33 |           33 |        29 |        31 |        30 |        33 |        33 |        36 |           35 |           36 |           32 |        32 |           36 |        31 |        34 |        37 |        33 |        37 |        34 |        34 |
|             Energy [J]            |  413.4420 |         0 |         0 |         0 |         0 |            0 |         0 |         0 |         0 |         0 |         0 |         0 |     430.8018 |            0 |            0 |         0 |            0 |         0 |         0 |         0 |         0 |         0 |         0 |         0 |
|             Power [W]             |   41.3413 |         0 |         0 |         0 |         0 |            0 |         0 |         0 |         0 |         0 |         0 |         0 |      43.0772 |            0 |            0 |         0 |            0 |         0 |         0 |         0 |         0 |         0 |         0 |         0 |
|           Energy PP0 [J]          |         0 |         0 |         0 |         0 |         0 |            0 |         0 |         0 |         0 |         0 |         0 |         0 |            0 |            0 |            0 |         0 |            0 |         0 |         0 |         0 |         0 |         0 |         0 |         0 |
|           Power PP0 [W]           |         0 |         0 |         0 |         0 |         0 |            0 |         0 |         0 |         0 |         0 |         0 |         0 |            0 |            0 |            0 |         0 |            0 |         0 |         0 |         0 |         0 |         0 |         0 |         0 |
|          Energy DRAM [J]          |   89.4678 |         0 |         0 |         0 |         0 |            0 |         0 |         0 |         0 |         0 |         0 |         0 |      86.0754 |            0 |            0 |         0 |            0 |         0 |         0 |         0 |         0 |         0 |         0 |         0 |
|           Power DRAM [W]          |    8.9461 |         0 |         0 |         0 |         0 |            0 |         0 |         0 |         0 |         0 |         0 |         0 |       8.6069 |            0 |            0 |         0 |            0 |         0 |         0 |         0 |         0 |         0 |         0 |         0 |
+-----------------------------------+-----------+-----------+-----------+-----------+-----------+--------------+-----------+-----------+-----------+-----------+-----------+-----------+--------------+--------------+--------------+-----------+--------------+-----------+-----------+-----------+-----------+-----------+-----------+-----------+
+----------------------------------------+------------+--------------+-----------+-----------+
|                 Metric                 |     Sum    |      Min     |    Max    |    Avg    |
+----------------------------------------+------------+--------------+-----------+-----------+
|        Runtime (RDTSC) [s] STAT        |   240.0168 |      10.0007 |   10.0007 |   10.0007 |
|        Runtime unhalted [s] STAT       |   122.8241 |       4.8862 |    5.1865 |    5.1177 |
|            Clock [MHz] STAT            | 28799.8826 |    1199.9936 | 1199.9962 | 1199.9951 |
|                CPI STAT                |    12.5969 |       0.5062 |    0.5458 |    0.5249 |
|   Local DRAM data volume [GByte] STAT  |    44.6880 |       0.0060 |    5.2379 |    1.8620 |
|   Local DRAM bandwidth [MByte/s] STAT  |  4468.4971 |       0.5967 |  523.7564 |  186.1874 |
|  Remote DRAM data volume [GByte] STAT  |     0.1166 |       0.0001 |    0.0186 |    0.0049 |
|  Remote DRAM bandwidth [MByte/s] STAT  |    11.6773 |       0.0135 |    1.8578 |    0.4866 |
|     Memory data volume [GByte] STAT    |    44.8046 |       0.0062 |    5.2416 |    1.8669 |
|     Memory bandwidth [MByte/s] STAT    |  4480.1743 |       0.6243 |  524.1251 |  186.6739 |
|          L3 request rate STAT          |    85.2398 |       1.0418 |    7.0411 |    3.5517 |
|            L3 miss rate STAT           |     0.0943 | 2.204055e-05 |    0.0380 |    0.0039 |
|           L3 miss ratio STAT           |     0.1072 |       0.0001 |    0.0463 |    0.0045 |
|          L2 request rate STAT          |     0.4434 |       0.0001 |    0.0729 |    0.0185 |
|            L2 miss rate STAT           |     0.1006 | 6.719558e-06 |    0.0190 |    0.0042 |
|           L2 miss ratio STAT           |     4.8993 |       0.1318 |    0.2702 |    0.2041 |
|  Memory read bandwidth [MBytes/s] STAT |  5511.3994 |            0 | 3225.5356 |  229.6416 |
|  Memory read data volume [GBytes] STAT |    55.1178 |            0 |   32.2576 |    2.2966 |
| Memory write bandwidth [MBytes/s] STAT |  4261.6797 |            0 | 2327.3842 |  177.5700 |
| Memory write data volume [GBytes] STAT |    42.6198 |            0 |   23.2755 |    1.7758 |
|    Memory bandwidth [MBytes/s] STAT    |  9773.0791 |            0 | 5552.9198 |  407.2116 |
|    Memory data volume [GBytes] STAT    |    97.7377 |            0 |   55.5331 |    4.0724 |
|          Temperature [C] STAT          |        799 |           29 |        37 |   33.2917 |
|             Energy [J] STAT            |   844.2438 |            0 |  430.8018 |   35.1768 |
|             Power [W] STAT             |    84.4185 |            0 |   43.0772 |    3.5174 |
|           Energy PP0 [J] STAT          |          0 |            0 |         0 |         0 |
|           Power PP0 [W] STAT           |          0 |            0 |         0 |         0 |
|          Energy DRAM [J] STAT          |   175.5432 |            0 |   89.4678 |    7.3143 |
|           Power DRAM [W] STAT          |    17.5530 |            0 |    8.9461 |    0.7314 |
+----------------------------------------+------------+--------------+-----------+-----------+
