--------------------------------------------------------------------------------
CPU name:	Intel(R) Xeon(R) CPU E5-2670 v3 @ 2.30GHz
CPU type:	Intel Xeon Haswell EN/EP/EX processor
CPU clock:	2.30 GHz
--------------------------------------------------------------------------------
Group 1: POWERPERF
+--------------------------------+---------+-------------+-------------+-------------+-------------+-------------+-------------+-------------+-------------+-------------+-------------+-------------+-------------+-------------+-------------+-------------+-------------+-------------+-------------+-------------+-------------+-------------+-------------+-------------+-------------+
|              Event             | Counter |    Core 0   |    Core 1   |    Core 2   |    Core 3   |    Core 4   |    Core 5   |    Core 6   |    Core 7   |    Core 8   |    Core 9   |   Core 10   |   Core 11   |   Core 12   |   Core 13   |   Core 14   |   Core 15   |   Core 16   |   Core 17   |   Core 18   |   Core 19   |   Core 20   |   Core 21   |   Core 22   |   Core 23   |
+--------------------------------+---------+-------------+-------------+-------------+-------------+-------------+-------------+-------------+-------------+-------------+-------------+-------------+-------------+-------------+-------------+-------------+-------------+-------------+-------------+-------------+-------------+-------------+-------------+-------------+-------------+
|        INSTR_RETIRED_ANY       |  FIXC0  | 18326117445 | 16522425209 | 17238656928 | 17226978627 | 16529155875 | 16496669187 | 24431641004 | 24436551310 | 24390408386 | 24425696503 | 24418089474 | 24409918985 | 16514261173 | 16511633603 | 17245046265 | 17225022633 | 16526260191 | 16468441675 | 24425894209 | 24433379465 | 23857074251 | 23863994744 | 23859389861 | 23858743317 |
|      CPU_CLK_UNHALTED_CORE     |  FIXC1  | 11403580279 | 10319936167 | 10732141562 | 10731172804 | 10327793128 | 10319228869 | 11550542839 | 11591850391 | 11829599961 | 11650081714 | 11795206758 | 11837624113 | 10313644937 | 10292673808 | 10709336805 | 10702806499 | 10318595779 | 10302152101 | 11570824562 | 11605600443 | 11578810706 | 11506624366 | 11577711351 | 11531204919 |
|      CPU_CLK_UNHALTED_REF      |  FIXC2  | 21856845835 | 19779867382 | 20569925524 | 20568066756 | 19794922630 | 19778516914 | 22138541486 | 22217712569 | 22673403634 | 22329318252 | 22607476365 | 22688777685 | 19767804687 | 19727610370 | 20526227249 | 20513698735 | 19777306401 | 19745777909 | 22177411210 | 22244066084 | 22192724541 | 22054358680 | 22190619397 | 22101472524 |
|           FIXC1/FIXC0          |   CPI   |           0 |           0 |           0 |           0 |           0 |           0 |           0 |           0 |           0 |           0 |           0 |           0 |           0 |           0 |           0 |           0 |           0 |           0 |           0 |           0 |           0 |           0 |           0 |           0 |
|  OFFCORE_RESPONSE_0_LOCAL_DRAM |   PMC0  |    32742685 |    19397030 |    20228259 |    20352452 |    19927438 |    17479720 |    52081758 |    56980198 |    55647205 |    56188096 |    55819911 |    54199568 |    15497131 |    17177357 |    18836858 |    18679463 |    18225714 |    15876203 |    40676220 |    56473914 |    53927862 |    54174334 |    52623815 |    46690791 |
| OFFCORE_RESPONSE_1_REMOTE_DRAM |   PMC1  |     9594372 |      146154 |       44844 |       20016 |       40997 |     2429985 |     9141937 |     5793093 |     5530251 |     5474785 |     5686268 |     6995947 |     3524652 |     1824675 |     1081999 |     1112980 |     1375183 |     3310532 |    20652301 |     6863769 |     6619001 |     6559257 |     8197559 |    12640703 |
|  MEM_LOAD_UOPS_RETIRED_L3_ALL  |   PMC2  |     5699306 |     3683746 |     3700964 |     3698316 |     3673971 |     3659109 |    57348318 |    52510374 |    54204439 |    50011130 |    55788179 |    53942849 |     3699033 |     3736011 |     3841640 |     3830503 |     3746853 |     3736829 |    53439849 |    51362795 |    51993927 |    50654245 |    51494251 |    50960535 |
|  MEM_LOAD_UOPS_RETIRED_L3_MISS |   PMC3  |     4639781 |     2629814 |     2772710 |     2803563 |     2775318 |     2744833 |    11136714 |    10585953 |    10911326 |    10163369 |    10941446 |    10466760 |     2520749 |     2559222 |     2850225 |     2879261 |     2847557 |     2797862 |    10465886 |    10057744 |    10375528 |    10049853 |    10286380 |     9961642 |
|      L2_TRANS_ALL_REQUESTS     |   PMC4  |   195457753 |   103213279 |   105159062 |   104582569 |   102862612 |   103415083 |  4066064822 |  4036840597 |  4061279511 |  3903096768 |  4071271193 |  4041606087 |   103704248 |   102719405 |   104419364 |   103697815 |   102971729 |   102697518 |  4043720412 |  3998682290 |  3944882626 |  3911205194 |  3930652566 |  3907357740 |
|          L2_RQSTS_MISS         |   PMC5  |    57215214 |    31384483 |    31861436 |    31559989 |    31052035 |    31309713 |  1033074836 |  1041123418 |  1055127285 |   994594612 |  1050410319 |  1049033241 |    30987632 |    30992748 |    31630466 |    31220238 |    30954687 |    30693458 |  1036528061 |  1031534253 |  1018372075 |  1013054230 |  1015061586 |   999560894 |
|        UOPS_RETIRED_ALL        |   PMC6  | 20850117156 | 18538598330 | 19333098831 | 19319329541 | 18544839143 | 18507516365 | 27362808814 | 27370520009 | 27300969908 | 27353796633 | 27348635872 | 27329353281 | 18521142139 | 18521906807 | 19341117988 | 19315379240 | 18546216144 | 18474385150 | 27353361624 | 27364667011 | 26721850522 | 26730322771 | 26725163710 | 26724286186 |
|            TEMP_CORE           |   TMP0  |          34 |          32 |          32 |          34 |          32 |          32 |          34 |          32 |          31 |          32 |          29 |          32 |          34 |          35 |          33 |          34 |          37 |          34 |          32 |          35 |          35 |          34 |          37 |          35 |
|         PWR_PKG_ENERGY         |   PWR0  |    438.3044 |           0 |           0 |           0 |           0 |           0 |           0 |           0 |           0 |           0 |           0 |           0 |    431.4134 |           0 |           0 |           0 |           0 |           0 |           0 |           0 |           0 |           0 |           0 |           0 |
|         PWR_PP0_ENERGY         |   PWR1  |           0 |           0 |           0 |           0 |           0 |           0 |           0 |           0 |           0 |           0 |           0 |           0 |           0 |           0 |           0 |           0 |           0 |           0 |           0 |           0 |           0 |           0 |           0 |           0 |
|         PWR_DRAM_ENERGY        |   PWR3  |     84.7315 |           0 |           0 |           0 |           0 |           0 |           0 |           0 |           0 |           0 |           0 |           0 |     85.7942 |           0 |           0 |           0 |           0 |           0 |           0 |           0 |           0 |           0 |           0 |           0 |
|          CAS_COUNT_RD          | MBOX0C0 |   169516908 |           0 |           0 |           0 |           0 |           0 |           0 |           0 |           0 |           0 |           0 |           0 |   141733403 |           0 |           0 |           0 |           0 |           0 |           0 |           0 |           0 |           0 |           0 |           0 |
|          CAS_COUNT_WR          | MBOX0C1 |   115896620 |           0 |           0 |           0 |           0 |           0 |           0 |           0 |           0 |           0 |           0 |           0 |    98229673 |           0 |           0 |           0 |           0 |           0 |           0 |           0 |           0 |           0 |           0 |           0 |
|          CAS_COUNT_RD          | MBOX1C0 |   169991942 |           0 |           0 |           0 |           0 |           0 |           0 |           0 |           0 |           0 |           0 |           0 |   142683272 |           0 |           0 |           0 |           0 |           0 |           0 |           0 |           0 |           0 |           0 |           0 |
|          CAS_COUNT_WR          | MBOX1C1 |   116385164 |           0 |           0 |           0 |           0 |           0 |           0 |           0 |           0 |           0 |           0 |           0 |    98939303 |           0 |           0 |           0 |           0 |           0 |           0 |           0 |           0 |           0 |           0 |           0 |
|          CAS_COUNT_RD          | MBOX2C0 |           0 |           0 |           0 |           0 |           0 |           0 |           0 |           0 |           0 |           0 |           0 |           0 |           0 |           0 |           0 |           0 |           0 |           0 |           0 |           0 |           0 |           0 |           0 |           0 |
|          CAS_COUNT_WR          | MBOX2C1 |           0 |           0 |           0 |           0 |           0 |           0 |           0 |           0 |           0 |           0 |           0 |           0 |           0 |           0 |           0 |           0 |           0 |           0 |           0 |           0 |           0 |           0 |           0 |           0 |
|          CAS_COUNT_RD          | MBOX3C0 |           0 |           0 |           0 |           0 |           0 |           0 |           0 |           0 |           0 |           0 |           0 |           0 |           0 |           0 |           0 |           0 |           0 |           0 |           0 |           0 |           0 |           0 |           0 |           0 |
|          CAS_COUNT_WR          | MBOX3C1 |           0 |           0 |           0 |           0 |           0 |           0 |           0 |           0 |           0 |           0 |           0 |           0 |           0 |           0 |           0 |           0 |           0 |           0 |           0 |           0 |           0 |           0 |           0 |           0 |
|          CAS_COUNT_RD          | MBOX4C0 |   169614830 |           0 |           0 |           0 |           0 |           0 |           0 |           0 |           0 |           0 |           0 |           0 |   141714741 |           0 |           0 |           0 |           0 |           0 |           0 |           0 |           0 |           0 |           0 |           0 |
|          CAS_COUNT_WR          | MBOX4C1 |   115905857 |           0 |           0 |           0 |           0 |           0 |           0 |           0 |           0 |           0 |           0 |           0 |    98231292 |           0 |           0 |           0 |           0 |           0 |           0 |           0 |           0 |           0 |           0 |           0 |
|          CAS_COUNT_RD          | MBOX5C0 |   170075143 |           0 |           0 |           0 |           0 |           0 |           0 |           0 |           0 |           0 |           0 |           0 |   142246352 |           0 |           0 |           0 |           0 |           0 |           0 |           0 |           0 |           0 |           0 |           0 |
|          CAS_COUNT_WR          | MBOX5C1 |   116425938 |           0 |           0 |           0 |           0 |           0 |           0 |           0 |           0 |           0 |           0 |           0 |    98761985 |           0 |           0 |           0 |           0 |           0 |           0 |           0 |           0 |           0 |           0 |           0 |
|          CAS_COUNT_RD          | MBOX6C0 |           0 |           0 |           0 |           0 |           0 |           0 |           0 |           0 |           0 |           0 |           0 |           0 |           0 |           0 |           0 |           0 |           0 |           0 |           0 |           0 |           0 |           0 |           0 |           0 |
|          CAS_COUNT_WR          | MBOX6C1 |           0 |           0 |           0 |           0 |           0 |           0 |           0 |           0 |           0 |           0 |           0 |           0 |           0 |           0 |           0 |           0 |           0 |           0 |           0 |           0 |           0 |           0 |           0 |           0 |
|          CAS_COUNT_RD          | MBOX7C0 |           0 |           0 |           0 |           0 |           0 |           0 |           0 |           0 |           0 |           0 |           0 |           0 |           0 |           0 |           0 |           0 |           0 |           0 |           0 |           0 |           0 |           0 |           0 |           0 |
|          CAS_COUNT_WR          | MBOX7C1 |           0 |           0 |           0 |           0 |           0 |           0 |           0 |           0 |           0 |           0 |           0 |           0 |           0 |           0 |           0 |           0 |           0 |           0 |           0 |           0 |           0 |           0 |           0 |           0 |
+--------------------------------+---------+-------------+-------------+-------------+-------------+-------------+-------------+-------------+-------------+-------------+-------------+-------------+-------------+-------------+-------------+-------------+-------------+-------------+-------------+-------------+-------------+-------------+-------------+-------------+-------------+
+-------------------------------------+---------+--------------+-------------+-------------+--------------+
|                Event                | Counter |      Sum     |     Min     |     Max     |      Avg     |
+-------------------------------------+---------+--------------+-------------+-------------+--------------+
|        INSTR_RETIRED_ANY STAT       |  FIXC0  | 493641450320 | 16468441675 | 24436551310 | 2.056839e+10 |
|      CPU_CLK_UNHALTED_CORE STAT     |  FIXC1  | 266098744861 | 10292673808 | 11837624113 | 1.108745e+10 |
|      CPU_CLK_UNHALTED_REF STAT      |  FIXC2  | 510022452819 | 19727610370 | 22688777685 | 2.125094e+10 |
|           FIXC1/FIXC0 STAT          |   CPI   |            0 |           0 |           0 |            0 |
|  OFFCORE_RESPONSE_0_LOCAL_DRAM STAT |   PMC0  |    869903982 |    15497131 |    56980198 | 3.624600e+07 |
| OFFCORE_RESPONSE_1_REMOTE_DRAM STAT |   PMC1  |    124661260 |       20016 |    20652301 | 5.194219e+06 |
|  MEM_LOAD_UOPS_RETIRED_L3_ALL STAT  |   PMC2  |    680417172 |     3659109 |    57348318 | 2.835072e+07 |
|  MEM_LOAD_UOPS_RETIRED_L3_MISS STAT |   PMC3  |    160223496 |     2520749 |    11136714 |      6675979 |
|      L2_TRANS_ALL_REQUESTS STAT     |   PMC4  |  49251560243 |   102697518 |  4071271193 | 2.052148e+09 |
|          L2_RQSTS_MISS STAT         |   PMC5  |  12738336909 |    30693458 |  1055127285 | 5.307640e+08 |
|        UOPS_RETIRED_ALL STAT        |   PMC6  | 553499383175 | 18474385150 | 27370520009 | 2.306247e+10 |
|            TEMP_CORE STAT           |   TMP0  |          801 |          29 |          37 |      33.3750 |
|         PWR_PKG_ENERGY STAT         |   PWR0  |     869.7178 |           0 |    438.3044 |      36.2382 |
|         PWR_PP0_ENERGY STAT         |   PWR1  |            0 |           0 |           0 |            0 |
|         PWR_DRAM_ENERGY STAT        |   PWR3  |     170.5257 |           0 |     85.7942 |       7.1052 |
|          CAS_COUNT_RD STAT          | MBOX0C0 |    311250311 |           0 |   169516908 | 1.296876e+07 |
|          CAS_COUNT_WR STAT          | MBOX0C1 |    214126293 |           0 |   115896620 | 8.921929e+06 |
|          CAS_COUNT_RD STAT          | MBOX1C0 |    312675214 |           0 |   169991942 | 1.302813e+07 |
|          CAS_COUNT_WR STAT          | MBOX1C1 |    215324467 |           0 |   116385164 | 8.971853e+06 |
|          CAS_COUNT_RD STAT          | MBOX2C0 |            0 |           0 |           0 |            0 |
|          CAS_COUNT_WR STAT          | MBOX2C1 |            0 |           0 |           0 |            0 |
|          CAS_COUNT_RD STAT          | MBOX3C0 |            0 |           0 |           0 |            0 |
|          CAS_COUNT_WR STAT          | MBOX3C1 |            0 |           0 |           0 |            0 |
|          CAS_COUNT_RD STAT          | MBOX4C0 |    311329571 |           0 |   169614830 | 1.297207e+07 |
|          CAS_COUNT_WR STAT          | MBOX4C1 |    214137149 |           0 |   115905857 | 8.922381e+06 |
|          CAS_COUNT_RD STAT          | MBOX5C0 |    312321495 |           0 |   170075143 | 1.301340e+07 |
|          CAS_COUNT_WR STAT          | MBOX5C1 |    215187923 |           0 |   116425938 | 8.966163e+06 |
|          CAS_COUNT_RD STAT          | MBOX6C0 |            0 |           0 |           0 |            0 |
|          CAS_COUNT_WR STAT          | MBOX6C1 |            0 |           0 |           0 |            0 |
|          CAS_COUNT_RD STAT          | MBOX7C0 |            0 |           0 |           0 |            0 |
|          CAS_COUNT_WR STAT          | MBOX7C1 |            0 |           0 |           0 |            0 |
+-------------------------------------+---------+--------------+-------------+-------------+--------------+
+-----------------------------------+-----------+-----------+-----------+-----------+-----------+-----------+-----------+-----------+-----------+-----------+-----------+-----------+-----------+-----------+-----------+-----------+-----------+-----------+-----------+-----------+-----------+-----------+-----------+-----------+
|               Metric              |   Core 0  |   Core 1  |   Core 2  |   Core 3  |   Core 4  |   Core 5  |   Core 6  |   Core 7  |   Core 8  |   Core 9  |  Core 10  |  Core 11  |  Core 12  |  Core 13  |  Core 14  |  Core 15  |  Core 16  |  Core 17  |  Core 18  |  Core 19  |  Core 20  |  Core 21  |  Core 22  |  Core 23  |
+-----------------------------------+-----------+-----------+-----------+-----------+-----------+-----------+-----------+-----------+-----------+-----------+-----------+-----------+-----------+-----------+-----------+-----------+-----------+-----------+-----------+-----------+-----------+-----------+-----------+-----------+
|        Runtime (RDTSC) [s]        |   10.0007 |   10.0007 |   10.0007 |   10.0007 |   10.0007 |   10.0007 |   10.0007 |   10.0007 |   10.0007 |   10.0007 |   10.0007 |   10.0007 |   10.0007 |   10.0007 |   10.0007 |   10.0007 |   10.0007 |   10.0007 |   10.0007 |   10.0007 |   10.0007 |   10.0007 |   10.0007 |   10.0007 |
|        Runtime unhalted [s]       |    4.9581 |    4.4869 |    4.6662 |    4.6657 |    4.4904 |    4.4866 |    5.0220 |    5.0399 |    5.1433 |    5.0653 |    5.1284 |    5.1468 |    4.4842 |    4.4751 |    4.6562 |    4.6534 |    4.4864 |    4.4792 |    5.0308 |    5.0459 |    5.0343 |    5.0029 |    5.0338 |    5.0136 |
|            Clock [MHz]            | 1199.9987 | 1199.9984 | 1199.9985 | 1199.9986 | 1199.9986 | 1199.9981 | 1199.9977 | 1199.9978 | 1199.9976 | 1199.9981 | 1199.9980 | 1199.9979 | 1199.9987 | 1199.9987 | 1199.9979 | 1199.9986 | 1199.9979 | 1199.9986 | 1199.9979 | 1199.9979 | 1199.9976 | 1199.9980 | 1199.9975 | 1199.9980 |
|                CPI                |    0.6223 |    0.6246 |    0.6226 |    0.6229 |    0.6248 |    0.6255 |    0.4728 |    0.4744 |    0.4850 |    0.4770 |    0.4831 |    0.4850 |    0.6245 |    0.6234 |    0.6210 |    0.6214 |    0.6244 |    0.6256 |    0.4737 |    0.4750 |    0.4853 |    0.4822 |    0.4852 |    0.4833 |
|   Local DRAM data volume [GByte]  |    2.0955 |    1.2414 |    1.2946 |    1.3026 |    1.2754 |    1.1187 |    3.3332 |    3.6467 |    3.5614 |    3.5960 |    3.5725 |    3.4688 |    0.9918 |    1.0994 |    1.2056 |    1.1955 |    1.1664 |    1.0161 |    2.6033 |    3.6143 |    3.4514 |    3.4672 |    3.3679 |    2.9882 |
|   Local DRAM bandwidth [MByte/s]  |  209.5381 |  124.1321 |  129.4516 |  130.2463 |  127.5265 |  111.8622 |  333.2993 |  364.6471 |  356.1166 |  359.5780 |  357.2218 |  346.8523 |   99.1745 |  109.9272 |  120.5472 |  119.5400 |  116.6362 |  101.6004 |  260.3091 |  361.4071 |  345.1136 |  346.6909 |  336.7683 |  298.7996 |
|  Remote DRAM data volume [GByte]  |    0.6140 |    0.0094 |    0.0029 |    0.0013 |    0.0026 |    0.1555 |    0.5851 |    0.3708 |    0.3539 |    0.3504 |    0.3639 |    0.4477 |    0.2256 |    0.1168 |    0.0692 |    0.0712 |    0.0880 |    0.2119 |    1.3217 |    0.4393 |    0.4236 |    0.4198 |    0.5246 |    0.8090 |
|  Remote DRAM bandwidth [MByte/s]  |   61.3996 |    0.9353 |    0.2870 |    0.1281 |    0.2624 |   15.5508 |   58.5042 |   37.0731 |   35.3911 |   35.0361 |   36.3895 |   44.7708 |   22.5562 |   11.6771 |    6.9243 |    7.1226 |    8.8005 |   21.1859 |  132.1652 |   43.9250 |   42.3586 |   41.9762 |   52.4606 |   80.8947 |
|     Memory data volume [GByte]    |    2.7096 |    1.2508 |    1.2975 |    1.3038 |    1.2780 |    1.2742 |    3.9183 |    4.0175 |    3.9154 |    3.9464 |    3.9364 |    3.9165 |    1.2174 |    1.2161 |    1.2748 |    1.2667 |    1.2545 |    1.2280 |    3.9250 |    4.0536 |    3.8750 |    3.8869 |    3.8926 |    3.7972 |
|     Memory bandwidth [MByte/s]    |  270.9377 |  125.0674 |  129.7385 |  130.3744 |  127.7888 |  127.4130 |  391.8035 |  401.7202 |  391.5076 |  394.6141 |  393.6113 |  391.6232 |  121.7307 |  121.6043 |  127.4715 |  126.6625 |  125.4367 |  122.7863 |  392.4744 |  405.3321 |  387.4721 |  388.6671 |  389.2289 |  379.6943 |
|          L3 request rate          |    1.2284 |    1.4008 |    1.3348 |    1.3191 |    1.3238 |    1.3331 |    5.1495 |    4.9604 |    4.9677 |    4.9207 |    5.0988 |    5.1537 |    1.4674 |    1.4598 |    1.3478 |    1.3304 |    1.3158 |    1.3356 |    5.1061 |    5.1068 |    5.0112 |    5.0403 |    5.0061 |    5.1157 |
|            L3 miss rate           |    1.6834 |    0.0397 |    0.0121 |    0.0054 |    0.0112 |    0.6641 |    0.1594 |    0.1103 |    0.1020 |    0.1095 |    0.1019 |    0.1297 |    0.9529 |    0.4884 |    0.2817 |    0.2906 |    0.3670 |    0.8859 |    0.3865 |    0.1336 |    0.1273 |    0.1295 |    0.1592 |    0.2480 |
|           L3 miss ratio           |    0.2930 |    0.0075 |    0.0022 |    0.0010 |    0.0021 |    0.1390 |    0.1755 |    0.1017 |    0.0994 |    0.0974 |    0.1019 |    0.1291 |    0.2274 |    0.1062 |    0.0574 |    0.0596 |    0.0755 |    0.2085 |    0.5077 |    0.1215 |    0.1227 |    0.1211 |    0.1558 |    0.2707 |
|          L2 request rate          |    0.0107 |    0.0062 |    0.0061 |    0.0061 |    0.0062 |    0.0063 |    0.1664 |    0.1652 |    0.1665 |    0.1598 |    0.1667 |    0.1656 |    0.0063 |    0.0062 |    0.0061 |    0.0060 |    0.0062 |    0.0062 |    0.1656 |    0.1637 |    0.1654 |    0.1639 |    0.1647 |    0.1638 |
|            L2 miss rate           |    0.0031 |    0.0019 |    0.0018 |    0.0018 |    0.0019 |    0.0019 |    0.0423 |    0.0426 |    0.0433 |    0.0407 |    0.0430 |    0.0430 |    0.0019 |    0.0019 |    0.0018 |    0.0018 |    0.0019 |    0.0019 |    0.0424 |    0.0422 |    0.0427 |    0.0425 |    0.0425 |    0.0419 |
|           L2 miss ratio           |    0.2927 |    0.3041 |    0.3030 |    0.3018 |    0.3019 |    0.3028 |    0.2541 |    0.2579 |    0.2598 |    0.2548 |    0.2580 |    0.2596 |    0.2988 |    0.3017 |    0.3029 |    0.3011 |    0.3006 |    0.2989 |    0.2563 |    0.2580 |    0.2582 |    0.2590 |    0.2582 |    0.2558 |
|  Memory read bandwidth [MBytes/s] | 4346.5606 |         0 |         0 |         0 |         0 |         0 |         0 |         0 |         0 |         0 |         0 |         0 | 3637.3567 |         0 |         0 |         0 |         0 |         0 |         0 |         0 |         0 |         0 |         0 |         0 |
|  Memory read data volume [GBytes] |   43.4687 |         0 |         0 |         0 |         0 |         0 |         0 |         0 |         0 |         0 |         0 |         0 |   36.3762 |         0 |         0 |         0 |         0 |         0 |         0 |         0 |         0 |         0 |         0 |         0 |
| Memory write bandwidth [MBytes/s] | 2973.3136 |         0 |         0 |         0 |         0 |         0 |         0 |         0 |         0 |         0 |         0 |         0 | 2522.4574 |         0 |         0 |         0 |         0 |         0 |         0 |         0 |         0 |         0 |         0 |         0 |
| Memory write data volume [GBytes] |   29.7353 |         0 |         0 |         0 |         0 |         0 |         0 |         0 |         0 |         0 |         0 |         0 |   25.2264 |         0 |         0 |         0 |         0 |         0 |         0 |         0 |         0 |         0 |         0 |         0 |
|    Memory bandwidth [MBytes/s]    | 7319.8741 |         0 |         0 |         0 |         0 |         0 |         0 |         0 |         0 |         0 |         0 |         0 | 6159.8141 |         0 |         0 |         0 |         0 |         0 |         0 |         0 |         0 |         0 |         0 |         0 |
|    Memory data volume [GBytes]    |   73.2040 |         0 |         0 |         0 |         0 |         0 |         0 |         0 |         0 |         0 |         0 |         0 |   61.6026 |         0 |         0 |         0 |         0 |         0 |         0 |         0 |         0 |         0 |         0 |         0 |
|          Temperature [C]          |        34 |        32 |        32 |        34 |        32 |        32 |        34 |        32 |        31 |        32 |        29 |        32 |        34 |        35 |        33 |        34 |        37 |        34 |        32 |        35 |        35 |        34 |        37 |        35 |
|             Energy [J]            |  438.3044 |         0 |         0 |         0 |         0 |         0 |         0 |         0 |         0 |         0 |         0 |         0 |  431.4134 |         0 |         0 |         0 |         0 |         0 |         0 |         0 |         0 |         0 |         0 |         0 |
|             Power [W]             |   43.8273 |         0 |         0 |         0 |         0 |         0 |         0 |         0 |         0 |         0 |         0 |         0 |   43.1382 |         0 |         0 |         0 |         0 |         0 |         0 |         0 |         0 |         0 |         0 |         0 |
|           Energy PP0 [J]          |         0 |         0 |         0 |         0 |         0 |         0 |         0 |         0 |         0 |         0 |         0 |         0 |         0 |         0 |         0 |         0 |         0 |         0 |         0 |         0 |         0 |         0 |         0 |         0 |
|           Power PP0 [W]           |         0 |         0 |         0 |         0 |         0 |         0 |         0 |         0 |         0 |         0 |         0 |         0 |         0 |         0 |         0 |         0 |         0 |         0 |         0 |         0 |         0 |         0 |         0 |         0 |
|          Energy DRAM [J]          |   84.7315 |         0 |         0 |         0 |         0 |         0 |         0 |         0 |         0 |         0 |         0 |         0 |   85.7942 |         0 |         0 |         0 |         0 |         0 |         0 |         0 |         0 |         0 |         0 |         0 |
|           Power DRAM [W]          |    8.4725 |         0 |         0 |         0 |         0 |         0 |         0 |         0 |         0 |         0 |         0 |         0 |    8.5788 |         0 |         0 |         0 |         0 |         0 |         0 |         0 |         0 |         0 |         0 |         0 |
+-----------------------------------+-----------+-----------+-----------+-----------+-----------+-----------+-----------+-----------+-----------+-----------+-----------+-----------+-----------+-----------+-----------+-----------+-----------+-----------+-----------+-----------+-----------+-----------+-----------+-----------+
+----------------------------------------+------------+-----------+-----------+-----------+
|                 Metric                 |     Sum    |    Min    |    Max    |    Avg    |
+----------------------------------------+------------+-----------+-----------+-----------+
|        Runtime (RDTSC) [s] STAT        |   240.0168 |   10.0007 |   10.0007 |   10.0007 |
|        Runtime unhalted [s] STAT       |   115.6954 |    4.4751 |    5.1468 |    4.8206 |
|            Clock [MHz] STAT            | 28799.9553 | 1199.9975 | 1199.9987 | 1199.9981 |
|                CPI STAT                |    13.2450 |    0.4728 |    0.6256 |    0.5519 |
|   Local DRAM data volume [GByte] STAT  |    55.6739 |    0.9918 |    3.6467 |    2.3197 |
|   Local DRAM bandwidth [MByte/s] STAT  |  5566.9860 |   99.1745 |  364.6471 |  231.9578 |
|  Remote DRAM data volume [GByte] STAT  |     7.9782 |    0.0013 |    1.3217 |    0.3324 |
|  Remote DRAM bandwidth [MByte/s] STAT  |   797.7749 |    0.1281 |  132.1652 |   33.2406 |
|     Memory data volume [GByte] STAT    |    63.6522 |    1.2161 |    4.0536 |    2.6522 |
|     Memory bandwidth [MByte/s] STAT    |  6364.7606 |  121.6043 |  405.3321 |  265.1984 |
|          L3 request rate STAT          |    76.8338 |    1.2284 |    5.1537 |    3.2014 |
|            L3 miss rate STAT           |     7.5793 |    0.0054 |    1.6834 |    0.3158 |
|           L3 miss ratio STAT           |     3.1839 |    0.0010 |    0.5077 |    0.1327 |
|          L2 request rate STAT          |     2.0559 |    0.0060 |    0.1667 |    0.0857 |
|            L2 miss rate STAT           |     0.5327 |    0.0018 |    0.0433 |    0.0222 |
|           L2 miss ratio STAT           |     6.7000 |    0.2541 |    0.3041 |    0.2792 |
|  Memory read bandwidth [MBytes/s] STAT |  7983.9173 |         0 | 4346.5606 |  332.6632 |
|  Memory read data volume [GBytes] STAT |    79.8449 |         0 |   43.4687 |    3.3269 |
| Memory write bandwidth [MBytes/s] STAT |  5495.7710 |         0 | 2973.3136 |  228.9905 |
| Memory write data volume [GBytes] STAT |    54.9617 |         0 |   29.7353 |    2.2901 |
|    Memory bandwidth [MBytes/s] STAT    | 13479.6882 |         0 | 7319.8741 |  561.6537 |
|    Memory data volume [GBytes] STAT    |   134.8066 |         0 |   73.2040 |    5.6169 |
|          Temperature [C] STAT          |        801 |        29 |        37 |   33.3750 |
|             Energy [J] STAT            |   869.7178 |         0 |  438.3044 |   36.2382 |
|             Power [W] STAT             |    86.9655 |         0 |   43.8273 |    3.6236 |
|           Energy PP0 [J] STAT          |          0 |         0 |         0 |         0 |
|           Power PP0 [W] STAT           |          0 |         0 |         0 |         0 |
|          Energy DRAM [J] STAT          |   170.5257 |         0 |   85.7942 |    7.1052 |
|           Power DRAM [W] STAT          |    17.0513 |         0 |    8.5788 |    0.7105 |
+----------------------------------------+------------+-----------+-----------+-----------+
