--------------------------------------------------------------------------------
CPU name:	Intel(R) Xeon(R) CPU E5-2670 v3 @ 2.30GHz
CPU type:	Intel Xeon Haswell EN/EP/EX processor
CPU clock:	2.30 GHz
--------------------------------------------------------------------------------
Group 1: POWERPERF
+--------------------------------+---------+-------------+-------------+-------------+-------------+-------------+-------------+------------+------------+------------+------------+------------+------------+-------------+-------------+-------------+-------------+-------------+-------------+------------+------------+------------+------------+------------+------------+
|              Event             | Counter |    Core 0   |    Core 1   |    Core 2   |    Core 3   |    Core 4   |    Core 5   |   Core 6   |   Core 7   |   Core 8   |   Core 9   |   Core 10  |   Core 11  |   Core 12   |   Core 13   |   Core 14   |   Core 15   |   Core 16   |   Core 17   |   Core 18  |   Core 19  |   Core 20  |   Core 21  |   Core 22  |   Core 23  |
+--------------------------------+---------+-------------+-------------+-------------+-------------+-------------+-------------+------------+------------+------------+------------+------------+------------+-------------+-------------+-------------+-------------+-------------+-------------+------------+------------+------------+------------+------------+------------+
|        INSTR_RETIRED_ANY       |  FIXC0  | 14197698910 | 14484134248 | 14594169787 | 14604732045 | 14793531607 | 14456756661 | 1374174475 | 1371875231 | 1339888752 | 1354492167 | 1343759281 | 1340361704 | 14310431733 | 14376412005 | 14131148501 | 14392380136 | 14359850465 | 14326112486 | 1375456374 | 1363366299 | 1344600807 | 1395619660 | 1355466937 | 1335540999 |
|      CPU_CLK_UNHALTED_CORE     |  FIXC1  | 11914700742 | 11929638333 | 11931417594 | 11933771870 | 11935306943 | 11935214641 | 1969743414 | 1967139563 | 1967871716 | 1967132743 | 1960199270 | 1960632745 | 11922751195 | 11924002746 | 11924919277 | 11924723829 | 11925825974 | 11925465028 | 1957243338 | 1953576900 | 1952533586 | 1980663805 | 1950781852 | 1951879209 |
|      CPU_CLK_UNHALTED_REF      |  FIXC2  | 22836503511 | 22865143479 | 22868561095 | 22873065093 | 22876019029 | 22875826404 | 3775341969 | 3770349405 | 3771753026 | 3770337514 | 3757047447 | 3757877264 | 22851937615 | 22854339091 | 22856100661 | 22855710627 | 22857830698 | 22857122114 | 3751380776 | 3744353241 | 3742357370 | 3796267231 | 3738998082 | 3741099201 |
|           FIXC1/FIXC0          |   CPI   |           0 |           0 |           0 |           0 |           0 |           0 |          0 |          0 |          0 |          0 |          0 |          0 |           0 |           0 |           0 |           0 |           0 |           0 |          0 |          0 |          0 |          0 |          0 |          0 |
|  OFFCORE_RESPONSE_0_LOCAL_DRAM |   PMC0  |      761004 |      515108 |      125838 |      499249 |      267973 |      386902 |   80469396 |   80477214 |   78995709 |   79478806 |   79225432 |   78927584 |      312770 |      486149 |      337629 |      381350 |      327696 |      393109 |   79992361 |   79717235 |   78766504 |   78966211 |   79082856 |   79675159 |
| OFFCORE_RESPONSE_1_REMOTE_DRAM |   PMC1  |      125303 |       25577 |       35727 |       25211 |       26842 |       28024 |       3219 |       6464 |       1642 |      15710 |        867 |       5162 |      279337 |      931136 |      151453 |      178320 |      159298 |      202383 |       2763 |        619 |        544 |       6619 |        952 |       4339 |
|  MEM_LOAD_UOPS_RETIRED_L3_ALL  |   PMC2  |    62439425 |    63801437 |    63470398 |    62582941 |    62233008 |    65714734 |   50627129 |   50656920 |   51298681 |   51128874 |   50911187 |   50977055 |    63169171 |    61778370 |    63488224 |    62757377 |    65340454 |    65441523 |   50260119 |   50267315 |   50775482 |   50671908 |   50583766 |   51186001 |
|  MEM_LOAD_UOPS_RETIRED_L3_MISS |   PMC3  |      189200 |       32803 |       19339 |       31035 |       33200 |       35978 |   16556667 |   16472055 |   16247015 |   16282136 |   16190042 |   16090947 |      125277 |      371879 |       68571 |       63325 |       58643 |       69400 |   16431926 |   16278672 |   16150359 |   16110875 |   16118586 |   16338444 |
|      L2_TRANS_ALL_REQUESTS     |   PMC4  |   563086666 |   565447417 |   564273544 |   557556104 |   565017406 |   570659028 |  693878041 |  693331827 |  693744471 |  693453930 |  691391031 |  691429265 |   563200751 |   566123161 |   558225215 |   561312320 |   575390377 |   573169658 |  689838651 |  689350551 |  688961018 |  689084664 |  688601233 |  693565636 |
|          L2_RQSTS_MISS         |   PMC5  |   188894890 |   190992837 |   191131166 |   187208525 |   187573467 |   194219079 |  219979077 |  219744245 |  221067874 |  220580779 |  219947384 |  220177981 |   189187725 |   187541641 |   189623525 |   188502761 |   195438473 |   194857699 |  218457829 |  218469293 |  219300090 |  219132075 |  218904965 |  220545980 |
|        UOPS_RETIRED_ALL        |   PMC6  | 19168163895 | 19554780105 | 19707189641 | 19720259654 | 19970749023 | 19514069567 | 1891671398 | 1888069231 | 1845085831 | 1864614122 | 1849987880 | 1845303799 | 19318408655 | 19408257102 | 19079144448 | 19427186345 | 19387827066 | 19342030269 | 1891936489 | 1875870545 | 1850884715 | 1916118966 | 1865627618 | 1839611519 |
|            TEMP_CORE           |   TMP0  |          35 |          33 |          32 |          33 |          32 |          31 |         31 |         32 |         29 |         29 |         28 |         28 |          36 |          35 |          34 |          34 |          35 |          33 |         30 |         33 |         35 |         32 |         34 |         33 |
|         PWR_PKG_ENERGY         |   PWR0  |    385.8522 |           0 |           0 |           0 |           0 |           0 |          0 |          0 |          0 |          0 |          0 |          0 |    381.0363 |           0 |           0 |           0 |           0 |           0 |          0 |          0 |          0 |          0 |          0 |          0 |
|         PWR_PP0_ENERGY         |   PWR1  |           0 |           0 |           0 |           0 |           0 |           0 |          0 |          0 |          0 |          0 |          0 |          0 |           0 |           0 |           0 |           0 |           0 |           0 |          0 |          0 |          0 |          0 |          0 |          0 |
|         PWR_DRAM_ENERGY        |   PWR3  |     65.9682 |           0 |           0 |           0 |           0 |           0 |          0 |          0 |          0 |          0 |          0 |          0 |     69.8494 |           0 |           0 |           0 |           0 |           0 |          0 |          0 |          0 |          0 |          0 |          0 |
|          CAS_COUNT_RD          | MBOX0C0 |   227246363 |           0 |           0 |           0 |           0 |           0 |          0 |          0 |          0 |          0 |          0 |          0 |   225158772 |           0 |           0 |           0 |           0 |           0 |          0 |          0 |          0 |          0 |          0 |          0 |
|          CAS_COUNT_WR          | MBOX0C1 |    88676945 |           0 |           0 |           0 |           0 |           0 |          0 |          0 |          0 |          0 |          0 |          0 |    87802824 |           0 |           0 |           0 |           0 |           0 |          0 |          0 |          0 |          0 |          0 |          0 |
|          CAS_COUNT_RD          | MBOX1C0 |   226685872 |           0 |           0 |           0 |           0 |           0 |          0 |          0 |          0 |          0 |          0 |          0 |   225436247 |           0 |           0 |           0 |           0 |           0 |          0 |          0 |          0 |          0 |          0 |          0 |
|          CAS_COUNT_WR          | MBOX1C1 |    88159566 |           0 |           0 |           0 |           0 |           0 |          0 |          0 |          0 |          0 |          0 |          0 |    88277577 |           0 |           0 |           0 |           0 |           0 |          0 |          0 |          0 |          0 |          0 |          0 |
|          CAS_COUNT_RD          | MBOX2C0 |           0 |           0 |           0 |           0 |           0 |           0 |          0 |          0 |          0 |          0 |          0 |          0 |           0 |           0 |           0 |           0 |           0 |           0 |          0 |          0 |          0 |          0 |          0 |          0 |
|          CAS_COUNT_WR          | MBOX2C1 |           0 |           0 |           0 |           0 |           0 |           0 |          0 |          0 |          0 |          0 |          0 |          0 |           0 |           0 |           0 |           0 |           0 |           0 |          0 |          0 |          0 |          0 |          0 |          0 |
|          CAS_COUNT_RD          | MBOX3C0 |           0 |           0 |           0 |           0 |           0 |           0 |          0 |          0 |          0 |          0 |          0 |          0 |           0 |           0 |           0 |           0 |           0 |           0 |          0 |          0 |          0 |          0 |          0 |          0 |
|          CAS_COUNT_WR          | MBOX3C1 |           0 |           0 |           0 |           0 |           0 |           0 |          0 |          0 |          0 |          0 |          0 |          0 |           0 |           0 |           0 |           0 |           0 |           0 |          0 |          0 |          0 |          0 |          0 |          0 |
|          CAS_COUNT_RD          | MBOX4C0 |   227353156 |           0 |           0 |           0 |           0 |           0 |          0 |          0 |          0 |          0 |          0 |          0 |   224668713 |           0 |           0 |           0 |           0 |           0 |          0 |          0 |          0 |          0 |          0 |          0 |
|          CAS_COUNT_WR          | MBOX4C1 |    88716287 |           0 |           0 |           0 |           0 |           0 |          0 |          0 |          0 |          0 |          0 |          0 |    87672868 |           0 |           0 |           0 |           0 |           0 |          0 |          0 |          0 |          0 |          0 |          0 |
|          CAS_COUNT_RD          | MBOX5C0 |   226555810 |           0 |           0 |           0 |           0 |           0 |          0 |          0 |          0 |          0 |          0 |          0 |   225182631 |           0 |           0 |           0 |           0 |           0 |          0 |          0 |          0 |          0 |          0 |          0 |
|          CAS_COUNT_WR          | MBOX5C1 |    88142091 |           0 |           0 |           0 |           0 |           0 |          0 |          0 |          0 |          0 |          0 |          0 |    88197244 |           0 |           0 |           0 |           0 |           0 |          0 |          0 |          0 |          0 |          0 |          0 |
|          CAS_COUNT_RD          | MBOX6C0 |           0 |           0 |           0 |           0 |           0 |           0 |          0 |          0 |          0 |          0 |          0 |          0 |           0 |           0 |           0 |           0 |           0 |           0 |          0 |          0 |          0 |          0 |          0 |          0 |
|          CAS_COUNT_WR          | MBOX6C1 |           0 |           0 |           0 |           0 |           0 |           0 |          0 |          0 |          0 |          0 |          0 |          0 |           0 |           0 |           0 |           0 |           0 |           0 |          0 |          0 |          0 |          0 |          0 |          0 |
|          CAS_COUNT_RD          | MBOX7C0 |           0 |           0 |           0 |           0 |           0 |           0 |          0 |          0 |          0 |          0 |          0 |          0 |           0 |           0 |           0 |           0 |           0 |           0 |          0 |          0 |          0 |          0 |          0 |          0 |
|          CAS_COUNT_WR          | MBOX7C1 |           0 |           0 |           0 |           0 |           0 |           0 |          0 |          0 |          0 |          0 |          0 |          0 |           0 |           0 |           0 |           0 |           0 |           0 |          0 |          0 |          0 |          0 |          0 |          0 |
+--------------------------------+---------+-------------+-------------+-------------+-------------+-------------+-------------+------------+------------+------------+------------+------------+------------+-------------+-------------+-------------+-------------+-------------+-------------+------------+------------+------------+------------+------------+------------+
+-------------------------------------+---------+--------------+------------+-------------+--------------+
|                Event                | Counter |      Sum     |     Min    |     Max     |      Avg     |
+-------------------------------------+---------+--------------+------------+-------------+--------------+
|        INSTR_RETIRED_ANY STAT       |  FIXC0  | 189321961270 | 1335540999 | 14793531607 | 7.888415e+09 |
|      CPU_CLK_UNHALTED_CORE STAT     |  FIXC1  | 166667136313 | 1950781852 | 11935306943 | 6.944464e+09 |
|      CPU_CLK_UNHALTED_REF STAT      |  FIXC2  | 319445321943 | 3738998082 | 22876019029 | 1.331022e+10 |
|           FIXC1/FIXC0 STAT          |   CPI   |            0 |          0 |           0 |            0 |
|  OFFCORE_RESPONSE_0_LOCAL_DRAM STAT |   PMC0  |    958569244 |     125838 |    80477214 | 3.994039e+07 |
| OFFCORE_RESPONSE_1_REMOTE_DRAM STAT |   PMC1  |      2217511 |        544 |      931136 |   92396.2917 |
|  MEM_LOAD_UOPS_RETIRED_L3_ALL STAT  |   PMC2  |   1371561499 |   50260119 |    65714734 | 5.714840e+07 |
|  MEM_LOAD_UOPS_RETIRED_L3_MISS STAT |   PMC3  |    196366374 |      19339 |    16556667 | 8.181932e+06 |
|      L2_TRANS_ALL_REQUESTS STAT     |   PMC4  |  15080091965 |  557556104 |   693878041 | 6.283372e+08 |
|          L2_RQSTS_MISS STAT         |   PMC5  |   4921479360 |  187208525 |   221067874 |    205061640 |
|        UOPS_RETIRED_ALL STAT        |   PMC6  | 256022847883 | 1839611519 | 19970749023 | 1.066762e+10 |
|            TEMP_CORE STAT           |   TMP0  |          777 |         28 |          36 |      32.3750 |
|         PWR_PKG_ENERGY STAT         |   PWR0  |     766.8885 |          0 |    385.8522 |      31.9537 |
|         PWR_PP0_ENERGY STAT         |   PWR1  |            0 |          0 |           0 |            0 |
|         PWR_DRAM_ENERGY STAT        |   PWR3  |     135.8176 |          0 |     69.8494 |       5.6591 |
|          CAS_COUNT_RD STAT          | MBOX0C0 |    452405135 |          0 |   227246363 | 1.885021e+07 |
|          CAS_COUNT_WR STAT          | MBOX0C1 |    176479769 |          0 |    88676945 | 7.353324e+06 |
|          CAS_COUNT_RD STAT          | MBOX1C0 |    452122119 |          0 |   226685872 | 1.883842e+07 |
|          CAS_COUNT_WR STAT          | MBOX1C1 |    176437143 |          0 |    88277577 | 7.351548e+06 |
|          CAS_COUNT_RD STAT          | MBOX2C0 |            0 |          0 |           0 |            0 |
|          CAS_COUNT_WR STAT          | MBOX2C1 |            0 |          0 |           0 |            0 |
|          CAS_COUNT_RD STAT          | MBOX3C0 |            0 |          0 |           0 |            0 |
|          CAS_COUNT_WR STAT          | MBOX3C1 |            0 |          0 |           0 |            0 |
|          CAS_COUNT_RD STAT          | MBOX4C0 |    452021869 |          0 |   227353156 | 1.883424e+07 |
|          CAS_COUNT_WR STAT          | MBOX4C1 |    176389155 |          0 |    88716287 | 7.349548e+06 |
|          CAS_COUNT_RD STAT          | MBOX5C0 |    451738441 |          0 |   226555810 | 1.882244e+07 |
|          CAS_COUNT_WR STAT          | MBOX5C1 |    176339335 |          0 |    88197244 | 7.347472e+06 |
|          CAS_COUNT_RD STAT          | MBOX6C0 |            0 |          0 |           0 |            0 |
|          CAS_COUNT_WR STAT          | MBOX6C1 |            0 |          0 |           0 |            0 |
|          CAS_COUNT_RD STAT          | MBOX7C0 |            0 |          0 |           0 |            0 |
|          CAS_COUNT_WR STAT          | MBOX7C1 |            0 |          0 |           0 |            0 |
+-------------------------------------+---------+--------------+------------+-------------+--------------+
+-----------------------------------+-----------+-----------+-----------+-----------+-----------+-----------+--------------+-----------+--------------+-----------+--------------+-----------+-----------+-----------+-----------+-----------+-----------+-----------+--------------+--------------+--------------+-----------+--------------+-----------+
|               Metric              |   Core 0  |   Core 1  |   Core 2  |   Core 3  |   Core 4  |   Core 5  |    Core 6    |   Core 7  |    Core 8    |   Core 9  |    Core 10   |  Core 11  |  Core 12  |  Core 13  |  Core 14  |  Core 15  |  Core 16  |  Core 17  |    Core 18   |    Core 19   |    Core 20   |  Core 21  |    Core 22   |  Core 23  |
+-----------------------------------+-----------+-----------+-----------+-----------+-----------+-----------+--------------+-----------+--------------+-----------+--------------+-----------+-----------+-----------+-----------+-----------+-----------+-----------+--------------+--------------+--------------+-----------+--------------+-----------+
|        Runtime (RDTSC) [s]        |   10.0007 |   10.0007 |   10.0007 |   10.0007 |   10.0007 |   10.0007 |      10.0007 |   10.0007 |      10.0007 |   10.0007 |      10.0007 |   10.0007 |   10.0007 |   10.0007 |   10.0007 |   10.0007 |   10.0007 |   10.0007 |      10.0007 |      10.0007 |      10.0007 |   10.0007 |      10.0007 |   10.0007 |
|        Runtime unhalted [s]       |    5.1803 |    5.1868 |    5.1876 |    5.1886 |    5.1893 |    5.1892 |       0.8564 |    0.8553 |       0.8556 |    0.8553 |       0.8523 |    0.8525 |    5.1838 |    5.1844 |    5.1848 |    5.1847 |    5.1852 |    5.1850 |       0.8510 |       0.8494 |       0.8489 |    0.8612 |       0.8482 |    0.8486 |
|            Clock [MHz]            | 1199.9973 | 1199.9968 | 1199.9964 | 1199.9968 | 1199.9962 | 1199.9970 |    1199.9968 | 1199.9974 |    1199.9973 | 1199.9970 |    1199.9973 | 1199.9976 | 1199.9970 | 1199.9969 | 1199.9966 | 1199.9975 | 1199.9971 | 1199.9979 |    1199.9977 |    1199.9977 |    1199.9965 | 1199.9985 |    1199.9971 | 1199.9978 |
|                CPI                |    0.8392 |    0.8236 |    0.8175 |    0.8171 |    0.8068 |    0.8256 |       1.4334 |    1.4339 |       1.4687 |    1.4523 |       1.4587 |    1.4628 |    0.8332 |    0.8294 |    0.8439 |    0.8285 |    0.8305 |    0.8324 |       1.4230 |       1.4329 |       1.4521 |    1.4192 |       1.4392 |    1.4615 |
|   Local DRAM data volume [GByte]  |    0.0487 |    0.0330 |    0.0081 |    0.0320 |    0.0172 |    0.0248 |       5.1500 |    5.1505 |       5.0557 |    5.0866 |       5.0704 |    5.0514 |    0.0200 |    0.0311 |    0.0216 |    0.0244 |    0.0210 |    0.0252 |       5.1195 |       5.1019 |       5.0411 |    5.0538 |       5.0613 |    5.0992 |
|   Local DRAM bandwidth [MByte/s]  |    4.8701 |    3.2965 |    0.8053 |    3.1950 |    1.7149 |    2.4760 |     514.9665 |  515.0165 |     505.5356 |  508.6272 |     507.0057 |  505.0996 |    2.0016 |    3.1111 |    2.1607 |    2.4405 |    2.0971 |    2.5157 |     511.9137 |     510.1530 |     504.0688 |  505.3468 |     506.0933 |  509.8838 |
|  Remote DRAM data volume [GByte]  |    0.0080 |    0.0016 |    0.0023 |    0.0016 |    0.0017 |    0.0018 |       0.0002 |    0.0004 |       0.0001 |    0.0010 |       0.0001 |    0.0003 |    0.0179 |    0.0596 |    0.0097 |    0.0114 |    0.0102 |    0.0130 |       0.0002 | 3.961600e-05 | 3.481600e-05 |    0.0004 |       0.0001 |    0.0003 |
|  Remote DRAM bandwidth [MByte/s]  |    0.8019 |    0.1637 |    0.2286 |    0.1613 |    0.1718 |    0.1793 |       0.0206 |    0.0414 |       0.0105 |    0.1005 |       0.0055 |    0.0330 |    1.7876 |    5.9588 |    0.9692 |    1.1412 |    1.0194 |    1.2952 |       0.0177 |       0.0040 |       0.0035 |    0.0424 |       0.0061 |    0.0278 |
|     Memory data volume [GByte]    |    0.0567 |    0.0346 |    0.0103 |    0.0336 |    0.0189 |    0.0266 |       5.1502 |    5.1510 |       5.0558 |    5.0876 |       5.0705 |    5.0517 |    0.0379 |    0.0907 |    0.0313 |    0.0358 |    0.0312 |    0.0381 |       5.1197 |       5.1019 |       5.0411 |    5.0543 |       5.0614 |    5.0995 |
|     Memory bandwidth [MByte/s]    |    5.6720 |    3.4601 |    1.0339 |    3.3563 |    1.8867 |    2.6553 |     514.9871 |  515.0579 |     505.5461 |  508.7277 |     507.0113 |  505.1327 |    3.7892 |    9.0700 |    3.1299 |    3.5816 |    3.1165 |    3.8109 |     511.9314 |     510.1570 |     504.0723 |  505.3892 |     506.0994 |  509.9115 |
|          L3 request rate          |  330.0181 | 1944.9879 | 3281.9897 | 2016.5278 | 1874.4882 | 1826.5255 |       3.0578 |    3.0753 |       3.1574 |    3.1402 |       3.1446 |    3.1681 |  504.2360 |  166.1249 |  925.8757 |  991.0364 | 1114.2072 |  942.9614 |       3.0587 |       3.0879 |       3.1439 |    3.1452 |       3.1382 |    3.1329 |
|            L3 miss rate           |    0.0020 |    0.0004 |    0.0006 |    0.0004 |    0.0004 |    0.0004 |       0.0001 |    0.0001 | 3.200862e-05 |    0.0003 | 1.702966e-05 |    0.0001 |    0.0044 |    0.0151 |    0.0024 |    0.0028 |    0.0024 |    0.0031 |       0.0001 | 1.231416e-05 | 1.071383e-05 |    0.0001 | 1.882027e-05 |    0.0001 |
|           L3 miss ratio           |    0.1647 |    0.0497 |    0.2839 |    0.0505 |    0.1002 |    0.0724 | 4.000279e-05 |    0.0001 | 2.078594e-05 |    0.0002 | 1.094346e-05 |    0.0001 |    0.8931 |    1.9153 |    0.4486 |    0.4676 |    0.4861 |    0.5148 | 3.454080e-05 | 7.764946e-06 | 6.906489e-06 |    0.0001 | 1.203801e-05 |    0.0001 |
|          L2 request rate          |    0.0397 |    0.0390 |    0.0387 |    0.0382 |    0.0382 |    0.0395 |       0.5049 |    0.5054 |       0.5178 |    0.5120 |       0.5145 |    0.5159 |    0.0394 |    0.0394 |    0.0395 |    0.0390 |    0.0401 |    0.0400 |       0.5015 |       0.5056 |       0.5124 |    0.4937 |       0.5080 |    0.5193 |
|            L2 miss rate           |    0.0133 |    0.0132 |    0.0131 |    0.0128 |    0.0127 |    0.0134 |       0.1601 |    0.1602 |       0.1650 |    0.1629 |       0.1637 |    0.1643 |    0.0132 |    0.0130 |    0.0134 |    0.0131 |    0.0136 |    0.0136 |       0.1588 |       0.1602 |       0.1631 |    0.1570 |       0.1615 |    0.1651 |
|           L2 miss ratio           |    0.3355 |    0.3378 |    0.3387 |    0.3358 |    0.3320 |    0.3403 |       0.3170 |    0.3169 |       0.3187 |    0.3181 |       0.3181 |    0.3184 |    0.3359 |    0.3313 |    0.3397 |    0.3358 |    0.3397 |    0.3400 |       0.3167 |       0.3169 |       0.3183 |    0.3180 |       0.3179 |    0.3180 |
|  Memory read bandwidth [MBytes/s] | 5809.7592 |         0 |         0 |         0 |         0 |         0 |            0 |         0 |            0 |         0 |            0 |         0 | 5762.4357 |         0 |         0 |         0 |         0 |         0 |            0 |            0 |            0 |         0 |            0 |         0 |
|  Memory read data volume [GBytes] |   58.1018 |         0 |         0 |         0 |         0 |         0 |            0 |         0 |            0 |         0 |            0 |         0 |   57.6286 |         0 |         0 |         0 |         0 |         0 |            0 |            0 |            0 |         0 |            0 |         0 |
| Memory write bandwidth [MBytes/s] | 2263.4819 |         0 |         0 |         0 |         0 |         0 |            0 |         0 |            0 |         0 |            0 |         0 | 2252.3187 |         0 |         0 |         0 |         0 |         0 |            0 |            0 |            0 |         0 |            0 |         0 |
| Memory write data volume [GBytes] |   22.6365 |         0 |         0 |         0 |         0 |         0 |            0 |         0 |            0 |         0 |            0 |         0 |   22.5248 |         0 |         0 |         0 |         0 |         0 |            0 |            0 |            0 |         0 |            0 |         0 |
|    Memory bandwidth [MBytes/s]    | 8073.2411 |         0 |         0 |         0 |         0 |         0 |            0 |         0 |            0 |         0 |            0 |         0 | 8014.7544 |         0 |         0 |         0 |         0 |         0 |            0 |            0 |            0 |         0 |            0 |         0 |
|    Memory data volume [GBytes]    |   80.7383 |         0 |         0 |         0 |         0 |         0 |            0 |         0 |            0 |         0 |            0 |         0 |   80.1534 |         0 |         0 |         0 |         0 |         0 |            0 |            0 |            0 |         0 |            0 |         0 |
|          Temperature [C]          |        35 |        33 |        32 |        33 |        32 |        31 |           31 |        32 |           29 |        29 |           28 |        28 |        36 |        35 |        34 |        34 |        35 |        33 |           30 |           33 |           35 |        32 |           34 |        33 |
|             Energy [J]            |  385.8522 |         0 |         0 |         0 |         0 |         0 |            0 |         0 |            0 |         0 |            0 |         0 |  381.0363 |         0 |         0 |         0 |         0 |         0 |            0 |            0 |            0 |         0 |            0 |         0 |
|             Power [W]             |   38.5824 |         0 |         0 |         0 |         0 |         0 |            0 |         0 |            0 |         0 |            0 |         0 |   38.1008 |         0 |         0 |         0 |         0 |         0 |            0 |            0 |            0 |         0 |            0 |         0 |
|           Energy PP0 [J]          |         0 |         0 |         0 |         0 |         0 |         0 |            0 |         0 |            0 |         0 |            0 |         0 |         0 |         0 |         0 |         0 |         0 |         0 |            0 |            0 |            0 |         0 |            0 |         0 |
|           Power PP0 [W]           |         0 |         0 |         0 |         0 |         0 |         0 |            0 |         0 |            0 |         0 |            0 |         0 |         0 |         0 |         0 |         0 |         0 |         0 |            0 |            0 |            0 |         0 |            0 |         0 |
|          Energy DRAM [J]          |   65.9682 |         0 |         0 |         0 |         0 |         0 |            0 |         0 |            0 |         0 |            0 |         0 |   69.8494 |         0 |         0 |         0 |         0 |         0 |            0 |            0 |            0 |         0 |            0 |         0 |
|           Power DRAM [W]          |    6.5963 |         0 |         0 |         0 |         0 |         0 |            0 |         0 |            0 |         0 |            0 |         0 |    6.9844 |         0 |         0 |         0 |         0 |         0 |            0 |            0 |            0 |         0 |            0 |         0 |
+-----------------------------------+-----------+-----------+-----------+-----------+-----------+-----------+--------------+-----------+--------------+-----------+--------------+-----------+-----------+-----------+-----------+-----------+-----------+-----------+--------------+--------------+--------------+-----------+--------------+-----------+
+----------------------------------------+------------+--------------+-----------+-----------+
|                 Metric                 |     Sum    |      Min     |    Max    |    Avg    |
+----------------------------------------+------------+--------------+-----------+-----------+
|        Runtime (RDTSC) [s] STAT        |   240.0168 |      10.0007 |   10.0007 |   10.0007 |
|        Runtime unhalted [s] STAT       |    72.4644 |       0.8482 |    5.1893 |    3.0194 |
|            Clock [MHz] STAT            | 28799.9322 |    1199.9962 | 1199.9985 | 1199.9972 |
|                CPI STAT                |    27.2654 |       0.8068 |    1.4687 |    1.1361 |
|   Local DRAM data volume [GByte] STAT  |    61.3485 |       0.0081 |    5.1505 |    2.5562 |
|   Local DRAM bandwidth [MByte/s] STAT  |  6134.3950 |       0.8053 |  515.0165 |  255.5998 |
|  Remote DRAM data volume [GByte] STAT  |     0.1420 | 3.481600e-05 |    0.0596 |    0.0059 |
|  Remote DRAM bandwidth [MByte/s] STAT  |    14.1910 |       0.0035 |    5.9588 |    0.5913 |
|     Memory data volume [GByte] STAT    |    61.4904 |       0.0103 |    5.1510 |    2.5621 |
|     Memory bandwidth [MByte/s] STAT    |  6148.5860 |       1.0339 |  515.0579 |  256.1911 |
|          L3 request rate STAT          | 15956.4290 |       3.0578 | 3281.9897 |  664.8512 |
|            L3 miss rate STAT           |     0.0354 | 1.071383e-05 |    0.0151 |    0.0015 |
|           L3 miss ratio STAT           |     5.4476 | 6.906489e-06 |    1.9153 |    0.2270 |
|          L2 request rate STAT          |     6.5817 |       0.0382 |    0.5193 |    0.2742 |
|            L2 miss rate STAT           |     2.1003 |       0.0127 |    0.1651 |    0.0875 |
|           L2 miss ratio STAT           |     7.8555 |       0.3167 |    0.3403 |    0.3273 |
|  Memory read bandwidth [MBytes/s] STAT | 11572.1949 |            0 | 5809.7592 |  482.1748 |
|  Memory read data volume [GBytes] STAT |   115.7304 |            0 |   58.1018 |    4.8221 |
| Memory write bandwidth [MBytes/s] STAT |  4515.8006 |            0 | 2263.4819 |  188.1584 |
| Memory write data volume [GBytes] STAT |    45.1613 |            0 |   22.6365 |    1.8817 |
|    Memory bandwidth [MBytes/s] STAT    | 16087.9955 |            0 | 8073.2411 |  670.3331 |
|    Memory data volume [GBytes] STAT    |   160.8917 |            0 |   80.7383 |    6.7038 |
|          Temperature [C] STAT          |        777 |           28 |        36 |   32.3750 |
|             Energy [J] STAT            |   766.8885 |            0 |  385.8522 |   31.9537 |
|             Power [W] STAT             |    76.6832 |            0 |   38.5824 |    3.1951 |
|           Energy PP0 [J] STAT          |          0 |            0 |         0 |         0 |
|           Power PP0 [W] STAT           |          0 |            0 |         0 |         0 |
|          Energy DRAM [J] STAT          |   135.8176 |            0 |   69.8494 |    5.6591 |
|           Power DRAM [W] STAT          |    13.5807 |            0 |    6.9844 |    0.5659 |
+----------------------------------------+------------+--------------+-----------+-----------+
