--------------------------------------------------------------------------------
CPU name:	Intel(R) Xeon(R) CPU E5-2670 v3 @ 2.30GHz
CPU type:	Intel Xeon Haswell EN/EP/EX processor
CPU clock:	2.30 GHz
--------------------------------------------------------------------------------
Group 1: POWERPERF
+--------------------------------+---------+--------------+--------------+--------------+--------------+-------------+-------------+--------------+--------------+--------------+--------------+--------------+--------------+--------------+-------------+-------------+-------------+--------------+-------------+--------------+--------------+--------------+--------------+--------------+--------------+
|              Event             | Counter |    Core 0    |    Core 1    |    Core 2    |    Core 3    |    Core 4   |    Core 5   |    Core 6    |    Core 7    |    Core 8    |    Core 9    |    Core 10   |    Core 11   |    Core 12   |   Core 13   |   Core 14   |   Core 15   |    Core 16   |   Core 17   |    Core 18   |    Core 19   |    Core 20   |    Core 21   |    Core 22   |    Core 23   |
+--------------------------------+---------+--------------+--------------+--------------+--------------+-------------+-------------+--------------+--------------+--------------+--------------+--------------+--------------+--------------+-------------+-------------+-------------+--------------+-------------+--------------+--------------+--------------+--------------+--------------+--------------+
|        INSTR_RETIRED_ANY       |  FIXC0  |  88863147450 | 106370038811 | 163800442434 | 134926405398 | 51776249674 | 44248665127 | 255982568163 | 270045563883 | 268232820089 | 245800937908 | 268888664242 | 222269161397 | 139041612408 | 73040906347 | 59588745122 | 43280176178 | 161573448092 | 49903947332 | 233805568049 | 190923529934 | 217372858717 | 200550307673 | 191811717018 | 244906561042 |
|      CPU_CLK_UNHALTED_CORE     |  FIXC1  |  74633834524 |  88626072700 | 135705974934 | 111822661601 | 42373534331 | 36696616559 | 127968294208 | 132709959506 | 131991767720 | 121035710471 | 133184457606 | 112037794660 | 116672917951 | 60182974296 | 49563338639 | 36347446543 | 135482250049 | 41536022637 | 117521465560 |  96581739901 | 110156455876 | 102111114554 |  97818416976 | 120720146327 |
|      CPU_CLK_UNHALTED_REF      |  FIXC2  |  74775148131 |  88747897359 | 135818584596 | 111936482570 | 42491367986 | 36815894955 | 127975202152 | 132747566981 | 132015420447 | 121114433850 | 133200707254 | 112073928868 | 116788790178 | 60300433540 | 49680155158 | 36470020886 | 135595195072 | 41653347392 | 117615856608 |  96629892985 | 110209905851 | 102157189137 |  97858890993 | 120774981059 |
|           FIXC1/FIXC0          |   CPI   |            0 |            0 |            0 |            0 |           0 |           0 |            0 |            0 |            0 |            0 |            0 |            0 |            0 |           0 |           0 |           0 |            0 |           0 |            0 |            0 |            0 |            0 |            0 |            0 |
|  OFFCORE_RESPONSE_0_LOCAL_DRAM |   PMC0  |       122011 |        14376 |        12104 |         6738 |       10502 |      325762 |       501658 |        14868 |         7190 |        66500 |         6680 |         7599 |         5194 |        3010 |       10094 |        4057 |         4304 |        3009 |         5165 |         6528 |         8025 |         7960 |         7154 |         7641 |
| OFFCORE_RESPONSE_1_REMOTE_DRAM |   PMC1  |       355994 |         5568 |         6470 |         3348 |        1282 |       24636 |        27259 |         2702 |          585 |         3743 |          586 |          803 |         2445 |        2395 |        1403 |       15568 |         2619 |        4644 |         3620 |         4919 |         4679 |         4149 |         5174 |         4907 |
|  MEM_LOAD_UOPS_RETIRED_L3_ALL  |   PMC2  |    387533940 |    464512853 |    699342576 |    577144989 |   217635092 |   195117795 |     11398512 |     11438452 |     11534929 |     11126573 |     11434001 |      9552382 |    611056200 |   301672546 |   256909354 |   190476866 |    733475077 |   222894471 |      9984483 |      8617107 |      9471757 |      8673139 |      8310791 |     10589662 |
|  MEM_LOAD_UOPS_RETIRED_L3_MISS |   PMC3  |       107437 |        31404 |        34540 |        29040 |       21225 |       21155 |       163081 |        15896 |        18407 |        18428 |        36561 |        36676 |        64321 |       55221 |       43385 |       39895 |        63664 |       37944 |        69409 |        52756 |        56726 |        69312 |        71612 |        80037 |
|      L2_TRANS_ALL_REQUESTS     |   PMC4  |   3595773568 |   4157969892 |   6399750155 |   5231195276 |  1980976991 |  1740902646 |   6083882018 |   6353868009 |   6320885929 |   5625208515 |   6329829207 |   5229778399 |   5498614995 |  2799643761 |  2292476320 |  1695120324 |   6429621032 |  1969208960 |   5497258184 |   4336478244 |   5127706581 |   4723787521 |   4516562804 |   5784899435 |
|          L2_RQSTS_MISS         |   PMC5  |   1205265837 |   1406401520 |   2149524640 |   1759248566 |   658727516 |   588122834 |   1432298995 |   1490903575 |   1492704325 |   1237969550 |   1492716872 |   1233955070 |   1847692850 |   922771105 |   768784845 |   573845628 |   2185788876 |   667411008 |   1291914617 |    949137882 |   1212127007 |   1112836416 |   1063872504 |   1368673578 |
|        UOPS_RETIRED_ALL        |   PMC6  | 119698868042 | 143553480255 | 221086517117 | 182117128205 | 69862610178 | 59706994470 | 297536015422 | 314207122420 | 312145647241 | 286071243133 | 312855910622 | 258774225556 | 187624033206 | 98561931462 | 80404930315 | 58399757587 | 218052162455 | 67347875050 | 272184987868 | 222336822197 | 253103653953 | 233556831992 | 223402738953 | 285182370656 |
|            TEMP_CORE           |   TMP0  |           38 |           37 |           37 |           37 |          37 |          39 |           42 |           40 |           40 |           41 |           38 |           41 |           38 |          36 |          36 |          38 |           42 |          39 |           40 |           44 |           45 |           43 |           45 |           43 |
|         PWR_PKG_ENERGY         |   PWR0  |    3893.3622 |            0 |            0 |            0 |           0 |           0 |            0 |            0 |            0 |            0 |            0 |            0 |    3616.5206 |           0 |           0 |           0 |            0 |           0 |            0 |            0 |            0 |            0 |            0 |            0 |
|         PWR_PP0_ENERGY         |   PWR1  |            0 |            0 |            0 |            0 |           0 |           0 |            0 |            0 |            0 |            0 |            0 |            0 |            0 |           0 |           0 |           0 |            0 |           0 |            0 |            0 |            0 |            0 |            0 |            0 |
|         PWR_DRAM_ENERGY        |   PWR3  |     256.8284 |            0 |            0 |            0 |           0 |           0 |            0 |            0 |            0 |            0 |            0 |            0 |     285.7809 |           0 |           0 |           0 |            0 |           0 |            0 |            0 |            0 |            0 |            0 |            0 |
|          CAS_COUNT_RD          | MBOX0C0 |      8081851 |            0 |            0 |            0 |           0 |           0 |            0 |            0 |            0 |            0 |            0 |            0 |       770570 |           0 |           0 |           0 |            0 |           0 |            0 |            0 |            0 |            0 |            0 |            0 |
|          CAS_COUNT_WR          | MBOX0C1 |      7521635 |            0 |            0 |            0 |           0 |           0 |            0 |            0 |            0 |            0 |            0 |            0 |      1613331 |           0 |           0 |           0 |            0 |           0 |            0 |            0 |            0 |            0 |            0 |            0 |
|          CAS_COUNT_RD          | MBOX1C0 |      2333095 |            0 |            0 |            0 |           0 |           0 |            0 |            0 |            0 |            0 |            0 |            0 |      4723380 |           0 |           0 |           0 |            0 |           0 |            0 |            0 |            0 |            0 |            0 |            0 |
|          CAS_COUNT_WR          | MBOX1C1 |      3462926 |            0 |            0 |            0 |           0 |           0 |            0 |            0 |            0 |            0 |            0 |            0 |      4963084 |           0 |           0 |           0 |            0 |           0 |            0 |            0 |            0 |            0 |            0 |            0 |
|          CAS_COUNT_RD          | MBOX2C0 |            0 |            0 |            0 |            0 |           0 |           0 |            0 |            0 |            0 |            0 |            0 |            0 |            0 |           0 |           0 |           0 |            0 |           0 |            0 |            0 |            0 |            0 |            0 |            0 |
|          CAS_COUNT_WR          | MBOX2C1 |            0 |            0 |            0 |            0 |           0 |           0 |            0 |            0 |            0 |            0 |            0 |            0 |            0 |           0 |           0 |           0 |            0 |           0 |            0 |            0 |            0 |            0 |            0 |            0 |
|          CAS_COUNT_RD          | MBOX3C0 |            0 |            0 |            0 |            0 |           0 |           0 |            0 |            0 |            0 |            0 |            0 |            0 |            0 |           0 |           0 |           0 |            0 |           0 |            0 |            0 |            0 |            0 |            0 |            0 |
|          CAS_COUNT_WR          | MBOX3C1 |            0 |            0 |            0 |            0 |           0 |           0 |            0 |            0 |            0 |            0 |            0 |            0 |            0 |           0 |           0 |           0 |            0 |           0 |            0 |            0 |            0 |            0 |            0 |            0 |
|          CAS_COUNT_RD          | MBOX4C0 |      6376280 |            0 |            0 |            0 |           0 |           0 |            0 |            0 |            0 |            0 |            0 |            0 |       691024 |           0 |           0 |           0 |            0 |           0 |            0 |            0 |            0 |            0 |            0 |            0 |
|          CAS_COUNT_WR          | MBOX4C1 |      6838254 |            0 |            0 |            0 |           0 |           0 |            0 |            0 |            0 |            0 |            0 |            0 |      1602427 |           0 |           0 |           0 |            0 |           0 |            0 |            0 |            0 |            0 |            0 |            0 |
|          CAS_COUNT_RD          | MBOX5C0 |      4312158 |            0 |            0 |            0 |           0 |           0 |            0 |            0 |            0 |            0 |            0 |            0 |      3934964 |           0 |           0 |           0 |            0 |           0 |            0 |            0 |            0 |            0 |            0 |            0 |
|          CAS_COUNT_WR          | MBOX5C1 |      4506915 |            0 |            0 |            0 |           0 |           0 |            0 |            0 |            0 |            0 |            0 |            0 |      4763746 |           0 |           0 |           0 |            0 |           0 |            0 |            0 |            0 |            0 |            0 |            0 |
|          CAS_COUNT_RD          | MBOX6C0 |            0 |            0 |            0 |            0 |           0 |           0 |            0 |            0 |            0 |            0 |            0 |            0 |            0 |           0 |           0 |           0 |            0 |           0 |            0 |            0 |            0 |            0 |            0 |            0 |
|          CAS_COUNT_WR          | MBOX6C1 |            0 |            0 |            0 |            0 |           0 |           0 |            0 |            0 |            0 |            0 |            0 |            0 |            0 |           0 |           0 |           0 |            0 |           0 |            0 |            0 |            0 |            0 |            0 |            0 |
|          CAS_COUNT_RD          | MBOX7C0 |            0 |            0 |            0 |            0 |           0 |           0 |            0 |            0 |            0 |            0 |            0 |            0 |            0 |           0 |           0 |           0 |            0 |           0 |            0 |            0 |            0 |            0 |            0 |            0 |
|          CAS_COUNT_WR          | MBOX7C1 |            0 |            0 |            0 |            0 |           0 |           0 |            0 |            0 |            0 |            0 |            0 |            0 |            0 |           0 |           0 |           0 |            0 |           0 |            0 |            0 |            0 |            0 |            0 |            0 |
+--------------------------------+---------+--------------+--------------+--------------+--------------+-------------+-------------+--------------+--------------+--------------+--------------+--------------+--------------+--------------+-------------+-------------+-------------+--------------+-------------+--------------+--------------+--------------+--------------+--------------+--------------+
+-------------------------------------+---------+---------------+-------------+--------------+--------------+
|                Event                | Counter |      Sum      |     Min     |      Max     |      Avg     |
+-------------------------------------+---------+---------------+-------------+--------------+--------------+
|        INSTR_RETIRED_ANY STAT       |  FIXC0  | 3927004042488 | 43280176178 | 270045563883 | 163625168437 |
|      CPU_CLK_UNHALTED_CORE STAT     |  FIXC1  | 2333480968129 | 36347446543 | 135705974934 | 9.722837e+10 |
|      CPU_CLK_UNHALTED_REF STAT      |  FIXC2  | 2335447294008 | 36470020886 | 135818584596 |  97310303917 |
|           FIXC1/FIXC0 STAT          |   CPI   |             0 |           0 |            0 |            0 |
|  OFFCORE_RESPONSE_0_LOCAL_DRAM STAT |   PMC0  |       1168129 |        3009 |       501658 |   48672.0417 |
| OFFCORE_RESPONSE_1_REMOTE_DRAM STAT |   PMC1  |        489498 |         585 |       355994 |   20395.7500 |
|  MEM_LOAD_UOPS_RETIRED_L3_ALL STAT  |   PMC2  |    4979903547 |     8310791 |    733475077 | 2.074960e+08 |
|  MEM_LOAD_UOPS_RETIRED_L3_MISS STAT |   PMC3  |       1238132 |       15896 |       163081 |   51588.8333 |
|      L2_TRANS_ALL_REQUESTS STAT     |   PMC4  |  109721398766 |  1695120324 |   6429621032 | 4.571725e+09 |
|          L2_RQSTS_MISS STAT         |   PMC5  |   30112695616 |   573845628 |   2185788876 | 1.254696e+09 |
|        UOPS_RETIRED_ALL STAT        |   PMC6  | 4777773858355 | 58399757587 | 314207122420 | 1.990739e+11 |
|            TEMP_CORE STAT           |   TMP0  |           956 |          36 |           45 |      39.8333 |
|         PWR_PKG_ENERGY STAT         |   PWR0  |     7509.8828 |           0 |    3893.3622 |     312.9118 |
|         PWR_PP0_ENERGY STAT         |   PWR1  |             0 |           0 |            0 |            0 |
|         PWR_DRAM_ENERGY STAT        |   PWR3  |      542.6093 |           0 |     285.7809 |      22.6087 |
|          CAS_COUNT_RD STAT          | MBOX0C0 |       8852421 |           0 |      8081851 |  368850.8750 |
|          CAS_COUNT_WR STAT          | MBOX0C1 |       9134966 |           0 |      7521635 |  380623.5833 |
|          CAS_COUNT_RD STAT          | MBOX1C0 |       7056475 |           0 |      4723380 |  294019.7917 |
|          CAS_COUNT_WR STAT          | MBOX1C1 |       8426010 |           0 |      4963084 |  351083.7500 |
|          CAS_COUNT_RD STAT          | MBOX2C0 |             0 |           0 |            0 |            0 |
|          CAS_COUNT_WR STAT          | MBOX2C1 |             0 |           0 |            0 |            0 |
|          CAS_COUNT_RD STAT          | MBOX3C0 |             0 |           0 |            0 |            0 |
|          CAS_COUNT_WR STAT          | MBOX3C1 |             0 |           0 |            0 |            0 |
|          CAS_COUNT_RD STAT          | MBOX4C0 |       7067304 |           0 |      6376280 |       294471 |
|          CAS_COUNT_WR STAT          | MBOX4C1 |       8440681 |           0 |      6838254 |  351695.0417 |
|          CAS_COUNT_RD STAT          | MBOX5C0 |       8247122 |           0 |      4312158 |  343630.0833 |
|          CAS_COUNT_WR STAT          | MBOX5C1 |       9270661 |           0 |      4763746 |  386277.5417 |
|          CAS_COUNT_RD STAT          | MBOX6C0 |             0 |           0 |            0 |            0 |
|          CAS_COUNT_WR STAT          | MBOX6C1 |             0 |           0 |            0 |            0 |
|          CAS_COUNT_RD STAT          | MBOX7C0 |             0 |           0 |            0 |            0 |
|          CAS_COUNT_WR STAT          | MBOX7C1 |             0 |           0 |            0 |            0 |
+-------------------------------------+---------+---------------+-------------+--------------+--------------+
+-----------------------------------+-----------+--------------+--------------+--------------+--------------+-----------+-----------+-----------+--------------+-----------+--------------+-----------+--------------+--------------+--------------+-----------+--------------+--------------+-----------+-----------+-----------+-----------+-----------+-----------+
|               Metric              |   Core 0  |    Core 1    |    Core 2    |    Core 3    |    Core 4    |   Core 5  |   Core 6  |   Core 7  |    Core 8    |   Core 9  |    Core 10   |  Core 11  |    Core 12   |    Core 13   |    Core 14   |  Core 15  |    Core 16   |    Core 17   |  Core 18  |  Core 19  |  Core 20  |  Core 21  |  Core 22  |  Core 23  |
+-----------------------------------+-----------+--------------+--------------+--------------+--------------+-----------+-----------+-----------+--------------+-----------+--------------+-----------+--------------+--------------+--------------+-----------+--------------+--------------+-----------+-----------+-----------+-----------+-----------+-----------+
|        Runtime (RDTSC) [s]        |   59.9908 |      59.9908 |      59.9908 |      59.9908 |      59.9908 |   59.9908 |   59.9908 |   59.9908 |      59.9908 |   59.9908 |      59.9908 |   59.9908 |      59.9908 |      59.9908 |      59.9908 |   59.9908 |      59.9908 |      59.9908 |   59.9908 |   59.9908 |   59.9908 |   59.9908 |   59.9908 |   59.9908 |
|        Runtime unhalted [s]       |   32.4496 |      38.5332 |      59.0027 |      48.6187 |      18.4233 |   15.9551 |   55.6385 |   57.7001 |      57.3879 |   52.6244 |      57.9064 |   48.7122 |      50.7275 |      26.1666 |      21.5493 |   15.8033 |      58.9055 |      18.0592 |   51.0964 |   41.9922 |   47.8942 |   44.3962 |   42.5299 |   52.4872 |
|            Clock [MHz]            | 2295.6476 |    2296.8370 |    2298.0873 |    2297.6555 |    2293.6161 | 2292.5426 | 2299.8701 | 2299.3426 |    2299.5822 | 2298.4993 |    2299.7136 | 2299.2527 |    2297.7123 |    2295.5141 |    2294.5861 | 2292.2640 |    2298.0784 |    2293.5159 | 2298.1484 | 2298.8481 | 2298.8788 | 2298.9569 | 2299.0430 | 2298.9500 |
|                CPI                |    0.8399 |       0.8332 |       0.8285 |       0.8288 |       0.8184 |    0.8293 |    0.4999 |    0.4914 |       0.4921 |    0.4924 |       0.4953 |    0.5041 |       0.8391 |       0.8240 |       0.8318 |    0.8398 |       0.8385 |       0.8323 |    0.5026 |    0.5059 |    0.5068 |    0.5092 |    0.5100 |    0.4929 |
|   Local DRAM data volume [GByte]  |    0.0078 |       0.0009 |       0.0008 |       0.0004 |       0.0007 |    0.0208 |    0.0321 |    0.0010 |       0.0005 |    0.0043 |       0.0004 |    0.0005 |       0.0003 |       0.0002 |       0.0006 |    0.0003 |       0.0003 |       0.0002 |    0.0003 |    0.0004 |    0.0005 |    0.0005 |    0.0005 |    0.0005 |
|   Local DRAM bandwidth [MByte/s]  |    0.1302 |       0.0153 |       0.0129 |       0.0072 |       0.0112 |    0.3475 |    0.5352 |    0.0159 |       0.0077 |    0.0709 |       0.0071 |    0.0081 |       0.0055 |       0.0032 |       0.0108 |    0.0043 |       0.0046 |       0.0032 |    0.0055 |    0.0070 |    0.0086 |    0.0085 |    0.0076 |    0.0082 |
|  Remote DRAM data volume [GByte]  |    0.0228 |       0.0004 |       0.0004 |       0.0002 |       0.0001 |    0.0016 |    0.0017 |    0.0002 | 3.744000e-05 |    0.0002 | 3.750400e-05 |    0.0001 |       0.0002 |       0.0002 |       0.0001 |    0.0010 |       0.0002 |       0.0003 |    0.0002 |    0.0003 |    0.0003 |    0.0003 |    0.0003 |    0.0003 |
|  Remote DRAM bandwidth [MByte/s]  |    0.3798 |       0.0059 |       0.0069 |       0.0036 |       0.0014 |    0.0263 |    0.0291 |    0.0029 |       0.0006 |    0.0040 |       0.0006 |    0.0009 |       0.0026 |       0.0026 |       0.0015 |    0.0166 |       0.0028 |       0.0050 |    0.0039 |    0.0052 |    0.0050 |    0.0044 |    0.0055 |    0.0052 |
|     Memory data volume [GByte]    |    0.0306 |       0.0013 |       0.0012 |       0.0006 |       0.0008 |    0.0224 |    0.0339 |    0.0011 |       0.0005 |    0.0045 |       0.0005 |    0.0005 |       0.0005 |       0.0003 |       0.0007 |    0.0013 |       0.0004 |       0.0005 |    0.0006 |    0.0007 |    0.0008 |    0.0008 |    0.0008 |    0.0008 |
|     Memory bandwidth [MByte/s]    |    0.5100 |       0.0213 |       0.0198 |       0.0108 |       0.0126 |    0.3738 |    0.5643 |    0.0187 |       0.0083 |    0.0749 |       0.0078 |    0.0090 |       0.0081 |       0.0058 |       0.0123 |    0.0209 |       0.0074 |       0.0082 |    0.0094 |    0.0122 |    0.0136 |    0.0129 |    0.0132 |    0.0134 |
|          L3 request rate          | 3607.0808 |   14791.5187 |   20247.3241 |   19874.1387 |   10253.7146 | 9223.2472 |   69.8948 |  719.5805 |     626.6599 |  603.7862 |     312.7376 |  260.4532 |    9500.1042 |    5463.0040 |    5921.6170 | 4774.4546 |   11521.0335 |    5874.3008 |  143.8500 |  163.3389 |  166.9738 |  125.1319 |  116.0530 |  132.3096 |
|            L3 miss rate           |    0.0009 | 1.198675e-05 | 9.251546e-06 | 5.800969e-06 | 5.890594e-06 |    0.0001 |    0.0024 |    0.0002 |       0.0001 |    0.0003 |       0.0001 |    0.0001 | 4.001269e-06 | 7.939072e-06 | 5.461070e-06 |    0.0001 | 3.570673e-06 | 2.083497e-05 |    0.0004 |    0.0006 |    0.0005 |    0.0005 |    0.0006 |    0.0005 |
|           L3 miss ratio           |    2.9177 |       0.3873 |       0.5345 |       0.4969 |       0.1221 |    0.0756 |    0.0543 |    0.1817 |       0.0814 |    0.0563 |       0.0877 |    0.1057 |       0.4707 |       0.7957 |       0.1390 |    3.8373 |       0.6085 |       1.5434 |    0.7009 |    0.7535 |    0.5831 |    0.5212 |    0.7232 |    0.6422 |
|          L2 request rate          |    0.0405 |       0.0391 |       0.0391 |       0.0388 |       0.0383 |    0.0393 |    0.0238 |    0.0235 |       0.0236 |    0.0229 |       0.0235 |    0.0235 |       0.0395 |       0.0383 |       0.0385 |    0.0392 |       0.0398 |       0.0395 |    0.0235 |    0.0227 |    0.0236 |    0.0236 |    0.0235 |    0.0236 |
|            L2 miss rate           |    0.0136 |       0.0132 |       0.0131 |       0.0130 |       0.0127 |    0.0133 |    0.0056 |    0.0055 |       0.0056 |    0.0050 |       0.0056 |    0.0056 |       0.0133 |       0.0126 |       0.0129 |    0.0133 |       0.0135 |       0.0134 |    0.0055 |    0.0050 |    0.0056 |    0.0055 |    0.0055 |    0.0056 |
|           L2 miss ratio           |    0.3352 |       0.3382 |       0.3359 |       0.3363 |       0.3325 |    0.3378 |    0.2354 |    0.2346 |       0.2362 |    0.2201 |       0.2358 |    0.2359 |       0.3360 |       0.3296 |       0.3354 |    0.3385 |       0.3400 |       0.3389 |    0.2350 |    0.2189 |    0.2364 |    0.2356 |    0.2355 |    0.2366 |
|  Memory read bandwidth [MBytes/s] |   22.5137 |            0 |            0 |            0 |            0 |         0 |         0 |         0 |            0 |         0 |            0 |         0 |      10.7963 |            0 |            0 |         0 |            0 |            0 |         0 |         0 |         0 |         0 |         0 |         0 |
|  Memory read data volume [GBytes] |    1.3506 |            0 |            0 |            0 |            0 |         0 |         0 |         0 |            0 |         0 |            0 |         0 |       0.6477 |            0 |            0 |         0 |            0 |            0 |         0 |         0 |         0 |         0 |         0 |         0 |
| Memory write bandwidth [MBytes/s] |   23.8221 |            0 |            0 |            0 |            0 |         0 |         0 |         0 |            0 |         0 |            0 |         0 |      13.8076 |            0 |            0 |         0 |            0 |            0 |         0 |         0 |         0 |         0 |         0 |         0 |
| Memory write data volume [GBytes] |    1.4291 |            0 |            0 |            0 |            0 |         0 |         0 |         0 |            0 |         0 |            0 |         0 |       0.8283 |            0 |            0 |         0 |            0 |            0 |         0 |         0 |         0 |         0 |         0 |         0 |
|    Memory bandwidth [MBytes/s]    |   46.3358 |            0 |            0 |            0 |            0 |         0 |         0 |         0 |            0 |         0 |            0 |         0 |      24.6038 |            0 |            0 |         0 |            0 |            0 |         0 |         0 |         0 |         0 |         0 |         0 |
|    Memory data volume [GBytes]    |    2.7797 |            0 |            0 |            0 |            0 |         0 |         0 |         0 |            0 |         0 |            0 |         0 |       1.4760 |            0 |            0 |         0 |            0 |            0 |         0 |         0 |         0 |         0 |         0 |         0 |
|          Temperature [C]          |        38 |           37 |           37 |           37 |           37 |        39 |        42 |        40 |           40 |        41 |           38 |        41 |           38 |           36 |           36 |        38 |           42 |           39 |        40 |        44 |        45 |        43 |        45 |        43 |
|             Energy [J]            | 3893.3622 |            0 |            0 |            0 |            0 |         0 |         0 |         0 |            0 |         0 |            0 |         0 |    3616.5206 |            0 |            0 |         0 |            0 |            0 |         0 |         0 |         0 |         0 |         0 |         0 |
|             Power [W]             |   64.8994 |            0 |            0 |            0 |            0 |         0 |         0 |         0 |            0 |         0 |            0 |         0 |      60.2846 |            0 |            0 |         0 |            0 |            0 |         0 |         0 |         0 |         0 |         0 |         0 |
|           Energy PP0 [J]          |         0 |            0 |            0 |            0 |            0 |         0 |         0 |         0 |            0 |         0 |            0 |         0 |            0 |            0 |            0 |         0 |            0 |            0 |         0 |         0 |         0 |         0 |         0 |         0 |
|           Power PP0 [W]           |         0 |            0 |            0 |            0 |            0 |         0 |         0 |         0 |            0 |         0 |            0 |         0 |            0 |            0 |            0 |         0 |            0 |            0 |         0 |         0 |         0 |         0 |         0 |         0 |
|          Energy DRAM [J]          |  256.8284 |            0 |            0 |            0 |            0 |         0 |         0 |         0 |            0 |         0 |            0 |         0 |     285.7809 |            0 |            0 |         0 |            0 |            0 |         0 |         0 |         0 |         0 |         0 |         0 |
|           Power DRAM [W]          |    4.2811 |            0 |            0 |            0 |            0 |         0 |         0 |         0 |            0 |         0 |            0 |         0 |       4.7637 |            0 |            0 |         0 |            0 |            0 |         0 |         0 |         0 |         0 |         0 |         0 |
+-----------------------------------+-----------+--------------+--------------+--------------+--------------+-----------+-----------+-----------+--------------+-----------+--------------+-----------+--------------+--------------+--------------+-----------+--------------+--------------+-----------+-----------+-----------+-----------+-----------+-----------+
+----------------------------------------+-------------+--------------+------------+-----------+
|                 Metric                 |     Sum     |      Min     |     Max    |    Avg    |
+----------------------------------------+-------------+--------------+------------+-----------+
|        Runtime (RDTSC) [s] STAT        |   1439.7792 |      59.9908 |    59.9908 |   59.9908 |
|        Runtime unhalted [s] STAT       |   1014.5596 |      15.8033 |    59.0027 |   42.2733 |
|            Clock [MHz] STAT            |  55135.1426 |    2292.2640 |  2299.8701 | 2297.2976 |
|                CPI STAT                |     15.9862 |       0.4914 |     0.8399 |    0.6661 |
|   Local DRAM data volume [GByte] STAT  |      0.0748 |       0.0002 |     0.0321 |    0.0031 |
|   Local DRAM bandwidth [MByte/s] STAT  |      1.2462 |       0.0032 |     0.5352 |    0.0519 |
|  Remote DRAM data volume [GByte] STAT  |      0.0315 | 3.744000e-05 |     0.0228 |    0.0013 |
|  Remote DRAM bandwidth [MByte/s] STAT  |      0.5223 |       0.0006 |     0.3798 |    0.0218 |
|     Memory data volume [GByte] STAT    |      0.1061 |       0.0003 |     0.0339 |    0.0044 |
|     Memory bandwidth [MByte/s] STAT    |      1.7687 |       0.0058 |     0.5643 |    0.0737 |
|          L3 request rate STAT          | 124492.3076 |      69.8948 | 20247.3241 | 5187.1795 |
|            L3 miss rate STAT           |      0.0075 | 3.570673e-06 |     0.0024 |    0.0003 |
|           L3 miss ratio STAT           |     16.4199 |       0.0543 |     3.8373 |    0.6842 |
|          L2 request rate STAT          |      0.7512 |       0.0227 |     0.0405 |    0.0313 |
|            L2 miss rate STAT           |      0.2235 |       0.0050 |     0.0136 |    0.0093 |
|           L2 miss ratio STAT           |      6.8303 |       0.2189 |     0.3400 |    0.2846 |
|  Memory read bandwidth [MBytes/s] STAT |     33.3100 |            0 |    22.5137 |    1.3879 |
|  Memory read data volume [GBytes] STAT |      1.9983 |            0 |     1.3506 |    0.0833 |
| Memory write bandwidth [MBytes/s] STAT |     37.6297 |            0 |    23.8221 |    1.5679 |
| Memory write data volume [GBytes] STAT |      2.2574 |            0 |     1.4291 |    0.0941 |
|    Memory bandwidth [MBytes/s] STAT    |     70.9396 |            0 |    46.3358 |    2.9558 |
|    Memory data volume [GBytes] STAT    |      4.2557 |            0 |     2.7797 |    0.1773 |
|          Temperature [C] STAT          |         956 |           36 |         45 |   39.8333 |
|             Energy [J] STAT            |   7509.8828 |            0 |  3893.3622 |  312.9118 |
|             Power [W] STAT             |    125.1840 |            0 |    64.8994 |    5.2160 |
|           Energy PP0 [J] STAT          |           0 |            0 |          0 |         0 |
|           Power PP0 [W] STAT           |           0 |            0 |          0 |         0 |
|          Energy DRAM [J] STAT          |    542.6093 |            0 |   285.7809 |   22.6087 |
|           Power DRAM [W] STAT          |      9.0448 |            0 |     4.7637 |    0.3769 |
+----------------------------------------+-------------+--------------+------------+-----------+
