--------------------------------------------------------------------------------
CPU name:	Intel(R) Xeon(R) CPU E5-2670 v3 @ 2.30GHz
CPU type:	Intel Xeon Haswell EN/EP/EX processor
CPU clock:	2.30 GHz
--------------------------------------------------------------------------------
Group 1: POWERPERF
+--------------------------------+---------+--------------+--------------+--------------+--------------+-------------+-------------+--------------+--------------+--------------+--------------+--------------+--------------+--------------+-------------+-------------+-------------+--------------+-------------+--------------+--------------+--------------+--------------+--------------+--------------+
|              Event             | Counter |    Core 0    |    Core 1    |    Core 2    |    Core 3    |    Core 4   |    Core 5   |    Core 6    |    Core 7    |    Core 8    |    Core 9    |    Core 10   |    Core 11   |    Core 12   |   Core 13   |   Core 14   |   Core 15   |    Core 16   |   Core 17   |    Core 18   |    Core 19   |    Core 20   |    Core 21   |    Core 22   |    Core 23   |
+--------------------------------+---------+--------------+--------------+--------------+--------------+-------------+-------------+--------------+--------------+--------------+--------------+--------------+--------------+--------------+-------------+-------------+-------------+--------------+-------------+--------------+--------------+--------------+--------------+--------------+--------------+
|        INSTR_RETIRED_ANY       |  FIXC0  |  88864029266 | 106362136971 | 163799575119 | 134926294880 | 51776555038 | 44254554699 | 226962269678 | 226371861545 | 219009510401 | 218332023019 | 217610719300 | 217698486319 | 139041224961 | 73041556949 | 59586355657 | 43271588278 | 161573271358 | 49903623550 | 190850222114 | 190437985682 | 189505360852 | 188963979878 | 188404480350 | 187748177089 |
|      CPU_CLK_UNHALTED_CORE     |  FIXC1  |  74727935427 |  88742701834 | 135861393010 | 111831574825 | 42392841732 | 36699037850 | 136901886751 | 136945356724 | 136956104803 | 136953948340 | 136976919311 | 136976859017 | 117001985073 | 60293258481 | 49598007115 | 36352859795 | 135703845832 | 41580241137 | 137047046894 | 137061583732 | 137083094516 | 137077050575 | 137087943013 | 137056629848 |
|      CPU_CLK_UNHALTED_REF      |  FIXC2  |  74828520850 |  88856192675 | 135970380111 | 111941577852 | 42507548141 | 36830292334 | 136901889633 | 136945386336 | 136956034393 | 136953883870 | 136977030610 | 136976933527 | 117114906166 | 60407288619 | 49711098047 | 36467527916 | 135813101879 | 41693735277 | 137047089024 | 137061634017 | 137083040186 | 137077025387 | 137087920211 | 137056613347 |
|           FIXC1/FIXC0          |   CPI   |            0 |            0 |            0 |            0 |           0 |           0 |            0 |            0 |            0 |            0 |            0 |            0 |            0 |           0 |           0 |           0 |            0 |           0 |            0 |            0 |            0 |            0 |            0 |            0 |
|  OFFCORE_RESPONSE_0_LOCAL_DRAM |   PMC0  |       864134 |       487590 |       947969 |       611262 |      239662 |      737565 |    159687281 |    143147726 |    140585169 |    142348587 |    136375594 |    133018650 |       408986 |      196794 |      165210 |      122214 |       540041 |      121674 |     72968284 |     72033586 |     68705289 |     70398081 |     71095424 |     75419006 |
| OFFCORE_RESPONSE_1_REMOTE_DRAM |   PMC1  |       193633 |       127083 |       388044 |       175001 |       44330 |       38465 |     83925140 |     71416293 |     70519665 |     70321920 |     74931337 |     81682279 |       309445 |      129456 |       92048 |       68878 |       337617 |       72319 |    116304251 |    115911168 |    110773930 |    109331821 |    110453536 |    113390445 |
|  MEM_LOAD_UOPS_RETIRED_L3_ALL  |   PMC2  |    385103349 |    464809007 |    704586195 |    577261715 |   216852458 |   193344061 |    171582954 |    210942260 |    242163181 |    289751406 |    333075280 |    390916397 |    611375984 |   302317056 |   255701702 |   190245205 |    736160643 |   221174681 |    598122169 |    663963400 |    704706069 |    673690172 |    819775767 |    841746696 |
|  MEM_LOAD_UOPS_RETIRED_L3_MISS |   PMC3  |       140646 |        70514 |       114914 |        75763 |       37740 |       45165 |     60760219 |     68703288 |     56071695 |     58903103 |     64037220 |     70799817 |       101270 |       70244 |       55758 |       42804 |       105072 |       48296 |    133945328 |    137068566 |    170882635 |    170428584 |    272035400 |    365335960 |
|      L2_TRANS_ALL_REQUESTS     |   PMC4  |   3588192786 |   4171352899 |   6389087460 |   5226133998 |  1981859449 |  1732065840 |  20773654329 |  20792053113 |  20100439877 |  20087087165 |  20088001244 |  19919461336 |   5518807361 |  2792124521 |  2286974283 |  1697291294 |   6441829636 |  1972215645 |  17504474175 |  17486964004 |  17399539840 |  17408672628 |  17396219877 |  17340394718 |
|          L2_RQSTS_MISS         |   PMC5  |   1200573509 |   1411389452 |   2148299189 |   1756271430 |   657089145 |   584160692 |   5106001703 |   5102379429 |   5047712893 |   5041051563 |   5038816286 |   5038185802 |   1857015455 |   919225987 |   766660513 |   575220679 |   2192014836 |   667275805 |   4307772961 |   4296738979 |   4299435560 |   4290704075 |   4283219202 |   4296434044 |
|        UOPS_RETIRED_ALL        |   PMC6  | 119703495281 | 143550122943 | 221096019548 | 182124471668 | 69865021950 | 59717340268 | 282735486293 | 281624665977 | 273184266200 | 271872175496 | 270475805016 | 270699972583 | 187631997565 | 98564838655 | 80403215837 | 58391721147 | 218059965597 | 67349076282 | 238801483331 | 238040495844 | 236481348307 | 235441985799 | 234362728731 | 233086796709 |
|            TEMP_CORE           |   TMP0  |           41 |           39 |           38 |           41 |          41 |          40 |           44 |           42 |           40 |           42 |           40 |           41 |           38 |          39 |          39 |          40 |           45 |          40 |           41 |           44 |           45 |           44 |           45 |           45 |
|         PWR_PKG_ENERGY         |   PWR0  |    4078.5466 |            0 |            0 |            0 |           0 |           0 |            0 |            0 |            0 |            0 |            0 |            0 |    3791.1663 |           0 |           0 |           0 |            0 |           0 |            0 |            0 |            0 |            0 |            0 |            0 |
|         PWR_PP0_ENERGY         |   PWR1  |            0 |            0 |            0 |            0 |           0 |           0 |            0 |            0 |            0 |            0 |            0 |            0 |            0 |           0 |           0 |           0 |            0 |           0 |            0 |            0 |            0 |            0 |            0 |            0 |
|         PWR_DRAM_ENERGY        |   PWR3  |     469.7874 |            0 |            0 |            0 |           0 |           0 |            0 |            0 |            0 |            0 |            0 |            0 |     430.1622 |           0 |           0 |           0 |            0 |           0 |            0 |            0 |            0 |            0 |            0 |            0 |
|          CAS_COUNT_RD          | MBOX0C0 |    898184649 |            0 |            0 |            0 |           0 |           0 |            0 |            0 |            0 |            0 |            0 |            0 |    513445210 |           0 |           0 |           0 |            0 |           0 |            0 |            0 |            0 |            0 |            0 |            0 |
|          CAS_COUNT_WR          | MBOX0C1 |    278250943 |            0 |            0 |            0 |           0 |           0 |            0 |            0 |            0 |            0 |            0 |            0 |    152722793 |           0 |           0 |           0 |            0 |           0 |            0 |            0 |            0 |            0 |            0 |            0 |
|          CAS_COUNT_RD          | MBOX1C0 |    898343375 |            0 |            0 |            0 |           0 |           0 |            0 |            0 |            0 |            0 |            0 |            0 |    523620789 |           0 |           0 |           0 |            0 |           0 |            0 |            0 |            0 |            0 |            0 |            0 |
|          CAS_COUNT_WR          | MBOX1C1 |    280186391 |            0 |            0 |            0 |           0 |           0 |            0 |            0 |            0 |            0 |            0 |            0 |    158118989 |           0 |           0 |           0 |            0 |           0 |            0 |            0 |            0 |            0 |            0 |            0 |
|          CAS_COUNT_RD          | MBOX2C0 |            0 |            0 |            0 |            0 |           0 |           0 |            0 |            0 |            0 |            0 |            0 |            0 |            0 |           0 |           0 |           0 |            0 |           0 |            0 |            0 |            0 |            0 |            0 |            0 |
|          CAS_COUNT_WR          | MBOX2C1 |            0 |            0 |            0 |            0 |           0 |           0 |            0 |            0 |            0 |            0 |            0 |            0 |            0 |           0 |           0 |           0 |            0 |           0 |            0 |            0 |            0 |            0 |            0 |            0 |
|          CAS_COUNT_RD          | MBOX3C0 |            0 |            0 |            0 |            0 |           0 |           0 |            0 |            0 |            0 |            0 |            0 |            0 |            0 |           0 |           0 |           0 |            0 |           0 |            0 |            0 |            0 |            0 |            0 |            0 |
|          CAS_COUNT_WR          | MBOX3C1 |            0 |            0 |            0 |            0 |           0 |           0 |            0 |            0 |            0 |            0 |            0 |            0 |            0 |           0 |           0 |           0 |            0 |           0 |            0 |            0 |            0 |            0 |            0 |            0 |
|          CAS_COUNT_RD          | MBOX4C0 |    896722457 |            0 |            0 |            0 |           0 |           0 |            0 |            0 |            0 |            0 |            0 |            0 |    515298132 |           0 |           0 |           0 |            0 |           0 |            0 |            0 |            0 |            0 |            0 |            0 |
|          CAS_COUNT_WR          | MBOX4C1 |    277530059 |            0 |            0 |            0 |           0 |           0 |            0 |            0 |            0 |            0 |            0 |            0 |    152768164 |           0 |           0 |           0 |            0 |           0 |            0 |            0 |            0 |            0 |            0 |            0 |
|          CAS_COUNT_RD          | MBOX5C0 |    900561349 |            0 |            0 |            0 |           0 |           0 |            0 |            0 |            0 |            0 |            0 |            0 |    516935407 |           0 |           0 |           0 |            0 |           0 |            0 |            0 |            0 |            0 |            0 |            0 |
|          CAS_COUNT_WR          | MBOX5C1 |    281295413 |            0 |            0 |            0 |           0 |           0 |            0 |            0 |            0 |            0 |            0 |            0 |    156273649 |           0 |           0 |           0 |            0 |           0 |            0 |            0 |            0 |            0 |            0 |            0 |
|          CAS_COUNT_RD          | MBOX6C0 |            0 |            0 |            0 |            0 |           0 |           0 |            0 |            0 |            0 |            0 |            0 |            0 |            0 |           0 |           0 |           0 |            0 |           0 |            0 |            0 |            0 |            0 |            0 |            0 |
|          CAS_COUNT_WR          | MBOX6C1 |            0 |            0 |            0 |            0 |           0 |           0 |            0 |            0 |            0 |            0 |            0 |            0 |            0 |           0 |           0 |           0 |            0 |           0 |            0 |            0 |            0 |            0 |            0 |            0 |
|          CAS_COUNT_RD          | MBOX7C0 |            0 |            0 |            0 |            0 |           0 |           0 |            0 |            0 |            0 |            0 |            0 |            0 |            0 |           0 |           0 |           0 |            0 |           0 |            0 |            0 |            0 |            0 |            0 |            0 |
|          CAS_COUNT_WR          | MBOX7C1 |            0 |            0 |            0 |            0 |           0 |           0 |            0 |            0 |            0 |            0 |            0 |            0 |            0 |           0 |           0 |           0 |            0 |           0 |            0 |            0 |            0 |            0 |            0 |            0 |
+--------------------------------+---------+--------------+--------------+--------------+--------------+-------------+-------------+--------------+--------------+--------------+--------------+--------------+--------------+--------------+-------------+-------------+-------------+--------------+-------------+--------------+--------------+--------------+--------------+--------------+--------------+
+-------------------------------------+---------+---------------+-------------+--------------+--------------+
|                Event                | Counter |      Sum      |     Min     |      Max     |      Avg     |
+-------------------------------------+---------+---------------+-------------+--------------+--------------+
|        INSTR_RETIRED_ANY STAT       |  FIXC0  | 3578295842953 | 43271588278 | 226962269678 | 1.490957e+11 |
|      CPU_CLK_UNHALTED_CORE STAT     |  FIXC1  | 2574910105635 | 36352859795 | 137087943013 | 1.072879e+11 |
|      CPU_CLK_UNHALTED_REF STAT      |  FIXC2  | 2576266650408 | 36467527916 | 137087920211 | 107344443767 |
|           FIXC1/FIXC0 STAT          |   CPI   |             0 |           0 |            0 |            0 |
|  OFFCORE_RESPONSE_0_LOCAL_DRAM STAT |   PMC0  |    1291225778 |      121674 |    159687281 | 5.380107e+07 |
| OFFCORE_RESPONSE_1_REMOTE_DRAM STAT |   PMC1  |    1130938104 |       38465 |    116304251 |     47122421 |
|  MEM_LOAD_UOPS_RETIRED_L3_ALL STAT  |   PMC2  |   10799367807 |   171582954 |    841746696 | 4.499737e+08 |
|  MEM_LOAD_UOPS_RETIRED_L3_MISS STAT |   PMC3  |    1629880001 |       37740 |    365335960 | 6.791167e+07 |
|      L2_TRANS_ALL_REQUESTS STAT     |   PMC4  |  270094897478 |  1697291294 |  20792053113 | 1.125395e+10 |
|          L2_RQSTS_MISS STAT         |   PMC5  |   70883649189 |   575220679 |   5106001703 | 2.953485e+09 |
|        UOPS_RETIRED_ALL STAT        |   PMC6  | 4573264497027 | 58391721147 | 282735486293 | 1.905527e+11 |
|            TEMP_CORE STAT           |   TMP0  |           994 |          38 |           45 |      41.4167 |
|         PWR_PKG_ENERGY STAT         |   PWR0  |     7869.7129 |           0 |    4078.5466 |     327.9047 |
|         PWR_PP0_ENERGY STAT         |   PWR1  |             0 |           0 |            0 |            0 |
|         PWR_DRAM_ENERGY STAT        |   PWR3  |      899.9496 |           0 |     469.7874 |      37.4979 |
|          CAS_COUNT_RD STAT          | MBOX0C0 |    1411629859 |           0 |    898184649 | 5.881791e+07 |
|          CAS_COUNT_WR STAT          | MBOX0C1 |     430973736 |           0 |    278250943 |     17957239 |
|          CAS_COUNT_RD STAT          | MBOX1C0 |    1421964164 |           0 |    898343375 | 5.924851e+07 |
|          CAS_COUNT_WR STAT          | MBOX1C1 |     438305380 |           0 |    280186391 | 1.826272e+07 |
|          CAS_COUNT_RD STAT          | MBOX2C0 |             0 |           0 |            0 |            0 |
|          CAS_COUNT_WR STAT          | MBOX2C1 |             0 |           0 |            0 |            0 |
|          CAS_COUNT_RD STAT          | MBOX3C0 |             0 |           0 |            0 |            0 |
|          CAS_COUNT_WR STAT          | MBOX3C1 |             0 |           0 |            0 |            0 |
|          CAS_COUNT_RD STAT          | MBOX4C0 |    1412020589 |           0 |    896722457 | 5.883419e+07 |
|          CAS_COUNT_WR STAT          | MBOX4C1 |     430298223 |           0 |    277530059 | 1.792909e+07 |
|          CAS_COUNT_RD STAT          | MBOX5C0 |    1417496756 |           0 |    900561349 | 5.906236e+07 |
|          CAS_COUNT_WR STAT          | MBOX5C1 |     437569062 |           0 |    281295413 | 1.823204e+07 |
|          CAS_COUNT_RD STAT          | MBOX6C0 |             0 |           0 |            0 |            0 |
|          CAS_COUNT_WR STAT          | MBOX6C1 |             0 |           0 |            0 |            0 |
|          CAS_COUNT_RD STAT          | MBOX7C0 |             0 |           0 |            0 |            0 |
|          CAS_COUNT_WR STAT          | MBOX7C1 |             0 |           0 |            0 |            0 |
+-------------------------------------+---------+---------------+-------------+--------------+--------------+
+-----------------------------------+-----------+-----------+-----------+-----------+-----------+-----------+-----------+-----------+-----------+-----------+-----------+-----------+-----------+-----------+-----------+-----------+-----------+-----------+-----------+-----------+-----------+-----------+-----------+-----------+
|               Metric              |   Core 0  |   Core 1  |   Core 2  |   Core 3  |   Core 4  |   Core 5  |   Core 6  |   Core 7  |   Core 8  |   Core 9  |  Core 10  |  Core 11  |  Core 12  |  Core 13  |  Core 14  |  Core 15  |  Core 16  |  Core 17  |  Core 18  |  Core 19  |  Core 20  |  Core 21  |  Core 22  |  Core 23  |
+-----------------------------------+-----------+-----------+-----------+-----------+-----------+-----------+-----------+-----------+-----------+-----------+-----------+-----------+-----------+-----------+-----------+-----------+-----------+-----------+-----------+-----------+-----------+-----------+-----------+-----------+
|        Runtime (RDTSC) [s]        |   60.0506 |   60.0506 |   60.0506 |   60.0506 |   60.0506 |   60.0506 |   60.0506 |   60.0506 |   60.0506 |   60.0506 |   60.0506 |   60.0506 |   60.0506 |   60.0506 |   60.0506 |   60.0506 |   60.0506 |   60.0506 |   60.0506 |   60.0506 |   60.0506 |   60.0506 |   60.0506 |   60.0506 |
|        Runtime unhalted [s]       |   32.4910 |   38.5845 |   59.0713 |   48.6233 |   18.4320 |   15.9564 |   59.5237 |   59.5426 |   59.5472 |   59.5463 |   59.5563 |   59.5563 |   50.8714 |   26.2149 |   21.5647 |   15.8059 |   59.0028 |   18.0787 |   59.5868 |   59.5931 |   59.6024 |   59.5998 |   59.6045 |   59.5909 |
|            Clock [MHz]            | 2296.8661 | 2297.0201 | 2298.1142 | 2297.6976 | 2293.7513 | 2291.7612 | 2299.9577 | 2299.9572 | 2299.9589 | 2299.9588 | 2299.9559 | 2299.9565 | 2297.7401 | 2295.6161 | 2294.7254 | 2292.7258 | 2298.1075 | 2293.6970 | 2299.9570 | 2299.9569 | 2299.9587 | 2299.9582 | 2299.9581 | 2299.9580 |
|                CPI                |    0.8409 |    0.8343 |    0.8294 |    0.8288 |    0.8188 |    0.8293 |    0.6032 |    0.6050 |    0.6253 |    0.6273 |    0.6295 |    0.6292 |    0.8415 |    0.8255 |    0.8324 |    0.8401 |    0.8399 |    0.8332 |    0.7181 |    0.7197 |    0.7234 |    0.7254 |    0.7276 |    0.7300 |
|   Local DRAM data volume [GByte]  |    0.0553 |    0.0312 |    0.0607 |    0.0391 |    0.0153 |    0.0472 |   10.2200 |    9.1615 |    8.9975 |    9.1103 |    8.7280 |    8.5132 |    0.0262 |    0.0126 |    0.0106 |    0.0078 |    0.0346 |    0.0078 |    4.6700 |    4.6101 |    4.3971 |    4.5055 |    4.5501 |    4.8268 |
|   Local DRAM bandwidth [MByte/s]  |    0.9210 |    0.5197 |    1.0103 |    0.6515 |    0.2554 |    0.7861 |  170.1896 |  152.5622 |  149.8311 |  151.7105 |  145.3447 |  141.7670 |    0.4359 |    0.2097 |    0.1761 |    0.1303 |    0.5756 |    0.1297 |   77.7672 |   76.7711 |   73.2239 |   75.0280 |   75.7712 |   80.3791 |
|  Remote DRAM data volume [GByte]  |    0.0124 |    0.0081 |    0.0248 |    0.0112 |    0.0028 |    0.0025 |    5.3712 |    4.5706 |    4.5133 |    4.5006 |    4.7956 |    5.2277 |    0.0198 |    0.0083 |    0.0059 |    0.0044 |    0.0216 |    0.0046 |    7.4435 |    7.4183 |    7.0895 |    6.9972 |    7.0690 |    7.2570 |
|  Remote DRAM bandwidth [MByte/s]  |    0.2064 |    0.1354 |    0.4136 |    0.1865 |    0.0472 |    0.0410 |   89.4447 |   76.1132 |   75.1576 |   74.9468 |   79.8594 |   87.0543 |    0.3298 |    0.1380 |    0.0981 |    0.0734 |    0.3598 |    0.0771 |  123.9533 |  123.5344 |  118.0593 |  116.5223 |  117.7178 |  120.8479 |
|     Memory data volume [GByte]    |    0.0677 |    0.0393 |    0.0855 |    0.0503 |    0.0182 |    0.0497 |   15.5912 |   13.7321 |   13.5107 |   13.6109 |   13.5236 |   13.7409 |    0.0460 |    0.0209 |    0.0165 |    0.0122 |    0.0562 |    0.0124 |   12.1134 |   12.0285 |   11.4867 |   11.5027 |   11.6191 |   12.0838 |
|     Memory bandwidth [MByte/s]    |    1.1273 |    0.6551 |    1.4239 |    0.8380 |    0.3027 |    0.8271 |  259.6343 |  228.6754 |  224.9887 |  226.6574 |  225.2041 |  228.8213 |    0.7657 |    0.3477 |    0.2742 |    0.2037 |    0.9354 |    0.2068 |  201.7206 |  200.3055 |  191.2832 |  191.5503 |  193.4890 |  201.2270 |
|          L3 request rate          | 2738.1038 | 6591.7266 | 6131.4217 | 7619.3091 | 5745.9581 | 4280.8383 |    2.8239 |    3.0703 |    4.3188 |    4.9191 |    5.2013 |    5.5214 | 6037.0888 | 4303.8132 | 4585.9195 | 4444.5660 | 7006.2495 | 4579.5652 |    4.4654 |    4.8440 |    4.1239 |    3.9529 |    3.0135 |    2.3040 |
|            L3 miss rate           |    0.0005 |    0.0003 |    0.0006 |    0.0003 |    0.0002 |    0.0002 |    0.4891 |    0.3386 |    0.2912 |    0.2427 |    0.2250 |    0.2090 |    0.0005 |    0.0004 |    0.0004 |    0.0004 |    0.0005 |    0.0003 |    0.1944 |    0.1746 |    0.1572 |    0.1623 |    0.1347 |    0.1347 |
|           L3 miss ratio           |    0.2241 |    0.2606 |    0.4093 |    0.2863 |    0.1850 |    0.0522 |    0.5256 |    0.4989 |    0.5016 |    0.4940 |    0.5494 |    0.6141 |    0.7566 |    0.6578 |    0.5572 |    0.5636 |    0.6252 |    0.5944 |    1.5939 |    1.6091 |    1.6123 |    1.5531 |    1.5536 |    1.5035 |
|          L2 request rate          |    0.0404 |    0.0392 |    0.0390 |    0.0387 |    0.0383 |    0.0391 |    0.0915 |    0.0918 |    0.0918 |    0.0920 |    0.0923 |    0.0915 |    0.0397 |    0.0382 |    0.0384 |    0.0392 |    0.0399 |    0.0395 |    0.0917 |    0.0918 |    0.0918 |    0.0921 |    0.0923 |    0.0924 |
|            L2 miss rate           |    0.0135 |    0.0133 |    0.0131 |    0.0130 |    0.0127 |    0.0132 |    0.0225 |    0.0225 |    0.0230 |    0.0231 |    0.0232 |    0.0231 |    0.0134 |    0.0126 |    0.0129 |    0.0133 |    0.0136 |    0.0134 |    0.0226 |    0.0226 |    0.0227 |    0.0227 |    0.0227 |    0.0229 |
|           L2 miss ratio           |    0.3346 |    0.3384 |    0.3362 |    0.3361 |    0.3316 |    0.3373 |    0.2458 |    0.2454 |    0.2511 |    0.2510 |    0.2508 |    0.2529 |    0.3365 |    0.3292 |    0.3352 |    0.3389 |    0.3403 |    0.3383 |    0.2461 |    0.2457 |    0.2471 |    0.2465 |    0.2462 |    0.2478 |
|  Memory read bandwidth [MBytes/s] | 3830.1687 |         0 |         0 |         0 |         0 |         0 |         0 |         0 |         0 |         0 |         0 |         0 | 2205.3927 |         0 |         0 |         0 |         0 |         0 |         0 |         0 |         0 |         0 |         0 |         0 |
|  Memory read data volume [GBytes] |  230.0040 |         0 |         0 |         0 |         0 |         0 |         0 |         0 |         0 |         0 |         0 |         0 |  132.4352 |         0 |         0 |         0 |         0 |         0 |         0 |         0 |         0 |         0 |         0 |         0 |
| Memory write bandwidth [MBytes/s] | 1190.7426 |         0 |         0 |         0 |         0 |         0 |         0 |         0 |         0 |         0 |         0 |         0 |  660.6519 |         0 |         0 |         0 |         0 |         0 |         0 |         0 |         0 |         0 |         0 |         0 |
| Memory write data volume [GBytes] |   71.5048 |         0 |         0 |         0 |         0 |         0 |         0 |         0 |         0 |         0 |         0 |         0 |   39.6726 |         0 |         0 |         0 |         0 |         0 |         0 |         0 |         0 |         0 |         0 |         0 |
|    Memory bandwidth [MBytes/s]    | 5020.9113 |         0 |         0 |         0 |         0 |         0 |         0 |         0 |         0 |         0 |         0 |         0 | 2866.0446 |         0 |         0 |         0 |         0 |         0 |         0 |         0 |         0 |         0 |         0 |         0 |
|    Memory data volume [GBytes]    |  301.5088 |         0 |         0 |         0 |         0 |         0 |         0 |         0 |         0 |         0 |         0 |         0 |  172.1077 |         0 |         0 |         0 |         0 |         0 |         0 |         0 |         0 |         0 |         0 |         0 |
|          Temperature [C]          |        41 |        39 |        38 |        41 |        41 |        40 |        44 |        42 |        40 |        42 |        40 |        41 |        38 |        39 |        39 |        40 |        45 |        40 |        41 |        44 |        45 |        44 |        45 |        45 |
|             Energy [J]            | 4078.5466 |         0 |         0 |         0 |         0 |         0 |         0 |         0 |         0 |         0 |         0 |         0 | 3791.1663 |         0 |         0 |         0 |         0 |         0 |         0 |         0 |         0 |         0 |         0 |         0 |
|             Power [W]             |   67.9185 |         0 |         0 |         0 |         0 |         0 |         0 |         0 |         0 |         0 |         0 |         0 |   63.1329 |         0 |         0 |         0 |         0 |         0 |         0 |         0 |         0 |         0 |         0 |         0 |
|           Energy PP0 [J]          |         0 |         0 |         0 |         0 |         0 |         0 |         0 |         0 |         0 |         0 |         0 |         0 |         0 |         0 |         0 |         0 |         0 |         0 |         0 |         0 |         0 |         0 |         0 |         0 |
|           Power PP0 [W]           |         0 |         0 |         0 |         0 |         0 |         0 |         0 |         0 |         0 |         0 |         0 |         0 |         0 |         0 |         0 |         0 |         0 |         0 |         0 |         0 |         0 |         0 |         0 |         0 |
|          Energy DRAM [J]          |  469.7874 |         0 |         0 |         0 |         0 |         0 |         0 |         0 |         0 |         0 |         0 |         0 |  430.1622 |         0 |         0 |         0 |         0 |         0 |         0 |         0 |         0 |         0 |         0 |         0 |
|           Power DRAM [W]          |    7.8232 |         0 |         0 |         0 |         0 |         0 |         0 |         0 |         0 |         0 |         0 |         0 |    7.1633 |         0 |         0 |         0 |         0 |         0 |         0 |         0 |         0 |         0 |         0 |         0 |
+-----------------------------------+-----------+-----------+-----------+-----------+-----------+-----------+-----------+-----------+-----------+-----------+-----------+-----------+-----------+-----------+-----------+-----------+-----------+-----------+-----------+-----------+-----------+-----------+-----------+-----------+
+----------------------------------------+------------+-----------+-----------+-----------+
|                 Metric                 |     Sum    |    Min    |    Max    |    Avg    |
+----------------------------------------+------------+-----------+-----------+-----------+
|        Runtime (RDTSC) [s] STAT        |  1441.2144 |   60.0506 |   60.0506 |   60.0506 |
|        Runtime unhalted [s] STAT       |  1119.5468 |   15.8059 |   59.6045 |   46.6478 |
|            Clock [MHz] STAT            | 55147.3143 | 2291.7612 | 2299.9589 | 2297.8048 |
|                CPI STAT                |    18.0578 |    0.6032 |    0.8415 |    0.7524 |
|   Local DRAM data volume [GByte] STAT  |    82.6385 |    0.0078 |   10.2200 |    3.4433 |
|   Local DRAM bandwidth [MByte/s] STAT  |  1376.1469 |    0.1297 |  170.1896 |   57.3395 |
|  Remote DRAM data volume [GByte] STAT  |    72.3799 |    0.0025 |    7.4435 |    3.0158 |
|  Remote DRAM bandwidth [MByte/s] STAT  |  1205.3173 |    0.0410 |  123.9533 |   50.2216 |
|     Memory data volume [GByte] STAT    |   155.0185 |    0.0122 |   15.5912 |    6.4591 |
|     Memory bandwidth [MByte/s] STAT    |  2581.4644 |    0.2037 |  259.6343 |  107.5610 |
|          L3 request rate STAT          | 64113.1183 |    2.3040 | 7619.3091 | 2671.3799 |
|            L3 miss rate STAT           |     2.7581 |    0.0002 |    0.4891 |    0.1149 |
|           L3 miss ratio STAT           |    17.7814 |    0.0522 |    1.6123 |    0.7409 |
|          L2 request rate STAT          |     1.5726 |    0.0382 |    0.0924 |    0.0655 |
|            L2 miss rate STAT           |     0.4316 |    0.0126 |    0.0232 |    0.0180 |
|           L2 miss ratio STAT           |     7.0090 |    0.2454 |    0.3403 |    0.2920 |
|  Memory read bandwidth [MBytes/s] STAT |  6035.5614 |         0 | 3830.1687 |  251.4817 |
|  Memory read data volume [GBytes] STAT |   362.4392 |         0 |  230.0040 |   15.1016 |
| Memory write bandwidth [MBytes/s] STAT |  1851.3945 |         0 | 1190.7426 |   77.1414 |
| Memory write data volume [GBytes] STAT |   111.1774 |         0 |   71.5048 |    4.6324 |
|    Memory bandwidth [MBytes/s] STAT    |  7886.9559 |         0 | 5020.9113 |  328.6232 |
|    Memory data volume [GBytes] STAT    |   473.6165 |         0 |  301.5088 |   19.7340 |
|          Temperature [C] STAT          |        994 |        38 |        45 |   41.4167 |
|             Energy [J] STAT            |  7869.7129 |         0 | 4078.5466 |  327.9047 |
|             Power [W] STAT             |   131.0514 |         0 |   67.9185 |    5.4605 |
|           Energy PP0 [J] STAT          |          0 |         0 |         0 |         0 |
|           Power PP0 [W] STAT           |          0 |         0 |         0 |         0 |
|          Energy DRAM [J] STAT          |   899.9496 |         0 |  469.7874 |   37.4979 |
|           Power DRAM [W] STAT          |    14.9865 |         0 |    7.8232 |    0.6244 |
+----------------------------------------+------------+-----------+-----------+-----------+
