--------------------------------------------------------------------------------
CPU name:	Intel(R) Xeon(R) CPU E5-2670 v3 @ 2.30GHz
CPU type:	Intel Xeon Haswell EN/EP/EX processor
CPU clock:	2.30 GHz
--------------------------------------------------------------------------------
Group 1: POWERPERF
+--------------------------------+---------+---------------+---------------+---------------+---------------+---------------+---------------+-----------+-------------+-------------+------------+------------+----------+---------------+---------------+---------------+---------------+---------------+---------------+----------+-------------+-------------+------------+------------+-----------+
|              Event             | Counter |     Core 0    |     Core 1    |     Core 2    |     Core 3    |     Core 4    |     Core 5    |   Core 6  |    Core 7   |    Core 8   |   Core 9   |   Core 10  |  Core 11 |    Core 12    |    Core 13    |    Core 14    |    Core 15    |    Core 16    |    Core 17    |  Core 18 |   Core 19   |   Core 20   |   Core 21  |   Core 22  |  Core 23  |
+--------------------------------+---------+---------------+---------------+---------------+---------------+---------------+---------------+-----------+-------------+-------------+------------+------------+----------+---------------+---------------+---------------+---------------+---------------+---------------+----------+-------------+-------------+------------+------------+-----------+
|        INSTR_RETIRED_ANY       |  FIXC0  | 1381881842480 | 1363657627549 | 1368619041673 | 1365820067259 | 1360039072301 | 1360856188585 |  67799332 | 40128850774 | 27316404524 |  878241273 | 1692615263 | 21117480 | 1354359154492 | 1358213619217 | 1290795404868 | 1288459590075 | 1288133988223 | 1290702125209 | 34179247 | 39307905345 | 15782549154 |  424869253 |  958420185 |  58474417 |
|      CPU_CLK_UNHALTED_CORE     |  FIXC1  |  526370666670 |  527535257123 |  527646378563 |  527821009269 |  527802044528 |  527721013538 |  78066619 | 25867351187 | 18211300333 | 1566649703 | 1031971715 | 13902002 |  527773437880 |  527986894056 |  527761376242 |  528008620327 |  528152314624 |  528457019425 | 27475292 | 25887947391 | 11902990601 |  849471787 |  590101288 |  58107944 |
|      CPU_CLK_UNHALTED_REF      |  FIXC2  |  526477883802 |  527677941853 |  527774293706 |  527946952314 |  527907505520 |  527846636089 | 149436221 | 48125941543 | 26159905554 | 2987497209 | 1914119846 | 26574154 |  527899902893 |  528129692397 |  527899823474 |  528141686483 |  528260411770 |  528581424012 | 51823807 | 48308642802 | 18533070962 | 1627864146 | 1106718002 | 105349016 |
|           FIXC1/FIXC0          |   CPI   |             0 |             0 |             0 |             0 |             0 |             0 |         0 |           0 |           0 |          0 |          0 |        0 |             0 |             0 |             0 |             0 |             0 |             0 |        0 |           0 |           0 |          0 |          0 |         0 |
|  OFFCORE_RESPONSE_0_LOCAL_DRAM |   PMC0  |     565051236 |     665809605 |     671521107 |     736470665 |     700807649 |     767367698 |   1584012 |    34388218 |    18532699 |    4199753 |    1623587 |     7426 |     811158723 |    1030313546 |     981338490 |     977809881 |    1000048116 |    1273695276 |    53113 |     8840926 |    13456183 |    1843597 |     187979 |    112478 |
| OFFCORE_RESPONSE_1_REMOTE_DRAM |   PMC1  |     635487027 |     756993251 |     757861525 |     827974256 |     782062599 |     840166208 |     72037 |     6100093 |    13462268 |    4259006 |     245238 |     1411 |     599531288 |     699011076 |     623938151 |     604243808 |     601775407 |     741828895 |    45653 |    31704446 |    12984751 |    1594921 |     716675 |    170190 |
|  MEM_LOAD_UOPS_RETIRED_L3_ALL  |   PMC2  |     287075404 |     268661225 |     281951588 |     276141943 |     292855430 |     288072658 |    123809 |    37800340 |    31203695 |    4049067 |    1465609 |    18708 |     347582804 |     286444029 |     247865442 |     245267912 |     240041454 |     237059931 |    71098 |    37816369 |    23339584 |    2213521 |     832799 |    169066 |
|  MEM_LOAD_UOPS_RETIRED_L3_MISS |   PMC3  |     138297538 |     123042612 |     125821635 |     130730037 |     148882376 |     134800976 |     87373 |    12004791 |     8054194 |    1337670 |     398316 |     2250 |     153926086 |     137621957 |     129995724 |     128541418 |     128337847 |     125214062 |    20071 |    11887473 |     7254799 |     668432 |     219575 |     35019 |
|      L2_TRANS_ALL_REQUESTS     |   PMC4  |   21028695081 |   20656938217 |   21179735253 |   21276516098 |   20414022242 |   21356915758 |   8313747 |  1298095133 |  1031403639 |  140414015 |   53741752 |   661970 |   21312702995 |   20438199380 |   19964831263 |   19701162706 |   19247296301 |   19479287711 |  1926689 |  1280382691 |   739491030 |   76374066 |   29912439 |   4490865 |
|          L2_RQSTS_MISS         |   PMC5  |    4397287159 |    4293305273 |    4448952221 |    4482395895 |    4271846391 |    4484143776 |   2247742 |   168056779 |   182884387 |   46536872 |    6994461 |   115967 |    4518206158 |    4213061556 |    4113484891 |    4002543937 |    3900272546 |    3936799438 |   512719 |   169516512 |   160274396 |   25773357 |    3866968 |   1325450 |
|        UOPS_RETIRED_ALL        |   PMC6  | 1491070399244 | 1477789349005 | 1482158248997 | 1478443876656 | 1473584981638 | 1473121736974 |  98964707 | 46043863186 | 30836760288 |  962027681 | 1928748924 | 25301520 | 1463793487481 | 1472933634079 | 1411518593985 | 1408941990742 | 1410643497044 | 1412458993337 | 39983008 | 45160525775 | 17753207557 |  469889068 | 1089610905 |  73765744 |
|            TEMP_CORE           |   TMP0  |            39 |            39 |            38 |            40 |            39 |            36 |        36 |          36 |          36 |         37 |         34 |       32 |            37 |            41 |            40 |            40 |            38 |            35 |       37 |          36 |          35 |         36 |         35 |        35 |
|         PWR_PKG_ENERGY         |   PWR0  |    12327.1125 |             0 |             0 |             0 |             0 |             0 |         0 |           0 |           0 |          0 |          0 |        0 |    12337.9965 |             0 |             0 |             0 |             0 |             0 |        0 |           0 |           0 |          0 |          0 |         0 |
|         PWR_PP0_ENERGY         |   PWR1  |             0 |             0 |             0 |             0 |             0 |             0 |         0 |           0 |           0 |          0 |          0 |        0 |             0 |             0 |             0 |             0 |             0 |             0 |        0 |           0 |           0 |          0 |          0 |         0 |
|         PWR_DRAM_ENERGY        |   PWR3  |     1819.0110 |             0 |             0 |             0 |             0 |             0 |         0 |           0 |           0 |          0 |          0 |        0 |     1989.3058 |             0 |             0 |             0 |             0 |             0 |        0 |           0 |           0 |          0 |          0 |         0 |
|          CAS_COUNT_RD          | MBOX0C0 |    3166213195 |             0 |             0 |             0 |             0 |             0 |         0 |           0 |           0 |          0 |          0 |        0 |    3444652920 |             0 |             0 |             0 |             0 |             0 |        0 |           0 |           0 |          0 |          0 |         0 |
|          CAS_COUNT_WR          | MBOX0C1 |     647073911 |             0 |             0 |             0 |             0 |             0 |         0 |           0 |           0 |          0 |          0 |        0 |     572226166 |             0 |             0 |             0 |             0 |             0 |        0 |           0 |           0 |          0 |          0 |         0 |
|          CAS_COUNT_RD          | MBOX1C0 |    3140407666 |             0 |             0 |             0 |             0 |             0 |         0 |           0 |           0 |          0 |          0 |        0 |    3421245798 |             0 |             0 |             0 |             0 |             0 |        0 |           0 |           0 |          0 |          0 |         0 |
|          CAS_COUNT_WR          | MBOX1C1 |     633937978 |             0 |             0 |             0 |             0 |             0 |         0 |           0 |           0 |          0 |          0 |        0 |     559307191 |             0 |             0 |             0 |             0 |             0 |        0 |           0 |           0 |          0 |          0 |         0 |
|          CAS_COUNT_RD          | MBOX2C0 |             0 |             0 |             0 |             0 |             0 |             0 |         0 |           0 |           0 |          0 |          0 |        0 |             0 |             0 |             0 |             0 |             0 |             0 |        0 |           0 |           0 |          0 |          0 |         0 |
|          CAS_COUNT_WR          | MBOX2C1 |             0 |             0 |             0 |             0 |             0 |             0 |         0 |           0 |           0 |          0 |          0 |        0 |             0 |             0 |             0 |             0 |             0 |             0 |        0 |           0 |           0 |          0 |          0 |         0 |
|          CAS_COUNT_RD          | MBOX3C0 |             0 |             0 |             0 |             0 |             0 |             0 |         0 |           0 |           0 |          0 |          0 |        0 |             0 |             0 |             0 |             0 |             0 |             0 |        0 |           0 |           0 |          0 |          0 |         0 |
|          CAS_COUNT_WR          | MBOX3C1 |             0 |             0 |             0 |             0 |             0 |             0 |         0 |           0 |           0 |          0 |          0 |        0 |             0 |             0 |             0 |             0 |             0 |             0 |        0 |           0 |           0 |          0 |          0 |         0 |
|          CAS_COUNT_RD          | MBOX4C0 |    3155181015 |             0 |             0 |             0 |             0 |             0 |         0 |           0 |           0 |          0 |          0 |        0 |    3442831008 |             0 |             0 |             0 |             0 |             0 |        0 |           0 |           0 |          0 |          0 |         0 |
|          CAS_COUNT_WR          | MBOX4C1 |     648610734 |             0 |             0 |             0 |             0 |             0 |         0 |           0 |           0 |          0 |          0 |        0 |     576743318 |             0 |             0 |             0 |             0 |             0 |        0 |           0 |           0 |          0 |          0 |         0 |
|          CAS_COUNT_RD          | MBOX5C0 |    3157811481 |             0 |             0 |             0 |             0 |             0 |         0 |           0 |           0 |          0 |          0 |        0 |    3419385890 |             0 |             0 |             0 |             0 |             0 |        0 |           0 |           0 |          0 |          0 |         0 |
|          CAS_COUNT_WR          | MBOX5C1 |     638639015 |             0 |             0 |             0 |             0 |             0 |         0 |           0 |           0 |          0 |          0 |        0 |     559055256 |             0 |             0 |             0 |             0 |             0 |        0 |           0 |           0 |          0 |          0 |         0 |
|          CAS_COUNT_RD          | MBOX6C0 |             0 |             0 |             0 |             0 |             0 |             0 |         0 |           0 |           0 |          0 |          0 |        0 |             0 |             0 |             0 |             0 |             0 |             0 |        0 |           0 |           0 |          0 |          0 |         0 |
|          CAS_COUNT_WR          | MBOX6C1 |             0 |             0 |             0 |             0 |             0 |             0 |         0 |           0 |           0 |          0 |          0 |        0 |             0 |             0 |             0 |             0 |             0 |             0 |        0 |           0 |           0 |          0 |          0 |         0 |
|          CAS_COUNT_RD          | MBOX7C0 |             0 |             0 |             0 |             0 |             0 |             0 |         0 |           0 |           0 |          0 |          0 |        0 |             0 |             0 |             0 |             0 |             0 |             0 |        0 |           0 |           0 |          0 |          0 |         0 |
|          CAS_COUNT_WR          | MBOX7C1 |             0 |             0 |             0 |             0 |             0 |             0 |         0 |           0 |           0 |          0 |          0 |        0 |             0 |             0 |             0 |             0 |             0 |             0 |        0 |           0 |           0 |          0 |          0 |         0 |
+--------------------------------+---------+---------------+---------------+---------------+---------------+---------------+---------------+-----------+-------------+-------------+------------+------------+----------+---------------+---------------+---------------+---------------+---------------+---------------+----------+-------------+-------------+------------+------------+-----------+
+-------------------------------------+---------+----------------+----------+---------------+--------------+
|                Event                | Counter |       Sum      |    Min   |      Max      |      Avg     |
+-------------------------------------+---------+----------------+----------+---------------+--------------+
|        INSTR_RETIRED_ANY STAT       |  FIXC0  | 16198209148178 | 21117480 | 1381881842480 | 6.749254e+11 |
|      CPU_CLK_UNHALTED_CORE STAT     |  FIXC1  |  6419121368107 | 13902002 |  528457019425 | 2.674634e+11 |
|      CPU_CLK_UNHALTED_REF STAT      |  FIXC2  |  6483641097575 | 26574154 |  528581424012 | 2.701517e+11 |
|           FIXC1/FIXC0 STAT          |   CPI   |              0 |        0 |             0 |            0 |
|  OFFCORE_RESPONSE_0_LOCAL_DRAM STAT |   PMC0  |    10266221963 |     7426 |    1273695276 | 4.277592e+08 |
| OFFCORE_RESPONSE_1_REMOTE_DRAM STAT |   PMC1  |     8542230180 |     1411 |     840166208 | 3.559263e+08 |
|  MEM_LOAD_UOPS_RETIRED_L3_ALL STAT  |   PMC2  |     3438123485 |    18708 |     347582804 | 1.432551e+08 |
|  MEM_LOAD_UOPS_RETIRED_L3_MISS STAT |   PMC3  |     1647182231 |     2250 |     153926086 | 6.863259e+07 |
|      L2_TRANS_ALL_REQUESTS STAT     |   PMC4  |   250721511041 |   661970 |   21356915758 | 1.044673e+10 |
|          L2_RQSTS_MISS STAT         |   PMC5  |    51830404851 |   115967 |    4518206158 | 2.159600e+09 |
|        UOPS_RETIRED_ALL STAT        |   PMC6  | 17600941437545 | 25301520 | 1491070399244 | 7.333726e+11 |
|            TEMP_CORE STAT           |   TMP0  |            887 |       32 |            41 |      36.9583 |
|         PWR_PKG_ENERGY STAT         |   PWR0  |     24665.1090 |        0 |    12337.9965 |    1027.7129 |
|         PWR_PP0_ENERGY STAT         |   PWR1  |              0 |        0 |             0 |            0 |
|         PWR_DRAM_ENERGY STAT        |   PWR3  |      3808.3168 |        0 |     1989.3058 |     158.6799 |
|          CAS_COUNT_RD STAT          | MBOX0C0 |     6610866115 |        0 |    3444652920 | 2.754528e+08 |
|          CAS_COUNT_WR STAT          | MBOX0C1 |     1219300077 |        0 |     647073911 | 5.080417e+07 |
|          CAS_COUNT_RD STAT          | MBOX1C0 |     6561653464 |        0 |    3421245798 | 2.734022e+08 |
|          CAS_COUNT_WR STAT          | MBOX1C1 |     1193245169 |        0 |     633937978 | 4.971855e+07 |
|          CAS_COUNT_RD STAT          | MBOX2C0 |              0 |        0 |             0 |            0 |
|          CAS_COUNT_WR STAT          | MBOX2C1 |              0 |        0 |             0 |            0 |
|          CAS_COUNT_RD STAT          | MBOX3C0 |              0 |        0 |             0 |            0 |
|          CAS_COUNT_WR STAT          | MBOX3C1 |              0 |        0 |             0 |            0 |
|          CAS_COUNT_RD STAT          | MBOX4C0 |     6598012023 |        0 |    3442831008 | 2.749172e+08 |
|          CAS_COUNT_WR STAT          | MBOX4C1 |     1225354052 |        0 |     648610734 | 5.105642e+07 |
|          CAS_COUNT_RD STAT          | MBOX5C0 |     6577197371 |        0 |    3419385890 | 2.740499e+08 |
|          CAS_COUNT_WR STAT          | MBOX5C1 |     1197694271 |        0 |     638639015 | 4.990393e+07 |
|          CAS_COUNT_RD STAT          | MBOX6C0 |              0 |        0 |             0 |            0 |
|          CAS_COUNT_WR STAT          | MBOX6C1 |              0 |        0 |             0 |            0 |
|          CAS_COUNT_RD STAT          | MBOX7C0 |              0 |        0 |             0 |            0 |
|          CAS_COUNT_WR STAT          | MBOX7C1 |              0 |        0 |             0 |            0 |
+-------------------------------------+---------+----------------+----------+---------------+--------------+
+-----------------------------------+------------+-----------+-----------+-----------+-----------+-----------+-----------+-----------+-----------+-----------+-----------+-----------+------------+-----------+-----------+-----------+-----------+-----------+-----------+-----------+-----------+-----------+-----------+-----------+
|               Metric              |   Core 0   |   Core 1  |   Core 2  |   Core 3  |   Core 4  |   Core 5  |   Core 6  |   Core 7  |   Core 8  |   Core 9  |  Core 10  |  Core 11  |   Core 12  |  Core 13  |  Core 14  |  Core 15  |  Core 16  |  Core 17  |  Core 18  |  Core 19  |  Core 20  |  Core 21  |  Core 22  |  Core 23  |
+-----------------------------------+------------+-----------+-----------+-----------+-----------+-----------+-----------+-----------+-----------+-----------+-----------+-----------+------------+-----------+-----------+-----------+-----------+-----------+-----------+-----------+-----------+-----------+-----------+-----------+
|        Runtime (RDTSC) [s]        |   231.6112 |  231.6112 |  231.6112 |  231.6112 |  231.6112 |  231.6112 |  231.6112 |  231.6112 |  231.6112 |  231.6112 |  231.6112 |  231.6112 |   231.6112 |  231.6112 |  231.6112 |  231.6112 |  231.6112 |  231.6112 |  231.6112 |  231.6112 |  231.6112 |  231.6112 |  231.6112 |  231.6112 |
|        Runtime unhalted [s]       |   228.8584 |  229.3647 |  229.4131 |  229.4890 |  229.4807 |  229.4455 |    0.0339 |   11.2468 |    7.9180 |    0.6812 |    0.4487 |    0.0060 |   229.4683 |  229.5611 |  229.4631 |  229.5706 |  229.6330 |  229.7655 |    0.0119 |   11.2557 |    5.1752 |    0.3693 |    0.2566 |    0.0253 |
|            Clock [MHz]            |  2299.5157 | 2299.3622 | 2299.4266 | 2299.4354 | 2299.5246 | 2299.4367 | 1201.5292 | 1236.2251 | 1601.1411 | 1206.1164 | 1240.0052 | 1203.2136 |  2299.4331 | 2299.3622 | 2299.3809 | 2299.4046 | 2299.5134 | 2299.4428 | 1219.3765 | 1232.5303 | 1477.1804 | 1200.2056 | 1226.3500 | 1268.6150 |
|                CPI                |     0.3809 |    0.3869 |    0.3855 |    0.3864 |    0.3881 |    0.3878 |    1.1514 |    0.6446 |    0.6667 |    1.7838 |    0.6097 |    0.6583 |     0.3897 |    0.3887 |    0.4089 |    0.4098 |    0.4100 |    0.4094 |    0.8039 |    0.6586 |    0.7542 |    1.9994 |    0.6157 |    0.9937 |
|   Local DRAM data volume [GByte]  |    36.1633 |   42.6118 |   42.9774 |   47.1341 |   44.8517 |   49.1115 |    0.1014 |    2.2008 |    1.1861 |    0.2688 |    0.1039 |    0.0005 |    51.9142 |   65.9401 |   62.8057 |   62.5798 |   64.0031 |   81.5165 |    0.0034 |    0.5658 |    0.8612 |    0.1180 |    0.0120 |    0.0072 |
|   Local DRAM bandwidth [MByte/s]  |   156.1378 |  183.9799 |  185.5581 |  203.5053 |  193.6507 |  212.0430 |    0.4377 |    9.5023 |    5.1210 |    1.1605 |    0.4486 |    0.0021 |   224.1435 |  284.7015 |  271.1685 |  270.1934 |  276.3384 |  351.9540 |    0.0147 |    2.4430 |    3.7183 |    0.5094 |    0.0519 |    0.0311 |
|  Remote DRAM data volume [GByte]  |    40.6712 |   48.4476 |   48.5031 |   52.9904 |   50.0520 |   53.7706 |    0.0046 |    0.3904 |    0.8616 |    0.2726 |    0.0157 |    0.0001 |    38.3700 |   44.7367 |   39.9320 |   38.6716 |   38.5136 |   47.4770 |    0.0029 |    2.0291 |    0.8310 |    0.1021 |    0.0459 |    0.0109 |
|  Remote DRAM bandwidth [MByte/s]  |   175.6010 |  209.1762 |  209.4162 |  228.7901 |  216.1035 |  232.1590 |    0.0199 |    1.6856 |    3.7200 |    1.1769 |    0.0678 |    0.0004 |   165.6655 |  193.1543 |  172.4098 |  166.9677 |  166.2856 |  204.9859 |    0.0126 |    8.7607 |    3.5880 |    0.4407 |    0.1980 |    0.0470 |
|     Memory data volume [GByte]    |    76.8344 |   91.0594 |   91.4805 |  100.1245 |   94.9037 |  102.8822 |    0.1060 |    2.5913 |    2.0477 |    0.5414 |    0.1196 |    0.0006 |    90.2842 |  110.6768 |  102.7377 |  101.2514 |  102.5167 |  128.9935 |    0.0063 |    2.5949 |    1.6922 |    0.2201 |    0.0579 |    0.0181 |
|     Memory bandwidth [MByte/s]    |   331.7389 |  393.1561 |  394.9743 |  432.2954 |  409.7543 |  444.2020 |    0.4576 |   11.1879 |    8.8410 |    2.3374 |    0.5164 |    0.0024 |   389.8091 |  477.8558 |  443.5782 |  437.1611 |  442.6240 |  556.9399 |    0.0273 |   11.2037 |    7.3063 |    0.9501 |    0.2500 |    0.0781 |
|          L3 request rate          |     2.0758 |    2.1835 |    2.2409 |    2.1123 |    1.9670 |    2.1370 |    1.4170 |    3.1488 |    3.8742 |    3.0270 |    3.6795 |    8.3147 |     2.2581 |    2.0814 |    1.9067 |    1.9081 |    1.8704 |    1.8932 |    3.5423 |    3.1812 |    3.2171 |    3.3115 |    3.7928 |    4.8278 |
|            L3 miss rate           |     2.2137 |    2.8176 |    2.6879 |    2.9984 |    2.6705 |    2.9165 |    0.5818 |    0.1614 |    0.4314 |    1.0518 |    0.1673 |    0.0754 |     1.7249 |    2.4403 |    2.5172 |    2.4636 |    2.5070 |    3.1293 |    0.6421 |    0.8384 |    0.5563 |    0.7205 |    0.8606 |    1.0066 |
|           L3 miss ratio           |     1.1247 |    1.1370 |    1.1286 |    1.1242 |    1.1159 |    1.0949 |    0.0455 |    0.1774 |    0.7264 |    1.0141 |    0.1510 |    0.1900 |     0.7391 |    0.6784 |    0.6358 |    0.6180 |    0.6017 |    0.5824 |    0.8595 |    3.5861 |    0.9650 |    0.8651 |    3.8125 |    1.5131 |
|          L2 request rate          |     0.0152 |    0.0151 |    0.0155 |    0.0156 |    0.0150 |    0.0157 |    0.1226 |    0.0323 |    0.0378 |    0.1599 |    0.0318 |    0.0313 |     0.0157 |    0.0150 |    0.0155 |    0.0153 |    0.0149 |    0.0151 |    0.0564 |    0.0326 |    0.0469 |    0.1798 |    0.0312 |    0.0768 |
|            L2 miss rate           |     0.0032 |    0.0031 |    0.0033 |    0.0033 |    0.0031 |    0.0033 |    0.0332 |    0.0042 |    0.0067 |    0.0530 |    0.0041 |    0.0055 |     0.0033 |    0.0031 |    0.0032 |    0.0031 |    0.0030 |    0.0031 |    0.0150 |    0.0043 |    0.0102 |    0.0607 |    0.0040 |    0.0227 |
|           L2 miss ratio           |     0.2091 |    0.2078 |    0.2101 |    0.2107 |    0.2093 |    0.2100 |    0.2704 |    0.1295 |    0.1773 |    0.3314 |    0.1301 |    0.1752 |     0.2120 |    0.2061 |    0.2060 |    0.2032 |    0.2026 |    0.2021 |    0.2661 |    0.1324 |    0.2167 |    0.3375 |    0.1293 |    0.2951 |
|  Memory read bandwidth [MBytes/s] |  3487.1159 |         0 |         0 |         0 |         0 |         0 |         0 |         0 |         0 |         0 |         0 |         0 |  3793.4229 |         0 |         0 |         0 |         0 |         0 |         0 |         0 |         0 |         0 |         0 |         0 |
|  Memory read data volume [GBytes] |   807.6553 |         0 |         0 |         0 |         0 |         0 |         0 |         0 |         0 |         0 |         0 |         0 |   878.5994 |         0 |         0 |         0 |         0 |         0 |         0 |         0 |         0 |         0 |         0 |         0 |
| Memory write bandwidth [MBytes/s] |   709.6752 |         0 |         0 |         0 |         0 |         0 |         0 |         0 |         0 |         0 |         0 |         0 |   626.5207 |         0 |         0 |         0 |         0 |         0 |         0 |         0 |         0 |         0 |         0 |         0 |
| Memory write data volume [GBytes] |   164.3687 |         0 |         0 |         0 |         0 |         0 |         0 |         0 |         0 |         0 |         0 |         0 |   145.1092 |         0 |         0 |         0 |         0 |         0 |         0 |         0 |         0 |         0 |         0 |         0 |
|    Memory bandwidth [MBytes/s]    |  4196.7911 |         0 |         0 |         0 |         0 |         0 |         0 |         0 |         0 |         0 |         0 |         0 |  4419.9436 |         0 |         0 |         0 |         0 |         0 |         0 |         0 |         0 |         0 |         0 |         0 |
|    Memory data volume [GBytes]    |   972.0240 |         0 |         0 |         0 |         0 |         0 |         0 |         0 |         0 |         0 |         0 |         0 |  1023.7086 |         0 |         0 |         0 |         0 |         0 |         0 |         0 |         0 |         0 |         0 |         0 |
|          Temperature [C]          |         39 |        39 |        38 |        40 |        39 |        36 |        36 |        36 |        36 |        37 |        34 |        32 |         37 |        41 |        40 |        40 |        38 |        35 |        37 |        36 |        35 |        36 |        35 |        35 |
|             Energy [J]            | 12327.1125 |         0 |         0 |         0 |         0 |         0 |         0 |         0 |         0 |         0 |         0 |         0 | 12337.9965 |         0 |         0 |         0 |         0 |         0 |         0 |         0 |         0 |         0 |         0 |         0 |
|             Power [W]             |    53.2233 |         0 |         0 |         0 |         0 |         0 |         0 |         0 |         0 |         0 |         0 |         0 |    53.2703 |         0 |         0 |         0 |         0 |         0 |         0 |         0 |         0 |         0 |         0 |         0 |
|           Energy PP0 [J]          |          0 |         0 |         0 |         0 |         0 |         0 |         0 |         0 |         0 |         0 |         0 |         0 |          0 |         0 |         0 |         0 |         0 |         0 |         0 |         0 |         0 |         0 |         0 |         0 |
|           Power PP0 [W]           |          0 |         0 |         0 |         0 |         0 |         0 |         0 |         0 |         0 |         0 |         0 |         0 |          0 |         0 |         0 |         0 |         0 |         0 |         0 |         0 |         0 |         0 |         0 |         0 |
|          Energy DRAM [J]          |  1819.0110 |         0 |         0 |         0 |         0 |         0 |         0 |         0 |         0 |         0 |         0 |         0 |  1989.3058 |         0 |         0 |         0 |         0 |         0 |         0 |         0 |         0 |         0 |         0 |         0 |
|           Power DRAM [W]          |     7.8537 |         0 |         0 |         0 |         0 |         0 |         0 |         0 |         0 |         0 |         0 |         0 |     8.5890 |         0 |         0 |         0 |         0 |         0 |         0 |         0 |         0 |         0 |         0 |         0 |
+-----------------------------------+------------+-----------+-----------+-----------+-----------+-----------+-----------+-----------+-----------+-----------+-----------+-----------+------------+-----------+-----------+-----------+-----------+-----------+-----------+-----------+-----------+-----------+-----------+-----------+
+----------------------------------------+------------+-----------+------------+-----------+
|                 Metric                 |     Sum    |    Min    |     Max    |    Avg    |
+----------------------------------------+------------+-----------+------------+-----------+
|        Runtime (RDTSC) [s] STAT        |  5558.6688 |  231.6112 |   231.6112 |  231.6112 |
|        Runtime unhalted [s] STAT       |  2790.9416 |    0.0060 |   229.7655 |  116.2892 |
|            Clock [MHz] STAT            | 42905.7266 | 1200.2056 |  2299.5246 | 1787.7386 |
|                CPI STAT                |    16.0721 |    0.3809 |     1.9994 |    0.6697 |
|   Local DRAM data volume [GByte] STAT  |   657.0383 |    0.0005 |    81.5165 |   27.3766 |
|   Local DRAM bandwidth [MByte/s] STAT  |  2836.8147 |    0.0021 |   351.9540 |  118.2006 |
|  Remote DRAM data volume [GByte] STAT  |   546.7027 |    0.0001 |    53.7706 |   22.7793 |
|  Remote DRAM bandwidth [MByte/s] STAT  |  2360.4324 |    0.0004 |   232.1590 |   98.3514 |
|     Memory data volume [GByte] STAT    |  1203.7411 |    0.0006 |   128.9935 |   50.1559 |
|     Memory bandwidth [MByte/s] STAT    |  5197.2473 |    0.0024 |   556.9399 |  216.5520 |
|          L3 request rate STAT          |    69.9683 |    1.4170 |     8.3147 |    2.9153 |
|            L3 miss rate STAT           |    38.1805 |    0.0754 |     3.1293 |    1.5909 |
|           L3 miss ratio STAT           |    24.4864 |    0.0455 |     3.8125 |    1.0203 |
|          L2 request rate STAT          |     1.0230 |    0.0149 |     0.1798 |    0.0426 |
|            L2 miss rate STAT           |     0.2617 |    0.0030 |     0.0607 |    0.0109 |
|           L2 miss ratio STAT           |     5.0800 |    0.1293 |     0.3375 |    0.2117 |
|  Memory read bandwidth [MBytes/s] STAT |  7280.5388 |         0 |  3793.4229 |  303.3558 |
|  Memory read data volume [GBytes] STAT |  1686.2547 |         0 |   878.5994 |   70.2606 |
| Memory write bandwidth [MBytes/s] STAT |  1336.1959 |         0 |   709.6752 |   55.6748 |
| Memory write data volume [GBytes] STAT |   309.4779 |         0 |   164.3687 |   12.8949 |
|    Memory bandwidth [MBytes/s] STAT    |  8616.7347 |         0 |  4419.9436 |  359.0306 |
|    Memory data volume [GBytes] STAT    |  1995.7326 |         0 |  1023.7086 |   83.1555 |
|          Temperature [C] STAT          |        887 |        32 |         41 |   36.9583 |
|             Energy [J] STAT            | 24665.1090 |         0 | 12337.9965 | 1027.7129 |
|             Power [W] STAT             |   106.4936 |         0 |    53.2703 |    4.4372 |
|           Energy PP0 [J] STAT          |          0 |         0 |          0 |         0 |
|           Power PP0 [W] STAT           |          0 |         0 |          0 |         0 |
|          Energy DRAM [J] STAT          |  3808.3168 |         0 |  1989.3058 |  158.6799 |
|           Power DRAM [W] STAT          |    16.4427 |         0 |     8.5890 |    0.6851 |
+----------------------------------------+------------+-----------+------------+-----------+
