--------------------------------------------------------------------------------
CPU name:	Intel(R) Xeon(R) CPU E5-2670 v3 @ 2.30GHz
CPU type:	Intel Xeon Haswell EN/EP/EX processor
CPU clock:	2.30 GHz
--------------------------------------------------------------------------------
Group 1: POWERPERF
+--------------------------------+---------+---------------+---------------+---------------+---------------+---------------+---------------+--------------+--------------+--------------+--------------+--------------+--------------+---------------+---------------+---------------+---------------+---------------+---------------+--------------+--------------+--------------+--------------+--------------+--------------+
|              Event             | Counter |     Core 0    |     Core 1    |     Core 2    |     Core 3    |     Core 4    |     Core 5    |    Core 6    |    Core 7    |    Core 8    |    Core 9    |    Core 10   |    Core 11   |    Core 12    |    Core 13    |    Core 14    |    Core 15    |    Core 16    |    Core 17    |    Core 18   |    Core 19   |    Core 20   |    Core 21   |    Core 22   |    Core 23   |
+--------------------------------+---------+---------------+---------------+---------------+---------------+---------------+---------------+--------------+--------------+--------------+--------------+--------------+--------------+---------------+---------------+---------------+---------------+---------------+---------------+--------------+--------------+--------------+--------------+--------------+--------------+
|        INSTR_RETIRED_ANY       |  FIXC0  | 1362897697532 | 1345484639549 | 1350060006195 | 1347340118531 | 1341548285212 | 1342428612406 | 406922389069 | 412573643815 | 410298315768 | 410885850913 | 411121947792 | 409240113739 | 1335891256764 | 1339431817672 | 1274298035508 | 1272102073604 | 1271722808339 | 1274334158580 | 402465575656 | 406972784543 | 404470941786 | 404784833443 | 405317553715 | 404694248131 |
|      CPU_CLK_UNHALTED_CORE     |  FIXC1  |  529242735474 |  529674151269 |  529808800806 |  530022696964 |  530001116122 |  529902879199 | 529991340737 | 527851321115 | 528218324456 | 528209641339 | 528127868848 | 528162619176 |  529565205676 |  529991842695 |  529711492551 |  530016216291 |  530089170166 |  530369325748 | 528406248987 | 528543769560 | 528485900409 | 528629844524 | 528624883162 | 528669730048 |
|      CPU_CLK_UNHALTED_REF      |  FIXC2  |  529329633677 |  529790847732 |  529927714545 |  530133114757 |  530112292029 |  530016433917 | 529991465508 | 527971564959 | 528315752001 | 528286570774 | 528207210953 | 528241691242 |  529678715809 |  530088378998 |  529825544589 |  530129050565 |  530201207407 |  530478477651 | 528481589085 | 528591811134 | 528562693479 | 528683756831 | 528699863340 | 528676406905 |
|           FIXC1/FIXC0          |   CPI   |             0 |             0 |             0 |             0 |             0 |             0 |            0 |            0 |            0 |            0 |            0 |            0 |             0 |             0 |             0 |             0 |             0 |             0 |            0 |            0 |            0 |            0 |            0 |            0 |
|  OFFCORE_RESPONSE_0_LOCAL_DRAM |   PMC0  |     762531367 |     840037022 |     848477408 |     983267596 |     877415857 |    1011498665 |   2105353899 |   2423040151 |   2417102180 |   2430210743 |   2399599919 |   2300037685 |     919486397 |    1246816788 |    1093984644 |    1082237868 |    1100536591 |    1462304351 |   1472805311 |   2108227070 |   2132998356 |   2208377988 |   2265635701 |   2189834759 |
| OFFCORE_RESPONSE_1_REMOTE_DRAM |   PMC1  |     701850878 |     801735878 |     810837783 |     932376753 |     860436217 |    1010199509 |    318923603 |    291201950 |    292731908 |    287808615 |    318929692 |    414832435 |     590128519 |     768506814 |     651852740 |     619073881 |     623501868 |     754979879 |   1243592622 |    638200788 |    593095491 |    535567209 |    483254875 |    557538477 |
|  MEM_LOAD_UOPS_RETIRED_L3_ALL  |   PMC2  |     275647139 |     261262226 |     269009793 |     265809047 |     284396401 |     280594512 |   1348079360 |   1391657426 |   1392847145 |   1398424897 |   1395880820 |   1410134477 |     321608852 |     274193297 |     235651689 |     235133874 |     233649159 |     232389791 |   1402072589 |   1400662418 |   1409149878 |   1410087803 |   1408682535 |   1410057285 |
|  MEM_LOAD_UOPS_RETIRED_L3_MISS |   PMC3  |     150052887 |     135751254 |     139113136 |     143811479 |     163860414 |     150944113 |    797581606 |    824128334 |    827465032 |    829535520 |    826503602 |    843398309 |     165558297 |     149980558 |     137207222 |     137832457 |     137993707 |     135768042 |    829760283 |    833687516 |    835105132 |    835693467 |    831511780 |    830066766 |
|      L2_TRANS_ALL_REQUESTS     |   PMC4  |   21085761245 |   20725696355 |   21207881040 |   21341807475 |   20768907257 |   21733790255 |  19584327980 |  21484211453 |  21367275531 |  21410816042 |  21391481361 |  21353772642 |   21042596238 |   20586611833 |   19910395005 |   19696721316 |   19621108188 |   19966446170 |  21532654821 |  21461911063 |  21315168277 |  21353039039 |  21337895990 |  21280981847 |
|          L2_RQSTS_MISS         |   PMC5  |    4335241426 |    4217854611 |    4354917551 |    4394541823 |    4186212804 |    4390562317 |   5627269658 |   6235587882 |   6243837691 |   6243459512 |   6247101172 |   6258801532 |    4361041549 |    4132728821 |    4035905071 |    3930770216 |    3836635617 |    3893374406 |   6263403152 |   6237004342 |   6246668124 |   6238230300 |   6226349186 |   6228988551 |
|        UOPS_RETIRED_ALL        |   PMC6  | 1471768889527 | 1459396337960 | 1463195369472 | 1459566863449 | 1454529948382 | 1454247312753 | 602444609779 | 605040364971 | 600464984022 | 601616503347 | 602060571611 | 598280730740 | 1444726442164 | 1453301637324 | 1394546406816 | 1392130742312 | 1393676419443 | 1395626447128 | 584782244147 | 593812501231 | 588834448226 | 589475765368 | 590565311016 | 589311381069 |
|            TEMP_CORE           |   TMP0  |            42 |            40 |            40 |            42 |            42 |            40 |           43 |           43 |           42 |           42 |           41 |           39 |            42 |            42 |            43 |            43 |            42 |            41 |           44 |           44 |           42 |           46 |           42 |           41 |
|         PWR_PKG_ENERGY         |   PWR0  |    16736.9158 |             0 |             0 |             0 |             0 |             0 |            0 |            0 |            0 |            0 |            0 |            0 |    16599.0779 |             0 |             0 |             0 |             0 |             0 |            0 |            0 |            0 |            0 |            0 |            0 |
|         PWR_PP0_ENERGY         |   PWR1  |             0 |             0 |             0 |             0 |             0 |             0 |            0 |            0 |            0 |            0 |            0 |            0 |             0 |             0 |             0 |             0 |             0 |             0 |            0 |            0 |            0 |            0 |            0 |            0 |
|         PWR_DRAM_ENERGY        |   PWR3  |     2560.2538 |             0 |             0 |             0 |             0 |             0 |            0 |            0 |            0 |            0 |            0 |            0 |     2654.4474 |             0 |             0 |             0 |             0 |             0 |            0 |            0 |            0 |            0 |            0 |            0 |
|          CAS_COUNT_RD          | MBOX0C0 |    9216297072 |             0 |             0 |             0 |             0 |             0 |            0 |            0 |            0 |            0 |            0 |            0 |    8529365798 |             0 |             0 |             0 |             0 |             0 |            0 |            0 |            0 |            0 |            0 |            0 |
|          CAS_COUNT_WR          | MBOX0C1 |    2510311314 |             0 |             0 |             0 |             0 |             0 |            0 |            0 |            0 |            0 |            0 |            0 |    2247719656 |             0 |             0 |             0 |             0 |             0 |            0 |            0 |            0 |            0 |            0 |            0 |
|          CAS_COUNT_RD          | MBOX1C0 |    9210898123 |             0 |             0 |             0 |             0 |             0 |            0 |            0 |            0 |            0 |            0 |            0 |    8512426197 |             0 |             0 |             0 |             0 |             0 |            0 |            0 |            0 |            0 |            0 |            0 |
|          CAS_COUNT_WR          | MBOX1C1 |    2496141686 |             0 |             0 |             0 |             0 |             0 |            0 |            0 |            0 |            0 |            0 |            0 |    2229784652 |             0 |             0 |             0 |             0 |             0 |            0 |            0 |            0 |            0 |            0 |            0 |
|          CAS_COUNT_RD          | MBOX2C0 |             0 |             0 |             0 |             0 |             0 |             0 |            0 |            0 |            0 |            0 |            0 |            0 |             0 |             0 |             0 |             0 |             0 |             0 |            0 |            0 |            0 |            0 |            0 |            0 |
|          CAS_COUNT_WR          | MBOX2C1 |             0 |             0 |             0 |             0 |             0 |             0 |            0 |            0 |            0 |            0 |            0 |            0 |             0 |             0 |             0 |             0 |             0 |             0 |            0 |            0 |            0 |            0 |            0 |            0 |
|          CAS_COUNT_RD          | MBOX3C0 |             0 |             0 |             0 |             0 |             0 |             0 |            0 |            0 |            0 |            0 |            0 |            0 |             0 |             0 |             0 |             0 |             0 |             0 |            0 |            0 |            0 |            0 |            0 |            0 |
|          CAS_COUNT_WR          | MBOX3C1 |             0 |             0 |             0 |             0 |             0 |             0 |            0 |            0 |            0 |            0 |            0 |            0 |             0 |             0 |             0 |             0 |             0 |             0 |            0 |            0 |            0 |            0 |            0 |            0 |
|          CAS_COUNT_RD          | MBOX4C0 |    9223457323 |             0 |             0 |             0 |             0 |             0 |            0 |            0 |            0 |            0 |            0 |            0 |    8526242780 |             0 |             0 |             0 |             0 |             0 |            0 |            0 |            0 |            0 |            0 |            0 |
|          CAS_COUNT_WR          | MBOX4C1 |    2511872809 |             0 |             0 |             0 |             0 |             0 |            0 |            0 |            0 |            0 |            0 |            0 |    2243835473 |             0 |             0 |             0 |             0 |             0 |            0 |            0 |            0 |            0 |            0 |            0 |
|          CAS_COUNT_RD          | MBOX5C0 |    9206527044 |             0 |             0 |             0 |             0 |             0 |            0 |            0 |            0 |            0 |            0 |            0 |    8505629404 |             0 |             0 |             0 |             0 |             0 |            0 |            0 |            0 |            0 |            0 |            0 |
|          CAS_COUNT_WR          | MBOX5C1 |    2500961290 |             0 |             0 |             0 |             0 |             0 |            0 |            0 |            0 |            0 |            0 |            0 |    2230950077 |             0 |             0 |             0 |             0 |             0 |            0 |            0 |            0 |            0 |            0 |            0 |
|          CAS_COUNT_RD          | MBOX6C0 |             0 |             0 |             0 |             0 |             0 |             0 |            0 |            0 |            0 |            0 |            0 |            0 |             0 |             0 |             0 |             0 |             0 |             0 |            0 |            0 |            0 |            0 |            0 |            0 |
|          CAS_COUNT_WR          | MBOX6C1 |             0 |             0 |             0 |             0 |             0 |             0 |            0 |            0 |            0 |            0 |            0 |            0 |             0 |             0 |             0 |             0 |             0 |             0 |            0 |            0 |            0 |            0 |            0 |            0 |
|          CAS_COUNT_RD          | MBOX7C0 |             0 |             0 |             0 |             0 |             0 |             0 |            0 |            0 |            0 |            0 |            0 |            0 |             0 |             0 |             0 |             0 |             0 |             0 |            0 |            0 |            0 |            0 |            0 |            0 |
|          CAS_COUNT_WR          | MBOX7C1 |             0 |             0 |             0 |             0 |             0 |             0 |            0 |            0 |            0 |            0 |            0 |            0 |             0 |             0 |             0 |             0 |             0 |             0 |            0 |            0 |            0 |            0 |            0 |            0 |
+--------------------------------+---------+---------------+---------------+---------------+---------------+---------------+---------------+--------------+--------------+--------------+--------------+--------------+--------------+---------------+---------------+---------------+---------------+---------------+---------------+--------------+--------------+--------------+--------------+--------------+--------------+
+-------------------------------------+---------+----------------+--------------+---------------+--------------+
|                Event                | Counter |       Sum      |      Min     |      Max      |      Avg     |
+-------------------------------------+---------+----------------+--------------+---------------+--------------+
|        INSTR_RETIRED_ANY STAT       |  FIXC0  | 20747287708262 | 402465575656 | 1362897697532 | 8.644703e+11 |
|      CPU_CLK_UNHALTED_CORE STAT     |  FIXC1  | 12700317125322 | 527851321115 |  530369325748 | 5.291799e+11 |
|      CPU_CLK_UNHALTED_REF STAT      |  FIXC2  | 12702421787887 | 527971564959 |  530478477651 | 5.292676e+11 |
|           FIXC1/FIXC0 STAT          |   CPI   |              0 |            0 |             0 |            0 |
|  OFFCORE_RESPONSE_0_LOCAL_DRAM STAT |   PMC0  |    38681818316 |    762531367 |    2430210743 | 1.611742e+09 |
| OFFCORE_RESPONSE_1_REMOTE_DRAM STAT |   PMC1  |    15101158384 |    287808615 |    1243592622 | 6.292149e+08 |
|  MEM_LOAD_UOPS_RETIRED_L3_ALL STAT  |   PMC2  |    19947082413 |    232389791 |    1410134477 | 8.311284e+08 |
|  MEM_LOAD_UOPS_RETIRED_L3_MISS STAT |   PMC3  |    11692310913 |    135751254 |     843398309 | 4.871796e+08 |
|      L2_TRANS_ALL_REQUESTS STAT     |   PMC4  |   502561258423 |  19584327980 |   21733790255 | 2.094005e+10 |
|          L2_RQSTS_MISS STAT         |   PMC5  |   124366487314 |   3836635617 |    6263403152 | 5.181937e+09 |
|        UOPS_RETIRED_ALL STAT        |   PMC6  | 24383402232257 | 584782244147 | 1471768889527 | 1.015975e+12 |
|            TEMP_CORE STAT           |   TMP0  |           1008 |           39 |            46 |           42 |
|         PWR_PKG_ENERGY STAT         |   PWR0  |     33335.9937 |            0 |    16736.9158 |    1388.9997 |
|         PWR_PP0_ENERGY STAT         |   PWR1  |              0 |            0 |             0 |            0 |
|         PWR_DRAM_ENERGY STAT        |   PWR3  |      5214.7012 |            0 |     2654.4474 |     217.2792 |
|          CAS_COUNT_RD STAT          | MBOX0C0 |    17745662870 |            0 |    9216297072 | 7.394026e+08 |
|          CAS_COUNT_WR STAT          | MBOX0C1 |     4758030970 |            0 |    2510311314 | 1.982513e+08 |
|          CAS_COUNT_RD STAT          | MBOX1C0 |    17723324320 |            0 |    9210898123 | 7.384718e+08 |
|          CAS_COUNT_WR STAT          | MBOX1C1 |     4725926338 |            0 |    2496141686 | 1.969136e+08 |
|          CAS_COUNT_RD STAT          | MBOX2C0 |              0 |            0 |             0 |            0 |
|          CAS_COUNT_WR STAT          | MBOX2C1 |              0 |            0 |             0 |            0 |
|          CAS_COUNT_RD STAT          | MBOX3C0 |              0 |            0 |             0 |            0 |
|          CAS_COUNT_WR STAT          | MBOX3C1 |              0 |            0 |             0 |            0 |
|          CAS_COUNT_RD STAT          | MBOX4C0 |    17749700103 |            0 |    9223457323 | 7.395708e+08 |
|          CAS_COUNT_WR STAT          | MBOX4C1 |     4755708282 |            0 |    2511872809 | 1.981545e+08 |
|          CAS_COUNT_RD STAT          | MBOX5C0 |    17712156448 |            0 |    9206527044 | 7.380065e+08 |
|          CAS_COUNT_WR STAT          | MBOX5C1 |     4731911367 |            0 |    2500961290 | 1.971630e+08 |
|          CAS_COUNT_RD STAT          | MBOX6C0 |              0 |            0 |             0 |            0 |
|          CAS_COUNT_WR STAT          | MBOX6C1 |              0 |            0 |             0 |            0 |
|          CAS_COUNT_RD STAT          | MBOX7C0 |              0 |            0 |             0 |            0 |
|          CAS_COUNT_WR STAT          | MBOX7C1 |              0 |            0 |             0 |            0 |
+-------------------------------------+---------+----------------+--------------+---------------+--------------+
+-----------------------------------+------------+-----------+-----------+-----------+-----------+-----------+-----------+-----------+-----------+-----------+-----------+-----------+------------+-----------+-----------+-----------+-----------+-----------+-----------+-----------+-----------+-----------+-----------+-----------+
|               Metric              |   Core 0   |   Core 1  |   Core 2  |   Core 3  |   Core 4  |   Core 5  |   Core 6  |   Core 7  |   Core 8  |   Core 9  |  Core 10  |  Core 11  |   Core 12  |  Core 13  |  Core 14  |  Core 15  |  Core 16  |  Core 17  |  Core 18  |  Core 19  |  Core 20  |  Core 21  |  Core 22  |  Core 23  |
+-----------------------------------+------------+-----------+-----------+-----------+-----------+-----------+-----------+-----------+-----------+-----------+-----------+-----------+------------+-----------+-----------+-----------+-----------+-----------+-----------+-----------+-----------+-----------+-----------+-----------+
|        Runtime (RDTSC) [s]        |   233.0138 |  233.0138 |  233.0138 |  233.0138 |  233.0138 |  233.0138 |  233.0138 |  233.0138 |  233.0138 |  233.0138 |  233.0138 |  233.0138 |   233.0138 |  233.0138 |  233.0138 |  233.0138 |  233.0138 |  233.0138 |  233.0138 |  233.0138 |  233.0138 |  233.0138 |  233.0138 |  233.0138 |
|        Runtime unhalted [s]       |   230.1070 |  230.2946 |  230.3532 |  230.4462 |  230.4368 |  230.3941 |  230.4325 |  229.5021 |  229.6616 |  229.6579 |  229.6223 |  229.6374 |   230.2472 |  230.4327 |  230.3109 |  230.4433 |  230.4751 |  230.5969 |  229.7434 |  229.8031 |  229.7780 |  229.8406 |  229.8384 |  229.8579 |
|            Clock [MHz]            |  2299.6074 | 2299.4783 | 2299.4688 | 2299.5059 | 2299.5026 | 2299.4922 | 2299.9844 | 2299.4611 | 2299.5608 | 2299.6500 | 2299.6395 | 2299.6407 |  2299.4921 | 2299.5661 | 2299.4898 | 2299.4954 | 2299.4989 | 2299.5117 | 2299.6571 | 2299.7759 | 2299.6508 | 2299.7504 | 2299.6588 | 2299.9559 |
|                CPI                |     0.3883 |    0.3937 |    0.3924 |    0.3934 |    0.3951 |    0.3947 |    1.3024 |    1.2794 |    1.2874 |    1.2855 |    1.2846 |    1.2906 |     0.3964 |    0.3957 |    0.4157 |    0.4166 |    0.4168 |    0.4162 |    1.3129 |    1.2987 |    1.3066 |    1.3060 |    1.3042 |    1.3063 |
|   Local DRAM data volume [GByte]  |    48.8020 |   53.7624 |   54.3026 |   62.9291 |   56.1546 |   64.7359 |  134.7426 |  155.0746 |  154.6945 |  155.5335 |  153.5744 |  147.2024 |    58.8471 |   79.7963 |   70.0150 |   69.2632 |   70.4343 |   93.5875 |   94.2595 |  134.9265 |  136.5119 |  141.3362 |  145.0007 |  140.1494 |
|   Local DRAM bandwidth [MByte/s]  |   209.4383 |  230.7261 |  233.0444 |  270.0661 |  240.9926 |  277.8201 |  578.2604 |  665.5167 |  663.8857 |  667.4861 |  659.0785 |  631.7326 |   252.5478 |  342.4530 |  300.4758 |  297.2494 |  302.2754 |  401.6392 |  404.5234 |  579.0495 |  585.8532 |  606.5571 |  622.2837 |  601.4640 |
|  Remote DRAM data volume [GByte]  |    44.9185 |   51.3111 |   51.8936 |   59.6721 |   55.0679 |   64.6528 |   20.4111 |   18.6369 |   18.7348 |   18.4198 |   20.4115 |   26.5493 |    37.7682 |   49.1844 |   41.7186 |   39.6207 |   39.9041 |   48.3187 |   79.5899 |   40.8449 |   37.9581 |   34.2763 |   30.9283 |   35.6825 |
|  Remote DRAM bandwidth [MByte/s]  |   192.7716 |  220.2062 |  222.7062 |  256.0883 |  236.3290 |  277.4632 |   87.5961 |   79.9821 |   80.4023 |   79.0500 |   87.5978 |  113.9386 |   162.0858 |  211.0795 |  179.0391 |  170.0360 |  171.2522 |  207.3642 |  341.5674 |  175.2894 |  162.9007 |  147.0999 |  132.7317 |  153.1345 |
|     Memory data volume [GByte]    |    93.7205 |  105.0735 |  106.1962 |  122.6012 |  111.2225 |  129.3887 |  155.1538 |  173.7115 |  173.4294 |  173.9532 |  173.9859 |  173.7517 |    96.6154 |  128.9807 |  111.7336 |  108.8840 |  110.3385 |  141.9062 |  173.8495 |  175.7714 |  174.4700 |  175.6125 |  175.9290 |  175.8319 |
|     Memory bandwidth [MByte/s]    |   402.2099 |  450.9324 |  455.7506 |  526.1544 |  477.3216 |  555.2833 |  665.8565 |  745.4987 |  744.2880 |  746.5362 |  746.6763 |  745.6712 |   414.6336 |  553.5325 |  479.5149 |  467.2854 |  473.5276 |  609.0034 |  746.0908 |  754.3389 |  748.7539 |  753.6570 |  755.0153 |  754.5986 |
|          L3 request rate          |     1.8370 |    1.9246 |    1.9337 |    1.8483 |    1.7356 |    1.8589 |    1.6902 |    1.6886 |    1.6833 |    1.6858 |    1.6889 |    1.6720 |     1.9426 |    1.8282 |    1.7175 |    1.7059 |    1.6932 |    1.7117 |    1.6897 |    1.6801 |    1.6874 |    1.6873 |    1.6941 |    1.6987 |
|            L3 miss rate           |     2.5462 |    3.0687 |    3.0142 |    3.5077 |    3.0255 |    3.6002 |    0.2366 |    0.2092 |    0.2102 |    0.2058 |    0.2285 |    0.2942 |     1.8349 |    2.8028 |    2.7662 |    2.6329 |    2.6685 |    3.2488 |    0.8870 |    0.4556 |    0.4209 |    0.3798 |    0.3431 |    0.3954 |
|           L3 miss ratio           |     0.9204 |    0.9544 |    0.9556 |    0.9482 |    0.9806 |    0.9987 |    0.1515 |    0.1202 |    0.1211 |    0.1184 |    0.1329 |    0.1804 |     0.6418 |    0.6164 |    0.5959 |    0.5720 |    0.5665 |    0.5163 |    0.8444 |    0.3027 |    0.2781 |    0.2425 |    0.2133 |    0.2546 |
|          L2 request rate          |     0.0155 |    0.0154 |    0.0157 |    0.0158 |    0.0155 |    0.0162 |    0.0481 |    0.0521 |    0.0521 |    0.0521 |    0.0520 |    0.0522 |     0.0158 |    0.0154 |    0.0156 |    0.0155 |    0.0154 |    0.0157 |    0.0535 |    0.0527 |    0.0527 |    0.0528 |    0.0526 |    0.0526 |
|            L2 miss rate           |     0.0032 |    0.0031 |    0.0032 |    0.0033 |    0.0031 |    0.0033 |    0.0138 |    0.0151 |    0.0152 |    0.0152 |    0.0152 |    0.0153 |     0.0033 |    0.0031 |    0.0032 |    0.0031 |    0.0030 |    0.0031 |    0.0156 |    0.0153 |    0.0154 |    0.0154 |    0.0154 |    0.0154 |
|           L2 miss ratio           |     0.2056 |    0.2035 |    0.2053 |    0.2059 |    0.2016 |    0.2020 |    0.2873 |    0.2902 |    0.2922 |    0.2916 |    0.2920 |    0.2931 |     0.2072 |    0.2007 |    0.2027 |    0.1996 |    0.1955 |    0.1950 |    0.2909 |    0.2906 |    0.2931 |    0.2921 |    0.2918 |    0.2927 |
|  Memory read bandwidth [MBytes/s] | 10123.2605 |         0 |         0 |         0 |         0 |         0 |         0 |         0 |         0 |         0 |         0 |         0 |  9358.7351 |         0 |         0 |         0 |         0 |         0 |         0 |         0 |         0 |         0 |         0 |         0 |
|  Memory read data volume [GBytes] |  2358.8595 |         0 |         0 |         0 |         0 |         0 |         0 |         0 |         0 |         0 |         0 |         0 |  2180.7145 |         0 |         0 |         0 |         0 |         0 |         0 |         0 |         0 |         0 |         0 |         0 |
| Memory write bandwidth [MBytes/s] |  2751.9158 |         0 |         0 |         0 |         0 |         0 |         0 |         0 |         0 |         0 |         0 |         0 |  2458.8523 |         0 |         0 |         0 |         0 |         0 |         0 |         0 |         0 |         0 |         0 |         0 |
| Memory write data volume [GBytes] |   641.2344 |         0 |         0 |         0 |         0 |         0 |         0 |         0 |         0 |         0 |         0 |         0 |   572.9466 |         0 |         0 |         0 |         0 |         0 |         0 |         0 |         0 |         0 |         0 |         0 |
|    Memory bandwidth [MBytes/s]    | 12875.1763 |         0 |         0 |         0 |         0 |         0 |         0 |         0 |         0 |         0 |         0 |         0 | 11817.5874 |         0 |         0 |         0 |         0 |         0 |         0 |         0 |         0 |         0 |         0 |         0 |
|    Memory data volume [GBytes]    |  3000.0939 |         0 |         0 |         0 |         0 |         0 |         0 |         0 |         0 |         0 |         0 |         0 |  2753.6611 |         0 |         0 |         0 |         0 |         0 |         0 |         0 |         0 |         0 |         0 |         0 |
|          Temperature [C]          |         42 |        40 |        40 |        42 |        42 |        40 |        43 |        43 |        42 |        42 |        41 |        39 |         42 |        42 |        43 |        43 |        42 |        41 |        44 |        44 |        42 |        46 |        42 |        41 |
|             Energy [J]            | 16736.9158 |         0 |         0 |         0 |         0 |         0 |         0 |         0 |         0 |         0 |         0 |         0 | 16599.0779 |         0 |         0 |         0 |         0 |         0 |         0 |         0 |         0 |         0 |         0 |         0 |
|             Power [W]             |    71.8280 |         0 |         0 |         0 |         0 |         0 |         0 |         0 |         0 |         0 |         0 |         0 |    71.2365 |         0 |         0 |         0 |         0 |         0 |         0 |         0 |         0 |         0 |         0 |         0 |
|           Energy PP0 [J]          |          0 |         0 |         0 |         0 |         0 |         0 |         0 |         0 |         0 |         0 |         0 |         0 |          0 |         0 |         0 |         0 |         0 |         0 |         0 |         0 |         0 |         0 |         0 |         0 |
|           Power PP0 [W]           |          0 |         0 |         0 |         0 |         0 |         0 |         0 |         0 |         0 |         0 |         0 |         0 |          0 |         0 |         0 |         0 |         0 |         0 |         0 |         0 |         0 |         0 |         0 |         0 |
|          Energy DRAM [J]          |  2560.2538 |         0 |         0 |         0 |         0 |         0 |         0 |         0 |         0 |         0 |         0 |         0 |  2654.4474 |         0 |         0 |         0 |         0 |         0 |         0 |         0 |         0 |         0 |         0 |         0 |
|           Power DRAM [W]          |    10.9876 |         0 |         0 |         0 |         0 |         0 |         0 |         0 |         0 |         0 |         0 |         0 |    11.3918 |         0 |         0 |         0 |         0 |         0 |         0 |         0 |         0 |         0 |         0 |         0 |
+-----------------------------------+------------+-----------+-----------+-----------+-----------+-----------+-----------+-----------+-----------+-----------+-----------+-----------+------------+-----------+-----------+-----------+-----------+-----------+-----------+-----------+-----------+-----------+-----------+-----------+
+----------------------------------------+------------+-----------+------------+-----------+
|                 Metric                 |     Sum    |    Min    |     Max    |    Avg    |
+----------------------------------------+------------+-----------+------------+-----------+
|        Runtime (RDTSC) [s] STAT        |  5592.3312 |  233.0138 |   233.0138 |  233.0138 |
|        Runtime unhalted [s] STAT       |  5521.9132 |  229.5021 |   230.5969 |  230.0797 |
|            Clock [MHz] STAT            | 55190.4946 | 2299.4611 |  2299.9844 | 2299.6039 |
|                CPI STAT                |    20.3796 |    0.3883 |     1.3129 |    0.8491 |
|   Local DRAM data volume [GByte] STAT  |  2475.6362 |   48.8020 |   155.5335 |  103.1515 |
|   Local DRAM bandwidth [MByte/s] STAT  | 10624.4191 |  209.4383 |   667.4861 |  442.6841 |
|  Remote DRAM data volume [GByte] STAT  |   966.4741 |   18.4198 |    79.5899 |   40.2698 |
|  Remote DRAM bandwidth [MByte/s] STAT  |  4147.7118 |   79.0500 |   341.5674 |  172.8213 |
|     Memory data volume [GByte] STAT    |  3442.1108 |   93.7205 |   175.9290 |  143.4213 |
|     Memory bandwidth [MByte/s] STAT    | 14772.1310 |  402.2099 |   755.0153 |  615.5055 |
|          L3 request rate STAT          |    41.9833 |    1.6720 |     1.9426 |    1.7493 |
|            L3 miss rate STAT           |    38.9829 |    0.2058 |     3.6002 |    1.6243 |
|           L3 miss ratio STAT           |    12.2269 |    0.1184 |     0.9987 |    0.5095 |
|          L2 request rate STAT          |     0.8130 |    0.0154 |     0.0535 |    0.0339 |
|            L2 miss rate STAT           |     0.2203 |    0.0030 |     0.0156 |    0.0092 |
|           L2 miss ratio STAT           |     5.9222 |    0.1950 |     0.2931 |    0.2468 |
|  Memory read bandwidth [MBytes/s] STAT | 19481.9956 |         0 | 10123.2605 |  811.7498 |
|  Memory read data volume [GBytes] STAT |  4539.5740 |         0 |  2358.8595 |  189.1489 |
| Memory write bandwidth [MBytes/s] STAT |  5210.7681 |         0 |  2751.9158 |  217.1153 |
| Memory write data volume [GBytes] STAT |  1214.1810 |         0 |   641.2344 |   50.5909 |
|    Memory bandwidth [MBytes/s] STAT    | 24692.7637 |         0 | 12875.1763 | 1028.8652 |
|    Memory data volume [GBytes] STAT    |  5753.7550 |         0 |  3000.0939 |  239.7398 |
|          Temperature [C] STAT          |       1008 |        39 |         46 |        42 |
|             Energy [J] STAT            | 33335.9937 |         0 | 16736.9158 | 1388.9997 |
|             Power [W] STAT             |   143.0645 |         0 |    71.8280 |    5.9610 |
|           Energy PP0 [J] STAT          |          0 |         0 |          0 |         0 |
|           Power PP0 [W] STAT           |          0 |         0 |          0 |         0 |
|          Energy DRAM [J] STAT          |  5214.7012 |         0 |  2654.4474 |  217.2792 |
|           Power DRAM [W] STAT          |    22.3794 |         0 |    11.3918 |    0.9325 |
+----------------------------------------+------------+-----------+------------+-----------+
