--------------------------------------------------------------------------------
CPU name:	Intel(R) Xeon(R) CPU E5-2670 v3 @ 2.30GHz
CPU type:	Intel Xeon Haswell EN/EP/EX processor
CPU clock:	2.30 GHz
--------------------------------------------------------------------------------
Group 1: POWERPERF
+--------------------------------+---------+---------------+---------------+---------------+---------------+---------------+---------------+---------------+---------------+---------------+---------------+---------------+---------------+---------------+---------------+---------------+---------------+---------------+---------------+---------------+---------------+---------------+---------------+---------------+---------------+
|              Event             | Counter |     Core 0    |     Core 1    |     Core 2    |     Core 3    |     Core 4    |     Core 5    |     Core 6    |     Core 7    |     Core 8    |     Core 9    |    Core 10    |    Core 11    |    Core 12    |    Core 13    |    Core 14    |    Core 15    |    Core 16    |    Core 17    |    Core 18    |    Core 19    |    Core 20    |    Core 21    |    Core 22    |    Core 23    |
+--------------------------------+---------+---------------+---------------+---------------+---------------+---------------+---------------+---------------+---------------+---------------+---------------+---------------+---------------+---------------+---------------+---------------+---------------+---------------+---------------+---------------+---------------+---------------+---------------+---------------+---------------+
|        INSTR_RETIRED_ANY       |  FIXC0  | 1355267677177 | 1338237587666 | 1342778880257 | 1339978653022 | 1334293999114 | 1335247942405 | 1012498218099 | 1012636510924 | 1010826800956 | 1011440913849 | 1005387416300 | 1008801762410 | 1327790454901 | 1331217089060 | 1267019094275 | 1264747794321 | 1264422533421 | 1266802107263 | 1003695028584 | 1006246634015 |  996938987487 |  998579901823 |  999692893617 |  996540692124 |
|      CPU_CLK_UNHALTED_CORE     |  FIXC1  |  529153054785 |  529771575260 |  529858243264 |  530087615328 |  530026492829 |  529999648862 |  530603044303 |  530606749851 |  530500756407 |  530654805385 |  530627068684 |  530659429369 |  529770674016 |  530186605505 |  530002220483 |  530192287260 |  530415792650 |  530631395296 |  530779623215 |  530824761758 |  530725324021 |  530722393744 |  530643179190 |  530751113908 |
|      CPU_CLK_UNHALTED_REF      |  FIXC2  |  529247388460 |  529896033816 |  529966720751 |  530190818008 |  530130517850 |  530106215245 |  530644838744 |  530688969028 |  530588788112 |  530684162373 |  530687695311 |  530731453984 |  529872006429 |  530301338091 |  530107323753 |  530300891937 |  530521036276 |  530734292115 |  530832907076 |  530865067516 |  530783595858 |  530768194529 |  530717521941 |  530772269117 |
|           FIXC1/FIXC0          |   CPI   |             0 |             0 |             0 |             0 |             0 |             0 |             0 |             0 |             0 |             0 |             0 |             0 |             0 |             0 |             0 |             0 |             0 |             0 |             0 |             0 |             0 |             0 |             0 |             0 |
|  OFFCORE_RESPONSE_0_LOCAL_DRAM |   PMC0  |     854799397 |     947317060 |     943498105 |    1094429430 |     929342235 |    1040536552 |    2732225413 |    2757150537 |    2695628163 |    2678744007 |    2673916479 |    2688865550 |     907565313 |    1222711836 |    1062098766 |    1054495149 |    1070202275 |    1427477660 |    2761221403 |    2764504560 |    2662542558 |    2714671888 |    2686029518 |    2709138948 |
| OFFCORE_RESPONSE_1_REMOTE_DRAM |   PMC1  |     681286907 |     762641298 |     766256879 |     885416576 |     847553809 |     956507394 |       1216829 |       4420389 |       4472840 |       1756314 |        566164 |       2356953 |     708270838 |     877344440 |     761767963 |     731486469 |     732488603 |     912589048 |       3824640 |       5219419 |       3742156 |       3534142 |       4267081 |       3158780 |
|  MEM_LOAD_UOPS_RETIRED_L3_ALL  |   PMC2  |     273792691 |     259422266 |     267377772 |     264979020 |     285512964 |     281536876 |     735370592 |     733328704 |     766916874 |     730923074 |     785128302 |     772204735 |     342412168 |     275715209 |     234810108 |     233596548 |     231460486 |     230783269 |     709682711 |     710852720 |     735180926 |     765782323 |     729519527 |     764077847 |
|  MEM_LOAD_UOPS_RETIRED_L3_MISS |   PMC3  |     160107752 |     142642144 |     144388527 |     151223500 |     172218630 |     155914644 |      83979177 |      87592481 |      86114758 |      83282558 |      83969408 |      84604799 |     175508369 |     157498131 |     144503782 |     144049187 |     143856609 |     142142397 |      82294698 |      85345958 |      78687354 |      85923053 |      82410458 |      85182294 |
|      L2_TRANS_ALL_REQUESTS     |   PMC4  |   21059590412 |   20789058070 |   21203688262 |   21378167638 |   20352785800 |   21414365368 |   86807860383 |   87466819894 |   88340363103 |   86498044415 |   86299568582 |   87566367370 |   21266328938 |   20545243255 |   19857738679 |   19663833727 |   19252697122 |   19584321586 |   87858829820 |   87448672466 |   87043115477 |   88388788500 |   87120789668 |   88652939412 |
|          L2_RQSTS_MISS         |   PMC5  |    4303076153 |    4192790741 |    4337612480 |    4380852400 |    4170553901 |    4378221829 |   24075603072 |   24151644608 |   24541470860 |   24017190794 |   24173538763 |   24442217889 |    4409710103 |    4113914961 |    4015157215 |    3911292061 |    3814578420 |    3862691486 |   24147908305 |   24010927304 |   24122012247 |   24529171104 |   24094698403 |   24587026226 |
|        UOPS_RETIRED_ALL        |   PMC6  | 1463414937499 | 1451527808781 | 1455274302687 | 1451464832735 | 1446558547313 | 1446463484577 | 1257403577594 | 1255278596187 | 1250611820198 | 1254857635562 | 1249063402445 | 1250354944456 | 1435020194368 | 1443333366660 | 1385590774695 | 1382978593588 | 1384640853102 | 1386144498650 | 1242120712422 | 1245851573305 | 1233696596544 | 1234906065182 | 1237437356688 | 1231048115211 |
|            TEMP_CORE           |   TMP0  |            41 |            42 |            41 |            42 |            43 |            41 |            45 |            44 |            43 |            43 |            43 |            40 |            43 |            42 |            44 |            44 |            44 |            42 |            46 |            46 |            45 |            46 |            43 |            43 |
|         PWR_PKG_ENERGY         |   PWR0  |    18643.6910 |             0 |             0 |             0 |             0 |             0 |             0 |             0 |             0 |             0 |             0 |             0 |    18408.5850 |             0 |             0 |             0 |             0 |             0 |             0 |             0 |             0 |             0 |             0 |             0 |
|         PWR_PP0_ENERGY         |   PWR1  |             0 |             0 |             0 |             0 |             0 |             0 |             0 |             0 |             0 |             0 |             0 |             0 |             0 |             0 |             0 |             0 |             0 |             0 |             0 |             0 |             0 |             0 |             0 |             0 |
|         PWR_DRAM_ENERGY        |   PWR3  |     2723.5234 |             0 |             0 |             0 |             0 |             0 |             0 |             0 |             0 |             0 |             0 |             0 |     2850.5373 |             0 |             0 |             0 |             0 |             0 |             0 |             0 |             0 |             0 |             0 |             0 |
|          CAS_COUNT_RD          | MBOX0C0 |   10742133860 |             0 |             0 |             0 |             0 |             0 |             0 |             0 |             0 |             0 |             0 |             0 |   10740555581 |             0 |             0 |             0 |             0 |             0 |             0 |             0 |             0 |             0 |             0 |             0 |
|          CAS_COUNT_WR          | MBOX0C1 |    4394314080 |             0 |             0 |             0 |             0 |             0 |             0 |             0 |             0 |             0 |             0 |             0 |    3989474238 |             0 |             0 |             0 |             0 |             0 |             0 |             0 |             0 |             0 |             0 |             0 |
|          CAS_COUNT_RD          | MBOX1C0 |   10752109081 |             0 |             0 |             0 |             0 |             0 |             0 |             0 |             0 |             0 |             0 |             0 |   10759728136 |             0 |             0 |             0 |             0 |             0 |             0 |             0 |             0 |             0 |             0 |             0 |
|          CAS_COUNT_WR          | MBOX1C1 |    4406782544 |             0 |             0 |             0 |             0 |             0 |             0 |             0 |             0 |             0 |             0 |             0 |    4002984324 |             0 |             0 |             0 |             0 |             0 |             0 |             0 |             0 |             0 |             0 |             0 |
|          CAS_COUNT_RD          | MBOX2C0 |             0 |             0 |             0 |             0 |             0 |             0 |             0 |             0 |             0 |             0 |             0 |             0 |             0 |             0 |             0 |             0 |             0 |             0 |             0 |             0 |             0 |             0 |             0 |             0 |
|          CAS_COUNT_WR          | MBOX2C1 |             0 |             0 |             0 |             0 |             0 |             0 |             0 |             0 |             0 |             0 |             0 |             0 |             0 |             0 |             0 |             0 |             0 |             0 |             0 |             0 |             0 |             0 |             0 |             0 |
|          CAS_COUNT_RD          | MBOX3C0 |             0 |             0 |             0 |             0 |             0 |             0 |             0 |             0 |             0 |             0 |             0 |             0 |             0 |             0 |             0 |             0 |             0 |             0 |             0 |             0 |             0 |             0 |             0 |             0 |
|          CAS_COUNT_WR          | MBOX3C1 |             0 |             0 |             0 |             0 |             0 |             0 |             0 |             0 |             0 |             0 |             0 |             0 |             0 |             0 |             0 |             0 |             0 |             0 |             0 |             0 |             0 |             0 |             0 |             0 |
|          CAS_COUNT_RD          | MBOX4C0 |   10744904885 |             0 |             0 |             0 |             0 |             0 |             0 |             0 |             0 |             0 |             0 |             0 |   10734752561 |             0 |             0 |             0 |             0 |             0 |             0 |             0 |             0 |             0 |             0 |             0 |
|          CAS_COUNT_WR          | MBOX4C1 |    4400082979 |             0 |             0 |             0 |             0 |             0 |             0 |             0 |             0 |             0 |             0 |             0 |    3989216428 |             0 |             0 |             0 |             0 |             0 |             0 |             0 |             0 |             0 |             0 |             0 |
|          CAS_COUNT_RD          | MBOX5C0 |   10754884035 |             0 |             0 |             0 |             0 |             0 |             0 |             0 |             0 |             0 |             0 |             0 |   10756912549 |             0 |             0 |             0 |             0 |             0 |             0 |             0 |             0 |             0 |             0 |             0 |
|          CAS_COUNT_WR          | MBOX5C1 |    4410912245 |             0 |             0 |             0 |             0 |             0 |             0 |             0 |             0 |             0 |             0 |             0 |    4007375707 |             0 |             0 |             0 |             0 |             0 |             0 |             0 |             0 |             0 |             0 |             0 |
|          CAS_COUNT_RD          | MBOX6C0 |             0 |             0 |             0 |             0 |             0 |             0 |             0 |             0 |             0 |             0 |             0 |             0 |             0 |             0 |             0 |             0 |             0 |             0 |             0 |             0 |             0 |             0 |             0 |             0 |
|          CAS_COUNT_WR          | MBOX6C1 |             0 |             0 |             0 |             0 |             0 |             0 |             0 |             0 |             0 |             0 |             0 |             0 |             0 |             0 |             0 |             0 |             0 |             0 |             0 |             0 |             0 |             0 |             0 |             0 |
|          CAS_COUNT_RD          | MBOX7C0 |             0 |             0 |             0 |             0 |             0 |             0 |             0 |             0 |             0 |             0 |             0 |             0 |             0 |             0 |             0 |             0 |             0 |             0 |             0 |             0 |             0 |             0 |             0 |             0 |
|          CAS_COUNT_WR          | MBOX7C1 |             0 |             0 |             0 |             0 |             0 |             0 |             0 |             0 |             0 |             0 |             0 |             0 |             0 |             0 |             0 |             0 |             0 |             0 |             0 |             0 |             0 |             0 |             0 |             0 |
+--------------------------------+---------+---------------+---------------+---------------+---------------+---------------+---------------+---------------+---------------+---------------+---------------+---------------+---------------+---------------+---------------+---------------+---------------+---------------+---------------+---------------+---------------+---------------+---------------+---------------+---------------+
+-------------------------------------+---------+----------------+---------------+---------------+--------------+
|                Event                | Counter |       Sum      |      Min      |      Max      |      Avg     |
+-------------------------------------+---------+----------------+---------------+---------------+--------------+
|        INSTR_RETIRED_ANY STAT       |  FIXC0  | 27831089573070 |  996540692124 | 1355267677177 | 1.159629e+12 |
|      CPU_CLK_UNHALTED_CORE STAT     |  FIXC1  | 12728193855373 |  529153054785 |  530824761758 | 5.303414e+11 |
|      CPU_CLK_UNHALTED_REF STAT      |  FIXC2  | 12730140046320 |  529247388460 |  530865067516 | 530422501930 |
|           FIXC1/FIXC0 STAT          |   CPI   |              0 |             0 |             0 |            0 |
|  OFFCORE_RESPONSE_0_LOCAL_DRAM STAT |   PMC0  |    45079112802 |     854799397 |    2764504560 | 1.878296e+09 |
| OFFCORE_RESPONSE_1_REMOTE_DRAM STAT |   PMC1  |     9662145931 |        566164 |     956507394 | 4.025894e+08 |
|  MEM_LOAD_UOPS_RETIRED_L3_ALL STAT  |   PMC2  |    12120367712 |     230783269 |     785128302 | 5.050153e+08 |
|  MEM_LOAD_UOPS_RETIRED_L3_MISS STAT |   PMC3  |     2843440668 |      78687354 |     175508369 | 1.184767e+08 |
|      L2_TRANS_ALL_REQUESTS STAT     |   PMC4  |  1295859977947 |   19252697122 |   88652939412 | 5.399417e+10 |
|          L2_RQSTS_MISS STAT         |   PMC5  |   340783861325 |    3814578420 |   24587026226 | 1.419933e+10 |
|        UOPS_RETIRED_ALL STAT        |   PMC6  | 32075042590449 | 1231048115211 | 1463414937499 | 1.336460e+12 |
|            TEMP_CORE STAT           |   TMP0  |           1036 |            40 |            46 |      43.1667 |
|         PWR_PKG_ENERGY STAT         |   PWR0  |     37052.2760 |             0 |    18643.6910 |    1543.8448 |
|         PWR_PP0_ENERGY STAT         |   PWR1  |              0 |             0 |             0 |            0 |
|         PWR_DRAM_ENERGY STAT        |   PWR3  |      5574.0607 |             0 |     2850.5373 |     232.2525 |
|          CAS_COUNT_RD STAT          | MBOX0C0 |    21482689441 |             0 |   10742133860 | 8.951121e+08 |
|          CAS_COUNT_WR STAT          | MBOX0C1 |     8383788318 |             0 |    4394314080 | 3.493245e+08 |
|          CAS_COUNT_RD STAT          | MBOX1C0 |    21511837217 |             0 |   10759728136 | 8.963266e+08 |
|          CAS_COUNT_WR STAT          | MBOX1C1 |     8409766868 |             0 |    4406782544 | 3.504070e+08 |
|          CAS_COUNT_RD STAT          | MBOX2C0 |              0 |             0 |             0 |            0 |
|          CAS_COUNT_WR STAT          | MBOX2C1 |              0 |             0 |             0 |            0 |
|          CAS_COUNT_RD STAT          | MBOX3C0 |              0 |             0 |             0 |            0 |
|          CAS_COUNT_WR STAT          | MBOX3C1 |              0 |             0 |             0 |            0 |
|          CAS_COUNT_RD STAT          | MBOX4C0 |    21479657446 |             0 |   10744904885 | 8.949857e+08 |
|          CAS_COUNT_WR STAT          | MBOX4C1 |     8389299407 |             0 |    4400082979 | 3.495541e+08 |
|          CAS_COUNT_RD STAT          | MBOX5C0 |    21511796584 |             0 |   10756912549 | 8.963249e+08 |
|          CAS_COUNT_WR STAT          | MBOX5C1 |     8418287952 |             0 |    4410912245 |    350761998 |
|          CAS_COUNT_RD STAT          | MBOX6C0 |              0 |             0 |             0 |            0 |
|          CAS_COUNT_WR STAT          | MBOX6C1 |              0 |             0 |             0 |            0 |
|          CAS_COUNT_RD STAT          | MBOX7C0 |              0 |             0 |             0 |            0 |
|          CAS_COUNT_WR STAT          | MBOX7C1 |              0 |             0 |             0 |            0 |
+-------------------------------------+---------+----------------+---------------+---------------+--------------+
+-----------------------------------+------------+-----------+-----------+-----------+-----------+-----------+-----------+-----------+-----------+-----------+-----------+-----------+------------+-----------+-----------+-----------+-----------+-----------+-----------+-----------+-----------+-----------+-----------+-----------+
|               Metric              |   Core 0   |   Core 1  |   Core 2  |   Core 3  |   Core 4  |   Core 5  |   Core 6  |   Core 7  |   Core 8  |   Core 9  |  Core 10  |  Core 11  |   Core 12  |  Core 13  |  Core 14  |  Core 15  |  Core 16  |  Core 17  |  Core 18  |  Core 19  |  Core 20  |  Core 21  |  Core 22  |  Core 23  |
+-----------------------------------+------------+-----------+-----------+-----------+-----------+-----------+-----------+-----------+-----------+-----------+-----------+-----------+------------+-----------+-----------+-----------+-----------+-----------+-----------+-----------+-----------+-----------+-----------+-----------+
|        Runtime (RDTSC) [s]        |   233.4390 |  233.4390 |  233.4390 |  233.4390 |  233.4390 |  233.4390 |  233.4390 |  233.4390 |  233.4390 |  233.4390 |  233.4390 |  233.4390 |   233.4390 |  233.4390 |  233.4390 |  233.4390 |  233.4390 |  233.4390 |  233.4390 |  233.4390 |  233.4390 |  233.4390 |  233.4390 |  233.4390 |
|        Runtime unhalted [s]       |   230.0685 |  230.3375 |  230.3752 |  230.4749 |  230.4483 |  230.4366 |  230.6990 |  230.7006 |  230.6545 |  230.7215 |  230.7094 |  230.7235 |   230.3371 |  230.5179 |  230.4378 |  230.5204 |  230.6176 |  230.7113 |  230.7758 |  230.7954 |  230.7522 |  230.7509 |  230.7164 |  230.7634 |
|            Clock [MHz]            |  2299.5700 | 2299.4398 | 2299.5092 | 2299.5323 | 2299.5287 | 2299.5176 | 2299.7988 | 2299.6236 | 2299.5984 | 2299.8527 | 2299.7172 | 2299.6678 |  2299.5401 | 2299.4824 | 2299.5240 | 2299.5089 | 2299.5237 | 2299.5341 | 2299.7491 | 2299.8053 | 2299.7275 | 2299.7815 | 2299.6578 | 2299.8883 |
|                CPI                |     0.3904 |    0.3959 |    0.3946 |    0.3956 |    0.3972 |    0.3969 |    0.5241 |    0.5240 |    0.5248 |    0.5247 |    0.5278 |    0.5260 |     0.3990 |    0.3983 |    0.4183 |    0.4192 |    0.4195 |    0.4189 |    0.5288 |    0.5275 |    0.5324 |    0.5315 |    0.5308 |    0.5326 |
|   Local DRAM data volume [GByte]  |    54.7072 |   60.6283 |   60.3839 |   70.0435 |   59.4779 |   66.5943 |  174.8624 |  176.4576 |  172.5202 |  171.4396 |  171.1307 |  172.0874 |    58.0842 |   78.2536 |   67.9743 |   67.4877 |   68.4929 |   91.3586 |  176.7182 |  176.9283 |  170.4027 |  173.7390 |  171.9059 |  173.3849 |
|   Local DRAM bandwidth [MByte/s]  |   234.3531 |  259.7179 |  258.6709 |  300.0505 |  254.7899 |  285.2751 |  749.0712 |  755.9047 |  739.0376 |  734.4086 |  733.0851 |  737.1835 |   248.8195 |  335.2206 |  291.1866 |  289.1020 |  293.4083 |  391.3595 |  757.0207 |  757.9209 |  729.9668 |  744.2587 |  736.4060 |  742.7417 |
|  Remote DRAM data volume [GByte]  |    43.6024 |   48.8090 |   49.0404 |   56.6667 |   54.2434 |   61.2165 |    0.0779 |    0.2829 |    0.2863 |    0.1124 |    0.0362 |    0.1508 |    45.3293 |   56.1500 |   48.7531 |   46.8151 |   46.8793 |   58.4057 |    0.2448 |    0.3340 |    0.2395 |    0.2262 |    0.2731 |    0.2022 |
|  Remote DRAM bandwidth [MByte/s]  |   186.7827 |  209.0869 |  210.0782 |  242.7472 |  232.3667 |  262.2376 |    0.3336 |    1.2119 |    1.2263 |    0.4815 |    0.1552 |    0.6462 |   194.1806 |  240.5341 |  208.8475 |  200.5455 |  200.8202 |  250.1968 |    1.0486 |    1.4310 |    1.0260 |    0.9689 |    1.1699 |    0.8660 |
|     Memory data volume [GByte]    |    98.3095 |  109.4373 |  109.4243 |  126.7101 |  113.7213 |  127.8108 |  174.9403 |  176.7405 |  172.8065 |  171.5520 |  171.1669 |  172.2382 |   103.4135 |  134.4036 |  116.7275 |  114.3028 |  115.3722 |  149.7643 |  176.9629 |  177.2623 |  170.6422 |  173.9652 |  172.1790 |  173.5871 |
|     Memory bandwidth [MByte/s]    |   421.1358 |  468.8048 |  468.7491 |  542.7977 |  487.1566 |  547.5127 |  749.4048 |  757.1166 |  740.2639 |  734.8901 |  733.2403 |  737.8297 |   443.0001 |  575.7547 |  500.0341 |  489.6475 |  494.2285 |  641.5563 |  758.0693 |  759.3518 |  730.9928 |  745.2276 |  737.5759 |  743.6078 |
|          L3 request rate          |     1.7101 |    1.8187 |    1.8518 |    1.7522 |    1.6579 |    1.8057 |    8.7566 |    8.3721 |    8.9058 |    8.7764 |    9.3502 |    9.1272 |     1.9510 |    1.7506 |    1.6249 |    1.6216 |    1.6090 |    1.6236 |    8.6237 |    8.3291 |    9.3431 |    8.9124 |    8.8523 |    8.9699 |
|            L3 miss rate           |     2.4883 |    2.9398 |    2.8658 |    3.3415 |    2.9685 |    3.3974 |    0.0017 |    0.0060 |    0.0058 |    0.0024 |    0.0007 |    0.0031 |     2.0685 |    3.1821 |    3.2442 |    3.1314 |    3.1646 |    3.9543 |    0.0054 |    0.0073 |    0.0051 |    0.0046 |    0.0058 |    0.0041 |
|           L3 miss ratio           |     0.7970 |    0.8051 |    0.8121 |    0.8090 |    0.9120 |    0.9192 |    0.0004 |    0.0016 |    0.0017 |    0.0007 |    0.0002 |    0.0009 |     0.7804 |    0.7175 |    0.7172 |    0.6937 |    0.6844 |    0.6393 |    0.0014 |    0.0019 |    0.0014 |    0.0013 |    0.0016 |    0.0012 |
|          L2 request rate          |     0.0155 |    0.0155 |    0.0158 |    0.0160 |    0.0153 |    0.0160 |    0.0857 |    0.0864 |    0.0874 |    0.0855 |    0.0858 |    0.0868 |     0.0160 |    0.0154 |    0.0157 |    0.0155 |    0.0152 |    0.0155 |    0.0875 |    0.0869 |    0.0873 |    0.0885 |    0.0871 |    0.0890 |
|            L2 miss rate           |     0.0032 |    0.0031 |    0.0032 |    0.0033 |    0.0031 |    0.0033 |    0.0238 |    0.0239 |    0.0243 |    0.0237 |    0.0240 |    0.0242 |     0.0033 |    0.0031 |    0.0032 |    0.0031 |    0.0030 |    0.0030 |    0.0241 |    0.0239 |    0.0242 |    0.0246 |    0.0241 |    0.0247 |
|           L2 miss ratio           |     0.2043 |    0.2017 |    0.2046 |    0.2049 |    0.2049 |    0.2045 |    0.2773 |    0.2761 |    0.2778 |    0.2777 |    0.2801 |    0.2791 |     0.2074 |    0.2002 |    0.2022 |    0.1989 |    0.1981 |    0.1972 |    0.2748 |    0.2746 |    0.2771 |    0.2775 |    0.2766 |    0.2773 |
|  Memory read bandwidth [MBytes/s] | 11787.3104 |         0 |         0 |         0 |         0 |         0 |         0 |         0 |         0 |         0 |         0 |         0 | 11786.7394 |         0 |         0 |         0 |         0 |         0 |         0 |         0 |         0 |         0 |         0 |         0 |
|  Memory read data volume [GBytes] |  2751.6180 |         0 |         0 |         0 |         0 |         0 |         0 |         0 |         0 |         0 |         0 |         0 |  2751.4847 |         0 |         0 |         0 |         0 |         0 |         0 |         0 |         0 |         0 |         0 |         0 |
| Memory write bandwidth [MBytes/s] |  4828.5584 |         0 |         0 |         0 |         0 |         0 |         0 |         0 |         0 |         0 |         0 |         0 |  4383.5829 |         0 |         0 |         0 |         0 |         0 |         0 |         0 |         0 |         0 |         0 |         0 |
| Memory write data volume [GBytes] |  1127.1739 |         0 |         0 |         0 |         0 |         0 |         0 |         0 |         0 |         0 |         0 |         0 |  1023.2992 |         0 |         0 |         0 |         0 |         0 |         0 |         0 |         0 |         0 |         0 |         0 |
|    Memory bandwidth [MBytes/s]    | 16615.8689 |         0 |         0 |         0 |         0 |         0 |         0 |         0 |         0 |         0 |         0 |         0 | 16170.3223 |         0 |         0 |         0 |         0 |         0 |         0 |         0 |         0 |         0 |         0 |         0 |
|    Memory data volume [GBytes]    |  3878.7919 |         0 |         0 |         0 |         0 |         0 |         0 |         0 |         0 |         0 |         0 |         0 |  3774.7840 |         0 |         0 |         0 |         0 |         0 |         0 |         0 |         0 |         0 |         0 |         0 |
|          Temperature [C]          |         41 |        42 |        41 |        42 |        43 |        41 |        45 |        44 |        43 |        43 |        43 |        40 |         43 |        42 |        44 |        44 |        44 |        42 |        46 |        46 |        45 |        46 |        43 |        43 |
|             Energy [J]            | 18643.6910 |         0 |         0 |         0 |         0 |         0 |         0 |         0 |         0 |         0 |         0 |         0 | 18408.5850 |         0 |         0 |         0 |         0 |         0 |         0 |         0 |         0 |         0 |         0 |         0 |
|             Power [W]             |    79.8654 |         0 |         0 |         0 |         0 |         0 |         0 |         0 |         0 |         0 |         0 |         0 |    78.8582 |         0 |         0 |         0 |         0 |         0 |         0 |         0 |         0 |         0 |         0 |         0 |
|           Energy PP0 [J]          |          0 |         0 |         0 |         0 |         0 |         0 |         0 |         0 |         0 |         0 |         0 |         0 |          0 |         0 |         0 |         0 |         0 |         0 |         0 |         0 |         0 |         0 |         0 |         0 |
|           Power PP0 [W]           |          0 |         0 |         0 |         0 |         0 |         0 |         0 |         0 |         0 |         0 |         0 |         0 |          0 |         0 |         0 |         0 |         0 |         0 |         0 |         0 |         0 |         0 |         0 |         0 |
|          Energy DRAM [J]          |  2723.5234 |         0 |         0 |         0 |         0 |         0 |         0 |         0 |         0 |         0 |         0 |         0 |  2850.5373 |         0 |         0 |         0 |         0 |         0 |         0 |         0 |         0 |         0 |         0 |         0 |
|           Power DRAM [W]          |    11.6670 |         0 |         0 |         0 |         0 |         0 |         0 |         0 |         0 |         0 |         0 |         0 |    12.2111 |         0 |         0 |         0 |         0 |         0 |         0 |         0 |         0 |         0 |         0 |         0 |
+-----------------------------------+------------+-----------+-----------+-----------+-----------+-----------+-----------+-----------+-----------+-----------+-----------+-----------+------------+-----------+-----------+-----------+-----------+-----------+-----------+-----------+-----------+-----------+-----------+-----------+
+----------------------------------------+------------+-----------+------------+-----------+
|                 Metric                 |     Sum    |    Min    |     Max    |    Avg    |
+----------------------------------------+------------+-----------+------------+-----------+
|        Runtime (RDTSC) [s] STAT        |  5602.5360 |  233.4390 |   233.4390 |  233.4390 |
|        Runtime unhalted [s] STAT       |  5534.0457 |  230.0685 |   230.7954 |  230.5852 |
|            Clock [MHz] STAT            | 55191.0788 | 2299.4398 |  2299.8883 | 2299.6283 |
|                CPI STAT                |    11.1788 |    0.3904 |     0.5326 |    0.4658 |
|   Local DRAM data volume [GByte] STAT  |  2885.0633 |   54.7072 |   176.9283 |  120.2110 |
|   Local DRAM bandwidth [MByte/s] STAT  | 12358.9594 |  234.3531 |   757.9209 |  514.9566 |
|  Remote DRAM data volume [GByte] STAT  |   618.3772 |    0.0362 |    61.2165 |   25.7657 |
|  Remote DRAM bandwidth [MByte/s] STAT  |  2648.9891 |    0.1552 |   262.2376 |  110.3745 |
|     Memory data volume [GByte] STAT    |  3503.4403 |   98.3095 |   177.2623 |  145.9767 |
|     Memory bandwidth [MByte/s] STAT    | 15007.9485 |  421.1358 |   759.3518 |  625.3312 |
|          L3 request rate STAT          |   127.0959 |    1.6090 |     9.3502 |    5.2957 |
|            L3 miss rate STAT           |    36.7984 |    0.0007 |     3.9543 |    1.5333 |
|           L3 miss ratio STAT           |     9.3012 |    0.0002 |     0.9192 |    0.3876 |
|          L2 request rate STAT          |     1.2313 |    0.0152 |     0.0890 |    0.0513 |
|            L2 miss rate STAT           |     0.3274 |    0.0030 |     0.0247 |    0.0136 |
|           L2 miss ratio STAT           |     5.7549 |    0.1972 |     0.2801 |    0.2398 |
|  Memory read bandwidth [MBytes/s] STAT | 23574.0498 |         0 | 11787.3104 |  982.2521 |
|  Memory read data volume [GBytes] STAT |  5503.1027 |         0 |  2751.6180 |  229.2959 |
| Memory write bandwidth [MBytes/s] STAT |  9212.1413 |         0 |  4828.5584 |  383.8392 |
| Memory write data volume [GBytes] STAT |  2150.4731 |         0 |  1127.1739 |   89.6030 |
|    Memory bandwidth [MBytes/s] STAT    | 32786.1912 |         0 | 16615.8689 | 1366.0913 |
|    Memory data volume [GBytes] STAT    |  7653.5759 |         0 |  3878.7919 |  318.8990 |
|          Temperature [C] STAT          |       1036 |        40 |         46 |   43.1667 |
|             Energy [J] STAT            | 37052.2760 |         0 | 18643.6910 | 1543.8448 |
|             Power [W] STAT             |   158.7236 |         0 |    79.8654 |    6.6135 |
|           Energy PP0 [J] STAT          |          0 |         0 |          0 |         0 |
|           Power PP0 [W] STAT           |          0 |         0 |          0 |         0 |
|          Energy DRAM [J] STAT          |  5574.0607 |         0 |  2850.5373 |  232.2525 |
|           Power DRAM [W] STAT          |    23.8781 |         0 |    12.2111 |    0.9949 |
+----------------------------------------+------------+-----------+------------+-----------+
