--------------------------------------------------------------------------------
CPU name:	Intel(R) Xeon(R) CPU E5-2670 v3 @ 2.30GHz
CPU type:	Intel Xeon Haswell EN/EP/EX processor
CPU clock:	2.30 GHz
--------------------------------------------------------------------------------
Group 1: POWERPERF
+--------------------------------+---------+--------------+--------------+--------------+--------------+--------------+--------------+--------------+--------------+--------------+--------------+--------------+--------------+--------------+--------------+--------------+--------------+--------------+--------------+--------------+--------------+--------------+--------------+--------------+--------------+
|              Event             | Counter |    Core 0    |    Core 1    |    Core 2    |    Core 3    |    Core 4    |    Core 5    |    Core 6    |    Core 7    |    Core 8    |    Core 9    |    Core 10   |    Core 11   |    Core 12   |    Core 13   |    Core 14   |    Core 15   |    Core 16   |    Core 17   |    Core 18   |    Core 19   |    Core 20   |    Core 21   |    Core 22   |    Core 23   |
+--------------------------------+---------+--------------+--------------+--------------+--------------+--------------+--------------+--------------+--------------+--------------+--------------+--------------+--------------+--------------+--------------+--------------+--------------+--------------+--------------+--------------+--------------+--------------+--------------+--------------+--------------+
|        INSTR_RETIRED_ANY       |  FIXC0  | 264488829052 | 186956815632 | 187005536536 | 186980781501 | 187106924342 | 187095941305 | 275789662898 | 275154565496 | 267250614400 | 266270224336 | 265351204600 | 264733233509 | 187524715601 | 187607071227 | 187550436685 | 187669043558 | 187663669021 | 186173625164 | 228326578690 | 228067145391 | 227269644267 | 226622575902 | 226077607581 | 225385280974 |
|      CPU_CLK_UNHALTED_CORE     |  FIXC1  | 146552754163 | 117976505348 | 117967131259 | 118022241332 | 117682966288 | 117650477651 | 187562117515 | 187626554235 | 187692468044 | 187673391572 | 187704376738 | 187688722825 | 132222692026 | 135727091031 | 136617168405 | 134700706500 | 131774467106 | 132085298971 | 187607787315 | 187616887409 | 187642038544 | 187611112785 | 187661965206 | 187566843908 |
|      CPU_CLK_UNHALTED_REF      |  FIXC2  | 146629973336 | 118135958184 | 118083621293 | 118143909721 | 117803864818 | 117764496592 | 187563044655 | 187627487941 | 187693361896 | 187674299312 | 187705311178 | 187689455691 | 132332293954 | 135834836695 | 136719886815 | 134815426992 | 131894653220 | 132190391429 | 187616210190 | 187625301354 | 187650105980 | 187619368642 | 187670175527 | 187575159905 |
|           FIXC1/FIXC0          |   CPI   |            0 |            0 |            0 |            0 |            0 |            0 |            0 |            0 |            0 |            0 |            0 |            0 |            0 |            0 |            0 |            0 |            0 |            0 |            0 |            0 |            0 |            0 |            0 |            0 |
|  OFFCORE_RESPONSE_0_LOCAL_DRAM |   PMC0  |   2860103311 |   2611888051 |   2605830258 |   2599264957 |   2638068028 |   2629992553 |    441261597 |    420967057 |    393713619 |    400435226 |    390629728 |    390656982 |   2275156509 |   2226012291 |   2205178833 |   2242909352 |   2350146312 |   2314032510 |    158457974 |    160218278 |    155244398 |    145849638 |    144439550 |    146428932 |
| OFFCORE_RESPONSE_1_REMOTE_DRAM |   PMC1  |       210405 |        33171 |        12754 |         9219 |        18177 |     10340953 |    171176790 |    147411790 |    138793805 |    143802448 |    158737199 |    171201868 |    276791728 |    336283545 |    348636647 |    305426188 |    263177823 |    278589112 |    330086867 |    327402492 |    319408642 |    325325428 |    323570960 |    327844142 |
|  MEM_LOAD_UOPS_RETIRED_L3_ALL  |   PMC2  |     48112901 |     47079990 |     47156402 |     47295923 |     47045840 |     47010483 |    219718141 |    264899198 |    296890853 |    351017943 |    405597349 |    470138996 |     48972689 |     48920959 |     49401748 |     49147403 |     48047672 |     48572509 |    666131122 |    744380846 |    782208857 |    799705402 |    885651131 |    913790736 |
|  MEM_LOAD_UOPS_RETIRED_L3_MISS |   PMC3  |     14984364 |     14834944 |     14797643 |     14859532 |     14952628 |     14873713 |    112671773 |    132241269 |    112278913 |    119775909 |    131926605 |    147559544 |     14902866 |     15033654 |     15040609 |     15025051 |     14997600 |     15117951 |    202810465 |    207696642 |    216380483 |    258234149 |    350759871 |    378025413 |
|      L2_TRANS_ALL_REQUESTS     |   PMC4  |  29912511987 |  27155973455 |  27159497195 |  27167128278 |  27131887531 |  27130503966 |  25156471773 |  25196638190 |  24366723632 |  24382283624 |  24377847163 |  24317848173 |  28929694026 |  29133009283 |  29205117038 |  29093793533 |  28888000211 |  28736679142 |  21926739036 |  21908372885 |  21796819555 |  21826796713 |  21800901420 |  21751100633 |
|          L2_RQSTS_MISS         |   PMC5  |   9609209717 |   9036225574 |   9042574541 |   9051577797 |   8999819150 |   8995228424 |   6179496343 |   6179881146 |   6095872553 |   6096250030 |   6085811124 |   6107098566 |   9087765270 |   9076453647 |   9086582113 |   9093177871 |   9007432433 |   8933460791 |   5246159325 |   5240190210 |   5225809730 |   5222622085 |   5211151694 |   5226181959 |
|        UOPS_RETIRED_ALL        |   PMC6  | 291785469220 | 211573155797 | 211698117844 | 211650177008 | 211906392072 | 211881572720 | 347246220963 | 346056968295 | 337760504534 | 335859125956 | 334074422529 | 332899126148 | 212722225532 | 212882973453 | 212774641218 | 213005955041 | 212986746681 | 211308663020 | 286036259123 | 285619530849 | 284393481268 | 283141195563 | 282089228930 | 280753233740 |
|            TEMP_CORE           |   TMP0  |           43 |           42 |           42 |           43 |           44 |           44 |           47 |           46 |           44 |           45 |           43 |           44 |           44 |           43 |           45 |           46 |           48 |           46 |           46 |           50 |           49 |           48 |           48 |           49 |
|         PWR_PKG_ENERGY         |   PWR0  |    7222.4431 |            0 |            0 |            0 |            0 |            0 |            0 |            0 |            0 |            0 |            0 |            0 |    6698.7823 |            0 |            0 |            0 |            0 |            0 |            0 |            0 |            0 |            0 |            0 |            0 |
|         PWR_PP0_ENERGY         |   PWR1  |            0 |            0 |            0 |            0 |            0 |            0 |            0 |            0 |            0 |            0 |            0 |            0 |            0 |            0 |            0 |            0 |            0 |            0 |            0 |            0 |            0 |            0 |            0 |            0 |
|         PWR_DRAM_ENERGY        |   PWR3  |    1289.2898 |            0 |            0 |            0 |            0 |            0 |            0 |            0 |            0 |            0 |            0 |            0 |    1101.5515 |            0 |            0 |            0 |            0 |            0 |            0 |            0 |            0 |            0 |            0 |            0 |
|          CAS_COUNT_RD          | MBOX0C0 |  11268381080 |            0 |            0 |            0 |            0 |            0 |            0 |            0 |            0 |            0 |            0 |            0 |   8127412758 |            0 |            0 |            0 |            0 |            0 |            0 |            0 |            0 |            0 |            0 |            0 |
|          CAS_COUNT_WR          | MBOX0C1 |   1508915003 |            0 |            0 |            0 |            0 |            0 |            0 |            0 |            0 |            0 |            0 |            0 |   1020821163 |            0 |            0 |            0 |            0 |            0 |            0 |            0 |            0 |            0 |            0 |            0 |
|          CAS_COUNT_RD          | MBOX1C0 |  11263872767 |            0 |            0 |            0 |            0 |            0 |            0 |            0 |            0 |            0 |            0 |            0 |   8123876933 |            0 |            0 |            0 |            0 |            0 |            0 |            0 |            0 |            0 |            0 |            0 |
|          CAS_COUNT_WR          | MBOX1C1 |   1503956725 |            0 |            0 |            0 |            0 |            0 |            0 |            0 |            0 |            0 |            0 |            0 |   1016525593 |            0 |            0 |            0 |            0 |            0 |            0 |            0 |            0 |            0 |            0 |            0 |
|          CAS_COUNT_RD          | MBOX2C0 |            0 |            0 |            0 |            0 |            0 |            0 |            0 |            0 |            0 |            0 |            0 |            0 |            0 |            0 |            0 |            0 |            0 |            0 |            0 |            0 |            0 |            0 |            0 |            0 |
|          CAS_COUNT_WR          | MBOX2C1 |            0 |            0 |            0 |            0 |            0 |            0 |            0 |            0 |            0 |            0 |            0 |            0 |            0 |            0 |            0 |            0 |            0 |            0 |            0 |            0 |            0 |            0 |            0 |            0 |
|          CAS_COUNT_RD          | MBOX3C0 |            0 |            0 |            0 |            0 |            0 |            0 |            0 |            0 |            0 |            0 |            0 |            0 |            0 |            0 |            0 |            0 |            0 |            0 |            0 |            0 |            0 |            0 |            0 |            0 |
|          CAS_COUNT_WR          | MBOX3C1 |            0 |            0 |            0 |            0 |            0 |            0 |            0 |            0 |            0 |            0 |            0 |            0 |            0 |            0 |            0 |            0 |            0 |            0 |            0 |            0 |            0 |            0 |            0 |            0 |
|          CAS_COUNT_RD          | MBOX4C0 |  11273407837 |            0 |            0 |            0 |            0 |            0 |            0 |            0 |            0 |            0 |            0 |            0 |   8127600236 |            0 |            0 |            0 |            0 |            0 |            0 |            0 |            0 |            0 |            0 |            0 |
|          CAS_COUNT_WR          | MBOX4C1 |   1510473401 |            0 |            0 |            0 |            0 |            0 |            0 |            0 |            0 |            0 |            0 |            0 |   1021645329 |            0 |            0 |            0 |            0 |            0 |            0 |            0 |            0 |            0 |            0 |            0 |
|          CAS_COUNT_RD          | MBOX5C0 |  11264068498 |            0 |            0 |            0 |            0 |            0 |            0 |            0 |            0 |            0 |            0 |            0 |   8123840645 |            0 |            0 |            0 |            0 |            0 |            0 |            0 |            0 |            0 |            0 |            0 |
|          CAS_COUNT_WR          | MBOX5C1 |   1506388491 |            0 |            0 |            0 |            0 |            0 |            0 |            0 |            0 |            0 |            0 |            0 |   1017576378 |            0 |            0 |            0 |            0 |            0 |            0 |            0 |            0 |            0 |            0 |            0 |
|          CAS_COUNT_RD          | MBOX6C0 |            0 |            0 |            0 |            0 |            0 |            0 |            0 |            0 |            0 |            0 |            0 |            0 |            0 |            0 |            0 |            0 |            0 |            0 |            0 |            0 |            0 |            0 |            0 |            0 |
|          CAS_COUNT_WR          | MBOX6C1 |            0 |            0 |            0 |            0 |            0 |            0 |            0 |            0 |            0 |            0 |            0 |            0 |            0 |            0 |            0 |            0 |            0 |            0 |            0 |            0 |            0 |            0 |            0 |            0 |
|          CAS_COUNT_RD          | MBOX7C0 |            0 |            0 |            0 |            0 |            0 |            0 |            0 |            0 |            0 |            0 |            0 |            0 |            0 |            0 |            0 |            0 |            0 |            0 |            0 |            0 |            0 |            0 |            0 |            0 |
|          CAS_COUNT_WR          | MBOX7C1 |            0 |            0 |            0 |            0 |            0 |            0 |            0 |            0 |            0 |            0 |            0 |            0 |            0 |            0 |            0 |            0 |            0 |            0 |            0 |            0 |            0 |            0 |            0 |            0 |
+--------------------------------+---------+--------------+--------------+--------------+--------------+--------------+--------------+--------------+--------------+--------------+--------------+--------------+--------------+--------------+--------------+--------------+--------------+--------------+--------------+--------------+--------------+--------------+--------------+--------------+--------------+
+-------------------------------------+---------+---------------+--------------+--------------+--------------+
|                Event                | Counter |      Sum      |      Min     |      Max     |      Avg     |
+-------------------------------------+---------+---------------+--------------+--------------+--------------+
|        INSTR_RETIRED_ANY STAT       |  FIXC0  | 5300121727668 | 186173625164 | 275789662898 | 2.208384e+11 |
|      CPU_CLK_UNHALTED_CORE STAT     |  FIXC1  | 3790633766176 | 117650477651 | 187704376738 | 1.579431e+11 |
|      CPU_CLK_UNHALTED_REF STAT      |  FIXC2  | 3792058595320 | 117764496592 | 187705311178 | 1.580024e+11 |
|           FIXC1/FIXC0 STAT          |   CPI   |             0 |            0 |            0 |            0 |
|  OFFCORE_RESPONSE_0_LOCAL_DRAM STAT |   PMC0  |   32906885944 |    144439550 |   2860103311 | 1.371120e+09 |
| OFFCORE_RESPONSE_1_REMOTE_DRAM STAT |   PMC1  |    4704292153 |         9219 |    348636647 | 1.960122e+08 |
|  MEM_LOAD_UOPS_RETIRED_L3_ALL STAT  |   PMC2  |    7376895093 |     47010483 |    913790736 | 3.073706e+08 |
|  MEM_LOAD_UOPS_RETIRED_L3_MISS STAT |   PMC3  |    2549781591 |     14797643 |    378025413 | 1.062409e+08 |
|      L2_TRANS_ALL_REQUESTS STAT     |   PMC4  |  618452338442 |  21751100633 |  29912511987 | 2.576885e+10 |
|          L2_RQSTS_MISS STAT         |   PMC5  |  177136032093 |   5211151694 |   9609209717 | 7.380668e+09 |
|        UOPS_RETIRED_ALL STAT        |   PMC6  | 6362105387504 | 211308663020 | 347246220963 | 2.650877e+11 |
|            TEMP_CORE STAT           |   TMP0  |          1089 |           42 |           50 |      45.3750 |
|         PWR_PKG_ENERGY STAT         |   PWR0  |    13921.2254 |            0 |    7222.4431 |     580.0511 |
|         PWR_PP0_ENERGY STAT         |   PWR1  |             0 |            0 |            0 |            0 |
|         PWR_DRAM_ENERGY STAT        |   PWR3  |     2390.8413 |            0 |    1289.2898 |      99.6184 |
|          CAS_COUNT_RD STAT          | MBOX0C0 |   19395793838 |            0 |  11268381080 | 8.081581e+08 |
|          CAS_COUNT_WR STAT          | MBOX0C1 |    2529736166 |            0 |   1508915003 | 1.054057e+08 |
|          CAS_COUNT_RD STAT          | MBOX1C0 |   19387749700 |            0 |  11263872767 | 8.078229e+08 |
|          CAS_COUNT_WR STAT          | MBOX1C1 |    2520482318 |            0 |   1503956725 | 1.050201e+08 |
|          CAS_COUNT_RD STAT          | MBOX2C0 |             0 |            0 |            0 |            0 |
|          CAS_COUNT_WR STAT          | MBOX2C1 |             0 |            0 |            0 |            0 |
|          CAS_COUNT_RD STAT          | MBOX3C0 |             0 |            0 |            0 |            0 |
|          CAS_COUNT_WR STAT          | MBOX3C1 |             0 |            0 |            0 |            0 |
|          CAS_COUNT_RD STAT          | MBOX4C0 |   19401008073 |            0 |  11273407837 | 8.083753e+08 |
|          CAS_COUNT_WR STAT          | MBOX4C1 |    2532118730 |            0 |   1510473401 | 1.055049e+08 |
|          CAS_COUNT_RD STAT          | MBOX5C0 |   19387909143 |            0 |  11264068498 | 8.078295e+08 |
|          CAS_COUNT_WR STAT          | MBOX5C1 |    2523964869 |            0 |   1506388491 | 1.051652e+08 |
|          CAS_COUNT_RD STAT          | MBOX6C0 |             0 |            0 |            0 |            0 |
|          CAS_COUNT_WR STAT          | MBOX6C1 |             0 |            0 |            0 |            0 |
|          CAS_COUNT_RD STAT          | MBOX7C0 |             0 |            0 |            0 |            0 |
|          CAS_COUNT_WR STAT          | MBOX7C1 |             0 |            0 |            0 |            0 |
+-------------------------------------+---------+---------------+--------------+--------------+--------------+
+-----------------------------------+------------+--------------+--------------+--------------+--------------+-----------+-----------+-----------+-----------+-----------+-----------+-----------+------------+-----------+-----------+-----------+-----------+-----------+-----------+-----------+-----------+-----------+-----------+-----------+
|               Metric              |   Core 0   |    Core 1    |    Core 2    |    Core 3    |    Core 4    |   Core 5  |   Core 6  |   Core 7  |   Core 8  |   Core 9  |  Core 10  |  Core 11  |   Core 12  |  Core 13  |  Core 14  |  Core 15  |  Core 16  |  Core 17  |  Core 18  |  Core 19  |  Core 20  |  Core 21  |  Core 22  |  Core 23  |
+-----------------------------------+------------+--------------+--------------+--------------+--------------+-----------+-----------+-----------+-----------+-----------+-----------+-----------+------------+-----------+-----------+-----------+-----------+-----------+-----------+-----------+-----------+-----------+-----------+-----------+
|        Runtime (RDTSC) [s]        |    82.3538 |      82.3538 |      82.3538 |      82.3538 |      82.3538 |   82.3538 |   82.3538 |   82.3538 |   82.3538 |   82.3538 |   82.3538 |   82.3538 |    82.3538 |   82.3538 |   82.3538 |   82.3538 |   82.3538 |   82.3538 |   82.3538 |   82.3538 |   82.3538 |   82.3538 |   82.3538 |   82.3538 |
|        Runtime unhalted [s]       |    63.7187 |      51.2942 |      51.2902 |      51.3141 |      51.1666 |   51.1525 |   81.5489 |   81.5769 |   81.6056 |   81.5973 |   81.6108 |   81.6040 |    57.4882 |   59.0119 |   59.3989 |   58.5656 |   57.2934 |   57.4285 |   81.5688 |   81.5727 |   81.5837 |   81.5702 |   81.5923 |   81.5510 |
|            Clock [MHz]            |  2298.7839 |    2296.8908 |    2297.7262 |    2297.6266 |    2297.6348 | 2297.7683 | 2299.9838 | 2299.9837 | 2299.9842 | 2299.9841 | 2299.9837 | 2299.9862 |  2298.0903 | 2298.1708 | 2298.2672 | 2298.0380 | 2297.8994 | 2298.1667 | 2299.8919 | 2299.8920 | 2299.8963 | 2299.8940 | 2299.8946 | 2299.8932 |
|                CPI                |     0.5541 |       0.6310 |       0.6308 |       0.6312 |       0.6290 |    0.6288 |    0.6801 |    0.6819 |    0.7023 |    0.7048 |    0.7074 |    0.7090 |     0.7051 |    0.7235 |    0.7284 |    0.7178 |    0.7022 |    0.7095 |    0.8217 |    0.8226 |    0.8256 |    0.8279 |    0.8301 |    0.8322 |
|   Local DRAM data volume [GByte]  |   183.0466 |     167.1608 |     166.7731 |     166.3530 |     168.8364 |  168.3195 |   28.2407 |   26.9419 |   25.1977 |   25.6279 |   25.0003 |   25.0020 |   145.6100 |  142.4648 |  141.1314 |  143.5462 |  150.4094 |  148.0981 |   10.1413 |   10.2540 |    9.9356 |    9.3344 |    9.2441 |    9.3715 |
|   Local DRAM bandwidth [MByte/s]  |  2222.6846 |    2029.7880 |    2025.0803 |    2019.9782 |    2050.1334 | 2043.8576 |  342.9196 |  327.1480 |  305.9684 |  311.1920 |  303.5718 |  303.5930 |  1768.1024 | 1729.9107 | 1713.7203 | 1743.0420 | 1826.3795 | 1798.3142 |  123.1431 |  124.5111 |  120.6458 |  113.3448 |  112.2489 |  113.7950 |
|  Remote DRAM data volume [GByte]  |     0.0135 |       0.0021 |       0.0008 |       0.0006 |       0.0012 |    0.6618 |   10.9553 |    9.4344 |    8.8828 |    9.2034 |   10.1592 |   10.9569 |    17.7147 |   21.5221 |   22.3127 |   19.5473 |   16.8434 |   17.8297 |   21.1256 |   20.9538 |   20.4422 |   20.8208 |   20.7085 |   20.9820 |
|  Remote DRAM bandwidth [MByte/s]  |     0.1635 |       0.0258 |       0.0099 |       0.0072 |       0.0141 |    8.0363 |  133.0274 |  114.5588 |  107.8614 |  111.7538 |  123.3601 |  133.0469 |   215.1044 |  261.3375 |  270.9375 |  237.3572 |  204.5245 |  216.5012 |  256.5219 |  254.4357 |  248.2234 |  252.8216 |  251.4581 |  254.7790 |
|     Memory data volume [GByte]    |   183.0601 |     167.1630 |     166.7740 |     166.3535 |     168.8375 |  168.9813 |   39.1961 |   36.3762 |   34.0805 |   34.8312 |   35.1595 |   35.9590 |   163.3247 |  163.9869 |  163.4442 |  163.0935 |  167.2527 |  165.9278 |   31.2669 |   31.2077 |   30.3778 |   30.1552 |   29.9527 |   30.3535 |
|     Memory bandwidth [MByte/s]    |  2222.8481 |    2029.8138 |    2025.0902 |    2019.9853 |    2050.1475 | 2051.8940 |  475.9469 |  441.7067 |  413.8298 |  422.9458 |  426.9319 |  436.6398 |  1983.2067 | 1991.2482 | 1984.6578 | 1980.3992 | 2030.9040 | 2014.8154 |  379.6650 |  378.9469 |  368.8692 |  366.1663 |  363.7071 |  368.5739 |
|          L3 request rate          |     3.2109 |       3.1736 |       3.1868 |       3.1829 |       3.1463 |    3.1606 |    1.9501 |    2.0032 |    2.6442 |    2.9306 |    3.0744 |    3.1861 |     3.2861 |    3.2541 |    3.2846 |    3.2710 |    3.2037 |    3.2129 |    3.2845 |    3.5840 |    3.6150 |    3.0968 |    2.5249 |    2.4173 |
|            L3 miss rate           |     0.0044 |       0.0007 |       0.0003 |       0.0002 |       0.0004 |    0.2200 |    0.7791 |    0.5565 |    0.4675 |    0.4097 |    0.3914 |    0.3642 |     5.6520 |    6.8740 |    7.0572 |    6.2145 |    5.4774 |    5.7355 |    0.4955 |    0.4398 |    0.4083 |    0.4068 |    0.3653 |    0.3588 |
|           L3 miss ratio           |     0.0001 | 1.270001e-05 | 4.894409e-06 | 3.546772e-06 | 6.890270e-06 |    0.0039 |    0.3879 |    0.3502 |    0.3525 |    0.3591 |    0.4064 |    0.4382 |     0.1217 |    0.1511 |    0.1581 |    0.1362 |    0.1120 |    0.1204 |    2.0831 |    2.0435 |    2.0575 |    2.2306 |    2.2402 |    2.2389 |
|          L2 request rate          |     0.1131 |       0.1453 |       0.1452 |       0.1453 |       0.1450 |    0.1450 |    0.0912 |    0.0916 |    0.0912 |    0.0916 |    0.0919 |    0.0919 |     0.1543 |    0.1553 |    0.1557 |    0.1550 |    0.1539 |    0.1544 |    0.0960 |    0.0961 |    0.0959 |    0.0963 |    0.0964 |    0.0965 |
|            L2 miss rate           |     0.0363 |       0.0483 |       0.0484 |       0.0484 |       0.0481 |    0.0481 |    0.0224 |    0.0225 |    0.0228 |    0.0229 |    0.0229 |    0.0231 |     0.0485 |    0.0484 |    0.0484 |    0.0485 |    0.0480 |    0.0480 |    0.0230 |    0.0230 |    0.0230 |    0.0230 |    0.0231 |    0.0232 |
|           L2 miss ratio           |     0.3212 |       0.3328 |       0.3329 |       0.3332 |       0.3317 |    0.3316 |    0.2456 |    0.2453 |    0.2502 |    0.2500 |    0.2496 |    0.2511 |     0.3141 |    0.3116 |    0.3111 |    0.3125 |    0.3118 |    0.3109 |    0.2393 |    0.2392 |    0.2398 |    0.2393 |    0.2390 |    0.2403 |
|  Memory read bandwidth [MBytes/s] | 35025.2370 |            0 |            0 |            0 |            0 |         0 |         0 |         0 |         0 |         0 |         0 |         0 | 25258.9895 |         0 |         0 |         0 |         0 |         0 |         0 |         0 |         0 |         0 |         0 |         0 |
|  Memory read data volume [GBytes] |  2884.4627 |            0 |            0 |            0 |            0 |         0 |         0 |         0 |         0 |         0 |         0 |         0 |  2080.1748 |         0 |         0 |         0 |         0 |         0 |         0 |         0 |         0 |         0 |         0 |         0 |
| Memory write bandwidth [MBytes/s] |  4685.9133 |            0 |            0 |            0 |            0 |         0 |         0 |         0 |         0 |         0 |         0 |         0 |  3168.0415 |         0 |         0 |         0 |         0 |         0 |         0 |         0 |         0 |         0 |         0 |         0 |
| Memory write data volume [GBytes] |   385.9030 |            0 |            0 |            0 |            0 |         0 |         0 |         0 |         0 |         0 |         0 |         0 |   260.9004 |         0 |         0 |         0 |         0 |         0 |         0 |         0 |         0 |         0 |         0 |         0 |
|    Memory bandwidth [MBytes/s]    | 39711.1503 |            0 |            0 |            0 |            0 |         0 |         0 |         0 |         0 |         0 |         0 |         0 | 28427.0310 |         0 |         0 |         0 |         0 |         0 |         0 |         0 |         0 |         0 |         0 |         0 |
|    Memory data volume [GBytes]    |  3270.3657 |            0 |            0 |            0 |            0 |         0 |         0 |         0 |         0 |         0 |         0 |         0 |  2341.0751 |         0 |         0 |         0 |         0 |         0 |         0 |         0 |         0 |         0 |         0 |         0 |
|          Temperature [C]          |         43 |           42 |           42 |           43 |           44 |        44 |        47 |        46 |        44 |        45 |        43 |        44 |         44 |        43 |        45 |        46 |        48 |        46 |        46 |        50 |        49 |        48 |        48 |        49 |
|             Energy [J]            |  7222.4431 |            0 |            0 |            0 |            0 |         0 |         0 |         0 |         0 |         0 |         0 |         0 |  6698.7823 |         0 |         0 |         0 |         0 |         0 |         0 |         0 |         0 |         0 |         0 |         0 |
|             Power [W]             |    87.7001 |            0 |            0 |            0 |            0 |         0 |         0 |         0 |         0 |         0 |         0 |         0 |    81.3415 |         0 |         0 |         0 |         0 |         0 |         0 |         0 |         0 |         0 |         0 |         0 |
|           Energy PP0 [J]          |          0 |            0 |            0 |            0 |            0 |         0 |         0 |         0 |         0 |         0 |         0 |         0 |          0 |         0 |         0 |         0 |         0 |         0 |         0 |         0 |         0 |         0 |         0 |         0 |
|           Power PP0 [W]           |          0 |            0 |            0 |            0 |            0 |         0 |         0 |         0 |         0 |         0 |         0 |         0 |          0 |         0 |         0 |         0 |         0 |         0 |         0 |         0 |         0 |         0 |         0 |         0 |
|          Energy DRAM [J]          |  1289.2898 |            0 |            0 |            0 |            0 |         0 |         0 |         0 |         0 |         0 |         0 |         0 |  1101.5515 |         0 |         0 |         0 |         0 |         0 |         0 |         0 |         0 |         0 |         0 |         0 |
|           Power DRAM [W]          |    15.6555 |            0 |            0 |            0 |            0 |         0 |         0 |         0 |         0 |         0 |         0 |         0 |    13.3758 |         0 |         0 |         0 |         0 |         0 |         0 |         0 |         0 |         0 |         0 |         0 |
+-----------------------------------+------------+--------------+--------------+--------------+--------------+-----------+-----------+-----------+-----------+-----------+-----------+-----------+------------+-----------+-----------+-----------+-----------+-----------+-----------+-----------+-----------+-----------+-----------+-----------+
+----------------------------------------+------------+--------------+------------+-----------+
|                 Metric                 |     Sum    |      Min     |     Max    |    Avg    |
+----------------------------------------+------------+--------------+------------+-----------+
|        Runtime (RDTSC) [s] STAT        |  1976.4912 |      82.3538 |    82.3538 |   82.3538 |
|        Runtime unhalted [s] STAT       |  1648.1050 |      51.1525 |    81.6108 |   68.6710 |
|            Clock [MHz] STAT            | 55174.3307 |    2296.8908 |  2299.9862 | 2298.9304 |
|                CPI STAT                |    17.1370 |       0.5541 |     0.8322 |    0.7140 |
|   Local DRAM data volume [GByte] STAT  |  2106.0407 |       9.2441 |   183.0466 |   87.7517 |
|   Local DRAM bandwidth [MByte/s] STAT  | 25573.0727 |     112.2489 |  2222.6846 | 1065.5447 |
|  Remote DRAM data volume [GByte] STAT  |   301.0748 |       0.0006 |    22.3127 |   12.5448 |
|  Remote DRAM bandwidth [MByte/s] STAT  |  3655.8672 |       0.0072 |   270.9375 |  152.3278 |
|     Memory data volume [GByte] STAT    |  2407.1155 |      29.9527 |   183.0601 |  100.2965 |
|     Memory bandwidth [MByte/s] STAT    | 29228.9395 |     363.7071 |  2222.8481 | 1217.8725 |
|          L3 request rate STAT          |    72.8846 |       1.9501 |     3.6150 |    3.0369 |
|            L3 miss rate STAT           |    42.6795 |       0.0002 |     7.0572 |    1.7783 |
|           L3 miss ratio STAT           |    15.9916 | 3.546772e-06 |     2.2402 |    0.6663 |
|          L2 request rate STAT          |     2.8941 |       0.0912 |     0.1557 |    0.1206 |
|            L2 miss rate STAT           |     0.8423 |       0.0224 |     0.0485 |    0.0351 |
|           L2 miss ratio STAT           |     6.7841 |       0.2390 |     0.3332 |    0.2827 |
|  Memory read bandwidth [MBytes/s] STAT | 60284.2265 |            0 | 35025.2370 | 2511.8428 |
|  Memory read data volume [GBytes] STAT |  4964.6375 |            0 |  2884.4627 |  206.8599 |
| Memory write bandwidth [MBytes/s] STAT |  7853.9548 |            0 |  4685.9133 |  327.2481 |
| Memory write data volume [GBytes] STAT |   646.8034 |            0 |   385.9030 |   26.9501 |
|    Memory bandwidth [MBytes/s] STAT    | 68138.1813 |            0 | 39711.1503 | 2839.0909 |
|    Memory data volume [GBytes] STAT    |  5611.4408 |            0 |  3270.3657 |  233.8100 |
|          Temperature [C] STAT          |       1089 |           42 |         50 |   45.3750 |
|             Energy [J] STAT            | 13921.2254 |            0 |  7222.4431 |  580.0511 |
|             Power [W] STAT             |   169.0416 |            0 |    87.7001 |    7.0434 |
|           Energy PP0 [J] STAT          |          0 |            0 |          0 |         0 |
|           Power PP0 [W] STAT           |          0 |            0 |          0 |         0 |
|          Energy DRAM [J] STAT          |  2390.8413 |            0 |  1289.2898 |   99.6184 |
|           Power DRAM [W] STAT          |    29.0313 |            0 |    15.6555 |    1.2096 |
+----------------------------------------+------------+--------------+------------+-----------+
