--------------------------------------------------------------------------------
CPU name:	Intel(R) Xeon(R) CPU E5-2670 v3 @ 2.30GHz
CPU type:	Intel Xeon Haswell EN/EP/EX processor
CPU clock:	2.30 GHz
--------------------------------------------------------------------------------
Group 1: POWERPERF
+--------------------------------+---------+--------------+--------------+--------------+--------------+--------------+--------------+-----------+------------+------------+-----------+-----------+---------+--------------+--------------+--------------+--------------+--------------+--------------+-----------+------------+------------+-----------+------------+-----------+
|              Event             | Counter |    Core 0    |    Core 1    |    Core 2    |    Core 3    |    Core 4    |    Core 5    |   Core 6  |   Core 7   |   Core 8   |   Core 9  |  Core 10  | Core 11 |    Core 12   |    Core 13   |    Core 14   |    Core 15   |    Core 16   |    Core 17   |  Core 18  |   Core 19  |   Core 20  |  Core 21  |   Core 22  |  Core 23  |
+--------------------------------+---------+--------------+--------------+--------------+--------------+--------------+--------------+-----------+------------+------------+-----------+-----------+---------+--------------+--------------+--------------+--------------+--------------+--------------+-----------+------------+------------+-----------+------------+-----------+
|        INSTR_RETIRED_ANY       |  FIXC0  | 264682788951 | 187424709014 | 188714223187 | 187287089918 | 188991714751 | 187252003998 | 232305821 | 7484775610 |  442062277 |  58879084 | 297878274 | 6352893 | 186920274995 | 187168410685 | 187610602294 | 187270855120 | 198731081888 | 186294292404 | 278558972 | 7336707782 | 1516674801 |  77075555 | 1108681737 | 130152969 |
|      CPU_CLK_UNHALTED_CORE     |  FIXC1  | 127192388213 |  98678927507 |  99371322290 |  98738307435 |  99982318698 |  98765729948 | 144330677 | 5296104128 |  789425209 |  82813131 | 198293420 | 4418806 | 104202380783 | 104385354417 |  96351564782 |  96355017989 | 101595034689 |  94689447357 | 192746658 | 5509134230 | 1497955535 | 161280045 |  734370013 |  84726039 |
|      CPU_CLK_UNHALTED_REF      |  FIXC2  | 127437075177 |  99086067953 | 100801439923 |  99506775121 | 100135055656 |  98958597100 | 263472889 | 9626117228 | 1508087230 | 156598559 | 368646300 | 8341985 | 104318656917 | 104600857027 |  97019734659 |  97348581874 | 102240542149 |  95205153293 | 352685979 | 9839333254 | 2835450672 | 306634942 | 1346874250 | 155816007 |
|           FIXC1/FIXC0          |   CPI   |            0 |            0 |            0 |            0 |            0 |            0 |         0 |          0 |          0 |         0 |         0 |       0 |            0 |            0 |            0 |            0 |            0 |            0 |         0 |          0 |          0 |         0 |          0 |         0 |
|  OFFCORE_RESPONSE_0_LOCAL_DRAM |   PMC0  |   2772513343 |   2624100717 |   2624933644 |   2615423476 |   2595475225 |   2589321378 |    292266 |   15004395 |    5264158 |    395388 |    534675 |   11200 |   2128405938 |   2201204218 |   2677297658 |   2672988236 |   2718245728 |   2699258073 |    190169 |    5938481 |    4875687 |    519633 |     788891 |     71481 |
| OFFCORE_RESPONSE_1_REMOTE_DRAM |   PMC1  |     92055505 |      7369552 |      7834356 |      7666525 |     62029327 |     72029910 |     72887 |    3009195 |    4196843 |    144714 |    137230 |    1073 |    441475627 |    390195696 |       999246 |       233711 |       300953 |       401996 |    640782 |   13266028 |    6845488 |    885460 |    1474719 |    140751 |
|  MEM_LOAD_UOPS_RETIRED_L3_ALL  |   PMC2  |     49539210 |     47892954 |     49446629 |     48524877 |     49383135 |     47747472 |    184884 |    7118928 |    2464532 |    164471 |    263324 |    4135 |     48871547 |     48824439 |     48173260 |     47697563 |     55240897 |     46455271 |    254988 |    7012453 |    3231573 |    402182 |     941229 |    114197 |
|  MEM_LOAD_UOPS_RETIRED_L3_MISS |   PMC3  |     15275435 |     15151053 |     15548505 |     15307417 |     15257707 |     15146537 |     76551 |    4015594 |    1831122 |    107947 |    143839 |    2731 |     14992836 |     15069787 |     14876579 |     14859955 |     14978694 |     14925573 |     99190 |    4255060 |    2265924 |    268557 |     481105 |     47027 |
|      L2_TRANS_ALL_REQUESTS     |   PMC4  |  29489479461 |  26749356311 |  26793454958 |  26765104475 |  26822508844 |  26757766336 |   7027939 |  252279972 |   42214550 |   3503065 |   9780145 |  183724 |  27011701962 |  26996647585 |  26660310891 |  26649309561 |  26905215080 |  26379877991 |  10665255 |  252195236 |   75172233 |   7165213 |   35772481 |   4470954 |
|          L2_RQSTS_MISS         |   PMC5  |   9576987783 |   9004319053 |   9011372849 |   9017163378 |   8976783854 |   8964206340 |    837540 |   32431583 |   12490365 |    893937 |   1183603 |   22782 |   9066381992 |   9039342202 |   8950021200 |   8953411872 |   8926274794 |   8812883493 |   1700083 |   32462543 |   16063797 |   2208189 |    4224515 |    499299 |
|        UOPS_RETIRED_ALL        |   PMC6  | 292085304941 | 212360016197 | 213745502844 | 212116897612 | 213950483398 | 211977099667 | 262161244 | 8571905639 |  510162072 |  74076485 | 337837749 | 7308281 | 211398860436 | 211766460472 | 212323598249 | 212047808133 | 225008148131 | 210917356355 | 327034735 | 8411686841 | 1727713131 | 102058372 | 1258001482 | 150890291 |
|            TEMP_CORE           |   TMP0  |           41 |           40 |           39 |           40 |           41 |           40 |        41 |         39 |         38 |        36 |        35 |      36 |           44 |           42 |           41 |           42 |           44 |           42 |        42 |         43 |         43 |        42 |         43 |        42 |
|         PWR_PKG_ENERGY         |   PWR0  |    4373.6640 |            0 |            0 |            0 |            0 |            0 |         0 |          0 |          0 |         0 |         0 |       0 |    4133.8365 |            0 |            0 |            0 |            0 |            0 |         0 |          0 |          0 |         0 |          0 |         0 |
|         PWR_PP0_ENERGY         |   PWR1  |            0 |            0 |            0 |            0 |            0 |            0 |         0 |          0 |          0 |         0 |         0 |       0 |            0 |            0 |            0 |            0 |            0 |            0 |         0 |          0 |          0 |         0 |          0 |         0 |
|         PWR_DRAM_ENERGY        |   PWR3  |     930.0574 |            0 |            0 |            0 |            0 |            0 |         0 |          0 |          0 |         0 |         0 |       0 |     911.7006 |            0 |            0 |            0 |            0 |            0 |         0 |          0 |          0 |         0 |          0 |         0 |
|          CAS_COUNT_RD          | MBOX0C0 |   8905255167 |            0 |            0 |            0 |            0 |            0 |         0 |          0 |          0 |         0 |         0 |       0 |   8046641892 |            0 |            0 |            0 |            0 |            0 |         0 |          0 |          0 |         0 |          0 |         0 |
|          CAS_COUNT_WR          | MBOX0C1 |    691708984 |            0 |            0 |            0 |            0 |            0 |         0 |          0 |          0 |         0 |         0 |       0 |    693322230 |            0 |            0 |            0 |            0 |            0 |         0 |          0 |          0 |         0 |          0 |         0 |
|          CAS_COUNT_RD          | MBOX1C0 |   8900420628 |            0 |            0 |            0 |            0 |            0 |         0 |          0 |          0 |         0 |         0 |       0 |   8043585297 |            0 |            0 |            0 |            0 |            0 |         0 |          0 |          0 |         0 |          0 |         0 |
|          CAS_COUNT_WR          | MBOX1C1 |    688725985 |            0 |            0 |            0 |            0 |            0 |         0 |          0 |          0 |         0 |         0 |       0 |    690287163 |            0 |            0 |            0 |            0 |            0 |         0 |          0 |          0 |         0 |          0 |         0 |
|          CAS_COUNT_RD          | MBOX2C0 |            0 |            0 |            0 |            0 |            0 |            0 |         0 |          0 |          0 |         0 |         0 |       0 |            0 |            0 |            0 |            0 |            0 |            0 |         0 |          0 |          0 |         0 |          0 |         0 |
|          CAS_COUNT_WR          | MBOX2C1 |            0 |            0 |            0 |            0 |            0 |            0 |         0 |          0 |          0 |         0 |         0 |       0 |            0 |            0 |            0 |            0 |            0 |            0 |         0 |          0 |          0 |         0 |          0 |         0 |
|          CAS_COUNT_RD          | MBOX3C0 |            0 |            0 |            0 |            0 |            0 |            0 |         0 |          0 |          0 |         0 |         0 |       0 |            0 |            0 |            0 |            0 |            0 |            0 |         0 |          0 |          0 |         0 |          0 |         0 |
|          CAS_COUNT_WR          | MBOX3C1 |            0 |            0 |            0 |            0 |            0 |            0 |         0 |          0 |          0 |         0 |         0 |       0 |            0 |            0 |            0 |            0 |            0 |            0 |         0 |          0 |          0 |         0 |          0 |         0 |
|          CAS_COUNT_RD          | MBOX4C0 |   8903483383 |            0 |            0 |            0 |            0 |            0 |         0 |          0 |          0 |         0 |         0 |       0 |   8046579062 |            0 |            0 |            0 |            0 |            0 |         0 |          0 |          0 |         0 |          0 |         0 |
|          CAS_COUNT_WR          | MBOX4C1 |    692376909 |            0 |            0 |            0 |            0 |            0 |         0 |          0 |          0 |         0 |         0 |       0 |    694152769 |            0 |            0 |            0 |            0 |            0 |         0 |          0 |          0 |         0 |          0 |         0 |
|          CAS_COUNT_RD          | MBOX5C0 |   8901534970 |            0 |            0 |            0 |            0 |            0 |         0 |          0 |          0 |         0 |         0 |       0 |   8043690173 |            0 |            0 |            0 |            0 |            0 |         0 |          0 |          0 |         0 |          0 |         0 |
|          CAS_COUNT_WR          | MBOX5C1 |    690286959 |            0 |            0 |            0 |            0 |            0 |         0 |          0 |          0 |         0 |         0 |       0 |    691222651 |            0 |            0 |            0 |            0 |            0 |         0 |          0 |          0 |         0 |          0 |         0 |
|          CAS_COUNT_RD          | MBOX6C0 |            0 |            0 |            0 |            0 |            0 |            0 |         0 |          0 |          0 |         0 |         0 |       0 |            0 |            0 |            0 |            0 |            0 |            0 |         0 |          0 |          0 |         0 |          0 |         0 |
|          CAS_COUNT_WR          | MBOX6C1 |            0 |            0 |            0 |            0 |            0 |            0 |         0 |          0 |          0 |         0 |         0 |       0 |            0 |            0 |            0 |            0 |            0 |            0 |         0 |          0 |          0 |         0 |          0 |         0 |
|          CAS_COUNT_RD          | MBOX7C0 |            0 |            0 |            0 |            0 |            0 |            0 |         0 |          0 |          0 |         0 |         0 |       0 |            0 |            0 |            0 |            0 |            0 |            0 |         0 |          0 |          0 |         0 |          0 |         0 |
|          CAS_COUNT_WR          | MBOX7C1 |            0 |            0 |            0 |            0 |            0 |            0 |         0 |          0 |          0 |         0 |         0 |       0 |            0 |            0 |            0 |            0 |            0 |            0 |         0 |          0 |          0 |         0 |          0 |         0 |
+--------------------------------+---------+--------------+--------------+--------------+--------------+--------------+--------------+-----------+------------+------------+-----------+-----------+---------+--------------+--------------+--------------+--------------+--------------+--------------+-----------+------------+------------+-----------+------------+-----------+
+-------------------------------------+---------+---------------+---------+--------------+--------------+
|                Event                | Counter |      Sum      |   Min   |      Max     |      Avg     |
+-------------------------------------+---------+---------------+---------+--------------+--------------+
|        INSTR_RETIRED_ANY STAT       |  FIXC0  | 2357318152980 | 6352893 | 264682788951 | 9.822159e+10 |
|      CPU_CLK_UNHALTED_CORE STAT     |  FIXC1  | 1235003391999 | 4418806 | 127192388213 | 5.145847e+10 |
|      CPU_CLK_UNHALTED_REF STAT      |  FIXC2  | 1253426596144 | 8341985 | 127437075177 | 5.222611e+10 |
|           FIXC1/FIXC0 STAT          |   CPI   |             0 |       0 |            0 |            0 |
|  OFFCORE_RESPONSE_0_LOCAL_DRAM STAT |   PMC0  |   30953054058 |   11200 |   2772513343 | 1.289711e+09 |
| OFFCORE_RESPONSE_1_REMOTE_DRAM STAT |   PMC1  |    1113407574 |    1073 |    441475627 | 4.639198e+07 |
|  MEM_LOAD_UOPS_RETIRED_L3_ALL STAT  |   PMC2  |     609954150 |    4135 |     55240897 | 2.541476e+07 |
|  MEM_LOAD_UOPS_RETIRED_L3_MISS STAT |   PMC3  |     194984725 |    2731 |     15548505 | 8.124364e+06 |
|      L2_TRANS_ALL_REQUESTS STAT     |   PMC4  |  324681164222 |  183724 |  29489479461 | 1.352838e+10 |
|          L2_RQSTS_MISS STAT         |   PMC5  |  108404167046 |   22782 |   9576987783 | 4.516840e+09 |
|        UOPS_RETIRED_ALL STAT        |   PMC6  | 2661438372757 | 7308281 | 292085304941 | 1.108933e+11 |
|            TEMP_CORE STAT           |   TMP0  |           976 |      35 |           44 |      40.6667 |
|         PWR_PKG_ENERGY STAT         |   PWR0  |     8507.5005 |       0 |    4373.6640 |     354.4792 |
|         PWR_PP0_ENERGY STAT         |   PWR1  |             0 |       0 |            0 |            0 |
|         PWR_DRAM_ENERGY STAT        |   PWR3  |     1841.7580 |       0 |     930.0574 |      76.7399 |
|          CAS_COUNT_RD STAT          | MBOX0C0 |   16951897059 |       0 |   8905255167 | 7.063290e+08 |
|          CAS_COUNT_WR STAT          | MBOX0C1 |    1385031214 |       0 |    693322230 | 5.770963e+07 |
|          CAS_COUNT_RD STAT          | MBOX1C0 |   16944005925 |       0 |   8900420628 | 7.060002e+08 |
|          CAS_COUNT_WR STAT          | MBOX1C1 |    1379013148 |       0 |    690287163 | 5.745888e+07 |
|          CAS_COUNT_RD STAT          | MBOX2C0 |             0 |       0 |            0 |            0 |
|          CAS_COUNT_WR STAT          | MBOX2C1 |             0 |       0 |            0 |            0 |
|          CAS_COUNT_RD STAT          | MBOX3C0 |             0 |       0 |            0 |            0 |
|          CAS_COUNT_WR STAT          | MBOX3C1 |             0 |       0 |            0 |            0 |
|          CAS_COUNT_RD STAT          | MBOX4C0 |   16950062445 |       0 |   8903483383 | 7.062526e+08 |
|          CAS_COUNT_WR STAT          | MBOX4C1 |    1386529678 |       0 |    694152769 | 5.777207e+07 |
|          CAS_COUNT_RD STAT          | MBOX5C0 |   16945225143 |       0 |   8901534970 | 7.060510e+08 |
|          CAS_COUNT_WR STAT          | MBOX5C1 |    1381509610 |       0 |    691222651 | 5.756290e+07 |
|          CAS_COUNT_RD STAT          | MBOX6C0 |             0 |       0 |            0 |            0 |
|          CAS_COUNT_WR STAT          | MBOX6C1 |             0 |       0 |            0 |            0 |
|          CAS_COUNT_RD STAT          | MBOX7C0 |             0 |       0 |            0 |            0 |
|          CAS_COUNT_WR STAT          | MBOX7C1 |             0 |       0 |            0 |            0 |
+-------------------------------------+---------+---------------+---------+--------------+--------------+
+-----------------------------------+------------+-----------+-----------+-----------+-----------+-----------+-----------+-----------+-----------+-----------+-----------+-----------+------------+-----------+-----------+-----------+-----------+-----------+-----------+-----------+-----------+-----------+-----------+-----------+
|               Metric              |   Core 0   |   Core 1  |   Core 2  |   Core 3  |   Core 4  |   Core 5  |   Core 6  |   Core 7  |   Core 8  |   Core 9  |  Core 10  |  Core 11  |   Core 12  |  Core 13  |  Core 14  |  Core 15  |  Core 16  |  Core 17  |  Core 18  |  Core 19  |  Core 20  |  Core 21  |  Core 22  |  Core 23  |
+-----------------------------------+------------+-----------+-----------+-----------+-----------+-----------+-----------+-----------+-----------+-----------+-----------+-----------+------------+-----------+-----------+-----------+-----------+-----------+-----------+-----------+-----------+-----------+-----------+-----------+
|        Runtime (RDTSC) [s]        |    64.9528 |   64.9528 |   64.9528 |   64.9528 |   64.9528 |   64.9528 |   64.9528 |   64.9528 |   64.9528 |   64.9528 |   64.9528 |   64.9528 |    64.9528 |   64.9528 |   64.9528 |   64.9528 |   64.9528 |   64.9528 |   64.9528 |   64.9528 |   64.9528 |   64.9528 |   64.9528 |   64.9528 |
|        Runtime unhalted [s]       |    55.3016 |   42.9043 |   43.2054 |   42.9301 |   43.4710 |   42.9421 |    0.0628 |    2.3027 |    0.3432 |    0.0360 |    0.0862 |    0.0019 |    45.3058 |   45.3854 |   41.8924 |   41.8939 |   44.1722 |   41.1697 |    0.0838 |    2.3953 |    0.6513 |    0.0701 |    0.3193 |    0.0368 |
|            Clock [MHz]            |  2295.5610 | 2290.5265 | 2267.3462 | 2282.2149 | 2296.4689 | 2295.4945 | 1259.9294 | 1265.4030 | 1203.9488 | 1216.2839 | 1237.1488 | 1218.3134 |  2297.4134 | 2295.2386 | 2284.1372 | 2276.5029 | 2285.4559 | 2287.5186 | 1256.9620 | 1287.7785 | 1215.0673 | 1209.7134 | 1254.0400 | 1250.6285 |
|                CPI                |     0.4805 |    0.5265 |    0.5266 |    0.5272 |    0.5290 |    0.5274 |    0.6213 |    0.7076 |    1.7858 |    1.4065 |    0.6657 |    0.6956 |     0.5575 |    0.5577 |    0.5136 |    0.5145 |    0.5112 |    0.5083 |    0.6919 |    0.7509 |    0.9877 |    2.0925 |    0.6624 |    0.6510 |
|   Local DRAM data volume [GByte]  |   177.4409 |  167.9424 |  167.9958 |  167.3871 |  166.1104 |  165.7166 |    0.0187 |    0.9603 |    0.3369 |    0.0253 |    0.0342 |    0.0007 |   136.2180 |  140.8771 |  171.3471 |  171.0712 |  173.9677 |  172.7525 |    0.0122 |    0.3801 |    0.3120 |    0.0333 |    0.0505 |    0.0046 |
|   Local DRAM bandwidth [MByte/s]  |  2731.8417 | 2585.6062 | 2586.4269 | 2577.0563 | 2557.4007 | 2551.3371 |    0.2880 |   14.7843 |    5.1869 |    0.3896 |    0.5268 |    0.0110 |  2097.1831 | 2168.9134 | 2638.0228 | 2633.7766 | 2678.3702 | 2659.6611 |    0.1874 |    5.8514 |    4.8042 |    0.5120 |    0.7773 |    0.0704 |
|  Remote DRAM data volume [GByte]  |     5.8916 |    0.4717 |    0.5014 |    0.4907 |    3.9699 |    4.6099 |    0.0047 |    0.1926 |    0.2686 |    0.0093 |    0.0088 |    0.0001 |    28.2544 |   24.9725 |    0.0640 |    0.0150 |    0.0193 |    0.0257 |    0.0410 |    0.8490 |    0.4381 |    0.0567 |    0.0944 |    0.0090 |
|  Remote DRAM bandwidth [MByte/s]  |    90.7051 |    7.2614 |    7.7194 |    7.5541 |   61.1194 |   70.9733 |    0.0718 |    2.9651 |    4.1353 |    0.1426 |    0.1352 |    0.0011 |   434.9994 |  384.4717 |    0.9846 |    0.2303 |    0.2965 |    0.3961 |    0.6314 |   13.0714 |    6.7451 |    0.8725 |    1.4531 |    0.1387 |
|     Memory data volume [GByte]    |   183.3324 |  168.4141 |  168.4972 |  167.8778 |  170.0803 |  170.3265 |    0.0234 |    1.1529 |    0.6055 |    0.0346 |    0.0430 |    0.0008 |   164.4724 |  165.8496 |  171.4110 |  171.0862 |  173.9870 |  172.7782 |    0.0532 |    1.2291 |    0.7502 |    0.0899 |    0.1449 |    0.0136 |
|     Memory bandwidth [MByte/s]    |  2822.5468 | 2592.8677 | 2594.1464 | 2584.6103 | 2618.5200 | 2622.3103 |    0.3598 |   17.7493 |    9.3222 |    0.5322 |    0.6620 |    0.0121 |  2532.1824 | 2553.3851 | 2639.0074 | 2634.0069 | 2678.6667 | 2660.0572 |    0.8188 |   18.9228 |   11.5492 |    1.3845 |    2.2304 |    0.2091 |
|          L3 request rate          |     3.2431 |    3.1610 |    3.1802 |    3.1700 |    3.2366 |    3.1524 |    2.4152 |    1.7728 |    1.3459 |    1.5236 |    1.8307 |    1.5141 |     3.2597 |    3.2399 |    3.2382 |    3.2098 |    3.6880 |    3.1125 |    2.5707 |    1.6480 |    1.4262 |    1.4976 |    1.9564 |    2.4283 |
|            L3 miss rate           |     1.8582 |    0.1539 |    0.1584 |    0.1580 |    1.2561 |    1.5086 |    0.3942 |    0.4227 |    1.7029 |    0.8799 |    0.5211 |    0.2595 |     9.0334 |    7.9918 |    0.0207 |    0.0049 |    0.0054 |    0.0087 |    2.5130 |    1.8918 |    2.1183 |    2.2016 |    1.5668 |    1.2325 |
|           L3 miss ratio           |     0.0332 |    0.0028 |    0.0030 |    0.0029 |    0.0239 |    0.0278 |    0.2494 |    0.2006 |    0.7972 |    0.3660 |    0.2567 |    0.0958 |     0.2074 |    0.1773 |    0.0004 |    0.0001 |    0.0001 |    0.0001 |    3.3695 |    2.2339 |    1.4040 |    1.7040 |    1.8694 |    1.9691 |
|          L2 request rate          |     0.1114 |    0.1427 |    0.1420 |    0.1429 |    0.1419 |    0.1429 |    0.0303 |    0.0337 |    0.0955 |    0.0595 |    0.0328 |    0.0289 |     0.1445 |    0.1442 |    0.1421 |    0.1423 |    0.1354 |    0.1416 |    0.0383 |    0.0344 |    0.0496 |    0.0930 |    0.0323 |    0.0344 |
|            L2 miss rate           |     0.0362 |    0.0480 |    0.0478 |    0.0481 |    0.0475 |    0.0479 |    0.0036 |    0.0043 |    0.0283 |    0.0152 |    0.0040 |    0.0036 |     0.0485 |    0.0483 |    0.0477 |    0.0478 |    0.0449 |    0.0473 |    0.0061 |    0.0044 |    0.0106 |    0.0286 |    0.0038 |    0.0038 |
|           L2 miss ratio           |     0.3248 |    0.3366 |    0.3363 |    0.3369 |    0.3347 |    0.3350 |    0.1192 |    0.1286 |    0.2959 |    0.2552 |    0.1210 |    0.1240 |     0.3356 |    0.3348 |    0.3357 |    0.3360 |    0.3318 |    0.3341 |    0.1594 |    0.1287 |    0.2137 |    0.3082 |    0.1181 |    0.1117 |
|  Memory read bandwidth [MBytes/s] | 35088.2998 |         0 |         0 |         0 |         0 |         0 |         0 |         0 |         0 |         0 |         0 |         0 | 31708.4216 |         0 |         0 |         0 |         0 |         0 |         0 |         0 |         0 |         0 |         0 |         0 |
|  Memory read data volume [GBytes] |  2279.0844 |         0 |         0 |         0 |         0 |         0 |         0 |         0 |         0 |         0 |         0 |         0 |  2059.5518 |         0 |         0 |         0 |         0 |         0 |         0 |         0 |         0 |         0 |         0 |         0 |
| Memory write bandwidth [MBytes/s] |  2722.5653 |         0 |         0 |         0 |         0 |         0 |         0 |         0 |         0 |         0 |         0 |         0 |  2728.3649 |         0 |         0 |         0 |         0 |         0 |         0 |         0 |         0 |         0 |         0 |         0 |
| Memory write data volume [GBytes] |   176.8383 |         0 |         0 |         0 |         0 |         0 |         0 |         0 |         0 |         0 |         0 |         0 |   177.2150 |         0 |         0 |         0 |         0 |         0 |         0 |         0 |         0 |         0 |         0 |         0 |
|    Memory bandwidth [MBytes/s]    | 37810.8651 |         0 |         0 |         0 |         0 |         0 |         0 |         0 |         0 |         0 |         0 |         0 | 34436.7866 |         0 |         0 |         0 |         0 |         0 |         0 |         0 |         0 |         0 |         0 |         0 |
|    Memory data volume [GBytes]    |  2455.9228 |         0 |         0 |         0 |         0 |         0 |         0 |         0 |         0 |         0 |         0 |         0 |  2236.7668 |         0 |         0 |         0 |         0 |         0 |         0 |         0 |         0 |         0 |         0 |         0 |
|          Temperature [C]          |         41 |        40 |        39 |        40 |        41 |        40 |        41 |        39 |        38 |        36 |        35 |        36 |         44 |        42 |        41 |        42 |        44 |        42 |        42 |        43 |        43 |        42 |        43 |        42 |
|             Energy [J]            |  4373.6640 |         0 |         0 |         0 |         0 |         0 |         0 |         0 |         0 |         0 |         0 |         0 |  4133.8365 |         0 |         0 |         0 |         0 |         0 |         0 |         0 |         0 |         0 |         0 |         0 |
|             Power [W]             |    67.3360 |         0 |         0 |         0 |         0 |         0 |         0 |         0 |         0 |         0 |         0 |         0 |    63.6437 |         0 |         0 |         0 |         0 |         0 |         0 |         0 |         0 |         0 |         0 |         0 |
|           Energy PP0 [J]          |          0 |         0 |         0 |         0 |         0 |         0 |         0 |         0 |         0 |         0 |         0 |         0 |          0 |         0 |         0 |         0 |         0 |         0 |         0 |         0 |         0 |         0 |         0 |         0 |
|           Power PP0 [W]           |          0 |         0 |         0 |         0 |         0 |         0 |         0 |         0 |         0 |         0 |         0 |         0 |          0 |         0 |         0 |         0 |         0 |         0 |         0 |         0 |         0 |         0 |         0 |         0 |
|          Energy DRAM [J]          |   930.0574 |         0 |         0 |         0 |         0 |         0 |         0 |         0 |         0 |         0 |         0 |         0 |   911.7006 |         0 |         0 |         0 |         0 |         0 |         0 |         0 |         0 |         0 |         0 |         0 |
|           Power DRAM [W]          |    14.3190 |         0 |         0 |         0 |         0 |         0 |         0 |         0 |         0 |         0 |         0 |         0 |    14.0363 |         0 |         0 |         0 |         0 |         0 |         0 |         0 |         0 |         0 |         0 |         0 |
+-----------------------------------+------------+-----------+-----------+-----------+-----------+-----------+-----------+-----------+-----------+-----------+-----------+-----------+------------+-----------+-----------+-----------+-----------+-----------+-----------+-----------+-----------+-----------+-----------+-----------+
+----------------------------------------+------------+-----------+------------+-----------+
|                 Metric                 |     Sum    |    Min    |     Max    |    Avg    |
+----------------------------------------+------------+-----------+------------+-----------+
|        Runtime (RDTSC) [s] STAT        |  1558.8672 |   64.9528 |    64.9528 |   64.9528 |
|        Runtime unhalted [s] STAT       |   536.9633 |    0.0019 |    55.3016 |   22.3735 |
|            Clock [MHz] STAT            | 42329.0956 | 1203.9488 |  2297.4134 | 1763.7123 |
|                CPI STAT                |    17.9989 |    0.4805 |     2.0925 |    0.7500 |
|   Local DRAM data volume [GByte] STAT  |  1980.9956 |    0.0007 |   177.4409 |   82.5415 |
|   Local DRAM bandwidth [MByte/s] STAT  | 30498.9854 |    0.0110 |  2731.8417 | 1270.7911 |
|  Remote DRAM data volume [GByte] STAT  |    71.2584 |    0.0001 |    28.2544 |    2.9691 |
|  Remote DRAM bandwidth [MByte/s] STAT  |  1097.0746 |    0.0011 |   434.9994 |   45.7114 |
|     Memory data volume [GByte] STAT    |  2052.2538 |    0.0008 |   183.3324 |   85.5106 |
|     Memory bandwidth [MByte/s] STAT    | 31596.0596 |    0.0121 |  2822.5468 | 1316.5025 |
|          L3 request rate STAT          |    60.8209 |    1.3459 |     3.6880 |    2.5342 |
|            L3 miss rate STAT           |    37.8624 |    0.0049 |     9.0334 |    1.5776 |
|           L3 miss ratio STAT           |    14.9946 |    0.0001 |     3.3695 |    0.6248 |
|          L2 request rate STAT          |     2.2366 |    0.0289 |     0.1445 |    0.0932 |
|            L2 miss rate STAT           |     0.6763 |    0.0036 |     0.0485 |    0.0282 |
|           L2 miss ratio STAT           |     6.0960 |    0.1117 |     0.3369 |    0.2540 |
|  Memory read bandwidth [MBytes/s] STAT | 66796.7214 |         0 | 35088.2998 | 2783.1967 |
|  Memory read data volume [GBytes] STAT |  4338.6362 |         0 |  2279.0844 |  180.7765 |
| Memory write bandwidth [MBytes/s] STAT |  5450.9302 |         0 |  2728.3649 |  227.1221 |
| Memory write data volume [GBytes] STAT |   354.0533 |         0 |   177.2150 |   14.7522 |
|    Memory bandwidth [MBytes/s] STAT    | 72247.6517 |         0 | 37810.8651 | 3010.3188 |
|    Memory data volume [GBytes] STAT    |  4692.6896 |         0 |  2455.9228 |  195.5287 |
|          Temperature [C] STAT          |        976 |        35 |         44 |   40.6667 |
|             Energy [J] STAT            |  8507.5005 |         0 |  4373.6640 |  354.4792 |
|             Power [W] STAT             |   130.9797 |         0 |    67.3360 |    5.4575 |
|           Energy PP0 [J] STAT          |          0 |         0 |          0 |         0 |
|           Power PP0 [W] STAT           |          0 |         0 |          0 |         0 |
|          Energy DRAM [J] STAT          |  1841.7580 |         0 |   930.0574 |   76.7399 |
|           Power DRAM [W] STAT          |    28.3553 |         0 |    14.3190 |    1.1815 |
+----------------------------------------+------------+-----------+------------+-----------+
