--------------------------------------------------------------------------------
CPU name:	Intel(R) Xeon(R) CPU E5-2670 v3 @ 2.30GHz
CPU type:	Intel Xeon Haswell EN/EP/EX processor
CPU clock:	2.30 GHz
--------------------------------------------------------------------------------
Group 1: POWERPERF
+--------------------------------+---------+--------------+--------------+--------------+--------------+--------------+--------------+--------------+--------------+--------------+--------------+--------------+--------------+--------------+--------------+--------------+--------------+--------------+--------------+--------------+--------------+--------------+--------------+--------------+--------------+
|              Event             | Counter |    Core 0    |    Core 1    |    Core 2    |    Core 3    |    Core 4    |    Core 5    |    Core 6    |    Core 7    |    Core 8    |    Core 9    |    Core 10   |    Core 11   |    Core 12   |    Core 13   |    Core 14   |    Core 15   |    Core 16   |    Core 17   |    Core 18   |    Core 19   |    Core 20   |    Core 21   |    Core 22   |    Core 23   |
+--------------------------------+---------+--------------+--------------+--------------+--------------+--------------+--------------+--------------+--------------+--------------+--------------+--------------+--------------+--------------+--------------+--------------+--------------+--------------+--------------+--------------+--------------+--------------+--------------+--------------+--------------+
|        INSTR_RETIRED_ANY       |  FIXC0  | 264333378725 | 186877012900 | 186920876758 | 186852912522 | 187043217858 | 187017823617 | 104087365219 | 103947652935 | 102186102070 | 102358086367 | 102302705357 | 102376756996 | 187197521640 | 187258015476 | 187235269917 | 187272734594 | 187293659029 | 185744050175 | 104077549010 | 106099659635 | 104769365008 | 105289184757 | 104634961036 | 104851214310 |
|      CPU_CLK_UNHALTED_CORE     |  FIXC1  | 143955962679 | 115554489804 | 115606407943 | 115525720967 | 115379040733 | 115267618407 | 176916485084 | 176995339615 | 176986857422 | 176971118683 | 176972431574 | 177069830895 | 126289344169 | 129219988163 | 131233976163 | 131611129837 | 127115973104 | 126653184982 | 169814406658 | 167109431258 | 167877638796 | 167946738289 | 167982116986 | 167855451201 |
|      CPU_CLK_UNHALTED_REF      |  FIXC2  | 144052683726 | 115704123403 | 115755091541 | 115678594553 | 115511385404 | 115398277315 | 176917692202 | 176995364697 | 176987514176 | 176971117614 | 176972428660 | 177069847874 | 126379970015 | 129324906000 | 131330725742 | 131707345751 | 127241039185 | 126749813212 | 169818840297 | 167115334829 | 167882762029 | 167951826544 | 167986564364 | 167859885079 |
|           FIXC1/FIXC0          |   CPI   |            0 |            0 |            0 |            0 |            0 |            0 |            0 |            0 |            0 |            0 |            0 |            0 |            0 |            0 |            0 |            0 |            0 |            0 |            0 |            0 |            0 |            0 |            0 |            0 |
|  OFFCORE_RESPONSE_0_LOCAL_DRAM |   PMC0  |   2818730547 |   2560848330 |   2556983670 |   2550838104 |   2584773933 |   2585914863 |   2142966643 |   2146753073 |   2154173976 |   2139494230 |   2138218442 |   2142999321 |   2270393637 |   2194307207 |   2137475028 |   2150190017 |   2290753814 |   2267785749 |   2019018206 |   2139187239 |   2136341010 |   2148081670 |   2136502207 |   2131580189 |
| OFFCORE_RESPONSE_1_REMOTE_DRAM |   PMC1  |       326118 |        41268 |        87174 |        30628 |        35833 |      5888212 |      6016912 |      4237045 |      4303960 |      4323323 |      4142584 |      9586439 |    262293085 |    331114296 |    385220300 |    380567120 |    276727074 |    284606011 |    130012157 |      9991368 |     11108065 |     11164884 |     11228694 |     12229341 |
|  MEM_LOAD_UOPS_RETIRED_L3_ALL  |   PMC2  |     48475592 |     47269956 |     47510796 |     47436377 |     47277061 |     47237698 |   9766555634 |   9778677691 |   9830621518 |   9758967069 |   9743536406 |   9796513568 |     48608552 |     48999106 |     49152910 |     49127866 |     48358090 |     48263501 |   9786238575 |   9798065240 |   9808637192 |   9862503837 |   9798199285 |   9789721110 |
|  MEM_LOAD_UOPS_RETIRED_L3_MISS |   PMC3  |     14991055 |     14781539 |     14801405 |     14824882 |     14891571 |     14916363 |    874343721 |    874682827 |    892159315 |    885197838 |    884877761 |    893530230 |     14933050 |     15067003 |     15107463 |     15149805 |     15063452 |     15115048 |    898097029 |    912253167 |    924160644 |    930837522 |    923857272 |    928243658 |
|      L2_TRANS_ALL_REQUESTS     |   PMC4  |  29937284073 |  27180278513 |  27185431089 |  27189303909 |  27173813794 |  27164992704 |  27158927627 |  27186404970 |  27285098600 |  27095424812 |  27078214665 |  27207019144 |  28392592475 |  28569905882 |  28652746478 |  28660259999 |  28455591791 |  28255668301 |  27127244743 |  27131721032 |  27127040341 |  27281331077 |  27122679745 |  27072153788 |
|          L2_RQSTS_MISS         |   PMC5  |   9667106888 |   9105962456 |   9109286061 |   9117558497 |   9071509495 |   9061685267 |  11450770551 |  11466745465 |  11507958862 |  11427592510 |  11422382476 |  11472998204 |   9118426557 |   9128315647 |   9133408702 |   9121844188 |   9070739036 |   8990525594 |  11440957466 |  11444642736 |  11442244794 |  11509311111 |  11438875669 |  11420846385 |
|        UOPS_RETIRED_ALL        |   PMC6  | 291577005667 | 211462266485 | 211540556524 | 211432313811 | 211816084460 | 211769719694 | 117250086219 | 116794456671 | 113095000173 | 114166561905 | 114041153827 | 113554143535 | 212117179440 | 212231727062 | 212198544385 | 212278374240 | 212304181294 | 210505249895 | 117321275288 | 121236221385 | 118547640537 | 119015869830 | 118243995085 | 118783544315 |
|            TEMP_CORE           |   TMP0  |           46 |           42 |           42 |           43 |           45 |           45 |           48 |           46 |           43 |           44 |           41 |           44 |           44 |           44 |           45 |           47 |           50 |           47 |           47 |           52 |           51 |           49 |           49 |           50 |
|         PWR_PKG_ENERGY         |   PWR0  |    7142.2087 |            0 |            0 |            0 |            0 |            0 |            0 |            0 |            0 |            0 |            0 |            0 |    6694.6075 |            0 |            0 |            0 |            0 |            0 |            0 |            0 |            0 |            0 |            0 |            0 |
|         PWR_PP0_ENERGY         |   PWR1  |            0 |            0 |            0 |            0 |            0 |            0 |            0 |            0 |            0 |            0 |            0 |            0 |            0 |            0 |            0 |            0 |            0 |            0 |            0 |            0 |            0 |            0 |            0 |            0 |
|         PWR_DRAM_ENERGY        |   PWR3  |    1299.8860 |            0 |            0 |            0 |            0 |            0 |            0 |            0 |            0 |            0 |            0 |            0 |    1219.3977 |            0 |            0 |            0 |            0 |            0 |            0 |            0 |            0 |            0 |            0 |            0 |
|          CAS_COUNT_RD          | MBOX0C0 |  12899012174 |            0 |            0 |            0 |            0 |            0 |            0 |            0 |            0 |            0 |            0 |            0 |  10515197127 |            0 |            0 |            0 |            0 |            0 |            0 |            0 |            0 |            0 |            0 |            0 |
|          CAS_COUNT_WR          | MBOX0C1 |    813308928 |            0 |            0 |            0 |            0 |            0 |            0 |            0 |            0 |            0 |            0 |            0 |    687947285 |            0 |            0 |            0 |            0 |            0 |            0 |            0 |            0 |            0 |            0 |            0 |
|          CAS_COUNT_RD          | MBOX1C0 |  12901484485 |            0 |            0 |            0 |            0 |            0 |            0 |            0 |            0 |            0 |            0 |            0 |  10519446655 |            0 |            0 |            0 |            0 |            0 |            0 |            0 |            0 |            0 |            0 |            0 |
|          CAS_COUNT_WR          | MBOX1C1 |    817045771 |            0 |            0 |            0 |            0 |            0 |            0 |            0 |            0 |            0 |            0 |            0 |    692297970 |            0 |            0 |            0 |            0 |            0 |            0 |            0 |            0 |            0 |            0 |            0 |
|          CAS_COUNT_RD          | MBOX2C0 |            0 |            0 |            0 |            0 |            0 |            0 |            0 |            0 |            0 |            0 |            0 |            0 |            0 |            0 |            0 |            0 |            0 |            0 |            0 |            0 |            0 |            0 |            0 |            0 |
|          CAS_COUNT_WR          | MBOX2C1 |            0 |            0 |            0 |            0 |            0 |            0 |            0 |            0 |            0 |            0 |            0 |            0 |            0 |            0 |            0 |            0 |            0 |            0 |            0 |            0 |            0 |            0 |            0 |            0 |
|          CAS_COUNT_RD          | MBOX3C0 |            0 |            0 |            0 |            0 |            0 |            0 |            0 |            0 |            0 |            0 |            0 |            0 |            0 |            0 |            0 |            0 |            0 |            0 |            0 |            0 |            0 |            0 |            0 |            0 |
|          CAS_COUNT_WR          | MBOX3C1 |            0 |            0 |            0 |            0 |            0 |            0 |            0 |            0 |            0 |            0 |            0 |            0 |            0 |            0 |            0 |            0 |            0 |            0 |            0 |            0 |            0 |            0 |            0 |            0 |
|          CAS_COUNT_RD          | MBOX4C0 |  12898533287 |            0 |            0 |            0 |            0 |            0 |            0 |            0 |            0 |            0 |            0 |            0 |  10515193810 |            0 |            0 |            0 |            0 |            0 |            0 |            0 |            0 |            0 |            0 |            0 |
|          CAS_COUNT_WR          | MBOX4C1 |    814225802 |            0 |            0 |            0 |            0 |            0 |            0 |            0 |            0 |            0 |            0 |            0 |    689177941 |            0 |            0 |            0 |            0 |            0 |            0 |            0 |            0 |            0 |            0 |            0 |
|          CAS_COUNT_RD          | MBOX5C0 |  12903112182 |            0 |            0 |            0 |            0 |            0 |            0 |            0 |            0 |            0 |            0 |            0 |  10519392773 |            0 |            0 |            0 |            0 |            0 |            0 |            0 |            0 |            0 |            0 |            0 |
|          CAS_COUNT_WR          | MBOX5C1 |    819657653 |            0 |            0 |            0 |            0 |            0 |            0 |            0 |            0 |            0 |            0 |            0 |    693736657 |            0 |            0 |            0 |            0 |            0 |            0 |            0 |            0 |            0 |            0 |            0 |
|          CAS_COUNT_RD          | MBOX6C0 |            0 |            0 |            0 |            0 |            0 |            0 |            0 |            0 |            0 |            0 |            0 |            0 |            0 |            0 |            0 |            0 |            0 |            0 |            0 |            0 |            0 |            0 |            0 |            0 |
|          CAS_COUNT_WR          | MBOX6C1 |            0 |            0 |            0 |            0 |            0 |            0 |            0 |            0 |            0 |            0 |            0 |            0 |            0 |            0 |            0 |            0 |            0 |            0 |            0 |            0 |            0 |            0 |            0 |            0 |
|          CAS_COUNT_RD          | MBOX7C0 |            0 |            0 |            0 |            0 |            0 |            0 |            0 |            0 |            0 |            0 |            0 |            0 |            0 |            0 |            0 |            0 |            0 |            0 |            0 |            0 |            0 |            0 |            0 |            0 |
|          CAS_COUNT_WR          | MBOX7C1 |            0 |            0 |            0 |            0 |            0 |            0 |            0 |            0 |            0 |            0 |            0 |            0 |            0 |            0 |            0 |            0 |            0 |            0 |            0 |            0 |            0 |            0 |            0 |            0 |
+--------------------------------+---------+--------------+--------------+--------------+--------------+--------------+--------------+--------------+--------------+--------------+--------------+--------------+--------------+--------------+--------------+--------------+--------------+--------------+--------------+--------------+--------------+--------------+--------------+--------------+--------------+
+-------------------------------------+---------+---------------+--------------+--------------+--------------+
|                Event                | Counter |      Sum      |      Min     |      Max     |      Avg     |
+-------------------------------------+---------+---------------+--------------+--------------+--------------+
|        INSTR_RETIRED_ANY STAT       |  FIXC0  | 3568027075911 | 102186102070 | 264333378725 | 1.486678e+11 |
|      CPU_CLK_UNHALTED_CORE STAT     |  FIXC1  | 3563910683412 | 115267618407 | 177069830895 | 1.484963e+11 |
|      CPU_CLK_UNHALTED_REF STAT      |  FIXC2  | 3565363134212 | 115398277315 | 177069847874 | 1.485568e+11 |
|           FIXC1/FIXC0 STAT          |   CPI   |             0 |            0 |            0 |            0 |
|  OFFCORE_RESPONSE_0_LOCAL_DRAM STAT |   PMC0  |   54544311105 |   2019018206 |   2818730547 | 2.272680e+09 |
| OFFCORE_RESPONSE_1_REMOTE_DRAM STAT |   PMC1  |    2145281891 |        30628 |    385220300 | 8.938675e+07 |
|  MEM_LOAD_UOPS_RETIRED_L3_ALL STAT  |   PMC2  |  118095954630 |     47237698 |   9862503837 | 4.920665e+09 |
|  MEM_LOAD_UOPS_RETIRED_L3_MISS STAT |   PMC3  |   11001883620 |     14781539 |    930837522 | 4.584118e+08 |
|      L2_TRANS_ALL_REQUESTS STAT     |   PMC4  |  662691129552 |  27072153788 |  29937284073 |  27612130398 |
|          L2_RQSTS_MISS STAT         |   PMC5  |  247141694617 |   8990525594 |  11509311111 | 1.029757e+10 |
|        UOPS_RETIRED_ALL STAT        |   PMC6  | 4023283151727 | 113095000173 | 291577005667 | 1.676368e+11 |
|            TEMP_CORE STAT           |   TMP0  |          1104 |           41 |           52 |           46 |
|         PWR_PKG_ENERGY STAT         |   PWR0  |    13836.8162 |            0 |    7142.2087 |     576.5340 |
|         PWR_PP0_ENERGY STAT         |   PWR1  |             0 |            0 |            0 |            0 |
|         PWR_DRAM_ENERGY STAT        |   PWR3  |     2519.2837 |            0 |    1299.8860 |     104.9702 |
|          CAS_COUNT_RD STAT          | MBOX0C0 |   23414209301 |            0 |  12899012174 | 9.755921e+08 |
|          CAS_COUNT_WR STAT          | MBOX0C1 |    1501256213 |            0 |    813308928 | 6.255234e+07 |
|          CAS_COUNT_RD STAT          | MBOX1C0 |   23420931140 |            0 |  12901484485 | 9.758721e+08 |
|          CAS_COUNT_WR STAT          | MBOX1C1 |    1509343741 |            0 |    817045771 | 6.288932e+07 |
|          CAS_COUNT_RD STAT          | MBOX2C0 |             0 |            0 |            0 |            0 |
|          CAS_COUNT_WR STAT          | MBOX2C1 |             0 |            0 |            0 |            0 |
|          CAS_COUNT_RD STAT          | MBOX3C0 |             0 |            0 |            0 |            0 |
|          CAS_COUNT_WR STAT          | MBOX3C1 |             0 |            0 |            0 |            0 |
|          CAS_COUNT_RD STAT          | MBOX4C0 |   23413727097 |            0 |  12898533287 | 9.755720e+08 |
|          CAS_COUNT_WR STAT          | MBOX4C1 |    1503403743 |            0 |    814225802 | 6.264182e+07 |
|          CAS_COUNT_RD STAT          | MBOX5C0 |   23422504955 |            0 |  12903112182 | 9.759377e+08 |
|          CAS_COUNT_WR STAT          | MBOX5C1 |    1513394310 |            0 |    819657653 | 6.305810e+07 |
|          CAS_COUNT_RD STAT          | MBOX6C0 |             0 |            0 |            0 |            0 |
|          CAS_COUNT_WR STAT          | MBOX6C1 |             0 |            0 |            0 |            0 |
|          CAS_COUNT_RD STAT          | MBOX7C0 |             0 |            0 |            0 |            0 |
|          CAS_COUNT_WR STAT          | MBOX7C1 |             0 |            0 |            0 |            0 |
+-------------------------------------+---------+---------------+--------------+--------------+--------------+
+-----------------------------------+------------+--------------+--------------+--------------+--------------+-----------+-----------+-----------+-----------+-----------+-----------+-----------+------------+-----------+-----------+-----------+-----------+-----------+-----------+-----------+-----------+-----------+-----------+-----------+
|               Metric              |   Core 0   |    Core 1    |    Core 2    |    Core 3    |    Core 4    |   Core 5  |   Core 6  |   Core 7  |   Core 8  |   Core 9  |  Core 10  |  Core 11  |   Core 12  |  Core 13  |  Core 14  |  Core 15  |  Core 16  |  Core 17  |  Core 18  |  Core 19  |  Core 20  |  Core 21  |  Core 22  |  Core 23  |
+-----------------------------------+------------+--------------+--------------+--------------+--------------+-----------+-----------+-----------+-----------+-----------+-----------+-----------+------------+-----------+-----------+-----------+-----------+-----------+-----------+-----------+-----------+-----------+-----------+-----------+
|        Runtime (RDTSC) [s]        |    77.7797 |      77.7797 |      77.7797 |      77.7797 |      77.7797 |   77.7797 |   77.7797 |   77.7797 |   77.7797 |   77.7797 |   77.7797 |   77.7797 |    77.7797 |   77.7797 |   77.7797 |   77.7797 |   77.7797 |   77.7797 |   77.7797 |   77.7797 |   77.7797 |   77.7797 |   77.7797 |   77.7797 |
|        Runtime unhalted [s]       |    62.5925 |      50.2434 |      50.2660 |      50.2309 |      50.1671 |   50.1187 |   76.9238 |   76.9581 |   76.9544 |   76.9475 |   76.9481 |   76.9905 |    54.9110 |   56.1852 |   57.0609 |   57.2249 |   55.2704 |   55.0692 |   73.8358 |   72.6596 |   72.9937 |   73.0237 |   73.0391 |   72.9840 |
|            Clock [MHz]            |  2298.3491 |    2296.9189 |    2296.9391 |    2296.8539 |    2297.2582 | 2297.2892 | 2299.8776 | 2299.8929 | 2299.8847 | 2299.8933 | 2299.8933 | 2299.8930 |  2298.2440 | 2298.0274 | 2298.1990 | 2298.2131 | 2297.6327 | 2298.1399 | 2299.8332 | 2299.8120 | 2299.8231 | 2299.8236 | 2299.8324 | 2299.8325 |
|                CPI                |     0.5446 |       0.6183 |       0.6185 |       0.6183 |       0.6169 |    0.6163 |    1.6997 |    1.7027 |    1.7320 |    1.7289 |    1.7299 |    1.7296 |     0.6746 |    0.6901 |    0.7009 |    0.7028 |    0.6787 |    0.6819 |    1.6316 |    1.5750 |    1.6024 |    1.5951 |    1.6054 |    1.6009 |
|   Local DRAM data volume [GByte]  |   180.3988 |     163.8943 |     163.6470 |     163.2536 |     165.4255 |  165.4986 |  137.1499 |  137.3922 |  137.8671 |  136.9276 |  136.8460 |  137.1520 |   145.3052 |  140.4357 |  136.7984 |  137.6122 |  146.6082 |  145.1383 |  129.2172 |  136.9080 |  136.7258 |  137.4772 |  136.7361 |  136.4211 |
|   Local DRAM bandwidth [MByte/s]  |  2319.3543 |    2107.1594 |    2103.9794 |    2098.9226 |    2126.8463 | 2127.7851 | 1763.3111 | 1766.4267 | 1772.5329 | 1760.4539 | 1759.4041 | 1763.3380 |  1868.1627 | 1805.5560 | 1758.7924 | 1769.2548 | 1884.9158 | 1866.0168 | 1661.3218 | 1760.2013 | 1757.8593 | 1767.5199 | 1757.9919 | 1753.9419 |
|  Remote DRAM data volume [GByte]  |     0.0209 |       0.0026 |       0.0056 |       0.0020 |       0.0023 |    0.3768 |    0.3851 |    0.2712 |    0.2755 |    0.2767 |    0.2651 |    0.6135 |    16.7868 |   21.1913 |   24.6541 |   24.3563 |   17.7105 |   18.2148 |    8.3208 |    0.6394 |    0.7109 |    0.7146 |    0.7186 |    0.7827 |
|  Remote DRAM bandwidth [MByte/s]  |     0.2683 |       0.0340 |       0.0717 |       0.0252 |       0.0295 |    4.8450 |    4.9509 |    3.4864 |    3.5415 |    3.5574 |    3.4087 |    7.8881 |   215.8243 |  272.4529 |  316.9733 |  313.1445 |  227.7011 |  234.1842 |  106.9787 |    8.2213 |    9.1401 |    9.1869 |    9.2394 |   10.0627 |
|     Memory data volume [GByte]    |   180.4196 |     163.8969 |     163.6525 |     163.2556 |     165.4278 |  165.8754 |  137.5349 |  137.6634 |  138.1426 |  137.2043 |  137.1111 |  137.7655 |   162.0920 |  161.6270 |  161.4525 |  161.9685 |  164.3188 |  163.3531 |  137.5379 |  137.5474 |  137.4367 |  138.1918 |  137.4548 |  137.2038 |
|     Memory bandwidth [MByte/s]    |  2319.6226 |    2107.1934 |    2104.0512 |    2098.9478 |    2126.8758 | 2132.6301 | 1768.2621 | 1769.9131 | 1776.0744 | 1764.0113 | 1762.8128 | 1771.2261 |  2083.9870 | 2078.0089 | 2075.7657 | 2082.3993 | 2112.6169 | 2100.2010 | 1768.3006 | 1768.4225 | 1766.9994 | 1776.7068 | 1767.2313 | 1764.0047 |
|          L3 request rate          |     3.2336 |       3.1979 |       3.2099 |       3.1998 |       3.1748 |    3.1668 |   11.1702 |   11.1797 |   11.0189 |   11.0246 |   11.0112 |   10.9638 |     3.2551 |    3.2521 |    3.2536 |    3.2428 |    3.2103 |    3.1931 |   10.8966 |   10.7405 |   10.6136 |   10.5953 |   10.6058 |   10.5465 |
|            L3 miss rate           |     0.0067 |       0.0009 |       0.0018 |       0.0006 |       0.0008 |    0.1247 |    0.0006 |    0.0004 |    0.0004 |    0.0004 |    0.0004 |    0.0010 |     5.3960 |    6.7576 |    7.8372 |    7.7465 |    5.7225 |    5.8969 |    0.0133 |    0.0010 |    0.0011 |    0.0011 |    0.0011 |    0.0012 |
|           L3 miss ratio           |     0.0001 | 1.611497e-05 | 3.409251e-05 | 1.200703e-05 | 1.386311e-05 |    0.0023 |    0.0028 |    0.0020 |    0.0020 |    0.0020 |    0.0019 |    0.0045 |     0.1155 |    0.1509 |    0.1802 |    0.1770 |    0.1208 |    0.1255 |    0.0644 |    0.0047 |    0.0052 |    0.0052 |    0.0053 |    0.0057 |
|          L2 request rate          |     0.1133 |       0.1454 |       0.1454 |       0.1455 |       0.1453 |    0.1453 |    0.2609 |    0.2615 |    0.2670 |    0.2647 |    0.2647 |    0.2658 |     0.1517 |    0.1526 |    0.1530 |    0.1530 |    0.1519 |    0.1521 |    0.2606 |    0.2557 |    0.2589 |    0.2591 |    0.2592 |    0.2582 |
|            L2 miss rate           |     0.0366 |       0.0487 |       0.0487 |       0.0488 |       0.0485 |    0.0485 |    0.1100 |    0.1103 |    0.1126 |    0.1116 |    0.1117 |    0.1121 |     0.0487 |    0.0487 |    0.0488 |    0.0487 |    0.0484 |    0.0484 |    0.1099 |    0.1079 |    0.1092 |    0.1093 |    0.1093 |    0.1089 |
|           L2 miss ratio           |     0.3229 |       0.3350 |       0.3351 |       0.3353 |       0.3338 |    0.3336 |    0.4216 |    0.4218 |    0.4218 |    0.4218 |    0.4218 |    0.4217 |     0.3212 |    0.3195 |    0.3188 |    0.3183 |    0.3188 |    0.3182 |    0.4218 |    0.4218 |    0.4218 |    0.4219 |    0.4217 |    0.4219 |
|  Memory read bandwidth [MBytes/s] | 42460.1247 |            0 |            0 |            0 |            0 |         0 |         0 |         0 |         0 |         0 |         0 |         0 | 34616.0972 |         0 |         0 |         0 |         0 |         0 |         0 |         0 |         0 |         0 |         0 |         0 |
|  Memory read data volume [GBytes] |  3302.5371 |            0 |            0 |            0 |            0 |         0 |         0 |         0 |         0 |         0 |         0 |         0 |  2692.4307 |         0 |         0 |         0 |         0 |         0 |         0 |         0 |         0 |         0 |         0 |         0 |
| Memory write bandwidth [MBytes/s] |  2685.9342 |            0 |            0 |            0 |            0 |         0 |         0 |         0 |         0 |         0 |         0 |         0 |  2273.6287 |         0 |         0 |         0 |         0 |         0 |         0 |         0 |         0 |         0 |         0 |         0 |
| Memory write data volume [GBytes] |   208.9112 |            0 |            0 |            0 |            0 |         0 |         0 |         0 |         0 |         0 |         0 |         0 |   176.8422 |         0 |         0 |         0 |         0 |         0 |         0 |         0 |         0 |         0 |         0 |         0 |
|    Memory bandwidth [MBytes/s]    | 45146.0590 |            0 |            0 |            0 |            0 |         0 |         0 |         0 |         0 |         0 |         0 |         0 | 36889.7259 |         0 |         0 |         0 |         0 |         0 |         0 |         0 |         0 |         0 |         0 |         0 |
|    Memory data volume [GBytes]    |  3511.4483 |            0 |            0 |            0 |            0 |         0 |         0 |         0 |         0 |         0 |         0 |         0 |  2869.2730 |         0 |         0 |         0 |         0 |         0 |         0 |         0 |         0 |         0 |         0 |         0 |
|          Temperature [C]          |         46 |           42 |           42 |           43 |           45 |        45 |        48 |        46 |        43 |        44 |        41 |        44 |         44 |        44 |        45 |        47 |        50 |        47 |        47 |        52 |        51 |        49 |        49 |        50 |
|             Energy [J]            |  7142.2087 |            0 |            0 |            0 |            0 |         0 |         0 |         0 |         0 |         0 |         0 |         0 |  6694.6075 |         0 |         0 |         0 |         0 |         0 |         0 |         0 |         0 |         0 |         0 |         0 |
|             Power [W]             |    91.8261 |            0 |            0 |            0 |            0 |         0 |         0 |         0 |         0 |         0 |         0 |         0 |    86.0714 |         0 |         0 |         0 |         0 |         0 |         0 |         0 |         0 |         0 |         0 |         0 |
|           Energy PP0 [J]          |          0 |            0 |            0 |            0 |            0 |         0 |         0 |         0 |         0 |         0 |         0 |         0 |          0 |         0 |         0 |         0 |         0 |         0 |         0 |         0 |         0 |         0 |         0 |         0 |
|           Power PP0 [W]           |          0 |            0 |            0 |            0 |            0 |         0 |         0 |         0 |         0 |         0 |         0 |         0 |          0 |         0 |         0 |         0 |         0 |         0 |         0 |         0 |         0 |         0 |         0 |         0 |
|          Energy DRAM [J]          |  1299.8860 |            0 |            0 |            0 |            0 |         0 |         0 |         0 |         0 |         0 |         0 |         0 |  1219.3977 |         0 |         0 |         0 |         0 |         0 |         0 |         0 |         0 |         0 |         0 |         0 |
|           Power DRAM [W]          |    16.7124 |            0 |            0 |            0 |            0 |         0 |         0 |         0 |         0 |         0 |         0 |         0 |    15.6776 |         0 |         0 |         0 |         0 |         0 |         0 |         0 |         0 |         0 |         0 |         0 |
+-----------------------------------+------------+--------------+--------------+--------------+--------------+-----------+-----------+-----------+-----------+-----------+-----------+-----------+------------+-----------+-----------+-----------+-----------+-----------+-----------+-----------+-----------+-----------+-----------+-----------+
+----------------------------------------+------------+--------------+------------+-----------+
|                 Metric                 |     Sum    |      Min     |     Max    |    Avg    |
+----------------------------------------+------------+--------------+------------+-----------+
|        Runtime (RDTSC) [s] STAT        |  1866.7128 |      77.7797 |    77.7797 |   77.7797 |
|        Runtime unhalted [s] STAT       |  1549.5985 |      50.1187 |    76.9905 |   64.5666 |
|            Clock [MHz] STAT            | 55170.3561 |    2296.8539 |  2299.8933 | 2298.7648 |
|                CPI STAT                |    27.6951 |       0.5446 |     1.7320 |    1.1540 |
|   Local DRAM data volume [GByte] STAT  |  3490.8360 |     129.2172 |   180.3988 |  145.4515 |
|   Local DRAM bandwidth [MByte/s] STAT  | 44881.0484 |    1661.3218 |  2319.3543 | 1870.0437 |
|  Remote DRAM data volume [GByte] STAT  |   137.2981 |       0.0020 |    24.6541 |    5.7208 |
|  Remote DRAM bandwidth [MByte/s] STAT  |  1765.2161 |       0.0252 |   316.9733 |   73.5507 |
|     Memory data volume [GByte] STAT    |  3628.1339 |     137.1111 |   180.4196 |  151.1722 |
|     Memory bandwidth [MByte/s] STAT    | 46646.2648 |    1762.8128 |  2319.6226 | 1943.5944 |
|          L3 request rate STAT          |   168.9565 |       3.1668 |    11.1797 |    7.0399 |
|            L3 miss rate STAT           |    39.5142 |       0.0004 |     7.8372 |    1.6464 |
|           L3 miss ratio STAT           |     0.9781 | 1.200703e-05 |     0.1802 |    0.0408 |
|          L2 request rate STAT          |     4.8908 |       0.1133 |     0.2670 |    0.2038 |
|            L2 miss rate STAT           |     1.8943 |       0.0366 |     0.1126 |    0.0789 |
|           L2 miss ratio STAT           |     8.9719 |       0.3182 |     0.4219 |    0.3738 |
|  Memory read bandwidth [MBytes/s] STAT | 77076.2219 |            0 | 42460.1247 | 3211.5092 |
|  Memory read data volume [GBytes] STAT |  5994.9678 |            0 |  3302.5371 |  249.7903 |
| Memory write bandwidth [MBytes/s] STAT |  4959.5629 |            0 |  2685.9342 |  206.6485 |
| Memory write data volume [GBytes] STAT |   385.7534 |            0 |   208.9112 |   16.0731 |
|    Memory bandwidth [MBytes/s] STAT    | 82035.7849 |            0 | 45146.0590 | 3418.1577 |
|    Memory data volume [GBytes] STAT    |  6380.7213 |            0 |  3511.4483 |  265.8634 |
|          Temperature [C] STAT          |       1104 |           41 |         52 |        46 |
|             Energy [J] STAT            | 13836.8162 |            0 |  7142.2087 |  576.5340 |
|             Power [W] STAT             |   177.8975 |            0 |    91.8261 |    7.4124 |
|           Energy PP0 [J] STAT          |          0 |            0 |          0 |         0 |
|           Power PP0 [W] STAT           |          0 |            0 |          0 |         0 |
|          Energy DRAM [J] STAT          |  2519.2837 |            0 |  1299.8860 |  104.9702 |
|           Power DRAM [W] STAT          |    32.3900 |            0 |    16.7124 |    1.3496 |
+----------------------------------------+------------+--------------+------------+-----------+
