--------------------------------------------------------------------------------
CPU name:	Intel(R) Xeon(R) CPU E5-2670 v3 @ 2.30GHz
CPU type:	Intel Xeon Haswell EN/EP/EX processor
CPU clock:	2.30 GHz
--------------------------------------------------------------------------------
Group 1: POWERPERF
+--------------------------------+---------+-------------+-------------+-------------+-------------+-------------+-------------+-------------+-------------+-------------+-------------+-------------+-------------+-------------+-------------+-------------+-------------+-------------+-------------+-------------+-------------+-------------+-------------+-------------+-------------+
|              Event             | Counter |    Core 0   |    Core 1   |    Core 2   |    Core 3   |    Core 4   |    Core 5   |    Core 6   |    Core 7   |    Core 8   |    Core 9   |   Core 10   |   Core 11   |   Core 12   |   Core 13   |   Core 14   |   Core 15   |   Core 16   |   Core 17   |   Core 18   |   Core 19   |   Core 20   |   Core 21   |   Core 22   |   Core 23   |
+--------------------------------+---------+-------------+-------------+-------------+-------------+-------------+-------------+-------------+-------------+-------------+-------------+-------------+-------------+-------------+-------------+-------------+-------------+-------------+-------------+-------------+-------------+-------------+-------------+-------------+-------------+
|        INSTR_RETIRED_ANY       |  FIXC0  | 22941455983 | 22664513240 | 22714888745 | 22976482474 | 21456434099 | 22357154501 | 23411145729 | 23632644257 | 23634010221 | 23727707980 | 23732441819 | 23610997973 | 21092402815 | 22871997245 | 22149904367 | 22238311159 | 22710690853 | 22258719740 | 23553366603 | 23619191834 | 23584310312 | 23910492789 | 23923573521 | 23959549183 |
|      CPU_CLK_UNHALTED_CORE     |  FIXC1  | 11891741786 | 11905615901 | 11901049514 | 11905042101 | 11907399128 | 11903210219 | 11509495075 | 11450070266 | 11452602814 | 11585196045 | 11583556028 | 11488566449 | 11898306999 | 11901156264 | 11900490125 | 11901652509 | 11901552303 | 11902014306 | 11511065317 | 11557396761 | 11541804532 | 11622191615 | 11622033242 | 11886216708 |
|      CPU_CLK_UNHALTED_REF      |  FIXC2  | 22792496323 | 22819089705 | 22810343127 | 22817986073 | 22822539498 | 22814489268 | 22059850482 | 21945967569 | 21950817763 | 22204944602 | 22201803906 | 22019746417 | 22805082659 | 22810536626 | 22809278733 | 22811498647 | 22811302526 | 22812182023 | 22062874959 | 22151680742 | 22121797325 | 22275855465 | 22275571231 | 22781918508 |
|           FIXC1/FIXC0          |   CPI   |           0 |           0 |           0 |           0 |           0 |           0 |           0 |           0 |           0 |           0 |           0 |           0 |           0 |           0 |           0 |           0 |           0 |           0 |           0 |           0 |           0 |           0 |           0 |           0 |
|  OFFCORE_RESPONSE_0_LOCAL_DRAM |   PMC0  |    30466701 |    30400819 |    30585231 |    30355152 |    30383115 |    30408977 |     3497604 |     4023138 |     3916308 |     4054391 |     4070411 |     4258658 |    30529639 |    30522511 |    30532193 |    30373415 |    30437159 |    30399663 |     2497465 |     2933125 |     2732966 |     2750460 |     2803486 |     3035286 |
| OFFCORE_RESPONSE_1_REMOTE_DRAM |   PMC1  |      294661 |      145894 |       45117 |      192371 |      164620 |      179135 |     2015830 |     2389284 |     2393519 |     2475389 |     2314328 |     2805917 |       44339 |       45660 |       31122 |      143966 |      132503 |      115326 |     3167301 |     3742202 |     3498053 |     3452821 |     3620671 |     4224113 |
|  MEM_LOAD_UOPS_RETIRED_L3_ALL  |   PMC2  |    32892466 |    32885760 |    32929492 |    32837732 |    32865425 |    32929146 |      675765 |      674465 |      673323 |      683163 |      663212 |      719128 |    32742301 |    33019770 |    32808586 |    32891560 |    32939849 |    32880703 |      761791 |      687019 |      661731 |      683291 |      674287 |      660771 |
|  MEM_LOAD_UOPS_RETIRED_L3_MISS |   PMC3  |    31277211 |    31238461 |    31200838 |    31226883 |    31234088 |    31176987 |      500570 |      501392 |      486055 |      493430 |      455971 |      456262 |    31110842 |    31178179 |    31067009 |    31144606 |    31140046 |    31163788 |      506848 |      511645 |      482499 |      502925 |      459125 |      460035 |
|      L2_TRANS_ALL_REQUESTS     |   PMC4  |   277331719 |   275498394 |   277720086 |   277182034 |   273356528 |   273416568 |    60799517 |    61747270 |    60589033 |    60654199 |    60737881 |    62416339 |   269328151 |   276219261 |   279785775 |   274100308 |   277401589 |   274700321 |    61655684 |    60939397 |    59926468 |    60124127 |    59974668 |    61063877 |
|          L2_RQSTS_MISS         |   PMC5  |    44410923 |    44228460 |    44525616 |    43877677 |    43952658 |    44420153 |     9640328 |     9599508 |     9632348 |     9643355 |     9589120 |    10183439 |    43806966 |    44420862 |    44437219 |    44055489 |    44307411 |    43964712 |     9979851 |     9598721 |     9568741 |     9491642 |     9543117 |     9581078 |
|        UOPS_RETIRED_ALL        |   PMC6  | 29156090103 | 28802632807 | 28867777539 | 29197711417 | 27270842058 | 28413523034 | 26287132756 | 26518083700 | 26517692946 | 26567515491 | 26572629555 | 26451997216 | 26808519433 | 29066692721 | 28150908518 | 28262934858 | 28859130727 | 28287636896 | 26356031596 | 26422588950 | 26393641803 | 26789563398 | 26801952286 | 26817733748 |
|            TEMP_CORE           |   TMP0  |          33 |          35 |          37 |          33 |          33 |          34 |          30 |          31 |          34 |          33 |          33 |          37 |          35 |          35 |          33 |          32 |          36 |          31 |          34 |          36 |          35 |          36 |          35 |          36 |
|         PWR_PKG_ENERGY         |   PWR0  |    394.8278 |           0 |           0 |           0 |           0 |           0 |           0 |           0 |           0 |           0 |           0 |           0 |    420.7703 |           0 |           0 |           0 |           0 |           0 |           0 |           0 |           0 |           0 |           0 |           0 |
|         PWR_PP0_ENERGY         |   PWR1  |           0 |           0 |           0 |           0 |           0 |           0 |           0 |           0 |           0 |           0 |           0 |           0 |           0 |           0 |           0 |           0 |           0 |           0 |           0 |           0 |           0 |           0 |           0 |           0 |
|         PWR_DRAM_ENERGY        |   PWR3  |     75.9828 |           0 |           0 |           0 |           0 |           0 |           0 |           0 |           0 |           0 |           0 |           0 |     77.3125 |           0 |           0 |           0 |           0 |           0 |           0 |           0 |           0 |           0 |           0 |           0 |
|          CAS_COUNT_RD          | MBOX0C0 |    64354067 |           0 |           0 |           0 |           0 |           0 |           0 |           0 |           0 |           0 |           0 |           0 |    65301819 |           0 |           0 |           0 |           0 |           0 |           0 |           0 |           0 |           0 |           0 |           0 |
|          CAS_COUNT_WR          | MBOX0C1 |    52778766 |           0 |           0 |           0 |           0 |           0 |           0 |           0 |           0 |           0 |           0 |           0 |    50333465 |           0 |           0 |           0 |           0 |           0 |           0 |           0 |           0 |           0 |           0 |           0 |
|          CAS_COUNT_RD          | MBOX1C0 |    63585248 |           0 |           0 |           0 |           0 |           0 |           0 |           0 |           0 |           0 |           0 |           0 |    64770096 |           0 |           0 |           0 |           0 |           0 |           0 |           0 |           0 |           0 |           0 |           0 |
|          CAS_COUNT_WR          | MBOX1C1 |    52116886 |           0 |           0 |           0 |           0 |           0 |           0 |           0 |           0 |           0 |           0 |           0 |    49680270 |           0 |           0 |           0 |           0 |           0 |           0 |           0 |           0 |           0 |           0 |           0 |
|          CAS_COUNT_RD          | MBOX2C0 |           0 |           0 |           0 |           0 |           0 |           0 |           0 |           0 |           0 |           0 |           0 |           0 |           0 |           0 |           0 |           0 |           0 |           0 |           0 |           0 |           0 |           0 |           0 |           0 |
|          CAS_COUNT_WR          | MBOX2C1 |           0 |           0 |           0 |           0 |           0 |           0 |           0 |           0 |           0 |           0 |           0 |           0 |           0 |           0 |           0 |           0 |           0 |           0 |           0 |           0 |           0 |           0 |           0 |           0 |
|          CAS_COUNT_RD          | MBOX3C0 |           0 |           0 |           0 |           0 |           0 |           0 |           0 |           0 |           0 |           0 |           0 |           0 |           0 |           0 |           0 |           0 |           0 |           0 |           0 |           0 |           0 |           0 |           0 |           0 |
|          CAS_COUNT_WR          | MBOX3C1 |           0 |           0 |           0 |           0 |           0 |           0 |           0 |           0 |           0 |           0 |           0 |           0 |           0 |           0 |           0 |           0 |           0 |           0 |           0 |           0 |           0 |           0 |           0 |           0 |
|          CAS_COUNT_RD          | MBOX4C0 |    63861533 |           0 |           0 |           0 |           0 |           0 |           0 |           0 |           0 |           0 |           0 |           0 |    65411826 |           0 |           0 |           0 |           0 |           0 |           0 |           0 |           0 |           0 |           0 |           0 |
|          CAS_COUNT_WR          | MBOX4C1 |    52621775 |           0 |           0 |           0 |           0 |           0 |           0 |           0 |           0 |           0 |           0 |           0 |    50144614 |           0 |           0 |           0 |           0 |           0 |           0 |           0 |           0 |           0 |           0 |           0 |
|          CAS_COUNT_RD          | MBOX5C0 |    63531335 |           0 |           0 |           0 |           0 |           0 |           0 |           0 |           0 |           0 |           0 |           0 |    64567934 |           0 |           0 |           0 |           0 |           0 |           0 |           0 |           0 |           0 |           0 |           0 |
|          CAS_COUNT_WR          | MBOX5C1 |    52136058 |           0 |           0 |           0 |           0 |           0 |           0 |           0 |           0 |           0 |           0 |           0 |    49735741 |           0 |           0 |           0 |           0 |           0 |           0 |           0 |           0 |           0 |           0 |           0 |
|          CAS_COUNT_RD          | MBOX6C0 |           0 |           0 |           0 |           0 |           0 |           0 |           0 |           0 |           0 |           0 |           0 |           0 |           0 |           0 |           0 |           0 |           0 |           0 |           0 |           0 |           0 |           0 |           0 |           0 |
|          CAS_COUNT_WR          | MBOX6C1 |           0 |           0 |           0 |           0 |           0 |           0 |           0 |           0 |           0 |           0 |           0 |           0 |           0 |           0 |           0 |           0 |           0 |           0 |           0 |           0 |           0 |           0 |           0 |           0 |
|          CAS_COUNT_RD          | MBOX7C0 |           0 |           0 |           0 |           0 |           0 |           0 |           0 |           0 |           0 |           0 |           0 |           0 |           0 |           0 |           0 |           0 |           0 |           0 |           0 |           0 |           0 |           0 |           0 |           0 |
|          CAS_COUNT_WR          | MBOX7C1 |           0 |           0 |           0 |           0 |           0 |           0 |           0 |           0 |           0 |           0 |           0 |           0 |           0 |           0 |           0 |           0 |           0 |           0 |           0 |           0 |           0 |           0 |           0 |           0 |
+--------------------------------+---------+-------------+-------------+-------------+-------------+-------------+-------------+-------------+-------------+-------------+-------------+-------------+-------------+-------------+-------------+-------------+-------------+-------------+-------------+-------------+-------------+-------------+-------------+-------------+-------------+
+-------------------------------------+---------+--------------+-------------+-------------+--------------+
|                Event                | Counter |      Sum     |     Min     |     Max     |      Avg     |
+-------------------------------------+---------+--------------+-------------+-------------+--------------+
|        INSTR_RETIRED_ANY STAT       |  FIXC0  | 552732387442 | 21092402815 | 23959549183 | 2.303052e+10 |
|      CPU_CLK_UNHALTED_CORE STAT     |  FIXC1  | 281629426007 | 11450070266 | 11907399128 | 1.173456e+10 |
|      CPU_CLK_UNHALTED_REF STAT      |  FIXC2  | 539789654177 | 21945967569 | 22822539498 | 2.249124e+10 |
|           FIXC1/FIXC0 STAT          |   CPI   |            0 |           0 |           0 |            0 |
|  OFFCORE_RESPONSE_0_LOCAL_DRAM STAT |   PMC0  |    405967873 |     2497465 |    30585231 | 1.691533e+07 |
| OFFCORE_RESPONSE_1_REMOTE_DRAM STAT |   PMC1  |     37634142 |       31122 |     4224113 | 1.568089e+06 |
|  MEM_LOAD_UOPS_RETIRED_L3_ALL STAT  |   PMC2  |    402840736 |      660771 |    33019770 | 1.678503e+07 |
|  MEM_LOAD_UOPS_RETIRED_L3_MISS STAT |   PMC3  |    379975695 |      455971 |    31277211 | 1.583232e+07 |
|      L2_TRANS_ALL_REQUESTS STAT     |   PMC4  |   4036669194 |    59926468 |   279785775 | 1.681945e+08 |
|          L2_RQSTS_MISS STAT         |   PMC5  |    646459394 |     9491642 |    44525616 | 2.693581e+07 |
|        UOPS_RETIRED_ALL STAT        |   PMC6  | 659640963556 | 26287132756 | 29197711417 | 2.748504e+10 |
|            TEMP_CORE STAT           |   TMP0  |          817 |          30 |          37 |      34.0417 |
|         PWR_PKG_ENERGY STAT         |   PWR0  |     815.5981 |           0 |    420.7703 |      33.9833 |
|         PWR_PP0_ENERGY STAT         |   PWR1  |            0 |           0 |           0 |            0 |
|         PWR_DRAM_ENERGY STAT        |   PWR3  |     153.2953 |           0 |     77.3125 |       6.3873 |
|          CAS_COUNT_RD STAT          | MBOX0C0 |    129655886 |           0 |    65301819 | 5.402329e+06 |
|          CAS_COUNT_WR STAT          | MBOX0C1 |    103112231 |           0 |    52778766 | 4.296343e+06 |
|          CAS_COUNT_RD STAT          | MBOX1C0 |    128355344 |           0 |    64770096 | 5.348139e+06 |
|          CAS_COUNT_WR STAT          | MBOX1C1 |    101797156 |           0 |    52116886 | 4.241548e+06 |
|          CAS_COUNT_RD STAT          | MBOX2C0 |            0 |           0 |           0 |            0 |
|          CAS_COUNT_WR STAT          | MBOX2C1 |            0 |           0 |           0 |            0 |
|          CAS_COUNT_RD STAT          | MBOX3C0 |            0 |           0 |           0 |            0 |
|          CAS_COUNT_WR STAT          | MBOX3C1 |            0 |           0 |           0 |            0 |
|          CAS_COUNT_RD STAT          | MBOX4C0 |    129273359 |           0 |    65411826 | 5.386390e+06 |
|          CAS_COUNT_WR STAT          | MBOX4C1 |    102766389 |           0 |    52621775 | 4.281933e+06 |
|          CAS_COUNT_RD STAT          | MBOX5C0 |    128099269 |           0 |    64567934 | 5.337470e+06 |
|          CAS_COUNT_WR STAT          | MBOX5C1 |    101871799 |           0 |    52136058 | 4.244658e+06 |
|          CAS_COUNT_RD STAT          | MBOX6C0 |            0 |           0 |           0 |            0 |
|          CAS_COUNT_WR STAT          | MBOX6C1 |            0 |           0 |           0 |            0 |
|          CAS_COUNT_RD STAT          | MBOX7C0 |            0 |           0 |           0 |            0 |
|          CAS_COUNT_WR STAT          | MBOX7C1 |            0 |           0 |           0 |            0 |
+-------------------------------------+---------+--------------+-------------+-------------+--------------+
+-----------------------------------+-----------+-----------+-----------+-----------+-----------+-----------+-----------+-----------+-----------+-----------+-----------+-----------+-----------+-----------+-----------+-----------+-----------+-----------+-----------+-----------+-----------+-----------+-----------+-----------+
|               Metric              |   Core 0  |   Core 1  |   Core 2  |   Core 3  |   Core 4  |   Core 5  |   Core 6  |   Core 7  |   Core 8  |   Core 9  |  Core 10  |  Core 11  |  Core 12  |  Core 13  |  Core 14  |  Core 15  |  Core 16  |  Core 17  |  Core 18  |  Core 19  |  Core 20  |  Core 21  |  Core 22  |  Core 23  |
+-----------------------------------+-----------+-----------+-----------+-----------+-----------+-----------+-----------+-----------+-----------+-----------+-----------+-----------+-----------+-----------+-----------+-----------+-----------+-----------+-----------+-----------+-----------+-----------+-----------+-----------+
|        Runtime (RDTSC) [s]        |   10.0007 |   10.0007 |   10.0007 |   10.0007 |   10.0007 |   10.0007 |   10.0007 |   10.0007 |   10.0007 |   10.0007 |   10.0007 |   10.0007 |   10.0007 |   10.0007 |   10.0007 |   10.0007 |   10.0007 |   10.0007 |   10.0007 |   10.0007 |   10.0007 |   10.0007 |   10.0007 |   10.0007 |
|        Runtime unhalted [s]       |    5.1703 |    5.1764 |    5.1744 |    5.1761 |    5.1772 |    5.1753 |    5.0042 |    4.9783 |    4.9794 |    5.0371 |    5.0364 |    4.9951 |    5.1732 |    5.1744 |    5.1741 |    5.1747 |    5.1746 |    5.1748 |    5.0048 |    5.0250 |    5.0182 |    5.0531 |    5.0531 |    5.1679 |
|            Clock [MHz]            | 1199.9950 | 1199.9949 | 1199.9946 | 1199.9951 | 1199.9933 | 1199.9944 | 1199.9954 | 1199.9946 | 1199.9948 | 1199.9953 | 1199.9952 | 1199.9949 | 1199.9948 | 1199.9952 | 1199.9942 | 1199.9946 | 1199.9949 | 1199.9952 | 1199.9946 | 1199.9943 | 1199.9943 | 1199.9952 | 1199.9941 | 1199.9944 |
|                CPI                |    0.5184 |    0.5253 |    0.5239 |    0.5181 |    0.5550 |    0.5324 |    0.4916 |    0.4845 |    0.4846 |    0.4883 |    0.4881 |    0.4866 |    0.5641 |    0.5203 |    0.5373 |    0.5352 |    0.5241 |    0.5347 |    0.4887 |    0.4893 |    0.4894 |    0.4861 |    0.4858 |    0.4961 |
|   Local DRAM data volume [GByte]  |    1.9499 |    1.9457 |    1.9575 |    1.9427 |    1.9445 |    1.9462 |    0.2238 |    0.2575 |    0.2506 |    0.2595 |    0.2605 |    0.2726 |    1.9539 |    1.9534 |    1.9541 |    1.9439 |    1.9480 |    1.9456 |    0.1598 |    0.1877 |    0.1749 |    0.1760 |    0.1794 |    0.1943 |
|   Local DRAM bandwidth [MByte/s]  |  194.9736 |  194.5520 |  195.7321 |  194.2597 |  194.4387 |  194.6042 |   22.3831 |   25.7463 |   25.0627 |   25.9463 |   26.0489 |   27.2536 |  195.3764 |  195.3307 |  195.3927 |  194.3766 |  194.7845 |  194.5446 |   15.9827 |   18.7707 |   17.4898 |   17.6017 |   17.9411 |   19.4245 |
|  Remote DRAM data volume [GByte]  |    0.0189 |    0.0093 |    0.0029 |    0.0123 |    0.0105 |    0.0115 |    0.1290 |    0.1529 |    0.1532 |    0.1584 |    0.1481 |    0.1796 |    0.0028 |    0.0029 |    0.0020 |    0.0092 |    0.0085 |    0.0074 |    0.2027 |    0.2395 |    0.2239 |    0.2210 |    0.2317 |    0.2703 |
|  Remote DRAM bandwidth [MByte/s]  |    1.8857 |    0.9337 |    0.2887 |    1.2311 |    1.0535 |    1.1464 |   12.9004 |   15.2904 |   15.3175 |   15.8414 |   14.8107 |   17.9566 |    0.2838 |    0.2922 |    0.1992 |    0.9213 |    0.8480 |    0.7380 |   20.2693 |   23.9485 |   22.3860 |   22.0965 |   23.1707 |   27.0325 |
|     Memory data volume [GByte]    |    1.9687 |    1.9550 |    1.9603 |    1.9550 |    1.9551 |    1.9576 |    0.3529 |    0.4104 |    0.4038 |    0.4179 |    0.4086 |    0.4521 |    1.9567 |    1.9564 |    1.9561 |    1.9531 |    1.9565 |    1.9530 |    0.3625 |    0.4272 |    0.3988 |    0.3970 |    0.4111 |    0.4646 |
|     Memory bandwidth [MByte/s]    |  196.8593 |  195.4856 |  196.0209 |  195.4908 |  195.4922 |  195.7506 |   35.2836 |   41.0367 |   40.3801 |   41.7877 |   40.8595 |   45.2102 |  195.6601 |  195.6229 |  195.5919 |  195.2979 |  195.6325 |  195.2826 |   36.2520 |   42.7192 |   39.8758 |   39.6983 |   41.1118 |   46.4570 |
|          L3 request rate          |    1.0516 |    1.0527 |    1.0554 |    1.0516 |    1.0522 |    1.0562 |    1.3500 |    1.3452 |    1.3853 |    1.3845 |    1.4545 |    1.5761 |    1.0524 |    1.0591 |    1.0561 |    1.0561 |    1.0578 |    1.0551 |    1.5030 |    1.3428 |    1.3715 |    1.3586 |    1.4686 |    1.4363 |
|            L3 miss rate           |    0.0090 |    0.0044 |    0.0014 |    0.0059 |    0.0050 |    0.0054 |    2.9830 |    3.5425 |    3.5548 |    3.6234 |    3.4896 |    3.9018 |    0.0014 |    0.0014 |    0.0009 |    0.0044 |    0.0040 |    0.0035 |    4.1577 |    5.4470 |    5.2862 |    5.0532 |    5.3696 |    6.3927 |
|           L3 miss ratio           |    0.0097 |    0.0048 |    0.0015 |    0.0063 |    0.0054 |    0.0059 |    0.5763 |    0.5939 |    0.6112 |    0.6105 |    0.5686 |    0.6589 |    0.0015 |    0.0015 |    0.0010 |    0.0047 |    0.0044 |    0.0038 |    1.2682 |    1.2758 |    1.2799 |    1.2554 |    1.2915 |    1.3917 |
|          L2 request rate          |    0.0121 |    0.0122 |    0.0122 |    0.0121 |    0.0127 |    0.0122 |    0.0026 |    0.0026 |    0.0026 |    0.0026 |    0.0026 |    0.0026 |    0.0128 |    0.0121 |    0.0126 |    0.0123 |    0.0122 |    0.0123 |    0.0026 |    0.0026 |    0.0025 |    0.0025 |    0.0025 |    0.0025 |
|            L2 miss rate           |    0.0019 |    0.0020 |    0.0020 |    0.0019 |    0.0020 |    0.0020 |    0.0004 |    0.0004 |    0.0004 |    0.0004 |    0.0004 |    0.0004 |    0.0021 |    0.0019 |    0.0020 |    0.0020 |    0.0020 |    0.0020 |    0.0004 |    0.0004 |    0.0004 |    0.0004 |    0.0004 |    0.0004 |
|           L2 miss ratio           |    0.1601 |    0.1605 |    0.1603 |    0.1583 |    0.1608 |    0.1625 |    0.1586 |    0.1555 |    0.1590 |    0.1590 |    0.1579 |    0.1632 |    0.1627 |    0.1608 |    0.1588 |    0.1607 |    0.1597 |    0.1600 |    0.1619 |    0.1575 |    0.1597 |    0.1579 |    0.1591 |    0.1569 |
|  Memory read bandwidth [MBytes/s] | 1634.0145 |         0 |         0 |         0 |         0 |         0 |         0 |         0 |         0 |         0 |         0 |         0 | 1664.2172 |         0 |         0 |         0 |         0 |         0 |         0 |         0 |         0 |         0 |         0 |         0 |
|  Memory read data volume [GBytes] |   16.3413 |         0 |         0 |         0 |         0 |         0 |         0 |         0 |         0 |         0 |         0 |         0 |   16.6433 |         0 |         0 |         0 |         0 |         0 |         0 |         0 |         0 |         0 |         0 |         0 |
| Memory write bandwidth [MBytes/s] | 1341.6908 |         0 |         0 |         0 |         0 |         0 |         0 |         0 |         0 |         0 |         0 |         0 | 1279.2349 |         0 |         0 |         0 |         0 |         0 |         0 |         0 |         0 |         0 |         0 |         0 |
| Memory write data volume [GBytes] |   13.4178 |         0 |         0 |         0 |         0 |         0 |         0 |         0 |         0 |         0 |         0 |         0 |   12.7932 |         0 |         0 |         0 |         0 |         0 |         0 |         0 |         0 |         0 |         0 |         0 |
|    Memory bandwidth [MBytes/s]    | 2975.7053 |         0 |         0 |         0 |         0 |         0 |         0 |         0 |         0 |         0 |         0 |         0 | 2943.4521 |         0 |         0 |         0 |         0 |         0 |         0 |         0 |         0 |         0 |         0 |         0 |
|    Memory data volume [GBytes]    |   29.7591 |         0 |         0 |         0 |         0 |         0 |         0 |         0 |         0 |         0 |         0 |         0 |   29.4365 |         0 |         0 |         0 |         0 |         0 |         0 |         0 |         0 |         0 |         0 |         0 |
|          Temperature [C]          |        33 |        35 |        37 |        33 |        33 |        34 |        30 |        31 |        34 |        33 |        33 |        37 |        35 |        35 |        33 |        32 |        36 |        31 |        34 |        36 |        35 |        36 |        35 |        36 |
|             Energy [J]            |  394.8278 |         0 |         0 |         0 |         0 |         0 |         0 |         0 |         0 |         0 |         0 |         0 |  420.7703 |         0 |         0 |         0 |         0 |         0 |         0 |         0 |         0 |         0 |         0 |         0 |
|             Power [W]             |   39.4801 |         0 |         0 |         0 |         0 |         0 |         0 |         0 |         0 |         0 |         0 |         0 |   42.0742 |         0 |         0 |         0 |         0 |         0 |         0 |         0 |         0 |         0 |         0 |         0 |
|           Energy PP0 [J]          |         0 |         0 |         0 |         0 |         0 |         0 |         0 |         0 |         0 |         0 |         0 |         0 |         0 |         0 |         0 |         0 |         0 |         0 |         0 |         0 |         0 |         0 |         0 |         0 |
|           Power PP0 [W]           |         0 |         0 |         0 |         0 |         0 |         0 |         0 |         0 |         0 |         0 |         0 |         0 |         0 |         0 |         0 |         0 |         0 |         0 |         0 |         0 |         0 |         0 |         0 |         0 |
|          Energy DRAM [J]          |   75.9828 |         0 |         0 |         0 |         0 |         0 |         0 |         0 |         0 |         0 |         0 |         0 |   77.3125 |         0 |         0 |         0 |         0 |         0 |         0 |         0 |         0 |         0 |         0 |         0 |
|           Power DRAM [W]          |    7.5978 |         0 |         0 |         0 |         0 |         0 |         0 |         0 |         0 |         0 |         0 |         0 |    7.7307 |         0 |         0 |         0 |         0 |         0 |         0 |         0 |         0 |         0 |         0 |         0 |
+-----------------------------------+-----------+-----------+-----------+-----------+-----------+-----------+-----------+-----------+-----------+-----------+-----------+-----------+-----------+-----------+-----------+-----------+-----------+-----------+-----------+-----------+-----------+-----------+-----------+-----------+
+----------------------------------------+------------+-----------+-----------+-----------+
|                 Metric                 |     Sum    |    Min    |    Max    |    Avg    |
+----------------------------------------+------------+-----------+-----------+-----------+
|        Runtime (RDTSC) [s] STAT        |   240.0168 |   10.0007 |   10.0007 |   10.0007 |
|        Runtime unhalted [s] STAT       |   122.4481 |    4.9783 |    5.1772 |    5.1020 |
|            Clock [MHz] STAT            | 28799.8733 | 1199.9933 | 1199.9954 | 1199.9947 |
|                CPI STAT                |    12.2479 |    0.4845 |    0.5641 |    0.5103 |
|   Local DRAM data volume [GByte] STAT  |    25.9820 |    0.1598 |    1.9575 |    1.0826 |
|   Local DRAM bandwidth [MByte/s] STAT  |  2598.0172 |   15.9827 |  195.7321 |  108.2507 |
|  Remote DRAM data volume [GByte] STAT  |     2.4085 |    0.0020 |    0.2703 |    0.1004 |
|  Remote DRAM bandwidth [MByte/s] STAT  |   240.8421 |    0.1992 |   27.0325 |   10.0351 |
|     Memory data volume [GByte] STAT    |    28.3904 |    0.3529 |    1.9687 |    1.1829 |
|     Memory bandwidth [MByte/s] STAT    |  2838.8592 |   35.2836 |  196.8593 |  118.2858 |
|          L3 request rate STAT          |    29.6327 |    1.0516 |    1.5761 |    1.2347 |
|            L3 miss rate STAT           |    52.8482 |    0.0009 |    6.3927 |    2.2020 |
|           L3 miss ratio STAT           |    11.4324 |    0.0010 |    1.3917 |    0.4764 |
|          L2 request rate STAT          |     0.1786 |    0.0025 |    0.0128 |    0.0074 |
|            L2 miss rate STAT           |     0.0286 |    0.0004 |    0.0021 |    0.0012 |
|           L2 miss ratio STAT           |     3.8314 |    0.1555 |    0.1632 |    0.1596 |
|  Memory read bandwidth [MBytes/s] STAT |  3298.2317 |         0 | 1664.2172 |  137.4263 |
|  Memory read data volume [GBytes] STAT |    32.9846 |         0 |   16.6433 |    1.3744 |
| Memory write bandwidth [MBytes/s] STAT |  2620.9257 |         0 | 1341.6908 |  109.2052 |
| Memory write data volume [GBytes] STAT |    26.2110 |         0 |   13.4178 |    1.0921 |
|    Memory bandwidth [MBytes/s] STAT    |  5919.1574 |         0 | 2975.7053 |  246.6316 |
|    Memory data volume [GBytes] STAT    |    59.1956 |         0 |   29.7591 |    2.4665 |
|          Temperature [C] STAT          |        817 |        30 |        37 |   34.0417 |
|             Energy [J] STAT            |   815.5981 |         0 |  420.7703 |   33.9833 |
|             Power [W] STAT             |    81.5543 |         0 |   42.0742 |    3.3981 |
|           Energy PP0 [J] STAT          |          0 |         0 |         0 |         0 |
|           Power PP0 [W] STAT           |          0 |         0 |         0 |         0 |
|          Energy DRAM [J] STAT          |   153.2953 |         0 |   77.3125 |    6.3873 |
|           Power DRAM [W] STAT          |    15.3285 |         0 |    7.7307 |    0.6387 |
+----------------------------------------+------------+-----------+-----------+-----------+
