--------------------------------------------------------------------------------
CPU name:	Intel(R) Xeon(R) CPU E5-2670 v3 @ 2.30GHz
CPU type:	Intel Xeon Haswell EN/EP/EX processor
CPU clock:	2.30 GHz
--------------------------------------------------------------------------------
Group 1: POWERPERF
+--------------------------------+---------+-------------+-------------+-------------+-------------+-------------+-------------+-------------+-------------+-------------+-------------+-------------+-------------+-------------+-------------+-------------+-------------+-------------+-------------+-------------+-------------+-------------+-------------+-------------+-------------+
|              Event             | Counter |    Core 0   |    Core 1   |    Core 2   |    Core 3   |    Core 4   |    Core 5   |    Core 6   |    Core 7   |    Core 8   |    Core 9   |   Core 10   |   Core 11   |   Core 12   |   Core 13   |   Core 14   |   Core 15   |   Core 16   |   Core 17   |   Core 18   |   Core 19   |   Core 20   |   Core 21   |   Core 22   |   Core 23   |
+--------------------------------+---------+-------------+-------------+-------------+-------------+-------------+-------------+-------------+-------------+-------------+-------------+-------------+-------------+-------------+-------------+-------------+-------------+-------------+-------------+-------------+-------------+-------------+-------------+-------------+-------------+
|        INSTR_RETIRED_ANY       |  FIXC0  |  6054160692 |  7187594993 |  7150471826 |  7164593716 |  6771584456 |  6749409106 | 22688197080 | 19072119356 | 18962899291 | 19094294832 | 18999809767 | 19039967332 | 19369271942 | 16912553855 | 19086591854 | 19369706362 | 19593160987 | 19729121655 | 19261775057 | 19208532849 | 19199304907 | 19219571745 | 19254553168 | 19231240959 |
|      CPU_CLK_UNHALTED_CORE     |  FIXC1  | 36233086228 | 36252441644 | 36254529040 | 36227571909 | 36243616591 | 36254403384 | 32466739086 | 28933265235 | 28976852595 | 28894100142 | 28928304128 | 28944181242 | 36265350168 | 33495806531 | 36114009171 | 36246482705 | 36225534171 | 36206187185 | 31780055947 | 31785487976 | 31782417862 | 31782598793 | 31752651805 | 31780373376 |
|      CPU_CLK_UNHALTED_REF      |  FIXC2  | 36280679113 | 36292444280 | 36288880476 | 36271437000 | 36284186935 | 36296087963 | 32466728470 | 29026217626 | 29070233807 | 28987111393 | 29021315176 | 29036769336 | 36296115011 | 33610309055 | 36162134928 | 36290215281 | 36270806846 | 36255449424 | 31858841782 | 31866338862 | 31861045113 | 31861088445 | 31830990438 | 31873671906 |
|           FIXC1/FIXC0          |   CPI   |           0 |           0 |           0 |           0 |           0 |           0 |           0 |           0 |           0 |           0 |           0 |           0 |           0 |           0 |           0 |           0 |           0 |           0 |           0 |           0 |           0 |           0 |           0 |           0 |
|  OFFCORE_RESPONSE_0_LOCAL_DRAM |   PMC0  |   539140438 |   540094321 |   539044993 |   539009975 |   530755241 |   546204865 |   304292531 |   262307590 |   256807860 |   259194791 |   258076036 |   252209422 |   538691158 |   505583967 |   538605756 |   538653874 |   538641669 |   538607964 |   240139658 |   244007391 |   239449321 |   240007098 |   241377795 |   240325466 |
| OFFCORE_RESPONSE_1_REMOTE_DRAM |   PMC1  |    16751767 |       32480 |        9866 |       20775 |    16314174 |       12609 |      234731 |       24033 |       20580 |       17642 |       15652 |     7081981 |       47426 |       42769 |       99175 |       37418 |       33402 |       54567 |    41522986 |    37645520 |    37255558 |    37404459 |    37440291 |    37459952 |
|  MEM_LOAD_UOPS_RETIRED_L3_ALL  |   PMC2  |   514901605 |   500156137 |   499323548 |   499314573 |   506920358 |   505804578 |   230710394 |   226474459 |   228347013 |   227974005 |   227119779 |   229145512 |   504274156 |   472669034 |   504226722 |   504476603 |   504297172 |   499511677 |   220049165 |   220050564 |   221849287 |   221946181 |   221961417 |   223231375 |
|  MEM_LOAD_UOPS_RETIRED_L3_MISS |   PMC3  |   511529572 |   496798587 |   496021409 |   496012167 |   503509610 |   502452874 |    51511331 |    49867102 |    48865240 |    49938720 |    49599174 |    50808797 |   500457304 |   468952408 |   500423309 |   500662162 |   500445926 |   495720060 |    51098940 |    50856726 |    50344115 |    50573904 |    51178087 |    50990621 |
|      L2_TRANS_ALL_REQUESTS     |   PMC4  |  2299770712 |  2237290074 |  2233744471 |  2234477989 |  2265583873 |  2261651638 |  5968241541 |  5307865660 |  5294901771 |  5328678705 |  5315083141 |  5323899139 |  2230954364 |  2099055705 |  2231210172 |  2228459857 |  2233298335 |  2231795114 |  5791179670 |  5776942609 |  5811596099 |  5786044788 |  5810937917 |  5827593227 |
|          L2_RQSTS_MISS         |   PMC5  |   573154701 |   557284594 |   556157792 |   556265680 |   564269524 |   563329719 |  1416768900 |  1270348637 |  1277237081 |  1274084158 |  1270708982 |  1269208121 |   556388815 |   523291823 |   556418947 |   556298740 |   556346218 |   556200791 |  1242657520 |  1242676179 |  1248446331 |  1247788594 |  1245871004 |  1264110865 |
|        UOPS_RETIRED_ALL        |   PMC6  |  8089667244 |  9737224173 |  9686680214 |  9706602761 |  9126378700 |  9100846474 | 29892286689 | 25575964924 | 25357953887 | 25620023167 | 25468252817 | 25547453610 | 27274399538 | 23842953102 | 26868525945 | 27287762531 | 27690191739 | 27902863426 | 25985160178 | 25874906899 | 25857282491 | 25897064918 | 25965718898 | 25885985411 |
|            TEMP_CORE           |   TMP0  |          41 |          37 |          38 |          37 |          40 |          41 |          42 |          43 |          41 |          44 |          43 |          44 |          39 |          42 |          41 |          42 |          47 |          43 |          45 |          46 |          42 |          45 |          43 |          40 |
|         PWR_PKG_ENERGY         |   PWR0  |   1364.5693 |           0 |           0 |           0 |           0 |           0 |           0 |           0 |           0 |           0 |           0 |           0 |   1436.7202 |           0 |           0 |           0 |           0 |           0 |           0 |           0 |           0 |           0 |           0 |           0 |
|         PWR_PP0_ENERGY         |   PWR1  |           0 |           0 |           0 |           0 |           0 |           0 |           0 |           0 |           0 |           0 |           0 |           0 |           0 |           0 |           0 |           0 |           0 |           0 |           0 |           0 |           0 |           0 |           0 |           0 |
|         PWR_DRAM_ENERGY        |   PWR3  |    321.1932 |           0 |           0 |           0 |           0 |           0 |           0 |           0 |           0 |           0 |           0 |           0 |    306.8204 |           0 |           0 |           0 |           0 |           0 |           0 |           0 |           0 |           0 |           0 |           0 |
|          CAS_COUNT_RD          | MBOX0C0 |  2070214125 |           0 |           0 |           0 |           0 |           0 |           0 |           0 |           0 |           0 |           0 |           0 |  1762833937 |           0 |           0 |           0 |           0 |           0 |           0 |           0 |           0 |           0 |           0 |           0 |
|          CAS_COUNT_WR          | MBOX0C1 |  1325536686 |           0 |           0 |           0 |           0 |           0 |           0 |           0 |           0 |           0 |           0 |           0 |  1187977343 |           0 |           0 |           0 |           0 |           0 |           0 |           0 |           0 |           0 |           0 |           0 |
|          CAS_COUNT_RD          | MBOX1C0 |  2071389887 |           0 |           0 |           0 |           0 |           0 |           0 |           0 |           0 |           0 |           0 |           0 |  1761864424 |           0 |           0 |           0 |           0 |           0 |           0 |           0 |           0 |           0 |           0 |           0 |
|          CAS_COUNT_WR          | MBOX1C1 |  1326425430 |           0 |           0 |           0 |           0 |           0 |           0 |           0 |           0 |           0 |           0 |           0 |  1187044953 |           0 |           0 |           0 |           0 |           0 |           0 |           0 |           0 |           0 |           0 |           0 |
|          CAS_COUNT_RD          | MBOX2C0 |           0 |           0 |           0 |           0 |           0 |           0 |           0 |           0 |           0 |           0 |           0 |           0 |           0 |           0 |           0 |           0 |           0 |           0 |           0 |           0 |           0 |           0 |           0 |           0 |
|          CAS_COUNT_WR          | MBOX2C1 |           0 |           0 |           0 |           0 |           0 |           0 |           0 |           0 |           0 |           0 |           0 |           0 |           0 |           0 |           0 |           0 |           0 |           0 |           0 |           0 |           0 |           0 |           0 |           0 |
|          CAS_COUNT_RD          | MBOX3C0 |           0 |           0 |           0 |           0 |           0 |           0 |           0 |           0 |           0 |           0 |           0 |           0 |           0 |           0 |           0 |           0 |           0 |           0 |           0 |           0 |           0 |           0 |           0 |           0 |
|          CAS_COUNT_WR          | MBOX3C1 |           0 |           0 |           0 |           0 |           0 |           0 |           0 |           0 |           0 |           0 |           0 |           0 |           0 |           0 |           0 |           0 |           0 |           0 |           0 |           0 |           0 |           0 |           0 |           0 |
|          CAS_COUNT_RD          | MBOX4C0 |  2070647361 |           0 |           0 |           0 |           0 |           0 |           0 |           0 |           0 |           0 |           0 |           0 |  1763082420 |           0 |           0 |           0 |           0 |           0 |           0 |           0 |           0 |           0 |           0 |           0 |
|          CAS_COUNT_WR          | MBOX4C1 |  1325953148 |           0 |           0 |           0 |           0 |           0 |           0 |           0 |           0 |           0 |           0 |           0 |  1188493493 |           0 |           0 |           0 |           0 |           0 |           0 |           0 |           0 |           0 |           0 |           0 |
|          CAS_COUNT_RD          | MBOX5C0 |  2071297084 |           0 |           0 |           0 |           0 |           0 |           0 |           0 |           0 |           0 |           0 |           0 |  1762476359 |           0 |           0 |           0 |           0 |           0 |           0 |           0 |           0 |           0 |           0 |           0 |
|          CAS_COUNT_WR          | MBOX5C1 |  1326734360 |           0 |           0 |           0 |           0 |           0 |           0 |           0 |           0 |           0 |           0 |           0 |  1187625008 |           0 |           0 |           0 |           0 |           0 |           0 |           0 |           0 |           0 |           0 |           0 |
|          CAS_COUNT_RD          | MBOX6C0 |           0 |           0 |           0 |           0 |           0 |           0 |           0 |           0 |           0 |           0 |           0 |           0 |           0 |           0 |           0 |           0 |           0 |           0 |           0 |           0 |           0 |           0 |           0 |           0 |
|          CAS_COUNT_WR          | MBOX6C1 |           0 |           0 |           0 |           0 |           0 |           0 |           0 |           0 |           0 |           0 |           0 |           0 |           0 |           0 |           0 |           0 |           0 |           0 |           0 |           0 |           0 |           0 |           0 |           0 |
|          CAS_COUNT_RD          | MBOX7C0 |           0 |           0 |           0 |           0 |           0 |           0 |           0 |           0 |           0 |           0 |           0 |           0 |           0 |           0 |           0 |           0 |           0 |           0 |           0 |           0 |           0 |           0 |           0 |           0 |
|          CAS_COUNT_WR          | MBOX7C1 |           0 |           0 |           0 |           0 |           0 |           0 |           0 |           0 |           0 |           0 |           0 |           0 |           0 |           0 |           0 |           0 |           0 |           0 |           0 |           0 |           0 |           0 |           0 |           0 |
+--------------------------------+---------+-------------+-------------+-------------+-------------+-------------+-------------+-------------+-------------+-------------+-------------+-------------+-------------+-------------+-------------+-------------+-------------+-------------+-------------+-------------+-------------+-------------+-------------+-------------+-------------+
+-------------------------------------+---------+--------------+-------------+-------------+--------------+
|                Event                | Counter |      Sum     |     Min     |     Max     |      Avg     |
+-------------------------------------+---------+--------------+-------------+-------------+--------------+
|        INSTR_RETIRED_ANY STAT       |  FIXC0  | 388370487787 |  6054160692 | 22688197080 | 1.618210e+10 |
|      CPU_CLK_UNHALTED_CORE STAT     |  FIXC1  | 799826046914 | 28894100142 | 36265350168 | 3.332609e+10 |
|      CPU_CLK_UNHALTED_REF STAT      |  FIXC2  | 801359098666 | 28987111393 | 36296115011 | 3.338996e+10 |
|           FIXC1/FIXC0 STAT          |   CPI   |            0 |           0 |           0 |            0 |
|  OFFCORE_RESPONSE_0_LOCAL_DRAM STAT |   PMC0  |   9471229180 |   239449321 |   546204865 | 3.946345e+08 |
| OFFCORE_RESPONSE_1_REMOTE_DRAM STAT |   PMC1  |    269579813 |        9866 |    41522986 | 1.123249e+07 |
|  MEM_LOAD_UOPS_RETIRED_L3_ALL STAT  |   PMC2  |   8714735314 |   220049165 |   514901605 | 3.631140e+08 |
|  MEM_LOAD_UOPS_RETIRED_L3_MISS STAT |   PMC3  |   6578618145 |    48865240 |   511529572 | 2.741091e+08 |
|      L2_TRANS_ALL_REQUESTS STAT     |   PMC4  |  94130256571 |  2099055705 |  5968241541 | 3.922094e+09 |
|          L2_RQSTS_MISS STAT         |   PMC5  |  21945313716 |   523291823 |  1416768900 | 9.143881e+08 |
|        UOPS_RETIRED_ALL STAT        |   PMC6  | 529242149736 |  8089667244 | 29892286689 |  22051756239 |
|            TEMP_CORE STAT           |   TMP0  |         1006 |          37 |          47 |      41.9167 |
|         PWR_PKG_ENERGY STAT         |   PWR0  |    2801.2895 |           0 |   1436.7202 |     116.7204 |
|         PWR_PP0_ENERGY STAT         |   PWR1  |            0 |           0 |           0 |            0 |
|         PWR_DRAM_ENERGY STAT        |   PWR3  |     628.0136 |           0 |    321.1932 |      26.1672 |
|          CAS_COUNT_RD STAT          | MBOX0C0 |   3833048062 |           0 |  2070214125 | 1.597103e+08 |
|          CAS_COUNT_WR STAT          | MBOX0C1 |   2513514029 |           0 |  1325536686 | 1.047298e+08 |
|          CAS_COUNT_RD STAT          | MBOX1C0 |   3833254311 |           0 |  2071389887 | 1.597189e+08 |
|          CAS_COUNT_WR STAT          | MBOX1C1 |   2513470383 |           0 |  1326425430 | 1.047279e+08 |
|          CAS_COUNT_RD STAT          | MBOX2C0 |            0 |           0 |           0 |            0 |
|          CAS_COUNT_WR STAT          | MBOX2C1 |            0 |           0 |           0 |            0 |
|          CAS_COUNT_RD STAT          | MBOX3C0 |            0 |           0 |           0 |            0 |
|          CAS_COUNT_WR STAT          | MBOX3C1 |            0 |           0 |           0 |            0 |
|          CAS_COUNT_RD STAT          | MBOX4C0 |   3833729781 |           0 |  2070647361 | 1.597387e+08 |
|          CAS_COUNT_WR STAT          | MBOX4C1 |   2514446641 |           0 |  1325953148 | 1.047686e+08 |
|          CAS_COUNT_RD STAT          | MBOX5C0 |   3833773443 |           0 |  2071297084 | 1.597406e+08 |
|          CAS_COUNT_WR STAT          | MBOX5C1 |   2514359368 |           0 |  1326734360 | 1.047650e+08 |
|          CAS_COUNT_RD STAT          | MBOX6C0 |            0 |           0 |           0 |            0 |
|          CAS_COUNT_WR STAT          | MBOX6C1 |            0 |           0 |           0 |            0 |
|          CAS_COUNT_RD STAT          | MBOX7C0 |            0 |           0 |           0 |            0 |
|          CAS_COUNT_WR STAT          | MBOX7C1 |            0 |           0 |           0 |            0 |
+-------------------------------------+---------+--------------+-------------+-------------+--------------+
+-----------------------------------+------------+-----------+--------------+--------------+-----------+--------------+-----------+-----------+-----------+-----------+-----------+-----------+------------+-----------+-----------+-----------+-----------+-----------+-----------+-----------+-----------+-----------+-----------+-----------+
|               Metric              |   Core 0   |   Core 1  |    Core 2    |    Core 3    |   Core 4  |    Core 5    |   Core 6  |   Core 7  |   Core 8  |   Core 9  |  Core 10  |  Core 11  |   Core 12  |  Core 13  |  Core 14  |  Core 15  |  Core 16  |  Core 17  |  Core 18  |  Core 19  |  Core 20  |  Core 21  |  Core 22  |  Core 23  |
+-----------------------------------+------------+-----------+--------------+--------------+-----------+--------------+-----------+-----------+-----------+-----------+-----------+-----------+------------+-----------+-----------+-----------+-----------+-----------+-----------+-----------+-----------+-----------+-----------+-----------+
|        Runtime (RDTSC) [s]        |    16.3182 |   16.3182 |      16.3182 |      16.3182 |   16.3182 |      16.3182 |   16.3182 |   16.3182 |   16.3182 |   16.3182 |   16.3182 |   16.3182 |    16.3182 |   16.3182 |   16.3182 |   16.3182 |   16.3182 |   16.3182 |   16.3182 |   16.3182 |   16.3182 |   16.3182 |   16.3182 |   16.3182 |
|        Runtime unhalted [s]       |    15.7535 |   15.7619 |      15.7628 |      15.7511 |   15.7581 |      15.7628 |   14.1160 |   12.5797 |   12.5986 |   12.5626 |   12.5775 |   12.5844 |    15.7675 |   14.5634 |   15.7017 |   15.7593 |   15.7502 |   15.7418 |   13.8174 |   13.8198 |   13.8184 |   13.8185 |   13.8055 |   13.8175 |
|            Clock [MHz]            |  2296.9859 | 2297.4679 |    2297.8258 |    2297.2215 | 2297.4313 |    2297.3616 | 2300.0038 | 2292.6376 | 2292.6148 | 2292.6230 | 2292.6317 | 2292.6691 |  2298.0535 | 2292.1675 | 2296.9421 | 2297.2313 | 2297.1322 | 2296.8779 | 2294.3152 | 2294.1675 | 2294.3270 | 2294.3370 | 2294.3425 | 2293.2706 |
|                CPI                |     5.9848 |    5.0438 |       5.0702 |       5.0565 |    5.3523 |       5.3715 |    1.4310 |    1.5170 |    1.5281 |    1.5132 |    1.5226 |    1.5202 |     1.8723 |    1.9805 |    1.8921 |    1.8713 |    1.8489 |    1.8352 |    1.6499 |    1.6548 |    1.6554 |    1.6537 |    1.6491 |    1.6525 |
|   Local DRAM data volume [GByte]  |    34.5050 |   34.5660 |      34.4989 |      34.4966 |   33.9683 |      34.9571 |   19.4747 |   16.7877 |   16.4357 |   16.5885 |   16.5169 |   16.1414 |    34.4762 |   32.3574 |   34.4708 |   34.4738 |   34.4731 |   34.4709 |   15.3689 |   15.6165 |   15.3248 |   15.3605 |   15.4482 |   15.3808 |
|   Local DRAM bandwidth [MByte/s]  |  2114.5132 | 2118.2543 |    2114.1388 |    2114.0015 | 2081.6264 |    2142.2199 | 1193.4378 | 1028.7725 | 1007.2025 | 1016.5641 | 1012.1763 |  989.1674 |  2112.7511 | 1982.9044 | 2112.4161 | 2112.6049 | 2112.5570 | 2112.4248 |  941.8297 |  956.9990 |  939.1222 |  941.3098 |  946.6857 |  942.5584 |
|  Remote DRAM data volume [GByte]  |     1.0721 |    0.0021 |       0.0006 |       0.0013 |    1.0441 |       0.0008 |    0.0150 |    0.0015 |    0.0013 |    0.0011 |    0.0010 |    0.4532 |     0.0030 |    0.0027 |    0.0063 |    0.0024 |    0.0021 |    0.0035 |    2.6575 |    2.4093 |    2.3844 |    2.3939 |    2.3962 |    2.3974 |
|  Remote DRAM bandwidth [MByte/s]  |    65.7006 |    0.1274 |       0.0387 |       0.0815 |   63.9843 |       0.0495 |    0.9206 |    0.0943 |    0.0807 |    0.0692 |    0.0614 |   27.7756 |     0.1860 |    0.1677 |    0.3890 |    0.1468 |    0.1310 |    0.2140 |  162.8535 |  147.6460 |  146.1166 |  146.7006 |  146.8411 |  146.9182 |
|     Memory data volume [GByte]    |    35.5771 |   34.5681 |      34.4995 |      34.4980 |   35.0124 |      34.9579 |   19.4897 |   16.7892 |   16.4370 |   16.5896 |   16.5179 |   16.5946 |    34.4793 |   32.3601 |   34.4771 |   34.4762 |   34.4752 |   34.4744 |   18.0264 |   18.0258 |   17.7091 |   17.7543 |   17.8444 |   17.7783 |
|     Memory bandwidth [MByte/s]    |  2180.2137 | 2118.3817 |    2114.1775 |    2114.0830 | 2145.6107 |    2142.2694 | 1194.3584 | 1028.8667 | 1007.2832 | 1016.6333 | 1012.2377 | 1016.9430 |  2112.9371 | 1983.0722 | 2112.8051 | 2112.7516 | 2112.6880 | 2112.6388 | 1104.6832 | 1104.6450 | 1085.2388 | 1088.0104 | 1093.5268 | 1089.4767 |
|          L3 request rate          |     1.0066 |    1.0068 |       1.0067 |       1.0067 |    1.0068 |       1.0067 |    4.4788 |    4.5416 |    4.6730 |    4.5651 |    4.5791 |    4.5100 |     1.0076 |    1.0079 |    1.0076 |    1.0076 |    1.0077 |    1.0076 |    4.3063 |    4.3269 |    4.4067 |    4.3886 |    4.3370 |    4.3779 |
|            L3 miss rate           |     0.0325 |    0.0001 | 1.975873e-05 | 4.160704e-05 |    0.0322 | 2.492860e-05 |    0.0010 |    0.0001 |    0.0001 |    0.0001 |    0.0001 |    0.0309 |     0.0001 |    0.0001 |    0.0002 |    0.0001 |    0.0001 |    0.0001 |    0.1887 |    0.1711 |    0.1679 |    0.1685 |    0.1687 |    0.1678 |
|           L3 miss ratio           |     0.0311 |    0.0001 | 1.830274e-05 | 3.854289e-05 |    0.0307 | 2.308474e-05 |    0.0008 |    0.0001 |    0.0001 |    0.0001 |    0.0001 |    0.0281 |     0.0001 |    0.0001 |    0.0002 |    0.0001 |    0.0001 |    0.0001 |    0.1729 |    0.1543 |    0.1556 |    0.1558 |    0.1551 |    0.1559 |
|          L2 request rate          |     0.3799 |    0.3113 |       0.3124 |       0.3119 |    0.3346 |       0.3351 |    0.2631 |    0.2783 |    0.2792 |    0.2791 |    0.2797 |    0.2796 |     0.1152 |    0.1241 |    0.1169 |    0.1150 |    0.1140 |    0.1131 |    0.3007 |    0.3007 |    0.3027 |    0.3010 |    0.3018 |    0.3030 |
|            L2 miss rate           |     0.0947 |    0.0775 |       0.0778 |       0.0776 |    0.0833 |       0.0835 |    0.0624 |    0.0666 |    0.0674 |    0.0667 |    0.0669 |    0.0667 |     0.0287 |    0.0309 |    0.0292 |    0.0287 |    0.0284 |    0.0282 |    0.0645 |    0.0647 |    0.0650 |    0.0649 |    0.0647 |    0.0657 |
|           L2 miss ratio           |     0.2492 |    0.2491 |       0.2490 |       0.2489 |    0.2491 |       0.2491 |    0.2374 |    0.2393 |    0.2412 |    0.2391 |    0.2391 |    0.2384 |     0.2494 |    0.2493 |    0.2494 |    0.2496 |    0.2491 |    0.2492 |    0.2146 |    0.2151 |    0.2148 |    0.2157 |    0.2144 |    0.2169 |
|  Memory read bandwidth [MBytes/s] | 32488.1441 |         0 |            0 |            0 |         0 |            0 |         0 |         0 |         0 |         0 |         0 |         0 | 27651.1656 |         0 |         0 |         0 |         0 |         0 |         0 |         0 |         0 |         0 |         0 |         0 |
|  Memory read data volume [GBytes] |   530.1471 |         0 |            0 |            0 |         0 |            0 |         0 |         0 |         0 |         0 |         0 |         0 |   451.2165 |         0 |         0 |         0 |         0 |         0 |         0 |         0 |         0 |         0 |         0 |         0 |
| Memory write bandwidth [MBytes/s] | 20804.8788 |         0 |            0 |            0 |         0 |            0 |         0 |         0 |         0 |         0 |         0 |         0 | 18634.0127 |         0 |         0 |         0 |         0 |         0 |         0 |         0 |         0 |         0 |         0 |         0 |
| Memory write data volume [GBytes] |   339.4976 |         0 |            0 |            0 |         0 |            0 |         0 |         0 |         0 |         0 |         0 |         0 |   304.0730 |         0 |         0 |         0 |         0 |         0 |         0 |         0 |         0 |         0 |         0 |         0 |
|    Memory bandwidth [MBytes/s]    | 53293.0229 |         0 |            0 |            0 |         0 |            0 |         0 |         0 |         0 |         0 |         0 |         0 | 46285.1782 |         0 |         0 |         0 |         0 |         0 |         0 |         0 |         0 |         0 |         0 |         0 |
|    Memory data volume [GBytes]    |   869.6447 |         0 |            0 |            0 |         0 |            0 |         0 |         0 |         0 |         0 |         0 |         0 |   755.2895 |         0 |         0 |         0 |         0 |         0 |         0 |         0 |         0 |         0 |         0 |         0 |
|          Temperature [C]          |         41 |        37 |           38 |           37 |        40 |           41 |        42 |        43 |        41 |        44 |        43 |        44 |         39 |        42 |        41 |        42 |        47 |        43 |        45 |        46 |        42 |        45 |        43 |        40 |
|             Energy [J]            |  1364.5693 |         0 |            0 |            0 |         0 |            0 |         0 |         0 |         0 |         0 |         0 |         0 |  1436.7202 |         0 |         0 |         0 |         0 |         0 |         0 |         0 |         0 |         0 |         0 |         0 |
|             Power [W]             |    83.6227 |         0 |            0 |            0 |         0 |            0 |         0 |         0 |         0 |         0 |         0 |         0 |    88.0442 |         0 |         0 |         0 |         0 |         0 |         0 |         0 |         0 |         0 |         0 |         0 |
|           Energy PP0 [J]          |          0 |         0 |            0 |            0 |         0 |            0 |         0 |         0 |         0 |         0 |         0 |         0 |          0 |         0 |         0 |         0 |         0 |         0 |         0 |         0 |         0 |         0 |         0 |         0 |
|           Power PP0 [W]           |          0 |         0 |            0 |            0 |         0 |            0 |         0 |         0 |         0 |         0 |         0 |         0 |          0 |         0 |         0 |         0 |         0 |         0 |         0 |         0 |         0 |         0 |         0 |         0 |
|          Energy DRAM [J]          |   321.1932 |         0 |            0 |            0 |         0 |            0 |         0 |         0 |         0 |         0 |         0 |         0 |   306.8204 |         0 |         0 |         0 |         0 |         0 |         0 |         0 |         0 |         0 |         0 |         0 |
|           Power DRAM [W]          |    19.6832 |         0 |            0 |            0 |         0 |            0 |         0 |         0 |         0 |         0 |         0 |         0 |    18.8024 |         0 |         0 |         0 |         0 |         0 |         0 |         0 |         0 |         0 |         0 |         0 |
+-----------------------------------+------------+-----------+--------------+--------------+-----------+--------------+-----------+-----------+-----------+-----------+-----------+-----------+------------+-----------+-----------+-----------+-----------+-----------+-----------+-----------+-----------+-----------+-----------+-----------+
+----------------------------------------+------------+--------------+------------+-----------+
|                 Metric                 |     Sum    |      Min     |     Max    |    Avg    |
+----------------------------------------+------------+--------------+------------+-----------+
|        Runtime (RDTSC) [s] STAT        |   391.6368 |      16.3182 |    16.3182 |   16.3182 |
|        Runtime unhalted [s] STAT       |   347.7500 |      12.5626 |    15.7675 |   14.4896 |
|            Clock [MHz] STAT            | 55090.6383 |    2292.1675 |  2300.0038 | 2295.4433 |
|                CPI STAT                |    62.1269 |       1.4310 |     5.9848 |    2.5886 |
|   Local DRAM data volume [GByte] STAT  |   606.1587 |      15.3248 |    34.9571 |   25.2566 |
|   Local DRAM bandwidth [MByte/s] STAT  | 37146.2378 |     939.1222 |  2142.2199 | 1547.7599 |
|  Remote DRAM data volume [GByte] STAT  |    17.2528 |       0.0006 |     2.6575 |    0.7189 |
|  Remote DRAM bandwidth [MByte/s] STAT  |  1057.2943 |       0.0387 |   162.8535 |   44.0539 |
|     Memory data volume [GByte] STAT    |   623.4116 |      16.4370 |    35.5771 |   25.9755 |
|     Memory bandwidth [MByte/s] STAT    | 38203.5320 |    1007.2832 |  2180.2137 | 1591.8138 |
|          L3 request rate STAT          |    65.5773 |       1.0066 |     4.6730 |    2.7324 |
|            L3 miss rate STAT           |     1.1306 | 1.975873e-05 |     0.1887 |    0.0471 |
|           L3 miss ratio STAT           |     1.0416 | 1.830274e-05 |     0.1729 |    0.0434 |
|          L2 request rate STAT          |     6.1524 |       0.1131 |     0.3799 |    0.2564 |
|            L2 miss rate STAT           |     1.4547 |       0.0282 |     0.0947 |    0.0606 |
|           L2 miss ratio STAT           |     5.7164 |       0.2144 |     0.2496 |    0.2382 |
|  Memory read bandwidth [MBytes/s] STAT | 60139.3097 |            0 | 32488.1441 | 2505.8046 |
|  Memory read data volume [GBytes] STAT |   981.3636 |            0 |   530.1471 |   40.8901 |
| Memory write bandwidth [MBytes/s] STAT | 39438.8915 |            0 | 20804.8788 | 1643.2871 |
| Memory write data volume [GBytes] STAT |   643.5706 |            0 |   339.4976 |   26.8154 |
|    Memory bandwidth [MBytes/s] STAT    | 99578.2011 |            0 | 53293.0229 | 4149.0917 |
|    Memory data volume [GBytes] STAT    |  1624.9342 |            0 |   869.6447 |   67.7056 |
|          Temperature [C] STAT          |       1006 |           37 |         47 |   41.9167 |
|             Energy [J] STAT            |  2801.2895 |            0 |  1436.7202 |  116.7204 |
|             Power [W] STAT             |   171.6669 |            0 |    88.0442 |    7.1528 |
|           Energy PP0 [J] STAT          |          0 |            0 |          0 |         0 |
|           Power PP0 [W] STAT           |          0 |            0 |          0 |         0 |
|          Energy DRAM [J] STAT          |   628.0136 |            0 |   321.1932 |   26.1672 |
|           Power DRAM [W] STAT          |    38.4856 |            0 |    19.6832 |    1.6036 |
+----------------------------------------+------------+--------------+------------+-----------+
