--------------------------------------------------------------------------------
CPU name:	Intel(R) Xeon(R) CPU E5-2670 v3 @ 2.30GHz
CPU type:	Intel Xeon Haswell EN/EP/EX processor
CPU clock:	2.30 GHz
--------------------------------------------------------------------------------
Group 1: POWERPERF
+--------------------------------+---------+-------------+-------------+-------------+-------------+-------------+-------------+-------------+---------+---------+--------+---------+---------+-------------+-------------+-------------+-------------+-------------+-------------+---------+---------+---------+---------+---------+-----------+
|              Event             | Counter |    Core 0   |    Core 1   |    Core 2   |    Core 3   |    Core 4   |    Core 5   |    Core 6   |  Core 7 |  Core 8 | Core 9 | Core 10 | Core 11 |   Core 12   |   Core 13   |   Core 14   |   Core 15   |   Core 16   |   Core 17   | Core 18 | Core 19 | Core 20 | Core 21 | Core 22 |  Core 23  |
+--------------------------------+---------+-------------+-------------+-------------+-------------+-------------+-------------+-------------+---------+---------+--------+---------+---------+-------------+-------------+-------------+-------------+-------------+-------------+---------+---------+---------+---------+---------+-----------+
|        INSTR_RETIRED_ANY       |  FIXC0  |  5769690577 |  5790925462 |  5774483255 |  5754400872 |  5877347743 |  5906891376 | 25489941864 | 2661889 | 3072364 |   4377 |    4374 |    4615 |  7547916238 |  7586094658 |  7484110202 |  7528254995 |  7628407197 |  7643780356 |  857584 |    6828 |    4378 |    4377 |    4584 |  89952601 |
|      CPU_CLK_UNHALTED_CORE     |  FIXC1  | 21714138991 | 21733790112 | 21727989220 | 21715901624 | 21726911400 | 21721017350 | 11939626646 | 2718508 | 3536934 |  22323 |   22609 |   22214 | 21708991073 | 21752639344 | 21696476834 | 21707844579 | 21703273244 | 21697486497 | 1913972 |   44353 |   22804 |   22662 |   24179 |  59644753 |
|      CPU_CLK_UNHALTED_REF      |  FIXC2  | 21747154028 | 21751621801 | 21755089948 | 21747845270 | 21758592687 | 21757414719 | 11939627290 | 4473822 | 6218510 |  42780 |   37122 |   42596 | 21725752114 | 21763091694 | 21716955787 | 21748783509 | 21744050937 | 21727870966 | 3608217 |   73899 |   37398 |   37191 |   39698 |  88573667 |
|           FIXC1/FIXC0          |   CPI   |           0 |           0 |           0 |           0 |           0 |           0 |           0 |       0 |       0 |      0 |       0 |       0 |           0 |           0 |           0 |           0 |           0 |           0 |       0 |       0 |       0 |       0 |       0 |         0 |
|  OFFCORE_RESPONSE_0_LOCAL_DRAM |   PMC0  |   537123741 |   537136940 |   537138387 |   537212108 |   537170290 |   537183357 |   136531723 |   61304 |    6371 |      0 |       0 |       0 |   536300971 |   536349647 |   536372194 |   536335899 |   536312190 |   536316664 |    5994 |     231 |       0 |       0 |       2 |     19278 |
| OFFCORE_RESPONSE_1_REMOTE_DRAM |   PMC1  |        9061 |       17977 |        8266 |        5752 |        6152 |       26143 |      131536 |    2475 |    3026 |      0 |       0 |       1 |       21280 |        7868 |        4423 |        3361 |        7211 |       13760 |   19833 |     105 |       0 |       0 |       0 |      4371 |
|  MEM_LOAD_UOPS_RETIRED_L3_ALL  |   PMC2  |   516434664 |   516427536 |   516418386 |   516421983 |   516478473 |   516376349 |      173849 |    2578 |   10068 |     82 |      72 |      81 |   513240905 |   513482629 |   513450026 |   513537725 |   513575950 |   513625260 |    4476 |     129 |      72 |      72 |      82 |    103654 |
|  MEM_LOAD_UOPS_RETIRED_L3_MISS |   PMC3  |   511383947 |   511382948 |   511386634 |   511408903 |   511421698 |   511393864 |       29032 |     797 |    2179 |     13 |      12 |      20 |   507443902 |   507608579 |   507646225 |   507711603 |   507773599 |   507790038 |    3549 |      40 |       1 |       0 |      16 |      7850 |
|      L2_TRANS_ALL_REQUESTS     |   PMC4  |  2222702039 |  2224164884 |  2223313213 |  2226692214 |  2223913374 |  2226707582 |  1717346442 |  371100 |  353560 |   1784 |    1793 |    1825 |  2222675893 |  2227389203 |  2226828603 |  2225201189 |  2224168111 |  2224882352 |   97857 |    3428 |    1826 |    1808 |    1824 |   2282418 |
|          L2_RQSTS_MISS         |   PMC5  |   555935909 |   555962052 |   555955051 |   556040673 |   555910598 |   555830220 |   350211826 |  114650 |   93797 |    748 |     754 |     763 |   555711395 |   556257482 |   555990058 |   555947973 |   555768642 |   555837402 |   33573 |    1477 |     770 |     756 |     756 |    412137 |
|        UOPS_RETIRED_ALL        |   PMC6  |  7658090730 |  7692828264 |  7666911386 |  7632952808 |  7811358639 |  7859537824 | 27779006063 | 4023714 | 4034865 |   7340 |    7354 |    7506 | 10242292996 | 10286525036 | 10129160320 | 10206808242 | 10344241011 | 10365084670 | 1025188 |   10975 |    7349 |    7348 |    7484 | 114360404 |
|            TEMP_CORE           |   TMP0  |          35 |          35 |          36 |          35 |          35 |          36 |          38 |      37 |      35 |     34 |      35 |      38 |          34 |          39 |          37 |          38 |          40 |          36 |      36 |      37 |      34 |      34 |      36 |        33 |
|         PWR_PKG_ENERGY         |   PWR0  |    653.1580 |           0 |           0 |           0 |           0 |           0 |           0 |       0 |       0 |      0 |       0 |       0 |    641.0547 |           0 |           0 |           0 |           0 |           0 |       0 |       0 |       0 |       0 |       0 |         0 |
|         PWR_PP0_ENERGY         |   PWR1  |           0 |           0 |           0 |           0 |           0 |           0 |           0 |       0 |       0 |      0 |       0 |       0 |           0 |           0 |           0 |           0 |           0 |           0 |       0 |       0 |       0 |       0 |       0 |         0 |
|         PWR_DRAM_ENERGY        |   PWR3  |    189.4158 |           0 |           0 |           0 |           0 |           0 |           0 |       0 |       0 |      0 |       0 |       0 |    182.8247 |           0 |           0 |           0 |           0 |           0 |       0 |       0 |       0 |       0 |       0 |         0 |
|          CAS_COUNT_RD          | MBOX0C0 |   855119893 |           0 |           0 |           0 |           0 |           0 |           0 |       0 |       0 |      0 |       0 |       0 |   809959379 |           0 |           0 |           0 |           0 |           0 |       0 |       0 |       0 |       0 |       0 |         0 |
|          CAS_COUNT_WR          | MBOX0C1 |   930290689 |           0 |           0 |           0 |           0 |           0 |           0 |       0 |       0 |      0 |       0 |       0 |   808567552 |           0 |           0 |           0 |           0 |           0 |       0 |       0 |       0 |       0 |       0 |         0 |
|          CAS_COUNT_RD          | MBOX1C0 |   854583531 |           0 |           0 |           0 |           0 |           0 |           0 |       0 |       0 |      0 |       0 |       0 |   810388047 |           0 |           0 |           0 |           0 |           0 |       0 |       0 |       0 |       0 |       0 |         0 |
|          CAS_COUNT_WR          | MBOX1C1 |   929780699 |           0 |           0 |           0 |           0 |           0 |           0 |       0 |       0 |      0 |       0 |       0 |   809107192 |           0 |           0 |           0 |           0 |           0 |       0 |       0 |       0 |       0 |       0 |         0 |
|          CAS_COUNT_RD          | MBOX2C0 |           0 |           0 |           0 |           0 |           0 |           0 |           0 |       0 |       0 |      0 |       0 |       0 |           0 |           0 |           0 |           0 |           0 |           0 |       0 |       0 |       0 |       0 |       0 |         0 |
|          CAS_COUNT_WR          | MBOX2C1 |           0 |           0 |           0 |           0 |           0 |           0 |           0 |       0 |       0 |      0 |       0 |       0 |           0 |           0 |           0 |           0 |           0 |           0 |       0 |       0 |       0 |       0 |       0 |         0 |
|          CAS_COUNT_RD          | MBOX3C0 |           0 |           0 |           0 |           0 |           0 |           0 |           0 |       0 |       0 |      0 |       0 |       0 |           0 |           0 |           0 |           0 |           0 |           0 |       0 |       0 |       0 |       0 |       0 |         0 |
|          CAS_COUNT_WR          | MBOX3C1 |           0 |           0 |           0 |           0 |           0 |           0 |           0 |       0 |       0 |      0 |       0 |       0 |           0 |           0 |           0 |           0 |           0 |           0 |       0 |       0 |       0 |       0 |       0 |         0 |
|          CAS_COUNT_RD          | MBOX4C0 |   854839941 |           0 |           0 |           0 |           0 |           0 |           0 |       0 |       0 |      0 |       0 |       0 |   809808374 |           0 |           0 |           0 |           0 |           0 |       0 |       0 |       0 |       0 |       0 |         0 |
|          CAS_COUNT_WR          | MBOX4C1 |   930167446 |           0 |           0 |           0 |           0 |           0 |           0 |       0 |       0 |      0 |       0 |       0 |   808555955 |           0 |           0 |           0 |           0 |           0 |       0 |       0 |       0 |       0 |       0 |         0 |
|          CAS_COUNT_RD          | MBOX5C0 |   854243214 |           0 |           0 |           0 |           0 |           0 |           0 |       0 |       0 |      0 |       0 |       0 |   810789656 |           0 |           0 |           0 |           0 |           0 |       0 |       0 |       0 |       0 |       0 |         0 |
|          CAS_COUNT_WR          | MBOX5C1 |   929592356 |           0 |           0 |           0 |           0 |           0 |           0 |       0 |       0 |      0 |       0 |       0 |   809224134 |           0 |           0 |           0 |           0 |           0 |       0 |       0 |       0 |       0 |       0 |         0 |
|          CAS_COUNT_RD          | MBOX6C0 |           0 |           0 |           0 |           0 |           0 |           0 |           0 |       0 |       0 |      0 |       0 |       0 |           0 |           0 |           0 |           0 |           0 |           0 |       0 |       0 |       0 |       0 |       0 |         0 |
|          CAS_COUNT_WR          | MBOX6C1 |           0 |           0 |           0 |           0 |           0 |           0 |           0 |       0 |       0 |      0 |       0 |       0 |           0 |           0 |           0 |           0 |           0 |           0 |       0 |       0 |       0 |       0 |       0 |         0 |
|          CAS_COUNT_RD          | MBOX7C0 |           0 |           0 |           0 |           0 |           0 |           0 |           0 |       0 |       0 |      0 |       0 |       0 |           0 |           0 |           0 |           0 |           0 |           0 |       0 |       0 |       0 |       0 |       0 |         0 |
|          CAS_COUNT_WR          | MBOX7C1 |           0 |           0 |           0 |           0 |           0 |           0 |           0 |       0 |       0 |      0 |       0 |       0 |           0 |           0 |           0 |           0 |           0 |           0 |       0 |       0 |       0 |       0 |       0 |         0 |
+--------------------------------+---------+-------------+-------------+-------------+-------------+-------------+-------------+-------------+---------+---------+--------+---------+---------+-------------+-------------+-------------+-------------+-------------+-------------+---------+---------+---------+---------+---------+-----------+
+-------------------------------------+---------+--------------+-------+-------------+--------------+
|                Event                | Counter |      Sum     |  Min  |     Max     |      Avg     |
+-------------------------------------+---------+--------------+-------+-------------+--------------+
|        INSTR_RETIRED_ANY STAT       |  FIXC0  | 105878822766 |  4374 | 25489941864 | 4.411618e+09 |
|      CPU_CLK_UNHALTED_CORE STAT     |  FIXC1  | 272614082225 | 22214 | 21752639344 | 1.135892e+10 |
|      CPU_CLK_UNHALTED_REF STAT      |  FIXC2  | 272987035650 | 37122 | 21763091694 | 1.137446e+10 |
|           FIXC1/FIXC0 STAT          |   CPI   |            0 |     0 |           0 |            0 |
|  OFFCORE_RESPONSE_0_LOCAL_DRAM STAT |   PMC0  |   6577577291 |     0 |   537212108 | 2.740657e+08 |
| OFFCORE_RESPONSE_1_REMOTE_DRAM STAT |   PMC1  |       292601 |     0 |      131536 |   12191.7083 |
|  MEM_LOAD_UOPS_RETIRED_L3_ALL STAT  |   PMC2  |   6179765101 |    72 |   516478473 | 2.574902e+08 |
|  MEM_LOAD_UOPS_RETIRED_L3_MISS STAT |   PMC3  |   6114395449 |     0 |   511421698 | 2.547665e+08 |
|      L2_TRANS_ALL_REQUESTS STAT     |   PMC4  |  28419104322 |  1784 |  2227389203 | 1.184129e+09 |
|          L2_RQSTS_MISS STAT         |   PMC5  |   7022019462 |   748 |   556257482 | 2.925841e+08 |
|        UOPS_RETIRED_ALL STAT        |   PMC6  | 135798297516 |  7340 | 27779006063 | 5.658262e+09 |
|            TEMP_CORE STAT           |   TMP0  |          863 |    33 |          40 |      35.9583 |
|         PWR_PKG_ENERGY STAT         |   PWR0  |    1294.2127 |     0 |    653.1580 |      53.9255 |
|         PWR_PP0_ENERGY STAT         |   PWR1  |            0 |     0 |           0 |            0 |
|         PWR_DRAM_ENERGY STAT        |   PWR3  |     372.2405 |     0 |    189.4158 |      15.5100 |
|          CAS_COUNT_RD STAT          | MBOX0C0 |   1665079272 |     0 |   855119893 |     69378303 |
|          CAS_COUNT_WR STAT          | MBOX0C1 |   1738858241 |     0 |   930290689 | 7.245243e+07 |
|          CAS_COUNT_RD STAT          | MBOX1C0 |   1664971578 |     0 |   854583531 | 6.937382e+07 |
|          CAS_COUNT_WR STAT          | MBOX1C1 |   1738887891 |     0 |   929780699 | 7.245366e+07 |
|          CAS_COUNT_RD STAT          | MBOX2C0 |            0 |     0 |           0 |            0 |
|          CAS_COUNT_WR STAT          | MBOX2C1 |            0 |     0 |           0 |            0 |
|          CAS_COUNT_RD STAT          | MBOX3C0 |            0 |     0 |           0 |            0 |
|          CAS_COUNT_WR STAT          | MBOX3C1 |            0 |     0 |           0 |            0 |
|          CAS_COUNT_RD STAT          | MBOX4C0 |   1664648315 |     0 |   854839941 | 6.936035e+07 |
|          CAS_COUNT_WR STAT          | MBOX4C1 |   1738723401 |     0 |   930167446 | 7.244681e+07 |
|          CAS_COUNT_RD STAT          | MBOX5C0 |   1665032870 |     0 |   854243214 | 6.937637e+07 |
|          CAS_COUNT_WR STAT          | MBOX5C1 |   1738816490 |     0 |   929592356 | 7.245069e+07 |
|          CAS_COUNT_RD STAT          | MBOX6C0 |            0 |     0 |           0 |            0 |
|          CAS_COUNT_WR STAT          | MBOX6C1 |            0 |     0 |           0 |            0 |
|          CAS_COUNT_RD STAT          | MBOX7C0 |            0 |     0 |           0 |            0 |
|          CAS_COUNT_WR STAT          | MBOX7C1 |            0 |     0 |           0 |            0 |
+-------------------------------------+---------+--------------+-------+-------------+--------------+
+-----------------------------------+--------------+--------------+--------------+--------------+--------------+--------------+-----------+-----------+-----------+--------------+--------------+--------------+--------------+--------------+--------------+--------------+--------------+--------------+-----------+--------------+--------------+--------------+--------------+-----------+
|               Metric              |    Core 0    |    Core 1    |    Core 2    |    Core 3    |    Core 4    |    Core 5    |   Core 6  |   Core 7  |   Core 8  |    Core 9    |    Core 10   |    Core 11   |    Core 12   |    Core 13   |    Core 14   |    Core 15   |    Core 16   |    Core 17   |  Core 18  |    Core 19   |    Core 20   |    Core 21   |    Core 22   |  Core 23  |
+-----------------------------------+--------------+--------------+--------------+--------------+--------------+--------------+-----------+-----------+-----------+--------------+--------------+--------------+--------------+--------------+--------------+--------------+--------------+--------------+-----------+--------------+--------------+--------------+--------------+-----------+
|        Runtime (RDTSC) [s]        |       9.8847 |       9.8847 |       9.8847 |       9.8847 |       9.8847 |       9.8847 |    9.8847 |    9.8847 |    9.8847 |       9.8847 |       9.8847 |       9.8847 |       9.8847 |       9.8847 |       9.8847 |       9.8847 |       9.8847 |       9.8847 |    9.8847 |       9.8847 |       9.8847 |       9.8847 |       9.8847 |    9.8847 |
|        Runtime unhalted [s]       |       9.4410 |       9.4495 |       9.4470 |       9.4418 |       9.4465 |       9.4440 |    5.1912 |    0.0012 |    0.0015 | 9.705717e-06 | 9.830065e-06 | 9.658325e-06 |       9.4388 |       9.4577 |       9.4333 |       9.4383 |       9.4363 |       9.4338 |    0.0008 | 1.928404e-05 | 9.914849e-06 | 9.853109e-06 | 1.051268e-05 |    0.0259 |
|            Clock [MHz]            |    2296.4930 |    2298.0992 |    2297.1196 |    2296.6064 |    2296.6358 |    2296.1371 | 2299.9846 | 1397.5806 | 1308.1742 |    1200.1533 |    1400.7961 |    1199.4521 |    2298.2103 |    2298.8801 |    2297.8158 |    2295.6553 |    2295.6714 |    2296.7684 | 1220.0226 |    1380.4141 |    1402.4507 |    1401.4749 |    1400.8597 | 1548.7901 |
|                CPI                |       3.7635 |       3.7531 |       3.7628 |       3.7738 |       3.6967 |       3.6772 |    0.4684 |    1.0213 |    1.1512 |       5.1001 |       5.1690 |       4.8134 |       2.8762 |       2.8674 |       2.8990 |       2.8835 |       2.8451 |       2.8386 |    2.2318 |       6.4958 |       5.2088 |       5.1775 |       5.2747 |    0.6631 |
|   Local DRAM data volume [GByte]  |      34.3759 |      34.3768 |      34.3769 |      34.3816 |      34.3789 |      34.3797 |    8.7380 |    0.0039 |    0.0004 |            0 |            0 |            0 |      34.3233 |      34.3264 |      34.3278 |      34.3255 |      34.3240 |      34.3243 |    0.0004 | 1.478400e-05 |            0 |            0 | 1.280000e-07 |    0.0012 |
|   Local DRAM bandwidth [MByte/s]  |    3477.7037 |    3477.7891 |    3477.7985 |    3478.2758 |    3478.0050 |    3478.0896 |  883.9990 |    0.3969 |    0.0413 |            0 |            0 |            0 |    3472.3765 |    3472.6916 |    3472.8376 |    3472.6026 |    3472.4491 |    3472.4781 |    0.0388 |       0.0015 |            0 |            0 | 1.294936e-05 |    0.1248 |
|  Remote DRAM data volume [GByte]  |       0.0006 |       0.0012 |       0.0005 |       0.0004 |       0.0004 |       0.0017 |    0.0084 |    0.0002 |    0.0002 |            0 |            0 | 6.400000e-08 |       0.0014 |       0.0005 |       0.0003 |       0.0002 |       0.0005 |       0.0009 |    0.0013 | 6.720000e-06 |            0 |            0 |            0 |    0.0003 |
|  Remote DRAM bandwidth [MByte/s]  |       0.0587 |       0.1164 |       0.0535 |       0.0372 |       0.0398 |       0.1693 |    0.8517 |    0.0160 |    0.0196 |            0 |            0 | 6.474679e-06 |       0.1378 |       0.0509 |       0.0286 |       0.0218 |       0.0467 |       0.0891 |    0.1284 |       0.0007 |            0 |            0 |            0 |    0.0283 |
|     Memory data volume [GByte]    |      34.3765 |      34.3779 |      34.3774 |      34.3819 |      34.3793 |      34.3814 |    8.7464 |    0.0041 |    0.0006 |            0 |            0 | 6.400000e-08 |      34.3246 |      34.3269 |      34.3281 |      34.3257 |      34.3244 |      34.3251 |    0.0017 | 2.150400e-05 |            0 |            0 | 1.280000e-07 |    0.0015 |
|     Memory bandwidth [MByte/s]    |    3477.7623 |    3477.9055 |    3477.8520 |    3478.3130 |    3478.0449 |    3478.2589 |  884.8507 |    0.4129 |    0.0608 |            0 |            0 | 6.474679e-06 |    3472.5143 |    3472.7426 |    3472.8663 |    3472.6244 |    3472.4958 |    3472.5672 |    0.1672 |       0.0022 |            0 |            0 | 1.294936e-05 |    0.1531 |
|          L3 request rate          |       1.0099 |       1.0099 |       1.0098 |       1.0098 |       1.0099 |       1.0097 |    5.9882 |    3.2346 |    4.6205 |       6.3077 |            6 |       4.0500 |       1.0114 |       1.0116 |       1.0114 |       1.0115 |       1.0114 |       1.0115 |    1.2612 |       3.2250 |           72 |      nan     |       5.1250 |   13.2043 |
|            L3 miss rate           | 1.754530e-05 | 3.481030e-05 | 1.600640e-05 | 1.113818e-05 | 1.191144e-05 |       0.0001 |    0.7566 |    0.9600 |    0.3006 |            0 |            0 |       0.0123 | 4.146201e-05 | 1.532282e-05 | 8.614276e-06 | 6.544797e-06 | 1.404077e-05 | 2.678996e-05 |    4.4310 |       0.8140 |            0 |            0 |            0 |    0.0422 |
|           L3 miss ratio           | 1.686948e-05 | 3.346819e-05 | 1.538896e-05 | 1.070713e-05 | 1.145261e-05 | 4.866681e-05 |    0.0010 |    0.0404 |    0.4750 |      nan     |      nan     |      nan     | 3.967921e-05 | 1.466954e-05 | 8.246140e-06 | 6.266595e-06 | 1.344553e-05 | 2.565648e-05 |    3.3088 |       0.4545 |      nan     |      nan     |            0 |    0.2267 |
|          L2 request rate          |       0.3852 |       0.3841 |       0.3850 |       0.3870 |       0.3784 |       0.3770 |    0.0674 |    0.1394 |    0.1151 |       0.4076 |       0.4099 |       0.3954 |       0.2945 |       0.2936 |       0.2975 |       0.2956 |       0.2916 |       0.2911 |    0.1141 |       0.5021 |       0.4171 |       0.4131 |       0.3979 |    0.0254 |
|            L2 miss rate           |       0.0964 |       0.0960 |       0.0963 |       0.0966 |       0.0946 |       0.0941 |    0.0137 |    0.0431 |    0.0305 |       0.1709 |       0.1724 |       0.1653 |       0.0736 |       0.0733 |       0.0743 |       0.0738 |       0.0729 |       0.0727 |    0.0391 |       0.2163 |       0.1759 |       0.1727 |       0.1649 |    0.0046 |
|           L2 miss ratio           |       0.2501 |       0.2500 |       0.2501 |       0.2497 |       0.2500 |       0.2496 |    0.2039 |    0.3089 |    0.2653 |       0.4193 |       0.4205 |       0.4181 |       0.2500 |       0.2497 |       0.2497 |       0.2498 |       0.2499 |       0.2498 |    0.3431 |       0.4309 |       0.4217 |       0.4181 |       0.4145 |    0.1806 |
|  Memory read bandwidth [MBytes/s] |   22135.5447 |            0 |            0 |            0 |            0 |            0 |         0 |         0 |         0 |            0 |            0 |            0 |   20984.0805 |            0 |            0 |            0 |            0 |            0 |         0 |            0 |            0 |            0 |            0 |         0 |
|  Memory read data volume [GBytes] |     218.8023 |            0 |            0 |            0 |            0 |            0 |         0 |         0 |         0 |            0 |            0 |            0 |     207.4205 |            0 |            0 |            0 |            0 |            0 |         0 |            0 |            0 |            0 |            0 |         0 |
| Memory write bandwidth [MBytes/s] |   24084.7118 |            0 |            0 |            0 |            0 |            0 |         0 |         0 |         0 |            0 |            0 |            0 |   20948.5305 |            0 |            0 |            0 |            0 |            0 |         0 |            0 |            0 |            0 |            0 |         0 |
| Memory write data volume [GBytes] |     238.0692 |            0 |            0 |            0 |            0 |            0 |         0 |         0 |         0 |            0 |            0 |            0 |     207.0691 |            0 |            0 |            0 |            0 |            0 |         0 |            0 |            0 |            0 |            0 |         0 |
|    Memory bandwidth [MBytes/s]    |   46220.2565 |            0 |            0 |            0 |            0 |            0 |         0 |         0 |         0 |            0 |            0 |            0 |   41932.6111 |            0 |            0 |            0 |            0 |            0 |         0 |            0 |            0 |            0 |            0 |         0 |
|    Memory data volume [GBytes]    |     456.8715 |            0 |            0 |            0 |            0 |            0 |         0 |         0 |         0 |            0 |            0 |            0 |     414.4896 |            0 |            0 |            0 |            0 |            0 |         0 |            0 |            0 |            0 |            0 |         0 |
|          Temperature [C]          |           35 |           35 |           36 |           35 |           35 |           36 |        38 |        37 |        35 |           34 |           35 |           38 |           34 |           39 |           37 |           38 |           40 |           36 |        36 |           37 |           34 |           34 |           36 |        33 |
|             Energy [J]            |     653.1580 |            0 |            0 |            0 |            0 |            0 |         0 |         0 |         0 |            0 |            0 |            0 |     641.0547 |            0 |            0 |            0 |            0 |            0 |         0 |            0 |            0 |            0 |            0 |         0 |
|             Power [W]             |      66.0779 |            0 |            0 |            0 |            0 |            0 |         0 |         0 |         0 |            0 |            0 |            0 |      64.8535 |            0 |            0 |            0 |            0 |            0 |         0 |            0 |            0 |            0 |            0 |         0 |
|           Energy PP0 [J]          |            0 |            0 |            0 |            0 |            0 |            0 |         0 |         0 |         0 |            0 |            0 |            0 |            0 |            0 |            0 |            0 |            0 |            0 |         0 |            0 |            0 |            0 |            0 |         0 |
|           Power PP0 [W]           |            0 |            0 |            0 |            0 |            0 |            0 |         0 |         0 |         0 |            0 |            0 |            0 |            0 |            0 |            0 |            0 |            0 |            0 |         0 |            0 |            0 |            0 |            0 |         0 |
|          Energy DRAM [J]          |     189.4158 |            0 |            0 |            0 |            0 |            0 |         0 |         0 |         0 |            0 |            0 |            0 |     182.8247 |            0 |            0 |            0 |            0 |            0 |         0 |            0 |            0 |            0 |            0 |         0 |
|           Power DRAM [W]          |      19.1626 |            0 |            0 |            0 |            0 |            0 |         0 |         0 |         0 |            0 |            0 |            0 |      18.4958 |            0 |            0 |            0 |            0 |            0 |         0 |            0 |            0 |            0 |            0 |         0 |
+-----------------------------------+--------------+--------------+--------------+--------------+--------------+--------------+-----------+-----------+-----------+--------------+--------------+--------------+--------------+--------------+--------------+--------------+--------------+--------------+-----------+--------------+--------------+--------------+--------------+-----------+
+----------------------------------------+------------+--------------+------------+-----------+
|                 Metric                 |     Sum    |      Min     |     Max    |    Avg    |
+----------------------------------------+------------+--------------+------------+-----------+
|        Runtime (RDTSC) [s] STAT        |   237.2328 |       9.8847 |     9.8847 |    9.8847 |
|        Runtime unhalted [s] STAT       |   118.5287 | 9.658325e-06 |     9.4577 |    4.9387 |
|            Clock [MHz] STAT            | 44724.2454 |    1199.4521 |  2299.9846 | 1863.5102 |
|                CPI STAT                |    82.4120 |       0.4684 |     6.4958 |    3.4338 |
|   Local DRAM data volume [GByte] STAT  |   420.9650 |            0 |    34.3816 |   17.5402 |
|   Local DRAM bandwidth [MByte/s] STAT  | 42587.6995 |            0 |  3478.2758 | 1774.4875 |
|  Remote DRAM data volume [GByte] STAT  |     0.0190 |            0 |     0.0084 |    0.0008 |
|  Remote DRAM bandwidth [MByte/s] STAT  |     1.8945 |            0 |     0.8517 |    0.0789 |
|     Memory data volume [GByte] STAT    |   420.9835 |            0 |    34.3819 |   17.5410 |
|     Memory bandwidth [MByte/s] STAT    | 42589.5941 |            0 |  3478.3130 | 1774.5664 |
|          L3 request rate STAT          |    18.3293 |            0 |    13.2043 |    0.7637 |
|            L3 miss rate STAT           |     7.3170 |            0 |     4.4310 |    0.3049 |
|           L3 miss ratio STAT           |     0.2267 |            0 |     0.2267 |    0.0094 |
|          L2 request rate STAT          |     7.4651 |       0.0254 |     0.5021 |    0.3110 |
|            L2 miss rate STAT           |     2.3840 |       0.0046 |     0.2163 |    0.0993 |
|           L2 miss ratio STAT           |     7.2433 |       0.1806 |     0.4309 |    0.3018 |
|  Memory read bandwidth [MBytes/s] STAT | 43119.6252 |            0 | 22135.5447 | 1796.6510 |
|  Memory read data volume [GBytes] STAT |   426.2228 |            0 |   218.8023 |   17.7593 |
| Memory write bandwidth [MBytes/s] STAT | 45033.2423 |            0 | 24084.7118 | 1876.3851 |
| Memory write data volume [GBytes] STAT |   445.1383 |            0 |   238.0692 |   18.5474 |
|    Memory bandwidth [MBytes/s] STAT    | 88152.8676 |            0 | 46220.2565 | 3673.0361 |
|    Memory data volume [GBytes] STAT    |   871.3611 |            0 |   456.8715 |   36.3067 |
|          Temperature [C] STAT          |        863 |           33 |         40 |   35.9583 |
|             Energy [J] STAT            |  1294.2127 |            0 |   653.1580 |   53.9255 |
|             Power [W] STAT             |   130.9314 |            0 |    66.0779 |    5.4555 |
|           Energy PP0 [J] STAT          |          0 |            0 |          0 |         0 |
|           Power PP0 [W] STAT           |          0 |            0 |          0 |         0 |
|          Energy DRAM [J] STAT          |   372.2405 |            0 |   189.4158 |   15.5100 |
|           Power DRAM [W] STAT          |    37.6584 |            0 |    19.1626 |    1.5691 |
+----------------------------------------+------------+--------------+------------+-----------+
