--------------------------------------------------------------------------------
CPU name:	Intel(R) Xeon(R) CPU E5-2670 v3 @ 2.30GHz
CPU type:	Intel Xeon Haswell EN/EP/EX processor
CPU clock:	2.30 GHz
--------------------------------------------------------------------------------
Group 1: POWERPERF
+--------------------------------+---------+--------------+--------------+--------------+--------------+--------------+--------------+--------------+--------------+--------------+--------------+--------------+--------------+--------------+--------------+--------------+--------------+--------------+--------------+--------------+--------------+--------------+--------------+--------------+--------------+
|              Event             | Counter |    Core 0    |    Core 1    |    Core 2    |    Core 3    |    Core 4    |    Core 5    |    Core 6    |    Core 7    |    Core 8    |    Core 9    |    Core 10   |    Core 11   |    Core 12   |    Core 13   |    Core 14   |    Core 15   |    Core 16   |    Core 17   |    Core 18   |    Core 19   |    Core 20   |    Core 21   |    Core 22   |    Core 23   |
+--------------------------------+---------+--------------+--------------+--------------+--------------+--------------+--------------+--------------+--------------+--------------+--------------+--------------+--------------+--------------+--------------+--------------+--------------+--------------+--------------+--------------+--------------+--------------+--------------+--------------+--------------+
|        INSTR_RETIRED_ANY       |  FIXC0  | 310424470384 | 309882987137 | 310812721957 | 310478195575 | 310840542945 | 310757989248 | 194834540783 | 194921019440 | 194930319334 | 194947053267 | 181982727886 | 181931717428 | 311022595647 | 311052188183 | 311175073849 | 311062807334 | 310916451605 | 310811915401 | 181110982909 | 181121426642 | 180344093636 | 180263511334 | 180479795672 | 180391527847 |
|      CPU_CLK_UNHALTED_CORE     |  FIXC1  | 111797826318 | 111630512279 | 111813100558 | 111786363760 | 111795416885 | 111802336321 | 108772932208 | 109099979296 | 109862667298 | 110153323135 | 108637351877 | 109068409408 | 111672063308 | 111795118378 | 111694951139 | 111629897184 | 111665302266 | 111641730748 | 112518335994 | 111905382030 | 112831557620 | 112572974732 | 111979445955 | 112078829063 |
|      CPU_CLK_UNHALTED_REF      |  FIXC2  | 111804798830 | 111671882888 | 111847716508 | 111832498489 | 111849972670 | 111845225378 | 108772947317 | 109099974151 | 109862633175 | 110153303150 | 108637384834 | 109068410653 | 111723077921 | 111818234832 | 111729340453 | 111681863554 | 111697464914 | 111683483214 | 112518341377 | 111905384017 | 112831509032 | 112572957407 | 111979431252 | 112078813700 |
|           FIXC1/FIXC0          |   CPI   |            0 |            0 |            0 |            0 |            0 |            0 |            0 |            0 |            0 |            0 |            0 |            0 |            0 |            0 |            0 |            0 |            0 |            0 |            0 |            0 |            0 |            0 |            0 |            0 |
|  OFFCORE_RESPONSE_0_LOCAL_DRAM |   PMC0  |   1168834173 |   1195811035 |   1195308548 |   1191200581 |   1191765529 |   1181263322 |    451355123 |    445331350 |    434541806 |    444761338 |    417734799 |    414689699 |   1193285124 |   1193867854 |   1197162549 |   1187256825 |   1203368612 |   1163173251 |    195439627 |    211396179 |    184595522 |    190275822 |    213703520 |    214716438 |
| OFFCORE_RESPONSE_1_REMOTE_DRAM |   PMC1  |     28904233 |        46073 |        62899 |        38895 |       150266 |       143464 |     86289748 |     76194870 |     84646703 |     76680736 |     70438507 |     78424702 |       179772 |       246424 |       146706 |       161234 |       236681 |     27880689 |    294049600 |    278023114 |    304247916 |    298151911 |    273861259 |    275318456 |
|  MEM_LOAD_UOPS_RETIRED_L3_ALL  |   PMC2  |     19186956 |     19068392 |     19211025 |     18831448 |     19022003 |     18590557 |     96775707 |    107854836 |    113136292 |    122610013 |    223482593 |    227562389 |     18481053 |     18714302 |     18851279 |     18237391 |     18705374 |     18960598 |    203174133 |    241920215 |    209935273 |    254123486 |    256532591 |    230011192 |
|  MEM_LOAD_UOPS_RETIRED_L3_MISS |   PMC3  |     10860732 |     10939667 |     10760232 |     10669034 |     10731972 |     10543557 |     58850204 |     61460215 |     60550514 |     61400661 |    122328797 |    142369245 |     10451585 |     10620677 |     10684558 |     10088324 |     10673496 |     10648441 |    122773517 |    125989349 |     92815955 |    120907221 |    127848565 |    117145642 |
|      L2_TRANS_ALL_REQUESTS     |   PMC4  |   7629783011 |   7606452255 |   7639389667 |   7637620161 |   7605514640 |   7561621702 |  19038760268 |  19044883387 |  19068511769 |  19054775282 |  17753322474 |  17747353089 |   7589266537 |   7600564932 |   7588185639 |   7593077578 |   7608134659 |   7580143889 |  17930963441 |  17897781001 |  17967570136 |  17940951668 |  17902738759 |  17920805469 |
|          L2_RQSTS_MISS         |   PMC5  |   1388464681 |   1387504708 |   1387530902 |   1386840210 |   1386221901 |   1384350024 |   4492206262 |   4487037919 |   4518213914 |   4507505862 |   4206725768 |   4227989480 |   1379659431 |   1381315216 |   1381683289 |   1380706106 |   1380871349 |   1378656651 |   4189702008 |   4184931970 |   4214233802 |   4203260752 |   4205375810 |   4211720760 |
|        UOPS_RETIRED_ALL        |   PMC6  | 335078785749 | 334403402455 | 335705155421 | 335232714119 | 335748227045 | 335636165934 | 240430559836 | 240618850794 | 240641403908 | 240683167200 | 225438255912 | 225337737270 | 336013611442 | 336048085557 | 336238641182 | 336073048981 | 335860702874 | 335788023245 | 223817338516 | 223853346305 | 222292191516 | 222141959833 | 222578316234 | 222401086471 |
|            TEMP_CORE           |   TMP0  |           42 |           38 |           38 |           38 |           39 |           41 |           42 |           40 |           42 |           43 |           44 |           43 |           39 |           44 |           42 |           42 |           47 |           42 |           44 |           45 |           42 |           45 |           43 |           40 |
|         PWR_PKG_ENERGY         |   PWR0  |    4001.9284 |            0 |            0 |            0 |            0 |            0 |            0 |            0 |            0 |            0 |            0 |            0 |    4067.3022 |            0 |            0 |            0 |            0 |            0 |            0 |            0 |            0 |            0 |            0 |            0 |
|         PWR_PP0_ENERGY         |   PWR1  |            0 |            0 |            0 |            0 |            0 |            0 |            0 |            0 |            0 |            0 |            0 |            0 |            0 |            0 |            0 |            0 |            0 |            0 |            0 |            0 |            0 |            0 |            0 |            0 |
|         PWR_DRAM_ENERGY        |   PWR3  |     649.6140 |            0 |            0 |            0 |            0 |            0 |            0 |            0 |            0 |            0 |            0 |            0 |     582.2099 |            0 |            0 |            0 |            0 |            0 |            0 |            0 |            0 |            0 |            0 |            0 |
|          CAS_COUNT_RD          | MBOX0C0 |   3348686271 |            0 |            0 |            0 |            0 |            0 |            0 |            0 |            0 |            0 |            0 |            0 |   2443557900 |            0 |            0 |            0 |            0 |            0 |            0 |            0 |            0 |            0 |            0 |            0 |
|          CAS_COUNT_WR          | MBOX0C1 |    806975652 |            0 |            0 |            0 |            0 |            0 |            0 |            0 |            0 |            0 |            0 |            0 |    292375096 |            0 |            0 |            0 |            0 |            0 |            0 |            0 |            0 |            0 |            0 |            0 |
|          CAS_COUNT_RD          | MBOX1C0 |   3349565815 |            0 |            0 |            0 |            0 |            0 |            0 |            0 |            0 |            0 |            0 |            0 |   2441191538 |            0 |            0 |            0 |            0 |            0 |            0 |            0 |            0 |            0 |            0 |            0 |
|          CAS_COUNT_WR          | MBOX1C1 |    809396307 |            0 |            0 |            0 |            0 |            0 |            0 |            0 |            0 |            0 |            0 |            0 |    290029147 |            0 |            0 |            0 |            0 |            0 |            0 |            0 |            0 |            0 |            0 |            0 |
|          CAS_COUNT_RD          | MBOX2C0 |            0 |            0 |            0 |            0 |            0 |            0 |            0 |            0 |            0 |            0 |            0 |            0 |            0 |            0 |            0 |            0 |            0 |            0 |            0 |            0 |            0 |            0 |            0 |            0 |
|          CAS_COUNT_WR          | MBOX2C1 |            0 |            0 |            0 |            0 |            0 |            0 |            0 |            0 |            0 |            0 |            0 |            0 |            0 |            0 |            0 |            0 |            0 |            0 |            0 |            0 |            0 |            0 |            0 |            0 |
|          CAS_COUNT_RD          | MBOX3C0 |            0 |            0 |            0 |            0 |            0 |            0 |            0 |            0 |            0 |            0 |            0 |            0 |            0 |            0 |            0 |            0 |            0 |            0 |            0 |            0 |            0 |            0 |            0 |            0 |
|          CAS_COUNT_WR          | MBOX3C1 |            0 |            0 |            0 |            0 |            0 |            0 |            0 |            0 |            0 |            0 |            0 |            0 |            0 |            0 |            0 |            0 |            0 |            0 |            0 |            0 |            0 |            0 |            0 |            0 |
|          CAS_COUNT_RD          | MBOX4C0 |   3347744820 |            0 |            0 |            0 |            0 |            0 |            0 |            0 |            0 |            0 |            0 |            0 |   2443413760 |            0 |            0 |            0 |            0 |            0 |            0 |            0 |            0 |            0 |            0 |            0 |
|          CAS_COUNT_WR          | MBOX4C1 |    807107571 |            0 |            0 |            0 |            0 |            0 |            0 |            0 |            0 |            0 |            0 |            0 |    293108083 |            0 |            0 |            0 |            0 |            0 |            0 |            0 |            0 |            0 |            0 |            0 |
|          CAS_COUNT_RD          | MBOX5C0 |   3350009010 |            0 |            0 |            0 |            0 |            0 |            0 |            0 |            0 |            0 |            0 |            0 |   2442497030 |            0 |            0 |            0 |            0 |            0 |            0 |            0 |            0 |            0 |            0 |            0 |
|          CAS_COUNT_WR          | MBOX5C1 |    809589648 |            0 |            0 |            0 |            0 |            0 |            0 |            0 |            0 |            0 |            0 |            0 |    290914527 |            0 |            0 |            0 |            0 |            0 |            0 |            0 |            0 |            0 |            0 |            0 |
|          CAS_COUNT_RD          | MBOX6C0 |            0 |            0 |            0 |            0 |            0 |            0 |            0 |            0 |            0 |            0 |            0 |            0 |            0 |            0 |            0 |            0 |            0 |            0 |            0 |            0 |            0 |            0 |            0 |            0 |
|          CAS_COUNT_WR          | MBOX6C1 |            0 |            0 |            0 |            0 |            0 |            0 |            0 |            0 |            0 |            0 |            0 |            0 |            0 |            0 |            0 |            0 |            0 |            0 |            0 |            0 |            0 |            0 |            0 |            0 |
|          CAS_COUNT_RD          | MBOX7C0 |            0 |            0 |            0 |            0 |            0 |            0 |            0 |            0 |            0 |            0 |            0 |            0 |            0 |            0 |            0 |            0 |            0 |            0 |            0 |            0 |            0 |            0 |            0 |            0 |
|          CAS_COUNT_WR          | MBOX7C1 |            0 |            0 |            0 |            0 |            0 |            0 |            0 |            0 |            0 |            0 |            0 |            0 |            0 |            0 |            0 |            0 |            0 |            0 |            0 |            0 |            0 |            0 |            0 |            0 |
+--------------------------------+---------+--------------+--------------+--------------+--------------+--------------+--------------+--------------+--------------+--------------+--------------+--------------+--------------+--------------+--------------+--------------+--------------+--------------+--------------+--------------+--------------+--------------+--------------+--------------+--------------+
+-------------------------------------+---------+---------------+--------------+--------------+--------------+
|                Event                | Counter |      Sum      |      Min     |      Max     |      Avg     |
+-------------------------------------+---------+---------------+--------------+--------------+--------------+
|        INSTR_RETIRED_ANY STAT       |  FIXC0  | 5956496655443 | 180263511334 | 311175073849 | 2.481874e+11 |
|      CPU_CLK_UNHALTED_CORE STAT     |  FIXC1  | 2670205807760 | 108637351877 | 112831557620 | 1.112586e+11 |
|      CPU_CLK_UNHALTED_REF STAT      |  FIXC2  | 2670666649716 | 108637384834 | 112831509032 | 1.112778e+11 |
|           FIXC1/FIXC0 STAT          |   CPI   |             0 |            0 |            0 |            0 |
|  OFFCORE_RESPONSE_0_LOCAL_DRAM STAT |   PMC0  |   18080838626 |    184595522 |   1203368612 | 7.533683e+08 |
| OFFCORE_RESPONSE_1_REMOTE_DRAM STAT |   PMC1  |    2254524858 |        38895 |    304247916 | 9.393854e+07 |
|  MEM_LOAD_UOPS_RETIRED_L3_ALL STAT  |   PMC2  |    2512979098 |     18237391 |    256532591 | 1.047075e+08 |
|  MEM_LOAD_UOPS_RETIRED_L3_MISS STAT |   PMC3  |    1342112160 |     10088324 |    142369245 |     55921340 |
|      L2_TRANS_ALL_REQUESTS STAT     |   PMC4  |  310508171413 |   7561621702 |  19068511769 | 1.293784e+10 |
|          L2_RQSTS_MISS STAT         |   PMC5  |   68252708775 |   1378656651 |   4518213914 | 2.843863e+09 |
|        UOPS_RETIRED_ALL STAT        |   PMC6  | 6778060777799 | 222141959833 | 336238641182 | 2.824192e+11 |
|            TEMP_CORE STAT           |   TMP0  |          1005 |           38 |           47 |      41.8750 |
|         PWR_PKG_ENERGY STAT         |   PWR0  |     8069.2306 |            0 |    4067.3022 |     336.2179 |
|         PWR_PP0_ENERGY STAT         |   PWR1  |             0 |            0 |            0 |            0 |
|         PWR_DRAM_ENERGY STAT        |   PWR3  |     1231.8239 |            0 |     649.6140 |      51.3260 |
|          CAS_COUNT_RD STAT          | MBOX0C0 |    5792244171 |            0 |   3348686271 | 2.413435e+08 |
|          CAS_COUNT_WR STAT          | MBOX0C1 |    1099350748 |            0 |    806975652 | 4.580628e+07 |
|          CAS_COUNT_RD STAT          | MBOX1C0 |    5790757353 |            0 |   3349565815 | 2.412816e+08 |
|          CAS_COUNT_WR STAT          | MBOX1C1 |    1099425454 |            0 |    809396307 | 4.580939e+07 |
|          CAS_COUNT_RD STAT          | MBOX2C0 |             0 |            0 |            0 |            0 |
|          CAS_COUNT_WR STAT          | MBOX2C1 |             0 |            0 |            0 |            0 |
|          CAS_COUNT_RD STAT          | MBOX3C0 |             0 |            0 |            0 |            0 |
|          CAS_COUNT_WR STAT          | MBOX3C1 |             0 |            0 |            0 |            0 |
|          CAS_COUNT_RD STAT          | MBOX4C0 |    5791158580 |            0 |   3347744820 | 2.412983e+08 |
|          CAS_COUNT_WR STAT          | MBOX4C1 |    1100215654 |            0 |    807107571 | 4.584232e+07 |
|          CAS_COUNT_RD STAT          | MBOX5C0 |    5792506040 |            0 |   3350009010 | 2.413544e+08 |
|          CAS_COUNT_WR STAT          | MBOX5C1 |    1100504175 |            0 |    809589648 | 4.585434e+07 |
|          CAS_COUNT_RD STAT          | MBOX6C0 |             0 |            0 |            0 |            0 |
|          CAS_COUNT_WR STAT          | MBOX6C1 |             0 |            0 |            0 |            0 |
|          CAS_COUNT_RD STAT          | MBOX7C0 |             0 |            0 |            0 |            0 |
|          CAS_COUNT_WR STAT          | MBOX7C1 |             0 |            0 |            0 |            0 |
+-------------------------------------+---------+---------------+--------------+--------------+--------------+
+-----------------------------------+------------+--------------+-----------+--------------+-----------+-----------+-----------+-----------+-----------+-----------+-----------+-----------+------------+-----------+-----------+-----------+-----------+-----------+-----------+-----------+-----------+-----------+-----------+-----------+
|               Metric              |   Core 0   |    Core 1    |   Core 2  |    Core 3    |   Core 4  |   Core 5  |   Core 6  |   Core 7  |   Core 8  |   Core 9  |  Core 10  |  Core 11  |   Core 12  |  Core 13  |  Core 14  |  Core 15  |  Core 16  |  Core 17  |  Core 18  |  Core 19  |  Core 20  |  Core 21  |  Core 22  |  Core 23  |
+-----------------------------------+------------+--------------+-----------+--------------+-----------+-----------+-----------+-----------+-----------+-----------+-----------+-----------+------------+-----------+-----------+-----------+-----------+-----------+-----------+-----------+-----------+-----------+-----------+-----------+
|        Runtime (RDTSC) [s]        |    49.5236 |      49.5236 |   49.5236 |      49.5236 |   49.5236 |   49.5236 |   49.5236 |   49.5236 |   49.5236 |   49.5236 |   49.5236 |   49.5236 |    49.5236 |   49.5236 |   49.5236 |   49.5236 |   49.5236 |   49.5236 |   49.5236 |   49.5236 |   49.5236 |   49.5236 |   49.5236 |   49.5236 |
|        Runtime unhalted [s]       |    48.6087 |      48.5360 |   48.6154 |      48.6037 |   48.6077 |   48.6107 |   47.2935 |   47.4357 |   47.7673 |   47.8937 |   47.2346 |   47.4220 |    48.5540 |   48.6076 |   48.5640 |   48.5357 |   48.5511 |   48.5409 |   48.9220 |   48.6555 |   49.0582 |   48.9458 |   48.6877 |   48.7309 |
|            Clock [MHz]            |  2299.8103 |    2299.1016 | 2299.2419 |    2299.0049 | 2298.8319 | 2299.0717 | 2299.9534 | 2299.9538 | 2299.9544 | 2299.9541 | 2299.9530 | 2299.9537 |  2298.9035 | 2299.4782 | 2299.2458 | 2298.8835 | 2299.2914 | 2299.0939 | 2299.9536 | 2299.9536 | 2299.9547 | 2299.9540 | 2299.9540 | 2299.9540 |
|                CPI                |     0.3601 |       0.3602 |    0.3597 |       0.3600 |    0.3597 |    0.3598 |    0.5583 |    0.5597 |    0.5636 |    0.5650 |    0.5970 |    0.5995 |     0.3590 |    0.3594 |    0.3589 |    0.3589 |    0.3591 |    0.3592 |    0.6213 |    0.6178 |    0.6256 |    0.6245 |    0.6205 |    0.6213 |
|   Local DRAM data volume [GByte]  |    74.8054 |      76.5319 |   76.4997 |      76.2368 |   76.2730 |   75.6009 |   28.8867 |   28.5012 |   27.8107 |   28.4647 |   26.7350 |   26.5401 |    76.3702 |   76.4075 |   76.6184 |   75.9844 |   77.0156 |   74.4431 |   12.5081 |   13.5294 |   11.8141 |   12.1777 |   13.6770 |   13.7419 |
|   Local DRAM bandwidth [MByte/s]  |  1510.5001 |    1545.3627 | 1544.7133 |    1539.4046 | 1540.1346 | 1526.5625 |  583.2923 |  575.5077 |  561.5642 |  574.7711 |  539.8443 |  535.9091 |  1542.0984 | 1542.8515 | 1547.1093 | 1534.3080 | 1555.1295 | 1503.1845 |  252.5693 |  273.1901 |  238.5553 |  245.8960 |  276.1719 |  277.4809 |
|  Remote DRAM data volume [GByte]  |     1.8499 |       0.0029 |    0.0040 |       0.0025 |    0.0096 |    0.0092 |    5.5225 |    4.8765 |    5.4174 |    4.9076 |    4.5081 |    5.0192 |     0.0115 |    0.0158 |    0.0094 |    0.0103 |    0.0151 |    1.7844 |   18.8192 |   17.7935 |   19.4719 |   19.0817 |   17.5271 |   17.6204 |
|  Remote DRAM bandwidth [MByte/s]  |    37.3533 |       0.0595 |    0.0813 |       0.0503 |    0.1942 |    0.1854 |  111.5134 |   98.4677 |  109.3901 |   99.0955 |   91.0286 |  101.3493 |     0.2323 |    0.3185 |    0.1896 |    0.2084 |    0.3059 |   36.0306 |  380.0043 |  359.2930 |  393.1837 |  385.3057 |  353.9146 |  355.7977 |
|     Memory data volume [GByte]    |    76.6553 |      76.5349 |   76.5038 |      76.2393 |   76.2826 |   75.6100 |   34.4093 |   33.3777 |   33.2281 |   33.3723 |   31.2431 |   31.5593 |    76.3818 |   76.4233 |   76.6278 |   75.9948 |   77.0307 |   76.2275 |   31.3273 |   31.3228 |   31.2860 |   31.2594 |   31.2041 |   31.3622 |
|     Memory bandwidth [MByte/s]    |  1547.8535 |    1545.4222 | 1544.7946 |    1539.4548 | 1540.3288 | 1526.7479 |  694.8057 |  673.9754 |  670.9543 |  673.8666 |  630.8729 |  637.2584 |  1542.3308 | 1543.1700 | 1547.2989 | 1534.5164 | 1555.4353 | 1539.2150 |  632.5735 |  632.4831 |  631.7390 |  631.2017 |  630.0865 |  633.2787 |
|          L3 request rate          |     1.7666 |       1.7431 |    1.7854 |       1.7651 |    1.7725 |    1.7632 |    1.6444 |    1.7549 |    1.8685 |    1.9969 |    1.8269 |    1.5984 |     1.7683 |    1.7621 |    1.7643 |    1.8078 |    1.7525 |    1.7806 |    1.6549 |    1.9202 |    2.2618 |    2.1018 |    2.0065 |    1.9635 |
|            L3 miss rate           |     1.5065 |       0.0024 |    0.0033 |       0.0021 |    0.0079 |    0.0077 |    0.8916 |    0.7065 |    0.7482 |    0.6254 |    0.3152 |    0.3446 |     0.0097 |    0.0132 |    0.0078 |    0.0088 |    0.0127 |    1.4705 |    1.4473 |    1.1492 |    1.4492 |    1.1733 |    1.0675 |    1.1970 |
|           L3 miss ratio           |     0.0247 | 3.852866e-05 |    0.0001 | 3.265193e-05 |    0.0001 |    0.0001 |    0.1912 |    0.1711 |    0.1948 |    0.1724 |    0.1686 |    0.1891 |     0.0002 |    0.0002 |    0.0001 |    0.0001 |    0.0002 |    0.0240 |    1.5046 |    1.3152 |    1.6482 |    1.5669 |    1.2815 |    1.2822 |
|          L2 request rate          |     0.0246 |       0.0245 |    0.0246 |       0.0246 |    0.0245 |    0.0243 |    0.0977 |    0.0977 |    0.0978 |    0.0977 |    0.0976 |    0.0975 |     0.0244 |    0.0244 |    0.0244 |    0.0244 |    0.0245 |    0.0244 |    0.0990 |    0.0988 |    0.0996 |    0.0995 |    0.0992 |    0.0993 |
|            L2 miss rate           |     0.0045 |       0.0045 |    0.0045 |       0.0045 |    0.0045 |    0.0045 |    0.0231 |    0.0230 |    0.0232 |    0.0231 |    0.0231 |    0.0232 |     0.0044 |    0.0044 |    0.0044 |    0.0044 |    0.0044 |    0.0044 |    0.0231 |    0.0231 |    0.0234 |    0.0233 |    0.0233 |    0.0233 |
|           L2 miss ratio           |     0.1820 |       0.1824 |    0.1816 |       0.1816 |    0.1823 |    0.1831 |    0.2360 |    0.2356 |    0.2369 |    0.2366 |    0.2370 |    0.2382 |     0.1818 |    0.1817 |    0.1821 |    0.1818 |    0.1815 |    0.1819 |    0.2337 |    0.2338 |    0.2345 |    0.2343 |    0.2349 |    0.2350 |
|  Memory read bandwidth [MBytes/s] | 17311.8389 |            0 |         0 |            0 |         0 |         0 |         0 |         0 |         0 |         0 |         0 |         0 | 12626.7558 |         0 |         0 |         0 |         0 |         0 |         0 |         0 |         0 |         0 |         0 |         0 |
|  Memory read data volume [GBytes] |   857.3444 |            0 |         0 |            0 |         0 |         0 |         0 |         0 |         0 |         0 |         0 |         0 |   625.3223 |         0 |         0 |         0 |         0 |         0 |         0 |         0 |         0 |         0 |         0 |         0 |
| Memory write bandwidth [MBytes/s] |  4178.1388 |            0 |         0 |            0 |         0 |         0 |         0 |         0 |         0 |         0 |         0 |         0 |  1507.3891 |         0 |         0 |         0 |         0 |         0 |         0 |         0 |         0 |         0 |         0 |         0 |
| Memory write data volume [GBytes] |   206.9164 |            0 |         0 |            0 |         0 |         0 |         0 |         0 |         0 |         0 |         0 |         0 |    74.6513 |         0 |         0 |         0 |         0 |         0 |         0 |         0 |         0 |         0 |         0 |         0 |
|    Memory bandwidth [MBytes/s]    | 21489.9777 |            0 |         0 |            0 |         0 |         0 |         0 |         0 |         0 |         0 |         0 |         0 | 14134.1449 |         0 |         0 |         0 |         0 |         0 |         0 |         0 |         0 |         0 |         0 |         0 |
|    Memory data volume [GBytes]    |  1064.2608 |            0 |         0 |            0 |         0 |         0 |         0 |         0 |         0 |         0 |         0 |         0 |   699.9736 |         0 |         0 |         0 |         0 |         0 |         0 |         0 |         0 |         0 |         0 |         0 |
|          Temperature [C]          |         42 |           38 |        38 |           38 |        39 |        41 |        42 |        40 |        42 |        43 |        44 |        43 |         39 |        44 |        42 |        42 |        47 |        42 |        44 |        45 |        42 |        45 |        43 |        40 |
|             Energy [J]            |  4001.9284 |            0 |         0 |            0 |         0 |         0 |         0 |         0 |         0 |         0 |         0 |         0 |  4067.3022 |         0 |         0 |         0 |         0 |         0 |         0 |         0 |         0 |         0 |         0 |         0 |
|             Power [W]             |    80.8085 |            0 |         0 |            0 |         0 |         0 |         0 |         0 |         0 |         0 |         0 |         0 |    82.1286 |         0 |         0 |         0 |         0 |         0 |         0 |         0 |         0 |         0 |         0 |         0 |
|           Energy PP0 [J]          |          0 |            0 |         0 |            0 |         0 |         0 |         0 |         0 |         0 |         0 |         0 |         0 |          0 |         0 |         0 |         0 |         0 |         0 |         0 |         0 |         0 |         0 |         0 |         0 |
|           Power PP0 [W]           |          0 |            0 |         0 |            0 |         0 |         0 |         0 |         0 |         0 |         0 |         0 |         0 |          0 |         0 |         0 |         0 |         0 |         0 |         0 |         0 |         0 |         0 |         0 |         0 |
|          Energy DRAM [J]          |   649.6140 |            0 |         0 |            0 |         0 |         0 |         0 |         0 |         0 |         0 |         0 |         0 |   582.2099 |         0 |         0 |         0 |         0 |         0 |         0 |         0 |         0 |         0 |         0 |         0 |
|           Power DRAM [W]          |    13.1173 |            0 |         0 |            0 |         0 |         0 |         0 |         0 |         0 |         0 |         0 |         0 |    11.7562 |         0 |         0 |         0 |         0 |         0 |         0 |         0 |         0 |         0 |         0 |         0 |
+-----------------------------------+------------+--------------+-----------+--------------+-----------+-----------+-----------+-----------+-----------+-----------+-----------+-----------+------------+-----------+-----------+-----------+-----------+-----------+-----------+-----------+-----------+-----------+-----------+-----------+
+----------------------------------------+------------+--------------+------------+-----------+
|                 Metric                 |     Sum    |      Min     |     Max    |    Avg    |
+----------------------------------------+------------+--------------+------------+-----------+
|        Runtime (RDTSC) [s] STAT        |  1188.5664 |      49.5236 |    49.5236 |   49.5236 |
|        Runtime unhalted [s] STAT       |  1160.9824 |      47.2346 |    49.0582 |   48.3743 |
|            Clock [MHz] STAT            | 55189.4049 |    2298.8319 |  2299.9547 | 2299.5585 |
|                CPI STAT                |    11.4881 |       0.3589 |     0.6256 |    0.4787 |
|   Local DRAM data volume [GByte] STAT  |  1157.1735 |      11.8141 |    77.0156 |   48.2156 |
|   Local DRAM bandwidth [MByte/s] STAT  | 23366.1112 |     238.5553 |  1555.1295 |  973.5880 |
|  Remote DRAM data volume [GByte] STAT  |   144.2897 |       0.0025 |    19.4719 |    6.0121 |
|  Remote DRAM bandwidth [MByte/s] STAT  |  2913.5529 |       0.0503 |   393.1837 |  121.3980 |
|     Memory data volume [GByte] STAT    |  1301.4634 |      31.2041 |    77.0307 |   54.2276 |
|     Memory bandwidth [MByte/s] STAT    | 26279.6640 |     630.0865 |  1555.4353 | 1094.9860 |
|          L3 request rate STAT          |    43.8302 |       1.5984 |     2.2618 |    1.8263 |
|            L3 miss rate STAT           |    14.1676 |       0.0021 |     1.5065 |    0.5903 |
|           L3 miss ratio STAT           |     9.7357 | 3.265193e-05 |     1.6482 |    0.4057 |
|          L2 request rate STAT          |     1.4750 |       0.0243 |     0.0996 |    0.0615 |
|            L2 miss rate STAT           |     0.3316 |       0.0044 |     0.0234 |    0.0138 |
|           L2 miss ratio STAT           |     5.0103 |       0.1815 |     0.2382 |    0.2088 |
|  Memory read bandwidth [MBytes/s] STAT | 29938.5947 |            0 | 17311.8389 | 1247.4414 |
|  Memory read data volume [GBytes] STAT |  1482.6667 |            0 |   857.3444 |   61.7778 |
| Memory write bandwidth [MBytes/s] STAT |  5685.5279 |            0 |  4178.1388 |  236.8970 |
| Memory write data volume [GBytes] STAT |   281.5677 |            0 |   206.9164 |   11.7320 |
|    Memory bandwidth [MBytes/s] STAT    | 35624.1226 |            0 | 21489.9777 | 1484.3384 |
|    Memory data volume [GBytes] STAT    |  1764.2344 |            0 |  1064.2608 |   73.5098 |
|          Temperature [C] STAT          |       1005 |           38 |         47 |   41.8750 |
|             Energy [J] STAT            |  8069.2306 |            0 |  4067.3022 |  336.2179 |
|             Power [W] STAT             |   162.9371 |            0 |    82.1286 |    6.7890 |
|           Energy PP0 [J] STAT          |          0 |            0 |          0 |         0 |
|           Power PP0 [W] STAT           |          0 |            0 |          0 |         0 |
|          Energy DRAM [J] STAT          |  1231.8239 |            0 |   649.6140 |   51.3260 |
|           Power DRAM [W] STAT          |    24.8735 |            0 |    13.1173 |    1.0364 |
+----------------------------------------+------------+--------------+------------+-----------+
