--------------------------------------------------------------------------------
CPU name:	Intel(R) Xeon(R) CPU E5-2670 v3 @ 2.30GHz
CPU type:	Intel Xeon Haswell EN/EP/EX processor
CPU clock:	2.30 GHz
--------------------------------------------------------------------------------
Group 1: POWERPERF
+--------------------------------+---------+--------------+--------------+--------------+--------------+--------------+--------------+--------------+--------------+--------------+--------------+--------------+--------------+--------------+--------------+--------------+--------------+--------------+--------------+--------------+--------------+--------------+--------------+--------------+--------------+
|              Event             | Counter |    Core 0    |    Core 1    |    Core 2    |    Core 3    |    Core 4    |    Core 5    |    Core 6    |    Core 7    |    Core 8    |    Core 9    |    Core 10   |    Core 11   |    Core 12   |    Core 13   |    Core 14   |    Core 15   |    Core 16   |    Core 17   |    Core 18   |    Core 19   |    Core 20   |    Core 21   |    Core 22   |    Core 23   |
+--------------------------------+---------+--------------+--------------+--------------+--------------+--------------+--------------+--------------+--------------+--------------+--------------+--------------+--------------+--------------+--------------+--------------+--------------+--------------+--------------+--------------+--------------+--------------+--------------+--------------+--------------+
|        INSTR_RETIRED_ANY       |  FIXC0  | 310157013984 | 310357297161 | 310330250114 | 310498069381 | 310619372128 | 310581801950 | 114298515453 | 115686334680 | 113167572505 | 114775475161 | 114067049758 | 113374917875 | 310068470927 | 309980249420 | 310289717683 | 310003516254 | 310468011605 | 310103010796 | 115064864665 | 114700326351 | 113915986584 | 115623872997 | 114252642906 | 112644854607 |
|      CPU_CLK_UNHALTED_CORE     |  FIXC1  | 112876990291 | 112951689203 | 112967728164 | 113021060794 | 113006121125 | 112959838760 | 113811670575 | 113743298594 | 113750719843 | 113729177984 | 113688671174 | 113750425286 | 112725277344 | 112850163145 | 112790796810 | 112760314952 | 112780595731 | 112773373037 | 113626088702 | 113641293592 | 113660311022 | 113665539255 | 113658032316 | 113568404901 |
|      CPU_CLK_UNHALTED_REF      |  FIXC2  | 112919010140 | 112978596700 | 113008398996 | 113042428002 | 113051526871 | 113010579879 | 113811686577 | 113743330531 | 113750752033 | 113729182955 | 113688665879 | 113750429826 | 112769602140 | 112873332646 | 112828366151 | 112796161413 | 112811317286 | 112808079139 | 113626097277 | 113641316285 | 113660342506 | 113665526016 | 113658078156 | 113568405641 |
|           FIXC1/FIXC0          |   CPI   |            0 |            0 |            0 |            0 |            0 |            0 |            0 |            0 |            0 |            0 |            0 |            0 |            0 |            0 |            0 |            0 |            0 |            0 |            0 |            0 |            0 |            0 |            0 |            0 |
|  OFFCORE_RESPONSE_0_LOCAL_DRAM |   PMC0  |   1248244159 |   1247616617 |   1248137397 |   1247573364 |   1247724718 |   1247620103 |   3365350171 |   3377975524 |   3327887419 |   3356088911 |   3294768733 |   3337848763 |   1247888417 |   1249403319 |   1248918716 |   1248117100 |   1248966877 |   1248416107 |   3321395426 |   3307763375 |   3294477998 |   3291659365 |   3282218353 |   3335413294 |
| OFFCORE_RESPONSE_1_REMOTE_DRAM |   PMC1  |        78370 |        22765 |        93263 |       103893 |        79955 |        79857 |       151363 |       159107 |        75397 |       157365 |       118556 |        94207 |       458479 |       219570 |       214573 |       249739 |       198669 |       178257 |       272614 |       331677 |       244029 |       411724 |       198921 |       219778 |
|  MEM_LOAD_UOPS_RETIRED_L3_ALL  |   PMC2  |     18625705 |     18695940 |     18708725 |     18814672 |     18820562 |     18833174 |   1056311979 |   1266915957 |   1065464484 |   1261406792 |    870334499 |   1039928332 |     18276655 |     18734186 |     18399638 |     18237593 |     19011422 |     18719541 |    917655165 |    879665422 |    886517435 |    916908278 |    894324874 |   1059740621 |
|  MEM_LOAD_UOPS_RETIRED_L3_MISS |   PMC3  |     11149251 |     11067005 |     11053306 |     11109832 |     11125675 |     11046503 |    628735742 |    725230164 |    627340843 |    716429417 |    518209054 |    614204684 |     10672194 |     11123497 |     10780385 |     10744022 |     11157724 |     11151460 |    548032790 |    527489168 |    528824959 |    539702996 |    530526746 |    623701126 |
|      L2_TRANS_ALL_REQUESTS     |   PMC4  |   7678345497 |   7684794767 |   7708125259 |   7698378694 |   7696373135 |   7707434158 |  23311016139 |  23821160161 |  23321305249 |  23880418553 |  23096199983 |  23309317910 |   7699942422 |   7687968734 |   7699090477 |   7697346560 |   7676852074 |   7689585500 |  23183420018 |  23100621184 |  23204462717 |  23278320957 |  23154278142 |  23355288222 |
|          L2_RQSTS_MISS         |   PMC5  |   1389099833 |   1388168277 |   1389403512 |   1389850098 |   1388878305 |   1388835509 |   6880452197 |   6939958963 |   6915051817 |   6993906973 |   6941245192 |   6916163087 |   1391498510 |   1388122679 |   1390690900 |   1391204329 |   1391722384 |   1388468661 |   6930217977 |   6937166911 |   6973108393 |   6985930853 |   6954514117 |   6896451520 |
|        UOPS_RETIRED_ALL        |   PMC6  | 334946273112 | 335234683444 | 335194640320 | 335441018042 | 335612160976 | 335555212605 | 133111943758 | 134988565220 | 131699102909 | 133505966321 | 132830608626 | 131729360531 | 334821768762 | 334683919009 | 335138278595 | 334727627903 | 335409822937 | 334882363064 | 134191230693 | 133722138720 | 132422462073 | 134585131457 | 133019585716 | 130958378277 |
|            TEMP_CORE           |   TMP0  |           43 |           42 |           41 |           39 |           41 |           46 |           45 |           45 |           45 |           46 |           45 |           46 |           42 |           47 |           45 |           47 |           51 |           47 |           49 |           49 |           46 |           48 |           46 |           45 |
|         PWR_PKG_ENERGY         |   PWR0  |    4851.0100 |            0 |            0 |            0 |            0 |            0 |            0 |            0 |            0 |            0 |            0 |            0 |    5124.1306 |            0 |            0 |            0 |            0 |            0 |            0 |            0 |            0 |            0 |            0 |            0 |
|         PWR_PP0_ENERGY         |   PWR1  |            0 |            0 |            0 |            0 |            0 |            0 |            0 |            0 |            0 |            0 |            0 |            0 |            0 |            0 |            0 |            0 |            0 |            0 |            0 |            0 |            0 |            0 |            0 |            0 |
|         PWR_DRAM_ENERGY        |   PWR3  |     816.5404 |            0 |            0 |            0 |            0 |            0 |            0 |            0 |            0 |            0 |            0 |            0 |     835.2703 |            0 |            0 |            0 |            0 |            0 |            0 |            0 |            0 |            0 |            0 |            0 |
|          CAS_COUNT_RD          | MBOX0C0 |   9426292126 |            0 |            0 |            0 |            0 |            0 |            0 |            0 |            0 |            0 |            0 |            0 |   9418534481 |            0 |            0 |            0 |            0 |            0 |            0 |            0 |            0 |            0 |            0 |            0 |
|          CAS_COUNT_WR          | MBOX0C1 |    255327945 |            0 |            0 |            0 |            0 |            0 |            0 |            0 |            0 |            0 |            0 |            0 |    255758829 |            0 |            0 |            0 |            0 |            0 |            0 |            0 |            0 |            0 |            0 |            0 |
|          CAS_COUNT_RD          | MBOX1C0 |   9427829791 |            0 |            0 |            0 |            0 |            0 |            0 |            0 |            0 |            0 |            0 |            0 |   9421771310 |            0 |            0 |            0 |            0 |            0 |            0 |            0 |            0 |            0 |            0 |            0 |
|          CAS_COUNT_WR          | MBOX1C1 |    257840329 |            0 |            0 |            0 |            0 |            0 |            0 |            0 |            0 |            0 |            0 |            0 |    258328109 |            0 |            0 |            0 |            0 |            0 |            0 |            0 |            0 |            0 |            0 |            0 |
|          CAS_COUNT_RD          | MBOX2C0 |            0 |            0 |            0 |            0 |            0 |            0 |            0 |            0 |            0 |            0 |            0 |            0 |            0 |            0 |            0 |            0 |            0 |            0 |            0 |            0 |            0 |            0 |            0 |            0 |
|          CAS_COUNT_WR          | MBOX2C1 |            0 |            0 |            0 |            0 |            0 |            0 |            0 |            0 |            0 |            0 |            0 |            0 |            0 |            0 |            0 |            0 |            0 |            0 |            0 |            0 |            0 |            0 |            0 |            0 |
|          CAS_COUNT_RD          | MBOX3C0 |            0 |            0 |            0 |            0 |            0 |            0 |            0 |            0 |            0 |            0 |            0 |            0 |            0 |            0 |            0 |            0 |            0 |            0 |            0 |            0 |            0 |            0 |            0 |            0 |
|          CAS_COUNT_WR          | MBOX3C1 |            0 |            0 |            0 |            0 |            0 |            0 |            0 |            0 |            0 |            0 |            0 |            0 |            0 |            0 |            0 |            0 |            0 |            0 |            0 |            0 |            0 |            0 |            0 |            0 |
|          CAS_COUNT_RD          | MBOX4C0 |   9427492820 |            0 |            0 |            0 |            0 |            0 |            0 |            0 |            0 |            0 |            0 |            0 |   9420713634 |            0 |            0 |            0 |            0 |            0 |            0 |            0 |            0 |            0 |            0 |            0 |
|          CAS_COUNT_WR          | MBOX4C1 |    256454208 |            0 |            0 |            0 |            0 |            0 |            0 |            0 |            0 |            0 |            0 |            0 |    258306062 |            0 |            0 |            0 |            0 |            0 |            0 |            0 |            0 |            0 |            0 |            0 |
|          CAS_COUNT_RD          | MBOX5C0 |   9427857088 |            0 |            0 |            0 |            0 |            0 |            0 |            0 |            0 |            0 |            0 |            0 |   9423418342 |            0 |            0 |            0 |            0 |            0 |            0 |            0 |            0 |            0 |            0 |            0 |
|          CAS_COUNT_WR          | MBOX5C1 |    259012567 |            0 |            0 |            0 |            0 |            0 |            0 |            0 |            0 |            0 |            0 |            0 |    260754769 |            0 |            0 |            0 |            0 |            0 |            0 |            0 |            0 |            0 |            0 |            0 |
|          CAS_COUNT_RD          | MBOX6C0 |            0 |            0 |            0 |            0 |            0 |            0 |            0 |            0 |            0 |            0 |            0 |            0 |            0 |            0 |            0 |            0 |            0 |            0 |            0 |            0 |            0 |            0 |            0 |            0 |
|          CAS_COUNT_WR          | MBOX6C1 |            0 |            0 |            0 |            0 |            0 |            0 |            0 |            0 |            0 |            0 |            0 |            0 |            0 |            0 |            0 |            0 |            0 |            0 |            0 |            0 |            0 |            0 |            0 |            0 |
|          CAS_COUNT_RD          | MBOX7C0 |            0 |            0 |            0 |            0 |            0 |            0 |            0 |            0 |            0 |            0 |            0 |            0 |            0 |            0 |            0 |            0 |            0 |            0 |            0 |            0 |            0 |            0 |            0 |            0 |
|          CAS_COUNT_WR          | MBOX7C1 |            0 |            0 |            0 |            0 |            0 |            0 |            0 |            0 |            0 |            0 |            0 |            0 |            0 |            0 |            0 |            0 |            0 |            0 |            0 |            0 |            0 |            0 |            0 |            0 |
+--------------------------------+---------+--------------+--------------+--------------+--------------+--------------+--------------+--------------+--------------+--------------+--------------+--------------+--------------+--------------+--------------+--------------+--------------+--------------+--------------+--------------+--------------+--------------+--------------+--------------+--------------+
+-------------------------------------+---------+---------------+--------------+--------------+--------------+
|                Event                | Counter |      Sum      |      Min     |      Max     |      Avg     |
+-------------------------------------+---------+---------------+--------------+--------------+--------------+
|        INSTR_RETIRED_ANY STAT       |  FIXC0  | 5095029194945 | 112644854607 | 310619372128 | 2.122929e+11 |
|      CPU_CLK_UNHALTED_CORE STAT     |  FIXC1  | 2718757582600 | 112725277344 | 113811670575 | 1.132816e+11 |
|      CPU_CLK_UNHALTED_REF STAT      |  FIXC2  | 2719191213045 | 112769602140 | 113811686577 | 1.132996e+11 |
|           FIXC1/FIXC0 STAT          |   CPI   |             0 |            0 |            0 |            0 |
|  OFFCORE_RESPONSE_0_LOCAL_DRAM STAT |   PMC0  |   54871474226 |   1247573364 |   3377975524 | 2.286311e+09 |
| OFFCORE_RESPONSE_1_REMOTE_DRAM STAT |   PMC1  |       4412128 |        22765 |       458479 |  183838.6667 |
|  MEM_LOAD_UOPS_RETIRED_L3_ALL STAT  |   PMC2  |   12339051651 |     18237593 |   1266915957 | 5.141272e+08 |
|  MEM_LOAD_UOPS_RETIRED_L3_MISS STAT |   PMC3  |    7260608543 |     10672194 |    725230164 | 3.025254e+08 |
|      L2_TRANS_ALL_REQUESTS STAT     |   PMC4  |  372340046512 |   7676852074 |  23880418553 | 1.551417e+10 |
|          L2_RQSTS_MISS STAT         |   PMC5  |   99940110997 |   1388122679 |   6993906973 | 4.164171e+09 |
|        UOPS_RETIRED_ALL STAT        |   PMC6  | 5618412243070 | 130958378277 | 335612160976 | 2.341005e+11 |
|            TEMP_CORE STAT           |   TMP0  |          1086 |           39 |           51 |      45.2500 |
|         PWR_PKG_ENERGY STAT         |   PWR0  |     9975.1406 |            0 |    5124.1306 |     415.6309 |
|         PWR_PP0_ENERGY STAT         |   PWR1  |             0 |            0 |            0 |            0 |
|         PWR_DRAM_ENERGY STAT        |   PWR3  |     1651.8107 |            0 |     835.2703 |      68.8254 |
|          CAS_COUNT_RD STAT          | MBOX0C0 |   18844826607 |            0 |   9426292126 | 7.852011e+08 |
|          CAS_COUNT_WR STAT          | MBOX0C1 |     511086774 |            0 |    255758829 | 2.129528e+07 |
|          CAS_COUNT_RD STAT          | MBOX1C0 |   18849601101 |            0 |   9427829791 | 7.854000e+08 |
|          CAS_COUNT_WR STAT          | MBOX1C1 |     516168438 |            0 |    258328109 | 2.150702e+07 |
|          CAS_COUNT_RD STAT          | MBOX2C0 |             0 |            0 |            0 |            0 |
|          CAS_COUNT_WR STAT          | MBOX2C1 |             0 |            0 |            0 |            0 |
|          CAS_COUNT_RD STAT          | MBOX3C0 |             0 |            0 |            0 |            0 |
|          CAS_COUNT_WR STAT          | MBOX3C1 |             0 |            0 |            0 |            0 |
|          CAS_COUNT_RD STAT          | MBOX4C0 |   18848206454 |            0 |   9427492820 | 7.853419e+08 |
|          CAS_COUNT_WR STAT          | MBOX4C1 |     514760270 |            0 |    258306062 | 2.144834e+07 |
|          CAS_COUNT_RD STAT          | MBOX5C0 |   18851275430 |            0 |   9427857088 | 7.854698e+08 |
|          CAS_COUNT_WR STAT          | MBOX5C1 |     519767336 |            0 |    260754769 | 2.165697e+07 |
|          CAS_COUNT_RD STAT          | MBOX6C0 |             0 |            0 |            0 |            0 |
|          CAS_COUNT_WR STAT          | MBOX6C1 |             0 |            0 |            0 |            0 |
|          CAS_COUNT_RD STAT          | MBOX7C0 |             0 |            0 |            0 |            0 |
|          CAS_COUNT_WR STAT          | MBOX7C1 |             0 |            0 |            0 |            0 |
+-------------------------------------+---------+---------------+--------------+--------------+--------------+
+-----------------------------------+------------+--------------+-----------+-----------+-----------+-----------+--------------+--------------+--------------+--------------+--------------+--------------+------------+-----------+-----------+-----------+-----------+-----------+-----------+-----------+-----------+-----------+-----------+-----------+
|               Metric              |   Core 0   |    Core 1    |   Core 2  |   Core 3  |   Core 4  |   Core 5  |    Core 6    |    Core 7    |    Core 8    |    Core 9    |    Core 10   |    Core 11   |   Core 12  |  Core 13  |  Core 14  |  Core 15  |  Core 16  |  Core 17  |  Core 18  |  Core 19  |  Core 20  |  Core 21  |  Core 22  |  Core 23  |
+-----------------------------------+------------+--------------+-----------+-----------+-----------+-----------+--------------+--------------+--------------+--------------+--------------+--------------+------------+-----------+-----------+-----------+-----------+-----------+-----------+-----------+-----------+-----------+-----------+-----------+
|        Runtime (RDTSC) [s]        |    50.0407 |      50.0407 |   50.0407 |   50.0407 |   50.0407 |   50.0407 |      50.0407 |      50.0407 |      50.0407 |      50.0407 |      50.0407 |      50.0407 |    50.0407 |   50.0407 |   50.0407 |   50.0407 |   50.0407 |   50.0407 |   50.0407 |   50.0407 |   50.0407 |   50.0407 |   50.0407 |   50.0407 |
|        Runtime unhalted [s]       |    49.0773 |      49.1098 |   49.1168 |   49.1399 |   49.1334 |   49.1133 |      49.4837 |      49.4540 |      49.4572 |      49.4478 |      49.4302 |      49.4571 |    49.0113 |   49.0656 |   49.0398 |   49.0266 |   49.0354 |   49.0323 |   49.4030 |   49.4096 |   49.4179 |   49.4202 |   49.4169 |   49.3779 |
|            Clock [MHz]            |  2299.1276 |    2299.4357 | 2299.1558 | 2299.5488 | 2299.0597 | 2298.9508 |    2299.9832 |    2299.9829 |    2299.9829 |    2299.9834 |    2299.9836 |    2299.9834 |  2299.0795 | 2299.5114 | 2299.2177 | 2299.2526 | 2299.3572 | 2299.2759 | 2299.9833 | 2299.9830 | 2299.9829 | 2299.9838 | 2299.9826 | 2299.9835 |
|                CPI                |     0.3639 |       0.3639 |    0.3640 |    0.3640 |    0.3638 |    0.3637 |       0.9957 |       0.9832 |       1.0052 |       0.9909 |       0.9967 |       1.0033 |     0.3635 |    0.3641 |    0.3635 |    0.3637 |    0.3633 |    0.3637 |    0.9875 |    0.9908 |    0.9978 |    0.9831 |    0.9948 |    1.0082 |
|   Local DRAM data volume [GByte]  |    79.8876 |      79.8475 |   79.8808 |   79.8447 |   79.8544 |   79.8477 |     215.3824 |     216.1904 |     212.9848 |     214.7897 |     210.8652 |     213.6223 |    79.8649 |   79.9618 |   79.9308 |   79.8795 |   79.9339 |   79.8986 |  212.5693 |  211.6969 |  210.8466 |  210.6662 |  210.0620 |  213.4665 |
|   Local DRAM bandwidth [MByte/s]  |  1596.4530 |    1595.6504 | 1596.3165 | 1595.5951 | 1595.7887 | 1595.6549 |    4304.1447 |    4320.2920 |    4256.2314 |    4292.2999 |    4213.8739 |    4268.9715 |  1595.9980 | 1597.9355 | 1597.3158 | 1596.2905 | 1597.3774 | 1596.6729 | 4247.9284 | 4230.4935 | 4213.5021 | 4209.8972 | 4197.8225 | 4265.8567 |
|  Remote DRAM data volume [GByte]  |     0.0050 |       0.0015 |    0.0060 |    0.0066 |    0.0051 |    0.0051 |       0.0097 |       0.0102 |       0.0048 |       0.0101 |       0.0076 |       0.0060 |     0.0293 |    0.0141 |    0.0137 |    0.0160 |    0.0127 |    0.0114 |    0.0174 |    0.0212 |    0.0156 |    0.0264 |    0.0127 |    0.0141 |
|  Remote DRAM bandwidth [MByte/s]  |     0.1002 |       0.0291 |    0.1193 |    0.1329 |    0.1023 |    0.1021 |       0.1936 |       0.2035 |       0.0964 |       0.2013 |       0.1516 |       0.1205 |     0.5864 |    0.2808 |    0.2744 |    0.3194 |    0.2541 |    0.2280 |    0.3487 |    0.4242 |    0.3121 |    0.5266 |    0.2544 |    0.2811 |
|     Memory data volume [GByte]    |    79.8926 |      79.8489 |   79.8868 |   79.8513 |   79.8595 |   79.8528 |     215.3921 |     216.2006 |     212.9896 |     214.7998 |     210.8728 |     213.6284 |    79.8942 |   79.9759 |   79.9445 |   79.8955 |   79.9466 |   79.9100 |  212.5868 |  211.7181 |  210.8622 |  210.6925 |  210.0747 |  213.4805 |
|     Memory bandwidth [MByte/s]    |  1596.5533 |    1595.6795 | 1596.4358 | 1595.7280 | 1595.8909 | 1595.7570 |    4304.3383 |    4320.4955 |    4256.3278 |    4292.5012 |    4214.0256 |    4269.0920 |  1596.5844 | 1598.2164 | 1597.5902 | 1596.6099 | 1597.6314 | 1596.9009 | 4248.2770 | 4230.9177 | 4213.8142 | 4210.4238 | 4198.0769 | 4266.1377 |
|          L3 request rate          |     1.6706 |       1.6893 |    1.6926 |    1.6935 |    1.6916 |    1.7049 |       1.6801 |       1.7469 |       1.6984 |       1.7607 |       1.6795 |       1.6931 |     1.7125 |    1.6842 |    1.7068 |    1.6975 |    1.7039 |    1.6787 |    1.6745 |    1.6676 |    1.6764 |    1.6989 |    1.6857 |    1.6991 |
|            L3 miss rate           |     0.0042 |       0.0012 |    0.0050 |    0.0055 |    0.0042 |    0.0042 |       0.0001 |       0.0001 |       0.0001 |       0.0001 |       0.0001 |       0.0001 |     0.0251 |    0.0117 |    0.0117 |    0.0137 |    0.0104 |    0.0095 |    0.0003 |    0.0004 |    0.0003 |    0.0004 |    0.0002 |    0.0002 |
|           L3 miss ratio           |     0.0001 | 1.824679e-05 |    0.0001 |    0.0001 |    0.0001 |    0.0001 | 4.497689e-05 | 4.710129e-05 | 2.265611e-05 | 4.688940e-05 | 3.598310e-05 | 2.822387e-05 |     0.0004 |    0.0002 |    0.0002 |    0.0002 |    0.0002 |    0.0001 |    0.0001 |    0.0001 |    0.0001 |    0.0001 |    0.0001 |    0.0001 |
|          L2 request rate          |     0.0248 |       0.0248 |    0.0248 |    0.0248 |    0.0248 |    0.0248 |       0.2039 |       0.2059 |       0.2061 |       0.2081 |       0.2025 |       0.2056 |     0.0248 |    0.0248 |    0.0248 |    0.0248 |    0.0247 |    0.0248 |    0.2015 |    0.2014 |    0.2037 |    0.2013 |    0.2027 |    0.2073 |
|            L2 miss rate           |     0.0045 |       0.0045 |    0.0045 |    0.0045 |    0.0045 |    0.0045 |       0.0602 |       0.0600 |       0.0611 |       0.0609 |       0.0609 |       0.0610 |     0.0045 |    0.0045 |    0.0045 |    0.0045 |    0.0045 |    0.0045 |    0.0602 |    0.0605 |    0.0612 |    0.0604 |    0.0609 |    0.0612 |
|           L2 miss ratio           |     0.1809 |       0.1806 |    0.1803 |    0.1805 |    0.1805 |    0.1802 |       0.2952 |       0.2913 |       0.2965 |       0.2929 |       0.3005 |       0.2967 |     0.1807 |    0.1806 |    0.1806 |    0.1807 |    0.1813 |    0.1806 |    0.2989 |    0.3003 |    0.3005 |    0.3001 |    0.3004 |    0.2953 |
|  Memory read bandwidth [MBytes/s] | 48228.8661 |            0 |         0 |         0 |         0 |         0 |            0 |            0 |            0 |            0 |            0 |            0 | 48196.8486 |         0 |         0 |         0 |         0 |         0 |         0 |         0 |         0 |         0 |         0 |         0 |
|  Memory read data volume [GBytes] |  2413.4062 |            0 |         0 |         0 |         0 |         0 |            0 |            0 |            0 |            0 |            0 |            0 |  2411.8040 |         0 |         0 |         0 |         0 |         0 |         0 |         0 |         0 |         0 |         0 |         0 |
| Memory write bandwidth [MBytes/s] |  1315.5820 |            0 |         0 |         0 |         0 |         0 |            0 |            0 |            0 |            0 |            0 |            0 |  1321.3536 |         0 |         0 |         0 |         0 |         0 |         0 |         0 |         0 |         0 |         0 |         0 |
| Memory write data volume [GBytes] |    65.8326 |            0 |         0 |         0 |         0 |         0 |            0 |            0 |            0 |            0 |            0 |            0 |    66.1215 |         0 |         0 |         0 |         0 |         0 |         0 |         0 |         0 |         0 |         0 |         0 |
|    Memory bandwidth [MBytes/s]    | 49544.4481 |            0 |         0 |         0 |         0 |         0 |            0 |            0 |            0 |            0 |            0 |            0 | 49518.2022 |         0 |         0 |         0 |         0 |         0 |         0 |         0 |         0 |         0 |         0 |         0 |
|    Memory data volume [GBytes]    |  2479.2388 |            0 |         0 |         0 |         0 |         0 |            0 |            0 |            0 |            0 |            0 |            0 |  2477.9255 |         0 |         0 |         0 |         0 |         0 |         0 |         0 |         0 |         0 |         0 |         0 |
|          Temperature [C]          |         43 |           42 |        41 |        39 |        41 |        46 |           45 |           45 |           45 |           46 |           45 |           46 |         42 |        47 |        45 |        47 |        51 |        47 |        49 |        49 |        46 |        48 |        46 |        45 |
|             Energy [J]            |  4851.0100 |            0 |         0 |         0 |         0 |         0 |            0 |            0 |            0 |            0 |            0 |            0 |  5124.1306 |         0 |         0 |         0 |         0 |         0 |         0 |         0 |         0 |         0 |         0 |         0 |
|             Power [W]             |    96.9413 |            0 |         0 |         0 |         0 |         0 |            0 |            0 |            0 |            0 |            0 |            0 |   102.3993 |         0 |         0 |         0 |         0 |         0 |         0 |         0 |         0 |         0 |         0 |         0 |
|           Energy PP0 [J]          |          0 |            0 |         0 |         0 |         0 |         0 |            0 |            0 |            0 |            0 |            0 |            0 |          0 |         0 |         0 |         0 |         0 |         0 |         0 |         0 |         0 |         0 |         0 |         0 |
|           Power PP0 [W]           |          0 |            0 |         0 |         0 |         0 |         0 |            0 |            0 |            0 |            0 |            0 |            0 |          0 |         0 |         0 |         0 |         0 |         0 |         0 |         0 |         0 |         0 |         0 |         0 |
|          Energy DRAM [J]          |   816.5404 |            0 |         0 |         0 |         0 |         0 |            0 |            0 |            0 |            0 |            0 |            0 |   835.2703 |         0 |         0 |         0 |         0 |         0 |         0 |         0 |         0 |         0 |         0 |         0 |
|           Power DRAM [W]          |    16.3175 |            0 |         0 |         0 |         0 |         0 |            0 |            0 |            0 |            0 |            0 |            0 |    16.6918 |         0 |         0 |         0 |         0 |         0 |         0 |         0 |         0 |         0 |         0 |         0 |
+-----------------------------------+------------+--------------+-----------+-----------+-----------+-----------+--------------+--------------+--------------+--------------+--------------+--------------+------------+-----------+-----------+-----------+-----------+-----------+-----------+-----------+-----------+-----------+-----------+-----------+
+----------------------------------------+------------+--------------+------------+-----------+
|                 Metric                 |     Sum    |      Min     |     Max    |    Avg    |
+----------------------------------------+------------+--------------+------------+-----------+
|        Runtime (RDTSC) [s] STAT        |  1200.9768 |      50.0407 |    50.0407 |   50.0407 |
|        Runtime unhalted [s] STAT       |  1182.0770 |      49.0113 |    49.4837 |   49.2532 |
|            Clock [MHz] STAT            | 55190.7712 |    2298.9508 |  2299.9838 | 2299.6155 |
|                CPI STAT                |    16.3023 |       0.3633 |     1.0082 |    0.6793 |
|   Local DRAM data volume [GByte] STAT  |  3511.7745 |      79.8447 |   216.1904 |  146.3239 |
|   Local DRAM bandwidth [MByte/s] STAT  | 70178.3625 |    1595.5951 |  4320.2920 | 2924.0984 |
|  Remote DRAM data volume [GByte] STAT  |     0.2823 |       0.0015 |     0.0293 |    0.0118 |
|  Remote DRAM bandwidth [MByte/s] STAT  |     5.6430 |       0.0291 |     0.5864 |    0.2351 |
|     Memory data volume [GByte] STAT    |  3512.0567 |      79.8489 |   216.2006 |  146.3357 |
|     Memory bandwidth [MByte/s] STAT    | 70184.0054 |    1595.6795 |  4320.4955 | 2924.3336 |
|          L3 request rate STAT          |    40.6870 |       1.6676 |     1.7607 |    1.6953 |
|            L3 miss rate STAT           |     0.1088 |       0.0001 |     0.0251 |    0.0045 |
|           L3 miss ratio STAT           |     0.0026 | 1.824679e-05 |     0.0004 |    0.0001 |
|          L2 request rate STAT          |     2.7475 |       0.0247 |     0.2081 |    0.1145 |
|            L2 miss rate STAT           |     0.7825 |       0.0045 |     0.0612 |    0.0326 |
|           L2 miss ratio STAT           |     5.7361 |       0.1802 |     0.3005 |    0.2390 |
|  Memory read bandwidth [MBytes/s] STAT | 96425.7147 |            0 | 48228.8661 | 4017.7381 |
|  Memory read data volume [GBytes] STAT |  4825.2102 |            0 |  2413.4062 |  201.0504 |
| Memory write bandwidth [MBytes/s] STAT |  2636.9356 |            0 |  1321.3536 |  109.8723 |
| Memory write data volume [GBytes] STAT |   131.9541 |            0 |    66.1215 |    5.4981 |
|    Memory bandwidth [MBytes/s] STAT    | 99062.6503 |            0 | 49544.4481 | 4127.6104 |
|    Memory data volume [GBytes] STAT    |  4957.1643 |            0 |  2479.2388 |  206.5485 |
|          Temperature [C] STAT          |       1086 |           39 |         51 |   45.2500 |
|             Energy [J] STAT            |  9975.1406 |            0 |  5124.1306 |  415.6309 |
|             Power [W] STAT             |   199.3406 |            0 |   102.3993 |    8.3059 |
|           Energy PP0 [J] STAT          |          0 |            0 |          0 |         0 |
|           Power PP0 [W] STAT           |          0 |            0 |          0 |         0 |
|          Energy DRAM [J] STAT          |  1651.8107 |            0 |   835.2703 |   68.8254 |
|           Power DRAM [W] STAT          |    33.0093 |            0 |    16.6918 |    1.3754 |
+----------------------------------------+------------+--------------+------------+-----------+
