--------------------------------------------------------------------------------
CPU name:	Intel(R) Xeon(R) CPU E5-2670 v3 @ 2.30GHz
CPU type:	Intel Xeon Haswell EN/EP/EX processor
CPU clock:	2.30 GHz
--------------------------------------------------------------------------------
Group 1: POWERPERF
+--------------------------------+---------+-------------+-------------+-------------+-------------+-------------+-------------+-------------+-------------+-------------+-------------+-------------+-------------+-------------+-------------+-------------+-------------+-------------+-------------+-------------+-------------+-------------+-------------+-------------+-------------+
|              Event             | Counter |    Core 0   |    Core 1   |    Core 2   |    Core 3   |    Core 4   |    Core 5   |    Core 6   |    Core 7   |    Core 8   |    Core 9   |   Core 10   |   Core 11   |   Core 12   |   Core 13   |   Core 14   |   Core 15   |   Core 16   |   Core 17   |   Core 18   |   Core 19   |   Core 20   |   Core 21   |   Core 22   |   Core 23   |
+--------------------------------+---------+-------------+-------------+-------------+-------------+-------------+-------------+-------------+-------------+-------------+-------------+-------------+-------------+-------------+-------------+-------------+-------------+-------------+-------------+-------------+-------------+-------------+-------------+-------------+-------------+
|        INSTR_RETIRED_ANY       |  FIXC0  | 49640859160 | 49571980581 | 49584103020 | 49583064816 | 49578025735 | 49583513922 | 27970600376 | 27938716014 | 27816611281 | 27813838433 | 27960310371 | 27949611514 | 49543352903 | 49565056506 | 48424224888 | 48424406674 | 48421217699 | 48415328120 | 27952179569 | 27945590065 | 27887479685 | 27933491343 | 27935632689 | 27930285509 |
|      CPU_CLK_UNHALTED_CORE     |  FIXC1  | 23334553170 | 23376139393 | 23192497201 | 23275380330 | 22777950084 | 22832185874 | 23820327415 | 23808058073 | 23812858063 | 23824203817 | 23823464176 | 23820551619 | 23475309440 | 23454259610 | 22985389738 | 23066185155 | 22738652083 | 22728095228 | 23806692737 | 23805349634 | 23779972990 | 23809017703 | 23807570549 | 23803012095 |
|      CPU_CLK_UNHALTED_REF      |  FIXC2  | 44724557057 | 44804261993 | 44452285909 | 44611147576 | 43657735108 | 43761690071 | 45655586454 | 45632088619 | 45641286940 | 45663017110 | 45661612845 | 45656014484 | 44994352025 | 44953994132 | 44055330151 | 44210191543 | 43582423931 | 43562183195 | 45629470828 | 45626885053 | 45578260707 | 45633923283 | 45631153830 | 45622407321 |
|           FIXC1/FIXC0          |   CPI   |           0 |           0 |           0 |           0 |           0 |           0 |           0 |           0 |           0 |           0 |           0 |           0 |           0 |           0 |           0 |           0 |           0 |           0 |           0 |           0 |           0 |           0 |           0 |           0 |
|  OFFCORE_RESPONSE_0_LOCAL_DRAM |   PMC0  |   105297203 |   114925031 |   115600539 |   115464566 |   118328938 |   115543666 |     9852616 |    10633972 |    10696831 |     9890300 |    11125606 |     9970246 |    85817926 |   109501903 |   107851143 |    87206806 |    91136596 |    84206686 |     9861962 |     9672491 |    10218704 |    10058149 |     9804931 |    10007989 |
| OFFCORE_RESPONSE_1_REMOTE_DRAM |   PMC1  |    18714335 |    10663654 |     9223100 |     8216271 |     8932439 |    11231249 |       22225 |       18270 |       20697 |       20615 |       18849 |       21387 |    36846389 |    16388121 |    15576362 |    33080185 |    30883834 |    37832503 |        1444 |         600 |         740 |        1689 |        1813 |       23707 |
|  MEM_LOAD_UOPS_RETIRED_L3_ALL  |   PMC2  |   111095144 |   109025077 |   109225790 |   110985978 |   104829815 |   106266717 |      730353 |      696261 |      695714 |      649408 |      674566 |      696324 |   111043485 |   109587909 |   104889897 |   108070250 |   105630963 |   104091782 |      700000 |      701190 |      687459 |      714869 |      773677 |      696649 |
|  MEM_LOAD_UOPS_RETIRED_L3_MISS |   PMC3  |    23578939 |    22027816 |    22180914 |    21858173 |    22691566 |    22579722 |       60799 |       56109 |       54403 |       47380 |       52550 |       56407 |    21881122 |    22547256 |    21076552 |    20551613 |    21257261 |    20107294 |       49767 |       55576 |       55104 |       55070 |       59283 |       55377 |
|      L2_TRANS_ALL_REQUESTS     |   PMC4  |  8384125717 |  8384989871 |  8361821766 |  8430574464 |  8153899418 |  8278451659 |   316321475 |   316154399 |   314562499 |   314214325 |   316214381 |   316329829 |  8370536446 |  8390640299 |  8101980848 |  8127631592 |  8154157284 |  8151724639 |   315898367 |   315266393 |   315184138 |   315880436 |   315358315 |   315228503 |
|          L2_RQSTS_MISS         |   PMC5  |  2123493535 |  2148598210 |  2116435826 |  2165001089 |  2038071074 |  2080421038 |    77168285 |    77067012 |    76794850 |    76721589 |    77161190 |    77193505 |  2134669485 |  2148690734 |  2078351020 |  2070279522 |  2073318927 |  2096563475 |    77121980 |    76988296 |    76949402 |    77094214 |    77173353 |    76982012 |
|        UOPS_RETIRED_ALL        |   PMC6  | 55491356079 | 55412368917 | 55438325380 | 55434267790 | 55434129616 | 55439277719 | 32882299476 | 32844454942 | 32701379039 | 32697996435 | 32869638050 | 32857315376 | 55354536113 | 55402423287 | 54146438061 | 54144843742 | 54145314995 | 54134781040 | 32860213974 | 32852440017 | 32788046159 | 32838504203 | 32841003039 | 32834776657 |
|            TEMP_CORE           |   TMP0  |          29 |          31 |          31 |          33 |          28 |          31 |          30 |          31 |          33 |          30 |          29 |          30 |          31 |          31 |          32 |          35 |          34 |          32 |          33 |          34 |          33 |          33 |          32 |          31 |
|         PWR_PKG_ENERGY         |   PWR0  |    908.7081 |           0 |           0 |           0 |           0 |           0 |           0 |           0 |           0 |           0 |           0 |           0 |    914.9103 |           0 |           0 |           0 |           0 |           0 |           0 |           0 |           0 |           0 |           0 |           0 |
|         PWR_PP0_ENERGY         |   PWR1  |           0 |           0 |           0 |           0 |           0 |           0 |           0 |           0 |           0 |           0 |           0 |           0 |           0 |           0 |           0 |           0 |           0 |           0 |           0 |           0 |           0 |           0 |           0 |           0 |
|         PWR_DRAM_ENERGY        |   PWR3  |    163.6895 |           0 |           0 |           0 |           0 |           0 |           0 |           0 |           0 |           0 |           0 |           0 |    158.1733 |           0 |           0 |           0 |           0 |           0 |           0 |           0 |           0 |           0 |           0 |           0 |
|          CAS_COUNT_RD          | MBOX0C0 |   285340914 |           0 |           0 |           0 |           0 |           0 |           0 |           0 |           0 |           0 |           0 |           0 |   211903358 |           0 |           0 |           0 |           0 |           0 |           0 |           0 |           0 |           0 |           0 |           0 |
|          CAS_COUNT_WR          | MBOX0C1 |   237280331 |           0 |           0 |           0 |           0 |           0 |           0 |           0 |           0 |           0 |           0 |           0 |   174458183 |           0 |           0 |           0 |           0 |           0 |           0 |           0 |           0 |           0 |           0 |           0 |
|          CAS_COUNT_RD          | MBOX1C0 |   284133275 |           0 |           0 |           0 |           0 |           0 |           0 |           0 |           0 |           0 |           0 |           0 |   209764483 |           0 |           0 |           0 |           0 |           0 |           0 |           0 |           0 |           0 |           0 |           0 |
|          CAS_COUNT_WR          | MBOX1C1 |   236100188 |           0 |           0 |           0 |           0 |           0 |           0 |           0 |           0 |           0 |           0 |           0 |   173019987 |           0 |           0 |           0 |           0 |           0 |           0 |           0 |           0 |           0 |           0 |           0 |
|          CAS_COUNT_RD          | MBOX2C0 |           0 |           0 |           0 |           0 |           0 |           0 |           0 |           0 |           0 |           0 |           0 |           0 |           0 |           0 |           0 |           0 |           0 |           0 |           0 |           0 |           0 |           0 |           0 |           0 |
|          CAS_COUNT_WR          | MBOX2C1 |           0 |           0 |           0 |           0 |           0 |           0 |           0 |           0 |           0 |           0 |           0 |           0 |           0 |           0 |           0 |           0 |           0 |           0 |           0 |           0 |           0 |           0 |           0 |           0 |
|          CAS_COUNT_RD          | MBOX3C0 |           0 |           0 |           0 |           0 |           0 |           0 |           0 |           0 |           0 |           0 |           0 |           0 |           0 |           0 |           0 |           0 |           0 |           0 |           0 |           0 |           0 |           0 |           0 |           0 |
|          CAS_COUNT_WR          | MBOX3C1 |           0 |           0 |           0 |           0 |           0 |           0 |           0 |           0 |           0 |           0 |           0 |           0 |           0 |           0 |           0 |           0 |           0 |           0 |           0 |           0 |           0 |           0 |           0 |           0 |
|          CAS_COUNT_RD          | MBOX4C0 |   285440865 |           0 |           0 |           0 |           0 |           0 |           0 |           0 |           0 |           0 |           0 |           0 |   211069273 |           0 |           0 |           0 |           0 |           0 |           0 |           0 |           0 |           0 |           0 |           0 |
|          CAS_COUNT_WR          | MBOX4C1 |   237251609 |           0 |           0 |           0 |           0 |           0 |           0 |           0 |           0 |           0 |           0 |           0 |   174092571 |           0 |           0 |           0 |           0 |           0 |           0 |           0 |           0 |           0 |           0 |           0 |
|          CAS_COUNT_RD          | MBOX5C0 |   284156347 |           0 |           0 |           0 |           0 |           0 |           0 |           0 |           0 |           0 |           0 |           0 |   209629880 |           0 |           0 |           0 |           0 |           0 |           0 |           0 |           0 |           0 |           0 |           0 |
|          CAS_COUNT_WR          | MBOX5C1 |   236115949 |           0 |           0 |           0 |           0 |           0 |           0 |           0 |           0 |           0 |           0 |           0 |   173036985 |           0 |           0 |           0 |           0 |           0 |           0 |           0 |           0 |           0 |           0 |           0 |
|          CAS_COUNT_RD          | MBOX6C0 |           0 |           0 |           0 |           0 |           0 |           0 |           0 |           0 |           0 |           0 |           0 |           0 |           0 |           0 |           0 |           0 |           0 |           0 |           0 |           0 |           0 |           0 |           0 |           0 |
|          CAS_COUNT_WR          | MBOX6C1 |           0 |           0 |           0 |           0 |           0 |           0 |           0 |           0 |           0 |           0 |           0 |           0 |           0 |           0 |           0 |           0 |           0 |           0 |           0 |           0 |           0 |           0 |           0 |           0 |
|          CAS_COUNT_RD          | MBOX7C0 |           0 |           0 |           0 |           0 |           0 |           0 |           0 |           0 |           0 |           0 |           0 |           0 |           0 |           0 |           0 |           0 |           0 |           0 |           0 |           0 |           0 |           0 |           0 |           0 |
|          CAS_COUNT_WR          | MBOX7C1 |           0 |           0 |           0 |           0 |           0 |           0 |           0 |           0 |           0 |           0 |           0 |           0 |           0 |           0 |           0 |           0 |           0 |           0 |           0 |           0 |           0 |           0 |           0 |           0 |
+--------------------------------+---------+-------------+-------------+-------------+-------------+-------------+-------------+-------------+-------------+-------------+-------------+-------------+-------------+-------------+-------------+-------------+-------------+-------------+-------------+-------------+-------------+-------------+-------------+-------------+-------------+
+-------------------------------------+---------+---------------+-------------+-------------+--------------+
|                Event                | Counter |      Sum      |     Min     |     Max     |      Avg     |
+-------------------------------------+---------+---------------+-------------+-------------+--------------+
|        INSTR_RETIRED_ANY STAT       |  FIXC0  |  925369480873 | 27813838433 | 49640859160 | 3.855706e+10 |
|      CPU_CLK_UNHALTED_CORE STAT     |  FIXC1  |  562957676177 | 22728095228 | 23824203817 | 2.345657e+10 |
|      CPU_CLK_UNHALTED_REF STAT      |  FIXC2  | 1079001860165 | 43562183195 | 45663017110 | 4.495841e+10 |
|           FIXC1/FIXC0 STAT          |   CPI   |             0 |           0 |           0 |            0 |
|  OFFCORE_RESPONSE_0_LOCAL_DRAM STAT |   PMC0  |    1372674800 |     9672491 |   118328938 | 5.719478e+07 |
| OFFCORE_RESPONSE_1_REMOTE_DRAM STAT |   PMC1  |     237740478 |         600 |    37832503 | 9.905853e+06 |
|  MEM_LOAD_UOPS_RETIRED_L3_ALL STAT  |   PMC2  |    1303159277 |      649408 |   111095144 | 5.429830e+07 |
|  MEM_LOAD_UOPS_RETIRED_L3_MISS STAT |   PMC3  |     262996053 |       47380 |    23578939 | 1.095817e+07 |
|      L2_TRANS_ALL_REQUESTS STAT     |   PMC4  |  103077147063 |   314214325 |  8430574464 | 4.294881e+09 |
|          L2_RQSTS_MISS STAT         |   PMC5  |   26198309623 |    76721589 |  2165001089 | 1.091596e+09 |
|        UOPS_RETIRED_ALL STAT        |   PMC6  | 1053846130106 | 32697996435 | 55491356079 | 4.391026e+10 |
|            TEMP_CORE STAT           |   TMP0  |           757 |          28 |          35 |      31.5417 |
|         PWR_PKG_ENERGY STAT         |   PWR0  |     1823.6184 |           0 |    914.9103 |      75.9841 |
|         PWR_PP0_ENERGY STAT         |   PWR1  |             0 |           0 |           0 |            0 |
|         PWR_DRAM_ENERGY STAT        |   PWR3  |      321.8628 |           0 |    163.6895 |      13.4109 |
|          CAS_COUNT_RD STAT          | MBOX0C0 |     497244272 |           0 |   285340914 | 2.071851e+07 |
|          CAS_COUNT_WR STAT          | MBOX0C1 |     411738514 |           0 |   237280331 | 1.715577e+07 |
|          CAS_COUNT_RD STAT          | MBOX1C0 |     493897758 |           0 |   284133275 | 2.057907e+07 |
|          CAS_COUNT_WR STAT          | MBOX1C1 |     409120175 |           0 |   236100188 | 1.704667e+07 |
|          CAS_COUNT_RD STAT          | MBOX2C0 |             0 |           0 |           0 |            0 |
|          CAS_COUNT_WR STAT          | MBOX2C1 |             0 |           0 |           0 |            0 |
|          CAS_COUNT_RD STAT          | MBOX3C0 |             0 |           0 |           0 |            0 |
|          CAS_COUNT_WR STAT          | MBOX3C1 |             0 |           0 |           0 |            0 |
|          CAS_COUNT_RD STAT          | MBOX4C0 |     496510138 |           0 |   285440865 | 2.068792e+07 |
|          CAS_COUNT_WR STAT          | MBOX4C1 |     411344180 |           0 |   237251609 | 1.713934e+07 |
|          CAS_COUNT_RD STAT          | MBOX5C0 |     493786227 |           0 |   284156347 | 2.057443e+07 |
|          CAS_COUNT_WR STAT          | MBOX5C1 |     409152934 |           0 |   236115949 | 1.704804e+07 |
|          CAS_COUNT_RD STAT          | MBOX6C0 |             0 |           0 |           0 |            0 |
|          CAS_COUNT_WR STAT          | MBOX6C1 |             0 |           0 |           0 |            0 |
|          CAS_COUNT_RD STAT          | MBOX7C0 |             0 |           0 |           0 |            0 |
|          CAS_COUNT_WR STAT          | MBOX7C1 |             0 |           0 |           0 |            0 |
+-------------------------------------+---------+---------------+-------------+-------------+--------------+
+-----------------------------------+-----------+-----------+-----------+-----------+-----------+-----------+-----------+-----------+-----------+-----------+-----------+-----------+-----------+-----------+-----------+-----------+-----------+-----------+-----------+--------------+--------------+-----------+-----------+-----------+
|               Metric              |   Core 0  |   Core 1  |   Core 2  |   Core 3  |   Core 4  |   Core 5  |   Core 6  |   Core 7  |   Core 8  |   Core 9  |  Core 10  |  Core 11  |  Core 12  |  Core 13  |  Core 14  |  Core 15  |  Core 16  |  Core 17  |  Core 18  |    Core 19   |    Core 20   |  Core 21  |  Core 22  |  Core 23  |
+-----------------------------------+-----------+-----------+-----------+-----------+-----------+-----------+-----------+-----------+-----------+-----------+-----------+-----------+-----------+-----------+-----------+-----------+-----------+-----------+-----------+--------------+--------------+-----------+-----------+-----------+
|        Runtime (RDTSC) [s]        |   20.0008 |   20.0008 |   20.0008 |   20.0008 |   20.0008 |   20.0008 |   20.0008 |   20.0008 |   20.0008 |   20.0008 |   20.0008 |   20.0008 |   20.0008 |   20.0008 |   20.0008 |   20.0008 |   20.0008 |   20.0008 |   20.0008 |      20.0008 |      20.0008 |   20.0008 |   20.0008 |   20.0008 |
|        Runtime unhalted [s]       |   10.1455 |   10.1635 |   10.0837 |   10.1197 |    9.9035 |    9.9270 |   10.3567 |   10.3513 |   10.3534 |   10.3584 |   10.3580 |   10.3568 |   10.2067 |   10.1975 |    9.9937 |   10.0288 |    9.8864 |    9.8818 |   10.3507 |      10.3502 |      10.3391 |   10.3518 |   10.3511 |   10.3491 |
|            Clock [MHz]            | 1199.9993 | 1199.9994 | 1199.9993 | 1199.9992 | 1199.9993 | 1199.9992 | 1200.0003 | 1199.9998 | 1199.9999 | 1200.0003 | 1200.0000 | 1200.0004 | 1199.9990 | 1199.9993 | 1199.9993 | 1199.9992 | 1199.9990 | 1199.9992 | 1199.9999 |    1200.0002 |    1199.9998 | 1200.0000 | 1199.9999 | 1200.0001 |
|                CPI                |    0.4701 |    0.4716 |    0.4677 |    0.4694 |    0.4594 |    0.4605 |    0.8516 |    0.8522 |    0.8561 |    0.8566 |    0.8520 |    0.8523 |    0.4738 |    0.4732 |    0.4747 |    0.4763 |    0.4696 |    0.4694 |    0.8517 |       0.8518 |       0.8527 |    0.8523 |    0.8522 |    0.8522 |
|   Local DRAM data volume [GByte]  |    6.7390 |    7.3552 |    7.3984 |    7.3897 |    7.5731 |    7.3948 |    0.6306 |    0.6806 |    0.6846 |    0.6330 |    0.7120 |    0.6381 |    5.4923 |    7.0081 |    6.9025 |    5.5812 |    5.8327 |    5.3892 |    0.6312 |       0.6190 |       0.6540 |    0.6437 |    0.6275 |    0.6405 |
|   Local DRAM bandwidth [MByte/s]  |  336.9382 |  367.7461 |  369.9076 |  369.4725 |  378.6382 |  369.7256 |   31.5272 |   34.0274 |   34.2286 |   31.6478 |   35.6006 |   31.9036 |  274.6069 |  350.3927 |  345.1105 |  279.0511 |  291.6260 |  269.4511 |   31.5571 |      30.9508 |      32.6986 |   32.1848 |   31.3746 |   32.0243 |
|  Remote DRAM data volume [GByte]  |    1.1977 |    0.6825 |    0.5903 |    0.5258 |    0.5717 |    0.7188 |    0.0014 |    0.0012 |    0.0013 |    0.0013 |    0.0012 |    0.0014 |    2.3582 |    1.0488 |    0.9969 |    2.1171 |    1.9766 |    2.4213 |    0.0001 | 3.840000e-05 | 4.736000e-05 |    0.0001 |    0.0001 |    0.0015 |
|  Remote DRAM bandwidth [MByte/s]  |   59.8836 |   34.1224 |   29.5128 |   26.2911 |   28.5827 |   35.9386 |    0.0711 |    0.0585 |    0.0662 |    0.0660 |    0.0603 |    0.0684 |  117.9039 |   52.4400 |   49.8425 |  105.8526 |   98.8245 |  121.0594 |    0.0046 |       0.0019 |       0.0024 |    0.0054 |    0.0058 |    0.0759 |
|     Memory data volume [GByte]    |    7.9367 |    8.0377 |    7.9887 |    7.9156 |    8.1447 |    8.1136 |    0.6320 |    0.6817 |    0.6859 |    0.6343 |    0.7132 |    0.6395 |    7.8505 |    8.0570 |    7.8994 |    7.6984 |    7.8093 |    7.8105 |    0.6313 |       0.6191 |       0.6540 |    0.6438 |    0.6276 |    0.6420 |
|     Memory bandwidth [MByte/s]    |  396.8218 |  401.8685 |  399.4204 |  395.7636 |  407.2209 |  405.6643 |   31.5983 |   34.0859 |   34.2948 |   31.7137 |   35.6609 |   31.9720 |  392.5108 |  402.8327 |  394.9530 |  384.9037 |  390.4505 |  390.5105 |   31.5617 |      30.9527 |      32.7010 |   32.1903 |   31.3804 |   32.1002 |
|          L3 request rate          |    4.7116 |    4.9494 |    4.9243 |    5.0776 |    4.6198 |    4.7063 |   12.0126 |   12.4091 |   12.7882 |   13.7064 |   12.8367 |   12.3446 |    5.0749 |    4.8604 |    4.9766 |    5.2585 |    4.9692 |    5.1768 |   14.0655 |      12.6168 |      12.4757 |   12.9811 |   13.0506 |   12.5801 |
|            L3 miss rate           |    0.1685 |    0.0978 |    0.0844 |    0.0740 |    0.0852 |    0.1057 |    0.0304 |    0.0262 |    0.0297 |    0.0317 |    0.0279 |    0.0307 |    0.3318 |    0.1495 |    0.1485 |    0.3061 |    0.2924 |    0.3635 |    0.0021 |       0.0009 |       0.0011 |    0.0024 |    0.0023 |    0.0340 |
|           L3 miss ratio           |    0.1777 |    0.0928 |    0.0798 |    0.0712 |    0.0755 |    0.0972 |    0.0023 |    0.0017 |    0.0019 |    0.0021 |    0.0017 |    0.0021 |    0.4294 |    0.1497 |    0.1444 |    0.3793 |    0.3389 |    0.4493 |    0.0001 |       0.0001 |       0.0001 |    0.0002 |    0.0002 |    0.0024 |
|          L2 request rate          |    0.1689 |    0.1691 |    0.1686 |    0.1700 |    0.1645 |    0.1670 |    0.0113 |    0.0113 |    0.0113 |    0.0113 |    0.0113 |    0.0113 |    0.1690 |    0.1693 |    0.1673 |    0.1678 |    0.1684 |    0.1684 |    0.0113 |       0.0113 |       0.0113 |    0.0113 |    0.0113 |    0.0113 |
|            L2 miss rate           |    0.0428 |    0.0433 |    0.0427 |    0.0437 |    0.0411 |    0.0420 |    0.0028 |    0.0028 |    0.0028 |    0.0028 |    0.0028 |    0.0028 |    0.0431 |    0.0434 |    0.0429 |    0.0428 |    0.0428 |    0.0433 |    0.0028 |       0.0028 |       0.0028 |    0.0028 |    0.0028 |    0.0028 |
|           L2 miss ratio           |    0.2533 |    0.2562 |    0.2531 |    0.2568 |    0.2500 |    0.2513 |    0.2440 |    0.2438 |    0.2441 |    0.2442 |    0.2440 |    0.2440 |    0.2550 |    0.2561 |    0.2565 |    0.2547 |    0.2543 |    0.2572 |    0.2441 |       0.2442 |       0.2441 |    0.2441 |    0.2447 |    0.2442 |
|  Memory read bandwidth [MBytes/s] | 3644.8894 |         0 |         0 |         0 |         0 |         0 |         0 |         0 |         0 |         0 |         0 |         0 | 2695.4716 |         0 |         0 |         0 |         0 |         0 |         0 |            0 |            0 |         0 |         0 |         0 |
|  Memory read data volume [GBytes] |   72.9006 |         0 |         0 |         0 |         0 |         0 |         0 |         0 |         0 |         0 |         0 |         0 |   53.9115 |         0 |         0 |         0 |         0 |         0 |         0 |            0 |            0 |         0 |         0 |         0 |
| Memory write bandwidth [MBytes/s] | 3029.4783 |         0 |         0 |         0 |         0 |         0 |         0 |         0 |         0 |         0 |         0 |         0 | 2222.6599 |         0 |         0 |         0 |         0 |         0 |         0 |            0 |            0 |         0 |         0 |         0 |
| Memory write data volume [GBytes] |   60.5919 |         0 |         0 |         0 |         0 |         0 |         0 |         0 |         0 |         0 |         0 |         0 |   44.4549 |         0 |         0 |         0 |         0 |         0 |         0 |            0 |            0 |         0 |         0 |         0 |
|    Memory bandwidth [MBytes/s]    | 6674.3677 |         0 |         0 |         0 |         0 |         0 |         0 |         0 |         0 |         0 |         0 |         0 | 4918.1315 |         0 |         0 |         0 |         0 |         0 |         0 |            0 |            0 |         0 |         0 |         0 |
|    Memory data volume [GBytes]    |  133.4924 |         0 |         0 |         0 |         0 |         0 |         0 |         0 |         0 |         0 |         0 |         0 |   98.3664 |         0 |         0 |         0 |         0 |         0 |         0 |            0 |            0 |         0 |         0 |         0 |
|          Temperature [C]          |        29 |        31 |        31 |        33 |        28 |        31 |        30 |        31 |        33 |        30 |        29 |        30 |        31 |        31 |        32 |        35 |        34 |        32 |        33 |           34 |           33 |        33 |        32 |        31 |
|             Energy [J]            |  908.7081 |         0 |         0 |         0 |         0 |         0 |         0 |         0 |         0 |         0 |         0 |         0 |  914.9103 |         0 |         0 |         0 |         0 |         0 |         0 |            0 |            0 |         0 |         0 |         0 |
|             Power [W]             |   45.4337 |         0 |         0 |         0 |         0 |         0 |         0 |         0 |         0 |         0 |         0 |         0 |   45.7438 |         0 |         0 |         0 |         0 |         0 |         0 |            0 |            0 |         0 |         0 |         0 |
|           Energy PP0 [J]          |         0 |         0 |         0 |         0 |         0 |         0 |         0 |         0 |         0 |         0 |         0 |         0 |         0 |         0 |         0 |         0 |         0 |         0 |         0 |            0 |            0 |         0 |         0 |         0 |
|           Power PP0 [W]           |         0 |         0 |         0 |         0 |         0 |         0 |         0 |         0 |         0 |         0 |         0 |         0 |         0 |         0 |         0 |         0 |         0 |         0 |         0 |            0 |            0 |         0 |         0 |         0 |
|          Energy DRAM [J]          |  163.6895 |         0 |         0 |         0 |         0 |         0 |         0 |         0 |         0 |         0 |         0 |         0 |  158.1733 |         0 |         0 |         0 |         0 |         0 |         0 |            0 |            0 |         0 |         0 |         0 |
|           Power DRAM [W]          |    8.1842 |         0 |         0 |         0 |         0 |         0 |         0 |         0 |         0 |         0 |         0 |         0 |    7.9084 |         0 |         0 |         0 |         0 |         0 |         0 |            0 |            0 |         0 |         0 |         0 |
+-----------------------------------+-----------+-----------+-----------+-----------+-----------+-----------+-----------+-----------+-----------+-----------+-----------+-----------+-----------+-----------+-----------+-----------+-----------+-----------+-----------+--------------+--------------+-----------+-----------+-----------+
+----------------------------------------+------------+--------------+-----------+-----------+
|                 Metric                 |     Sum    |      Min     |    Max    |    Avg    |
+----------------------------------------+------------+--------------+-----------+-----------+
|        Runtime (RDTSC) [s] STAT        |   480.0192 |      20.0008 |   20.0008 |   20.0008 |
|        Runtime unhalted [s] STAT       |   244.7644 |       9.8818 |   10.3584 |   10.1985 |
|            Clock [MHz] STAT            | 28799.9913 |    1199.9990 | 1200.0004 | 1199.9996 |
|                CPI STAT                |    15.8694 |       0.4594 |    0.8566 |    0.6612 |
|   Local DRAM data volume [GByte] STAT  |    87.8510 |       0.6190 |    7.5731 |    3.6605 |
|   Local DRAM bandwidth [MByte/s] STAT  |  4392.3919 |      30.9508 |  378.6382 |  183.0163 |
|  Remote DRAM data volume [GByte] STAT  |    15.2154 | 3.840000e-05 |    2.4213 |    0.6340 |
|  Remote DRAM bandwidth [MByte/s] STAT  |   760.7406 |       0.0019 |  121.0594 |   31.6975 |
|     Memory data volume [GByte] STAT    |   103.0665 |       0.6191 |    8.1447 |    4.2944 |
|     Memory bandwidth [MByte/s] STAT    |  5153.1326 |      30.9527 |  407.2209 |  214.7139 |
|          L3 request rate STAT          |   213.1728 |       4.6198 |   14.0655 |    8.8822 |
|            L3 miss rate STAT           |     2.4268 |       0.0009 |    0.3635 |    0.1011 |
|           L3 miss ratio STAT           |     2.5001 |       0.0001 |    0.4493 |    0.1042 |
|          L2 request rate STAT          |     2.1539 |       0.0113 |    0.1700 |    0.0897 |
|            L2 miss rate STAT           |     0.5475 |       0.0028 |    0.0437 |    0.0228 |
|           L2 miss ratio STAT           |     5.9840 |       0.2438 |    0.2572 |    0.2493 |
|  Memory read bandwidth [MBytes/s] STAT |  6340.3610 |            0 | 3644.8894 |  264.1817 |
|  Memory read data volume [GBytes] STAT |   126.8121 |            0 |   72.9006 |    5.2838 |
| Memory write bandwidth [MBytes/s] STAT |  5252.1382 |            0 | 3029.4783 |  218.8391 |
| Memory write data volume [GBytes] STAT |   105.0468 |            0 |   60.5919 |    4.3769 |
|    Memory bandwidth [MBytes/s] STAT    | 11592.4992 |            0 | 6674.3677 |  483.0208 |
|    Memory data volume [GBytes] STAT    |   231.8588 |            0 |  133.4924 |    9.6608 |
|          Temperature [C] STAT          |        757 |           28 |        35 |   31.5417 |
|             Energy [J] STAT            |  1823.6184 |            0 |  914.9103 |   75.9841 |
|             Power [W] STAT             |    91.1775 |            0 |   45.7438 |    3.7991 |
|           Energy PP0 [J] STAT          |          0 |            0 |         0 |         0 |
|           Power PP0 [W] STAT           |          0 |            0 |         0 |         0 |
|          Energy DRAM [J] STAT          |   321.8628 |            0 |  163.6895 |   13.4109 |
|           Power DRAM [W] STAT          |    16.0926 |            0 |    8.1842 |    0.6705 |
+----------------------------------------+------------+--------------+-----------+-----------+
