--------------------------------------------------------------------------------
CPU name:	Intel(R) Xeon(R) CPU E5-2670 v3 @ 2.30GHz
CPU type:	Intel Xeon Haswell EN/EP/EX processor
CPU clock:	2.30 GHz
--------------------------------------------------------------------------------
Group 1: POWERPERF
+--------------------------------+---------+-------------+-------------+-------------+-------------+-------------+-------------+-------------+-------------+-------------+-------------+-------------+-------------+-------------+-------------+-------------+-------------+-------------+-------------+-------------+-------------+-------------+-------------+-------------+-------------+
|              Event             | Counter |    Core 0   |    Core 1   |    Core 2   |    Core 3   |    Core 4   |    Core 5   |    Core 6   |    Core 7   |    Core 8   |    Core 9   |   Core 10   |   Core 11   |   Core 12   |   Core 13   |   Core 14   |   Core 15   |   Core 16   |   Core 17   |   Core 18   |   Core 19   |   Core 20   |   Core 21   |   Core 22   |   Core 23   |
+--------------------------------+---------+-------------+-------------+-------------+-------------+-------------+-------------+-------------+-------------+-------------+-------------+-------------+-------------+-------------+-------------+-------------+-------------+-------------+-------------+-------------+-------------+-------------+-------------+-------------+-------------+
|        INSTR_RETIRED_ANY       |  FIXC0  | 50622879600 | 50558751853 | 50512519421 | 50566323087 | 50574239738 | 50585092107 | 36593661006 | 36501079395 | 36405333725 | 36359186496 | 36503684536 | 36313704619 | 50543959448 | 50583249644 | 49414346434 | 49416837522 | 49419336434 | 49419627499 | 36595195314 | 36668102514 | 36564233924 | 36550194064 | 36329405059 | 36604163061 |
|      CPU_CLK_UNHALTED_CORE     |  FIXC1  | 23299151674 | 23429723745 | 23538201745 | 23236762503 | 22999809327 | 22892347852 | 21957557863 | 21971587703 | 21927657548 | 21964808829 | 21969912422 | 21941163330 | 23423323045 | 23232190642 | 22874624914 | 22779867053 | 22634107583 | 22621536052 | 21926264580 | 21965091206 | 21971901799 | 21919038862 | 21937197146 | 22045949177 |
|      CPU_CLK_UNHALTED_REF      |  FIXC2  | 44656704067 | 44906960006 | 45114887642 | 44537121639 | 44082963225 | 43876991463 | 42085305953 | 42112204867 | 42027998233 | 42099224012 | 42108991330 | 42053876798 | 44894700592 | 44528360893 | 43843030399 | 43661407127 | 43382036960 | 43357941884 | 42025347598 | 42099766145 | 42112817909 | 42011486924 | 42046284613 | 42254738259 |
|           FIXC1/FIXC0          |   CPI   |           0 |           0 |           0 |           0 |           0 |           0 |           0 |           0 |           0 |           0 |           0 |           0 |           0 |           0 |           0 |           0 |           0 |           0 |           0 |           0 |           0 |           0 |           0 |           0 |
|  OFFCORE_RESPONSE_0_LOCAL_DRAM |   PMC0  |   116290556 |   126624964 |   127341896 |   125516230 |   126557396 |   123943384 |   204843118 |   204900206 |   203108733 |   204331485 |   203461310 |   203936312 |   100219638 |   122450117 |   119224136 |   104045367 |   103379279 |    92616651 |   204879463 |   205026626 |   203823835 |   204309331 |   207065972 |   204515139 |
| OFFCORE_RESPONSE_1_REMOTE_DRAM |   PMC1  |    21188309 |    12076577 |    12488350 |    11224994 |    11986948 |    13660618 |       75837 |       67307 |       45600 |       55601 |       53404 |       78947 |    34484232 |    16442193 |    16579628 |    29096176 |    31770121 |    41104903 |       34679 |      147424 |       37310 |       56544 |       59379 |      102333 |
|  MEM_LOAD_UOPS_RETIRED_L3_ALL  |   PMC2  |   113696140 |   109114398 |   106541101 |   108565046 |   107361671 |   107213577 |   129092583 |   133689565 |   132370166 |   135515255 |   127359959 |   135401908 |   108021987 |   109048585 |   112150022 |   104492187 |   105817961 |   113486161 |   135069144 |   129950245 |   134794433 |   126114504 |   139081593 |   135536213 |
|  MEM_LOAD_UOPS_RETIRED_L3_MISS |   PMC3  |    24497855 |    24574770 |    23245901 |    23796027 |    23921386 |    24021865 |    45271338 |    45231835 |    45213858 |    45783512 |    44357723 |    45505485 |    23219629 |    24124930 |    22873253 |    22980770 |    23472025 |    22690380 |    45949678 |    45185492 |    45800068 |    44525441 |    47001598 |    45879654 |
|      L2_TRANS_ALL_REQUESTS     |   PMC4  |  8573601217 |  8550428984 |  8479698525 |  8521476036 |  8491086153 |  8459402344 |  2504292878 |  2557300568 |  2509162448 |  2539964315 |  2522925161 |  2555693077 |  8587622311 |  8465593443 |  8387501800 |  8292777229 |  8374956295 |  8361931939 |  2501187619 |  2497684261 |  2535641859 |  2498505666 |  2594326149 |  2541322052 |
|          L2_RQSTS_MISS         |   PMC5  |  2159109028 |  2153159138 |  2132375020 |  2139622197 |  2125446468 |  2102081116 |   446693990 |   478161358 |   448388060 |   466694979 |   456969767 |   476386454 |  2179468217 |  2110983299 |  2127575257 |  2065573072 |  2110795674 |  2105634994 |   446045498 |   445257366 |   462839331 |   445891225 |   497059044 |   461029731 |
|        UOPS_RETIRED_ALL        |   PMC6  | 56601107965 | 56528047994 | 56443909845 | 56543044520 | 56550186727 | 56563814792 | 41085851153 | 40955780277 | 40821612734 | 40759455129 | 40956044321 | 40688772264 | 56496710198 | 56565471755 | 55264163890 | 55263438613 | 55265943725 | 55267574054 | 41079308038 | 41168340109 | 41031371889 | 41020937201 | 40698010603 | 41087090403 |
|            TEMP_CORE           |   TMP0  |          31 |          32 |          34 |          34 |          29 |          31 |          31 |          31 |          33 |          31 |          30 |          31 |          32 |          33 |          34 |          36 |          36 |          34 |          34 |          35 |          33 |          35 |          33 |          34 |
|         PWR_PKG_ENERGY         |   PWR0  |   1006.4208 |           0 |           0 |           0 |           0 |           0 |           0 |           0 |           0 |           0 |           0 |           0 |   1031.2605 |           0 |           0 |           0 |           0 |           0 |           0 |           0 |           0 |           0 |           0 |           0 |
|         PWR_PP0_ENERGY         |   PWR1  |           0 |           0 |           0 |           0 |           0 |           0 |           0 |           0 |           0 |           0 |           0 |           0 |           0 |           0 |           0 |           0 |           0 |           0 |           0 |           0 |           0 |           0 |           0 |           0 |
|         PWR_DRAM_ENERGY        |   PWR3  |    218.4454 |           0 |           0 |           0 |           0 |           0 |           0 |           0 |           0 |           0 |           0 |           0 |    217.8973 |           0 |           0 |           0 |           0 |           0 |           0 |           0 |           0 |           0 |           0 |           0 |
|          CAS_COUNT_RD          | MBOX0C0 |   657034240 |           0 |           0 |           0 |           0 |           0 |           0 |           0 |           0 |           0 |           0 |           0 |   593544480 |           0 |           0 |           0 |           0 |           0 |           0 |           0 |           0 |           0 |           0 |           0 |
|          CAS_COUNT_WR          | MBOX0C1 |   500642010 |           0 |           0 |           0 |           0 |           0 |           0 |           0 |           0 |           0 |           0 |           0 |   451923864 |           0 |           0 |           0 |           0 |           0 |           0 |           0 |           0 |           0 |           0 |           0 |
|          CAS_COUNT_RD          | MBOX1C0 |   656690795 |           0 |           0 |           0 |           0 |           0 |           0 |           0 |           0 |           0 |           0 |           0 |   593513277 |           0 |           0 |           0 |           0 |           0 |           0 |           0 |           0 |           0 |           0 |           0 |
|          CAS_COUNT_WR          | MBOX1C1 |   501245272 |           0 |           0 |           0 |           0 |           0 |           0 |           0 |           0 |           0 |           0 |           0 |   452592519 |           0 |           0 |           0 |           0 |           0 |           0 |           0 |           0 |           0 |           0 |           0 |
|          CAS_COUNT_RD          | MBOX2C0 |           0 |           0 |           0 |           0 |           0 |           0 |           0 |           0 |           0 |           0 |           0 |           0 |           0 |           0 |           0 |           0 |           0 |           0 |           0 |           0 |           0 |           0 |           0 |           0 |
|          CAS_COUNT_WR          | MBOX2C1 |           0 |           0 |           0 |           0 |           0 |           0 |           0 |           0 |           0 |           0 |           0 |           0 |           0 |           0 |           0 |           0 |           0 |           0 |           0 |           0 |           0 |           0 |           0 |           0 |
|          CAS_COUNT_RD          | MBOX3C0 |           0 |           0 |           0 |           0 |           0 |           0 |           0 |           0 |           0 |           0 |           0 |           0 |           0 |           0 |           0 |           0 |           0 |           0 |           0 |           0 |           0 |           0 |           0 |           0 |
|          CAS_COUNT_WR          | MBOX3C1 |           0 |           0 |           0 |           0 |           0 |           0 |           0 |           0 |           0 |           0 |           0 |           0 |           0 |           0 |           0 |           0 |           0 |           0 |           0 |           0 |           0 |           0 |           0 |           0 |
|          CAS_COUNT_RD          | MBOX4C0 |   655707132 |           0 |           0 |           0 |           0 |           0 |           0 |           0 |           0 |           0 |           0 |           0 |   592330965 |           0 |           0 |           0 |           0 |           0 |           0 |           0 |           0 |           0 |           0 |           0 |
|          CAS_COUNT_WR          | MBOX4C1 |   500291566 |           0 |           0 |           0 |           0 |           0 |           0 |           0 |           0 |           0 |           0 |           0 |   451410481 |           0 |           0 |           0 |           0 |           0 |           0 |           0 |           0 |           0 |           0 |           0 |
|          CAS_COUNT_RD          | MBOX5C0 |   656735034 |           0 |           0 |           0 |           0 |           0 |           0 |           0 |           0 |           0 |           0 |           0 |   593117187 |           0 |           0 |           0 |           0 |           0 |           0 |           0 |           0 |           0 |           0 |           0 |
|          CAS_COUNT_WR          | MBOX5C1 |   501333875 |           0 |           0 |           0 |           0 |           0 |           0 |           0 |           0 |           0 |           0 |           0 |   452457186 |           0 |           0 |           0 |           0 |           0 |           0 |           0 |           0 |           0 |           0 |           0 |
|          CAS_COUNT_RD          | MBOX6C0 |           0 |           0 |           0 |           0 |           0 |           0 |           0 |           0 |           0 |           0 |           0 |           0 |           0 |           0 |           0 |           0 |           0 |           0 |           0 |           0 |           0 |           0 |           0 |           0 |
|          CAS_COUNT_WR          | MBOX6C1 |           0 |           0 |           0 |           0 |           0 |           0 |           0 |           0 |           0 |           0 |           0 |           0 |           0 |           0 |           0 |           0 |           0 |           0 |           0 |           0 |           0 |           0 |           0 |           0 |
|          CAS_COUNT_RD          | MBOX7C0 |           0 |           0 |           0 |           0 |           0 |           0 |           0 |           0 |           0 |           0 |           0 |           0 |           0 |           0 |           0 |           0 |           0 |           0 |           0 |           0 |           0 |           0 |           0 |           0 |
|          CAS_COUNT_WR          | MBOX7C1 |           0 |           0 |           0 |           0 |           0 |           0 |           0 |           0 |           0 |           0 |           0 |           0 |           0 |           0 |           0 |           0 |           0 |           0 |           0 |           0 |           0 |           0 |           0 |           0 |
+--------------------------------+---------+-------------+-------------+-------------+-------------+-------------+-------------+-------------+-------------+-------------+-------------+-------------+-------------+-------------+-------------+-------------+-------------+-------------+-------------+-------------+-------------+-------------+-------------+-------------+-------------+
+-------------------------------------+---------+---------------+-------------+-------------+--------------+
|                Event                | Counter |      Sum      |     Min     |     Max     |      Avg     |
+-------------------------------------+---------+---------------+-------------+-------------+--------------+
|        INSTR_RETIRED_ANY STAT       |  FIXC0  | 1040205106500 | 36313704619 | 50622879600 | 4.334188e+10 |
|      CPU_CLK_UNHALTED_CORE STAT     |  FIXC1  |  540459776600 | 21919038862 | 23538201745 | 2.251916e+10 |
|      CPU_CLK_UNHALTED_REF STAT      |  FIXC2  | 1035881148538 | 42011486924 | 45114887642 | 4.316171e+10 |
|           FIXC1/FIXC0 STAT          |   CPI   |             0 |           0 |           0 |            0 |
|  OFFCORE_RESPONSE_0_LOCAL_DRAM STAT |   PMC0  |    3842411144 |    92616651 |   207065972 | 1.601005e+08 |
| OFFCORE_RESPONSE_1_REMOTE_DRAM STAT |   PMC1  |     252917414 |       34679 |    41104903 | 1.053823e+07 |
|  MEM_LOAD_UOPS_RETIRED_L3_ALL STAT  |   PMC2  |    2899484404 |   104492187 |   139081593 | 1.208119e+08 |
|  MEM_LOAD_UOPS_RETIRED_L3_MISS STAT |   PMC3  |     829124473 |    22690380 |    47001598 | 3.454685e+07 |
|      L2_TRANS_ALL_REQUESTS STAT     |   PMC4  |  131904082329 |  2497684261 |  8587622311 | 5.496003e+09 |
|          L2_RQSTS_MISS STAT         |   PMC5  |   31043240283 |   445257366 |  2179468217 | 1.293468e+09 |
|        UOPS_RETIRED_ALL STAT        |   PMC6  | 1164705988199 | 40688772264 | 56601107965 | 4.852942e+10 |
|            TEMP_CORE STAT           |   TMP0  |           787 |          29 |          36 |      32.7917 |
|         PWR_PKG_ENERGY STAT         |   PWR0  |     2037.6813 |           0 |   1031.2605 |      84.9034 |
|         PWR_PP0_ENERGY STAT         |   PWR1  |             0 |           0 |           0 |            0 |
|         PWR_DRAM_ENERGY STAT        |   PWR3  |      436.3427 |           0 |    218.4454 |      18.1809 |
|          CAS_COUNT_RD STAT          | MBOX0C0 |    1250578720 |           0 |   657034240 | 5.210745e+07 |
|          CAS_COUNT_WR STAT          | MBOX0C1 |     952565874 |           0 |   500642010 | 3.969024e+07 |
|          CAS_COUNT_RD STAT          | MBOX1C0 |    1250204072 |           0 |   656690795 | 5.209184e+07 |
|          CAS_COUNT_WR STAT          | MBOX1C1 |     953837791 |           0 |   501245272 | 3.974324e+07 |
|          CAS_COUNT_RD STAT          | MBOX2C0 |             0 |           0 |           0 |            0 |
|          CAS_COUNT_WR STAT          | MBOX2C1 |             0 |           0 |           0 |            0 |
|          CAS_COUNT_RD STAT          | MBOX3C0 |             0 |           0 |           0 |            0 |
|          CAS_COUNT_WR STAT          | MBOX3C1 |             0 |           0 |           0 |            0 |
|          CAS_COUNT_RD STAT          | MBOX4C0 |    1248038097 |           0 |   655707132 | 5.200159e+07 |
|          CAS_COUNT_WR STAT          | MBOX4C1 |     951702047 |           0 |   500291566 | 3.965425e+07 |
|          CAS_COUNT_RD STAT          | MBOX5C0 |    1249852221 |           0 |   656735034 | 5.207718e+07 |
|          CAS_COUNT_WR STAT          | MBOX5C1 |     953791061 |           0 |   501333875 | 3.974129e+07 |
|          CAS_COUNT_RD STAT          | MBOX6C0 |             0 |           0 |           0 |            0 |
|          CAS_COUNT_WR STAT          | MBOX6C1 |             0 |           0 |           0 |            0 |
|          CAS_COUNT_RD STAT          | MBOX7C0 |             0 |           0 |           0 |            0 |
|          CAS_COUNT_WR STAT          | MBOX7C1 |             0 |           0 |           0 |            0 |
+-------------------------------------+---------+---------------+-------------+-------------+--------------+
+-----------------------------------+------------+-----------+-----------+-----------+-----------+-----------+-----------+-----------+-----------+-----------+-----------+-----------+------------+-----------+-----------+-----------+-----------+-----------+-----------+-----------+-----------+-----------+-----------+-----------+
|               Metric              |   Core 0   |   Core 1  |   Core 2  |   Core 3  |   Core 4  |   Core 5  |   Core 6  |   Core 7  |   Core 8  |   Core 9  |  Core 10  |  Core 11  |   Core 12  |  Core 13  |  Core 14  |  Core 15  |  Core 16  |  Core 17  |  Core 18  |  Core 19  |  Core 20  |  Core 21  |  Core 22  |  Core 23  |
+-----------------------------------+------------+-----------+-----------+-----------+-----------+-----------+-----------+-----------+-----------+-----------+-----------+-----------+------------+-----------+-----------+-----------+-----------+-----------+-----------+-----------+-----------+-----------+-----------+-----------+
|        Runtime (RDTSC) [s]        |    20.0007 |   20.0007 |   20.0007 |   20.0007 |   20.0007 |   20.0007 |   20.0007 |   20.0007 |   20.0007 |   20.0007 |   20.0007 |   20.0007 |    20.0007 |   20.0007 |   20.0007 |   20.0007 |   20.0007 |   20.0007 |   20.0007 |   20.0007 |   20.0007 |   20.0007 |   20.0007 |   20.0007 |
|        Runtime unhalted [s]       |    10.1301 |   10.1868 |   10.2340 |   10.1029 |    9.9999 |    9.9532 |    9.5468 |    9.5529 |    9.5338 |    9.5499 |    9.5521 |    9.5396 |    10.1841 |   10.1010 |    9.9455 |    9.9043 |    9.8409 |    9.8354 |    9.5332 |    9.5500 |    9.5530 |    9.5300 |    9.5379 |    9.5852 |
|            Clock [MHz]            |  1200.0002 | 1200.0004 | 1200.0001 | 1200.0003 | 1200.0003 | 1200.0004 | 1200.0005 | 1200.0003 | 1200.0005 | 1200.0000 | 1200.0004 | 1200.0007 |  1200.0002 | 1200.0003 | 1200.0002 | 1200.0003 | 1200.0002 | 1200.0002 | 1200.0000 | 1199.9999 | 1200.0000 | 1200.0003 | 1200.0004 | 1200.0001 |
|                CPI                |     0.4602 |    0.4634 |    0.4660 |    0.4595 |    0.4548 |    0.4526 |    0.6000 |    0.6019 |    0.6023 |    0.6041 |    0.6019 |    0.6042 |     0.4634 |    0.4593 |    0.4629 |    0.4610 |    0.4580 |    0.4577 |    0.5992 |    0.5990 |    0.6009 |    0.5997 |    0.6038 |    0.6023 |
|   Local DRAM data volume [GByte]  |     7.4426 |    8.1040 |    8.1499 |    8.0330 |    8.0997 |    7.9324 |   13.1100 |   13.1136 |   12.9990 |   13.0772 |   13.0215 |   13.0519 |     6.4141 |    7.8368 |    7.6303 |    6.6589 |    6.6163 |    5.9275 |   13.1123 |   13.1217 |   13.0447 |   13.0758 |   13.2522 |   13.0890 |
|   Local DRAM bandwidth [MByte/s]  |   372.1160 |  405.1849 |  407.4790 |  401.6371 |  404.9687 |  396.6041 |  655.4737 |  655.6564 |  649.9239 |  653.8365 |  651.0521 |  652.5720 |   320.6910 |  391.8259 |  381.5031 |  332.9328 |  330.8014 |  296.3623 |  655.5900 |  656.0609 |  652.2121 |  653.7656 |  662.5866 |  654.4242 |
|  Remote DRAM data volume [GByte]  |     1.3561 |    0.7729 |    0.7993 |    0.7184 |    0.7672 |    0.8743 |    0.0049 |    0.0043 |    0.0029 |    0.0036 |    0.0034 |    0.0051 |     2.2070 |    1.0523 |    1.0611 |    1.8622 |    2.0333 |    2.6307 |    0.0022 |    0.0094 |    0.0024 |    0.0036 |    0.0038 |    0.0065 |
|  Remote DRAM bandwidth [MByte/s]  |    67.8001 |   38.6436 |   39.9612 |   35.9187 |   38.3568 |   43.7124 |    0.2427 |    0.2154 |    0.1459 |    0.1779 |    0.1709 |    0.2526 |   110.3455 |   52.6131 |   53.0528 |   93.1043 |  101.6606 |  131.5308 |    0.1110 |    0.4717 |    0.1194 |    0.1809 |    0.1900 |    0.3275 |
|     Memory data volume [GByte]    |     8.7986 |    8.8769 |    8.9491 |    8.7514 |    8.8668 |    8.8067 |   13.1148 |   13.1179 |   13.0019 |   13.0808 |   13.0249 |   13.0570 |     8.6210 |    8.8891 |    8.6914 |    8.5211 |    8.6496 |    8.5582 |   13.1145 |   13.1311 |   13.0471 |   13.0794 |   13.2560 |   13.0955 |
|     Memory bandwidth [MByte/s]    |   439.9161 |  443.8285 |  447.4402 |  437.5557 |  443.3255 |  440.3165 |  655.7164 |  655.8717 |  650.0698 |  654.0144 |  651.2230 |  652.8246 |   431.0364 |  444.4389 |  434.5559 |  426.0372 |  432.4621 |  427.8931 |  655.7010 |  656.5326 |  652.3315 |  653.9466 |  662.7766 |  654.7517 |
|          L3 request rate          |     4.6411 |    4.4401 |    4.5832 |    4.5623 |    4.4881 |    4.4632 |    2.8515 |    2.9557 |    2.9276 |    2.9599 |    2.8712 |    2.9755 |     4.6522 |    4.5202 |    4.9031 |    4.5469 |    4.5083 |    5.0015 |    2.9395 |    2.8759 |    2.9431 |    2.8324 |    2.9591 |    2.9542 |
|            L3 miss rate           |     0.1864 |    0.1107 |    0.1172 |    0.1034 |    0.1117 |    0.1274 |    0.0006 |    0.0005 |    0.0003 |    0.0004 |    0.0004 |    0.0006 |     0.3192 |    0.1508 |    0.1478 |    0.2785 |    0.3002 |    0.3622 |    0.0003 |    0.0011 |    0.0003 |    0.0004 |    0.0004 |    0.0008 |
|           L3 miss ratio           |     0.1822 |    0.0954 |    0.0981 |    0.0894 |    0.0947 |    0.1102 |    0.0004 |    0.0003 |    0.0002 |    0.0003 |    0.0003 |    0.0004 |     0.3441 |    0.1343 |    0.1391 |    0.2796 |    0.3073 |    0.4438 |    0.0002 |    0.0007 |    0.0002 |    0.0003 |    0.0003 |    0.0005 |
|          L2 request rate          |     0.1694 |    0.1691 |    0.1679 |    0.1685 |    0.1679 |    0.1672 |    0.0684 |    0.0701 |    0.0689 |    0.0699 |    0.0691 |    0.0704 |     0.1699 |    0.1674 |    0.1697 |    0.1678 |    0.1695 |    0.1692 |    0.0683 |    0.0681 |    0.0693 |    0.0684 |    0.0714 |    0.0694 |
|            L2 miss rate           |     0.0427 |    0.0426 |    0.0422 |    0.0423 |    0.0420 |    0.0416 |    0.0122 |    0.0131 |    0.0123 |    0.0128 |    0.0125 |    0.0131 |     0.0431 |    0.0417 |    0.0431 |    0.0418 |    0.0427 |    0.0426 |    0.0122 |    0.0121 |    0.0127 |    0.0122 |    0.0137 |    0.0126 |
|           L2 miss ratio           |     0.2518 |    0.2518 |    0.2515 |    0.2511 |    0.2503 |    0.2485 |    0.1784 |    0.1870 |    0.1787 |    0.1837 |    0.1811 |    0.1864 |     0.2538 |    0.2494 |    0.2537 |    0.2491 |    0.2520 |    0.2518 |    0.1783 |    0.1783 |    0.1825 |    0.1785 |    0.1916 |    0.1814 |
|  Memory read bandwidth [MBytes/s] |  8403.4238 |         0 |         0 |         0 |         0 |         0 |         0 |         0 |         0 |         0 |         0 |         0 |  7591.7377 |         0 |         0 |         0 |         0 |         0 |         0 |         0 |         0 |         0 |         0 |         0 |
|  Memory read data volume [GBytes] |   168.0747 |         0 |         0 |         0 |         0 |         0 |         0 |         0 |         0 |         0 |         0 |         0 |   151.8404 |         0 |         0 |         0 |         0 |         0 |         0 |         0 |         0 |         0 |         0 |         0 |
| Memory write bandwidth [MBytes/s] |  6411.0032 |         0 |         0 |         0 |         0 |         0 |         0 |         0 |         0 |         0 |         0 |         0 |  5786.6146 |         0 |         0 |         0 |         0 |         0 |         0 |         0 |         0 |         0 |         0 |         0 |
| Memory write data volume [GBytes] |   128.2248 |         0 |         0 |         0 |         0 |         0 |         0 |         0 |         0 |         0 |         0 |         0 |   115.7366 |         0 |         0 |         0 |         0 |         0 |         0 |         0 |         0 |         0 |         0 |         0 |
|    Memory bandwidth [MBytes/s]    | 14814.4270 |         0 |         0 |         0 |         0 |         0 |         0 |         0 |         0 |         0 |         0 |         0 | 13378.3523 |         0 |         0 |         0 |         0 |         0 |         0 |         0 |         0 |         0 |         0 |         0 |
|    Memory data volume [GBytes]    |   296.2995 |         0 |         0 |         0 |         0 |         0 |         0 |         0 |         0 |         0 |         0 |         0 |   267.5770 |         0 |         0 |         0 |         0 |         0 |         0 |         0 |         0 |         0 |         0 |         0 |
|          Temperature [C]          |         31 |        32 |        34 |        34 |        29 |        31 |        31 |        31 |        33 |        31 |        30 |        31 |         32 |        33 |        34 |        36 |        36 |        34 |        34 |        35 |        33 |        35 |        33 |        34 |
|             Energy [J]            |  1006.4208 |         0 |         0 |         0 |         0 |         0 |         0 |         0 |         0 |         0 |         0 |         0 |  1031.2605 |         0 |         0 |         0 |         0 |         0 |         0 |         0 |         0 |         0 |         0 |         0 |
|             Power [W]             |    50.3192 |         0 |         0 |         0 |         0 |         0 |         0 |         0 |         0 |         0 |         0 |         0 |    51.5611 |         0 |         0 |         0 |         0 |         0 |         0 |         0 |         0 |         0 |         0 |         0 |
|           Energy PP0 [J]          |          0 |         0 |         0 |         0 |         0 |         0 |         0 |         0 |         0 |         0 |         0 |         0 |          0 |         0 |         0 |         0 |         0 |         0 |         0 |         0 |         0 |         0 |         0 |         0 |
|           Power PP0 [W]           |          0 |         0 |         0 |         0 |         0 |         0 |         0 |         0 |         0 |         0 |         0 |         0 |          0 |         0 |         0 |         0 |         0 |         0 |         0 |         0 |         0 |         0 |         0 |         0 |
|          Energy DRAM [J]          |   218.4454 |         0 |         0 |         0 |         0 |         0 |         0 |         0 |         0 |         0 |         0 |         0 |   217.8973 |         0 |         0 |         0 |         0 |         0 |         0 |         0 |         0 |         0 |         0 |         0 |
|           Power DRAM [W]          |    10.9219 |         0 |         0 |         0 |         0 |         0 |         0 |         0 |         0 |         0 |         0 |         0 |    10.8945 |         0 |         0 |         0 |         0 |         0 |         0 |         0 |         0 |         0 |         0 |         0 |
+-----------------------------------+------------+-----------+-----------+-----------+-----------+-----------+-----------+-----------+-----------+-----------+-----------+-----------+------------+-----------+-----------+-----------+-----------+-----------+-----------+-----------+-----------+-----------+-----------+-----------+
+----------------------------------------+------------+-----------+------------+-----------+
|                 Metric                 |     Sum    |    Min    |     Max    |    Avg    |
+----------------------------------------+------------+-----------+------------+-----------+
|        Runtime (RDTSC) [s] STAT        |   480.0168 |   20.0007 |    20.0007 |   20.0007 |
|        Runtime unhalted [s] STAT       |   234.9825 |    9.5300 |    10.2340 |    9.7909 |
|            Clock [MHz] STAT            | 28800.0062 | 1199.9999 |  1200.0007 | 1200.0003 |
|                CPI STAT                |    12.7381 |    0.4526 |     0.6042 |    0.5308 |
|   Local DRAM data volume [GByte] STAT  |   245.9144 |    5.9275 |    13.2522 |   10.2464 |
|   Local DRAM bandwidth [MByte/s] STAT  | 12295.2603 |  296.3623 |   662.5866 |  512.3025 |
|  Remote DRAM data volume [GByte] STAT  |    16.1869 |    0.0022 |     2.6307 |    0.6745 |
|  Remote DRAM bandwidth [MByte/s] STAT  |   809.3058 |    0.1110 |   131.5308 |   33.7211 |
|     Memory data volume [GByte] STAT    |   262.1008 |    8.5211 |    13.2560 |   10.9209 |
|     Memory bandwidth [MByte/s] STAT    | 13104.5660 |  426.0372 |   662.7766 |  546.0236 |
|          L3 request rate STAT          |    90.3558 |    2.8324 |     5.0015 |    3.7648 |
|            L3 miss rate STAT           |     2.3216 |    0.0003 |     0.3622 |    0.0967 |
|           L3 miss ratio STAT           |     2.3223 |    0.0002 |     0.4438 |    0.0968 |
|          L2 request rate STAT          |     2.8552 |    0.0681 |     0.1699 |    0.1190 |
|            L2 miss rate STAT           |     0.6599 |    0.0121 |     0.0431 |    0.0275 |
|           L2 miss ratio STAT           |     5.2007 |    0.1783 |     0.2538 |    0.2167 |
|  Memory read bandwidth [MBytes/s] STAT | 15995.1615 |         0 |  8403.4238 |  666.4651 |
|  Memory read data volume [GBytes] STAT |   319.9151 |         0 |   168.0747 |   13.3298 |
| Memory write bandwidth [MBytes/s] STAT | 12197.6178 |         0 |  6411.0032 |  508.2341 |
| Memory write data volume [GBytes] STAT |   243.9614 |         0 |   128.2248 |   10.1651 |
|    Memory bandwidth [MBytes/s] STAT    | 28192.7793 |         0 | 14814.4270 | 1174.6991 |
|    Memory data volume [GBytes] STAT    |   563.8765 |         0 |   296.2995 |   23.4949 |
|          Temperature [C] STAT          |        787 |        29 |         36 |   32.7917 |
|             Energy [J] STAT            |  2037.6813 |         0 |  1031.2605 |   84.9034 |
|             Power [W] STAT             |   101.8803 |         0 |    51.5611 |    4.2450 |
|           Energy PP0 [J] STAT          |          0 |         0 |          0 |         0 |
|           Power PP0 [W] STAT           |          0 |         0 |          0 |         0 |
|          Energy DRAM [J] STAT          |   436.3427 |         0 |   218.4454 |   18.1809 |
|           Power DRAM [W] STAT          |    21.8164 |         0 |    10.9219 |    0.9090 |
+----------------------------------------+------------+-----------+------------+-----------+
