--------------------------------------------------------------------------------
CPU name:	Intel(R) Xeon(R) CPU E5-2670 v3 @ 2.30GHz
CPU type:	Intel Xeon Haswell EN/EP/EX processor
CPU clock:	2.30 GHz
--------------------------------------------------------------------------------
Group 1: POWERPERF
+--------------------------------+---------+--------------+--------------+--------------+--------------+--------------+--------------+--------------+--------------+--------------+--------------+--------------+--------------+--------------+--------------+--------------+--------------+--------------+--------------+--------------+--------------+--------------+--------------+--------------+--------------+
|              Event             | Counter |    Core 0    |    Core 1    |    Core 2    |    Core 3    |    Core 4    |    Core 5    |    Core 6    |    Core 7    |    Core 8    |    Core 9    |    Core 10   |    Core 11   |    Core 12   |    Core 13   |    Core 14   |    Core 15   |    Core 16   |    Core 17   |    Core 18   |    Core 19   |    Core 20   |    Core 21   |    Core 22   |    Core 23   |
+--------------------------------+---------+--------------+--------------+--------------+--------------+--------------+--------------+--------------+--------------+--------------+--------------+--------------+--------------+--------------+--------------+--------------+--------------+--------------+--------------+--------------+--------------+--------------+--------------+--------------+--------------+
|        INSTR_RETIRED_ANY       |  FIXC0  | 584905765165 | 585504264651 | 586058970572 | 585435596614 | 545481443286 | 545458822930 | 174856921940 | 210991307033 | 299536300235 | 268213327115 | 101958407988 |  86870699840 | 545537328810 | 545771874262 | 545873519004 | 546182634299 | 546301560975 | 546138197511 | 274152643902 | 144405884520 | 117533770203 |  84980390401 | 294048531866 |  98219864732 |
|      CPU_CLK_UNHALTED_CORE     |  FIXC1  | 252383182776 | 252755059983 | 252307835540 | 252779550431 | 235840275618 | 238089587042 | 145190656434 | 174664537951 | 250281306326 | 222207032177 |  84343269840 |  72936390486 | 242124049503 | 240295925308 | 242181429206 | 238668241455 | 239994806574 | 237271943232 | 229290935722 | 117913430531 |  98110831793 |  71302682773 | 251969526692 |  82870410549 |
|      CPU_CLK_UNHALTED_REF      |  FIXC2  | 252503522414 | 252877011295 | 252406061984 | 252879943473 | 235941320118 | 238190228654 | 145199068977 | 174679822033 | 250304462031 | 222230548986 |  84462163241 |  73032388681 | 242245564366 | 240415500550 | 242302356610 | 238789829960 | 240112489511 | 237388540424 | 229409641658 | 118033817277 |  98230094732 |  71442578610 | 251970748459 |  82990979718 |
|           FIXC1/FIXC0          |   CPI   |            0 |            0 |            0 |            0 |            0 |            0 |            0 |            0 |            0 |            0 |            0 |            0 |            0 |            0 |            0 |            0 |            0 |            0 |            0 |            0 |            0 |            0 |            0 |            0 |
|  OFFCORE_RESPONSE_0_LOCAL_DRAM |   PMC0  |    778585245 |    870975260 |    874622973 |    858555615 |    811683658 |    791710703 |      3441539 |      3414087 |      7265394 |      3167806 |       984480 |      1220951 |    661837899 |    690612814 |    718640420 |    785544437 |    811614993 |    729619518 |      6976817 |      1324743 |       921871 |       613593 |     10020137 |       656816 |
| OFFCORE_RESPONSE_1_REMOTE_DRAM |   PMC1  |    143295145 |     60116446 |     61281326 |     75645100 |     72769191 |     95820609 |      1329119 |      1655667 |      4430164 |      1426547 |       227256 |       336680 |    193172920 |    166234651 |    145418118 |     83155637 |     67450990 |    129000055 |      6771083 |      1102245 |       424193 |       648577 |      8649213 |       287108 |
|  MEM_LOAD_UOPS_RETIRED_L3_ALL  |   PMC2  |    551606765 |    515646829 |    504966491 |    545941051 |    454051712 |    503350021 |    765348083 |    929049956 |   1299141857 |   1158559185 |    427295035 |    380390313 |    533483890 |    469127696 |    525813410 |    485401262 |    511655968 |    465413321 |   1216477827 |    603140527 |    507089377 |    376552693 |   1334756203 |    436698324 |
|  MEM_LOAD_UOPS_RETIRED_L3_MISS |   PMC3  |    101840832 |     99632651 |    100679799 |     98829590 |     96710566 |     95732313 |       934293 |      1222499 |      3096419 |       890505 |       180721 |       213389 |     93369558 |     95004797 |     90831266 |     95461860 |     94181706 |     96025024 |      3518025 |       534662 |       200270 |       134485 |      4927727 |       142494 |
|      L2_TRANS_ALL_REQUESTS     |   PMC4  |  27765688592 |  27945083173 |  26759002754 |  27670182010 |  24556337640 |  25890646287 |   6974575732 |   8274066220 |  11755311390 |  10433821165 |   3898533504 |   3380735117 |  27133503424 |  25852682275 |  27314007918 |  25249952825 |  27463987371 |  24823400730 |  10897742630 |   5526860792 |   4532931997 |   3323026386 |  11753724515 |   3873360125 |
|          L2_RQSTS_MISS         |   PMC5  |   3782998279 |   3922397459 |   3378678136 |   3740048549 |   3050813973 |   3588696173 |   2338368036 |   2796077955 |   3961885790 |   3515000122 |   1292749384 |   1139271843 |   3965844668 |   3603758942 |   4039089493 |   3349727531 |   4158383879 |   3210990340 |   3658100756 |   1817718293 |   1518082490 |   1125372244 |   3992401582 |   1313016751 |
|        UOPS_RETIRED_ALL        |   PMC6  | 702637280857 | 703829911831 | 704939756861 | 703692626886 | 656738722041 | 656697168716 | 235790102987 | 284809652491 | 404384944563 | 362092076553 | 137601702321 | 117233699931 | 657045578437 | 657509262864 | 657710018110 | 658332060901 | 658571410342 | 658243391752 | 370015843258 | 194893942200 | 158615794640 | 114690095841 | 396907647696 | 132573181392 |
|            TEMP_CORE           |   TMP0  |           40 |           39 |           40 |           41 |           36 |           37 |           35 |           37 |           42 |           35 |           35 |           34 |           39 |           39 |           41 |           42 |           43 |           41 |           41 |           40 |           36 |           40 |           38 |           37 |
|         PWR_PKG_ENERGY         |   PWR0  |    7775.9341 |            0 |            0 |            0 |            0 |            0 |            0 |            0 |            0 |            0 |            0 |            0 |    7743.9340 |            0 |            0 |            0 |            0 |            0 |            0 |            0 |            0 |            0 |            0 |            0 |
|         PWR_PP0_ENERGY         |   PWR1  |            0 |            0 |            0 |            0 |            0 |            0 |            0 |            0 |            0 |            0 |            0 |            0 |            0 |            0 |            0 |            0 |            0 |            0 |            0 |            0 |            0 |            0 |            0 |            0 |
|         PWR_DRAM_ENERGY        |   PWR3  |     881.5074 |            0 |            0 |            0 |            0 |            0 |            0 |            0 |            0 |            0 |            0 |            0 |     882.2798 |            0 |            0 |            0 |            0 |            0 |            0 |            0 |            0 |            0 |            0 |            0 |
|          CAS_COUNT_RD          | MBOX0C0 |   2406051363 |            0 |            0 |            0 |            0 |            0 |            0 |            0 |            0 |            0 |            0 |            0 |   2036142189 |            0 |            0 |            0 |            0 |            0 |            0 |            0 |            0 |            0 |            0 |            0 |
|          CAS_COUNT_WR          | MBOX0C1 |    750115264 |            0 |            0 |            0 |            0 |            0 |            0 |            0 |            0 |            0 |            0 |            0 |    746950161 |            0 |            0 |            0 |            0 |            0 |            0 |            0 |            0 |            0 |            0 |            0 |
|          CAS_COUNT_RD          | MBOX1C0 |   2405999338 |            0 |            0 |            0 |            0 |            0 |            0 |            0 |            0 |            0 |            0 |            0 |   2024481174 |            0 |            0 |            0 |            0 |            0 |            0 |            0 |            0 |            0 |            0 |            0 |
|          CAS_COUNT_WR          | MBOX1C1 |    749645881 |            0 |            0 |            0 |            0 |            0 |            0 |            0 |            0 |            0 |            0 |            0 |    738105423 |            0 |            0 |            0 |            0 |            0 |            0 |            0 |            0 |            0 |            0 |            0 |
|          CAS_COUNT_RD          | MBOX2C0 |            0 |            0 |            0 |            0 |            0 |            0 |            0 |            0 |            0 |            0 |            0 |            0 |            0 |            0 |            0 |            0 |            0 |            0 |            0 |            0 |            0 |            0 |            0 |            0 |
|          CAS_COUNT_WR          | MBOX2C1 |            0 |            0 |            0 |            0 |            0 |            0 |            0 |            0 |            0 |            0 |            0 |            0 |            0 |            0 |            0 |            0 |            0 |            0 |            0 |            0 |            0 |            0 |            0 |            0 |
|          CAS_COUNT_RD          | MBOX3C0 |            0 |            0 |            0 |            0 |            0 |            0 |            0 |            0 |            0 |            0 |            0 |            0 |            0 |            0 |            0 |            0 |            0 |            0 |            0 |            0 |            0 |            0 |            0 |            0 |
|          CAS_COUNT_WR          | MBOX3C1 |            0 |            0 |            0 |            0 |            0 |            0 |            0 |            0 |            0 |            0 |            0 |            0 |            0 |            0 |            0 |            0 |            0 |            0 |            0 |            0 |            0 |            0 |            0 |            0 |
|          CAS_COUNT_RD          | MBOX4C0 |   2406070646 |            0 |            0 |            0 |            0 |            0 |            0 |            0 |            0 |            0 |            0 |            0 |   2030433774 |            0 |            0 |            0 |            0 |            0 |            0 |            0 |            0 |            0 |            0 |            0 |
|          CAS_COUNT_WR          | MBOX4C1 |    750257264 |            0 |            0 |            0 |            0 |            0 |            0 |            0 |            0 |            0 |            0 |            0 |    743941980 |            0 |            0 |            0 |            0 |            0 |            0 |            0 |            0 |            0 |            0 |            0 |
|          CAS_COUNT_RD          | MBOX5C0 |   2405840788 |            0 |            0 |            0 |            0 |            0 |            0 |            0 |            0 |            0 |            0 |            0 |   2024672015 |            0 |            0 |            0 |            0 |            0 |            0 |            0 |            0 |            0 |            0 |            0 |
|          CAS_COUNT_WR          | MBOX5C1 |    750029073 |            0 |            0 |            0 |            0 |            0 |            0 |            0 |            0 |            0 |            0 |            0 |    738320098 |            0 |            0 |            0 |            0 |            0 |            0 |            0 |            0 |            0 |            0 |            0 |
|          CAS_COUNT_RD          | MBOX6C0 |            0 |            0 |            0 |            0 |            0 |            0 |            0 |            0 |            0 |            0 |            0 |            0 |            0 |            0 |            0 |            0 |            0 |            0 |            0 |            0 |            0 |            0 |            0 |            0 |
|          CAS_COUNT_WR          | MBOX6C1 |            0 |            0 |            0 |            0 |            0 |            0 |            0 |            0 |            0 |            0 |            0 |            0 |            0 |            0 |            0 |            0 |            0 |            0 |            0 |            0 |            0 |            0 |            0 |            0 |
|          CAS_COUNT_RD          | MBOX7C0 |            0 |            0 |            0 |            0 |            0 |            0 |            0 |            0 |            0 |            0 |            0 |            0 |            0 |            0 |            0 |            0 |            0 |            0 |            0 |            0 |            0 |            0 |            0 |            0 |
|          CAS_COUNT_WR          | MBOX7C1 |            0 |            0 |            0 |            0 |            0 |            0 |            0 |            0 |            0 |            0 |            0 |            0 |            0 |            0 |            0 |            0 |            0 |            0 |            0 |            0 |            0 |            0 |            0 |            0 |
+--------------------------------+---------+--------------+--------------+--------------+--------------+--------------+--------------+--------------+--------------+--------------+--------------+--------------+--------------+--------------+--------------+--------------+--------------+--------------+--------------+--------------+--------------+--------------+--------------+--------------+--------------+
+-------------------------------------+---------+----------------+--------------+--------------+--------------+
|                Event                | Counter |       Sum      |      Min     |      Max     |      Avg     |
+-------------------------------------+---------+----------------+--------------+--------------+--------------+
|        INSTR_RETIRED_ANY STAT       |  FIXC0  |  8864418027854 |  84980390401 | 586058970572 | 3.693508e+11 |
|      CPU_CLK_UNHALTED_CORE STAT     |  FIXC1  |  4725772897942 |  71302682773 | 252779550431 | 1.969072e+11 |
|      CPU_CLK_UNHALTED_REF STAT      |  FIXC2  |  4728038683762 |  71442578610 | 252879943473 | 1.970016e+11 |
|           FIXC1/FIXC0 STAT          |   CPI   |              0 |            0 |            0 |            0 |
|  OFFCORE_RESPONSE_0_LOCAL_DRAM STAT |   PMC0  |     9424011769 |       613593 |    874622973 | 3.926672e+08 |
| OFFCORE_RESPONSE_1_REMOTE_DRAM STAT |   PMC1  |     1320648040 |       227256 |    193172920 | 5.502700e+07 |
|  MEM_LOAD_UOPS_RETIRED_L3_ALL STAT  |   PMC2  |    15500957796 |    376552693 |   1334756203 | 6.458732e+08 |
|  MEM_LOAD_UOPS_RETIRED_L3_MISS STAT |   PMC3  |     1174295451 |       134485 |    101840832 | 4.892898e+07 |
|      L2_TRANS_ALL_REQUESTS STAT     |   PMC4  |   403049164572 |   3323026386 |  27945083173 | 1.679372e+10 |
|          L2_RQSTS_MISS STAT         |   PMC5  |    72259472668 |   1125372244 |   4158383879 | 3.010811e+09 |
|        UOPS_RETIRED_ALL STAT        |   PMC6  | 10985555873471 | 114690095841 | 704939756861 | 4.577315e+11 |
|            TEMP_CORE STAT           |   TMP0  |            928 |           34 |           43 |      38.6667 |
|         PWR_PKG_ENERGY STAT         |   PWR0  |     15519.8681 |            0 |    7775.9341 |     646.6612 |
|         PWR_PP0_ENERGY STAT         |   PWR1  |              0 |            0 |            0 |            0 |
|         PWR_DRAM_ENERGY STAT        |   PWR3  |      1763.7872 |            0 |     882.2798 |      73.4911 |
|          CAS_COUNT_RD STAT          | MBOX0C0 |     4442193552 |            0 |   2406051363 |    185091398 |
|          CAS_COUNT_WR STAT          | MBOX0C1 |     1497065425 |            0 |    750115264 | 6.237773e+07 |
|          CAS_COUNT_RD STAT          | MBOX1C0 |     4430480512 |            0 |   2405999338 | 1.846034e+08 |
|          CAS_COUNT_WR STAT          | MBOX1C1 |     1487751304 |            0 |    749645881 | 6.198964e+07 |
|          CAS_COUNT_RD STAT          | MBOX2C0 |              0 |            0 |            0 |            0 |
|          CAS_COUNT_WR STAT          | MBOX2C1 |              0 |            0 |            0 |            0 |
|          CAS_COUNT_RD STAT          | MBOX3C0 |              0 |            0 |            0 |            0 |
|          CAS_COUNT_WR STAT          | MBOX3C1 |              0 |            0 |            0 |            0 |
|          CAS_COUNT_RD STAT          | MBOX4C0 |     4436504420 |            0 |   2406070646 | 1.848544e+08 |
|          CAS_COUNT_WR STAT          | MBOX4C1 |     1494199244 |            0 |    750257264 | 6.225830e+07 |
|          CAS_COUNT_RD STAT          | MBOX5C0 |     4430512803 |            0 |   2405840788 | 1.846047e+08 |
|          CAS_COUNT_WR STAT          | MBOX5C1 |     1488349171 |            0 |    750029073 | 6.201455e+07 |
|          CAS_COUNT_RD STAT          | MBOX6C0 |              0 |            0 |            0 |            0 |
|          CAS_COUNT_WR STAT          | MBOX6C1 |              0 |            0 |            0 |            0 |
|          CAS_COUNT_RD STAT          | MBOX7C0 |              0 |            0 |            0 |            0 |
|          CAS_COUNT_WR STAT          | MBOX7C1 |              0 |            0 |            0 |            0 |
+-------------------------------------+---------+----------------+--------------+--------------+--------------+
+-----------------------------------+-----------+-----------+-----------+-----------+-----------+-----------+-----------+-----------+-----------+-----------+-----------+-----------+-----------+-----------+-----------+-----------+-----------+-----------+-----------+-----------+-----------+-----------+-----------+-----------+
|               Metric              |   Core 0  |   Core 1  |   Core 2  |   Core 3  |   Core 4  |   Core 5  |   Core 6  |   Core 7  |   Core 8  |   Core 9  |  Core 10  |  Core 11  |  Core 12  |  Core 13  |  Core 14  |  Core 15  |  Core 16  |  Core 17  |  Core 18  |  Core 19  |  Core 20  |  Core 21  |  Core 22  |  Core 23  |
+-----------------------------------+-----------+-----------+-----------+-----------+-----------+-----------+-----------+-----------+-----------+-----------+-----------+-----------+-----------+-----------+-----------+-----------+-----------+-----------+-----------+-----------+-----------+-----------+-----------+-----------+
|        Runtime (RDTSC) [s]        |  110.7886 |  110.7886 |  110.7886 |  110.7886 |  110.7886 |  110.7886 |  110.7886 |  110.7886 |  110.7886 |  110.7886 |  110.7886 |  110.7886 |  110.7886 |  110.7886 |  110.7886 |  110.7886 |  110.7886 |  110.7886 |  110.7886 |  110.7886 |  110.7886 |  110.7886 |  110.7886 |  110.7886 |
|        Runtime unhalted [s]       |  109.7318 |  109.8935 |  109.6991 |  109.9041 |  102.5392 |  103.5172 |   63.1264 |   75.9411 |  108.8180 |   96.6117 |   36.6710 |   31.7115 |  105.2713 |  104.4765 |  105.2963 |  103.7688 |  104.3456 |  103.1617 |   99.6917 |   51.2667 |   42.6569 |   31.0012 |  109.5520 |   36.0306 |
|            Clock [MHz]            | 2298.9040 | 2298.8909 | 2299.1051 | 2299.0870 | 2299.0151 | 2299.0283 | 2299.8669 | 2299.7989 | 2299.7873 | 2299.7567 | 2296.7625 | 2296.9769 | 2298.8464 | 2298.8562 | 2298.8522 | 2298.8290 | 2298.8729 | 2298.8704 | 2298.8100 | 2297.6543 | 2297.2077 | 2295.4964 | 2299.9890 | 2296.6587 |
|                CPI                |    0.4315 |    0.4317 |    0.4305 |    0.4318 |    0.4324 |    0.4365 |    0.8303 |    0.8278 |    0.8356 |    0.8285 |    0.8272 |    0.8396 |    0.4438 |    0.4403 |    0.4437 |    0.4370 |    0.4393 |    0.4345 |    0.8364 |    0.8165 |    0.8347 |    0.8390 |    0.8569 |    0.8437 |
|   Local DRAM data volume [GByte]  |   49.8295 |   55.7424 |   55.9759 |   54.9476 |   51.9478 |   50.6695 |    0.2203 |    0.2185 |    0.4650 |    0.2027 |    0.0630 |    0.0781 |   42.3576 |   44.1992 |   45.9930 |   50.2748 |   51.9434 |   46.6956 |    0.4465 |    0.0848 |    0.0590 |    0.0393 |    0.6413 |    0.0420 |
|   Local DRAM bandwidth [MByte/s]  |  449.7707 |  503.1422 |  505.2494 |  495.9677 |  468.8908 |  457.3529 |    1.9881 |    1.9722 |    4.1970 |    1.8300 |    0.5687 |    0.7053 |  382.3284 |  398.9510 |  415.1419 |  453.7908 |  468.8512 |  421.4843 |    4.0303 |    0.7653 |    0.5325 |    0.3545 |    5.7884 |    0.3794 |
|  Remote DRAM data volume [GByte]  |    9.1709 |    3.8475 |    3.9220 |    4.8413 |    4.6572 |    6.1325 |    0.0851 |    0.1060 |    0.2835 |    0.0913 |    0.0145 |    0.0215 |   12.3631 |   10.6390 |    9.3068 |    5.3220 |    4.3169 |    8.2560 |    0.4333 |    0.0705 |    0.0271 |    0.0415 |    0.5535 |    0.0184 |
|  Remote DRAM bandwidth [MByte/s]  |   82.7783 |   34.7279 |   35.4008 |   43.6984 |   42.0371 |   55.3533 |    0.7678 |    0.9564 |    2.5592 |    0.8241 |    0.1313 |    0.1945 |  111.5915 |   96.0299 |   84.0047 |   48.0371 |   38.9649 |   74.5203 |    3.9115 |    0.6367 |    0.2450 |    0.3747 |    4.9964 |    0.1659 |
|     Memory data volume [GByte]    |   59.0003 |   59.5899 |   59.8979 |   59.7888 |   56.6050 |   56.8020 |    0.3053 |    0.3245 |    0.7485 |    0.2940 |    0.0776 |    0.0997 |   54.7207 |   54.8382 |   55.2997 |   55.5968 |   56.2602 |   54.9517 |    0.8799 |    0.1553 |    0.0861 |    0.0808 |    1.1948 |    0.0604 |
|     Memory bandwidth [MByte/s]    |  532.5489 |  537.8701 |  540.6502 |  539.6661 |  510.9279 |  512.7063 |    2.7559 |    2.9287 |    6.7563 |    2.6541 |    0.7000 |    0.8998 |  493.9199 |  494.9809 |  499.1466 |  501.8279 |  507.8161 |  496.0046 |    7.9418 |    1.4020 |    0.7776 |    0.7291 |   10.7849 |    0.5453 |
|          L3 request rate          |    5.4164 |    5.1755 |    5.0156 |    5.5241 |    4.6950 |    5.2579 |  819.1735 |  759.9597 |  419.5627 | 1301.0137 | 2364.3906 | 1782.6144 |    5.7137 |    4.9379 |    5.7889 |    5.0848 |    5.4326 |    4.8468 |  345.7843 | 1128.0782 | 2532.0286 | 2799.9605 |  270.8665 | 3064.6787 |
|            L3 miss rate           |    0.2598 |    0.1166 |    0.1214 |    0.1386 |    0.1603 |    0.1904 |    0.0017 |    0.0018 |    0.0034 |    0.0012 |    0.0005 |    0.0009 |    0.3621 |    0.3543 |    0.2766 |    0.1713 |    0.1318 |    0.2772 |    0.0056 |    0.0018 |    0.0008 |    0.0017 |    0.0065 |    0.0007 |
|           L3 miss ratio           |    0.1840 |    0.0690 |    0.0701 |    0.0881 |    0.0897 |    0.1210 |    0.3862 |    0.4850 |    0.6098 |    0.4503 |    0.2308 |    0.2758 |    0.2919 |    0.2407 |    0.2024 |    0.1059 |    0.0831 |    0.1768 |    0.9705 |    0.8320 |    0.4601 |    1.0570 |    0.8632 |    0.4371 |
|          L2 request rate          |    0.0475 |    0.0477 |    0.0457 |    0.0473 |    0.0450 |    0.0475 |    0.0399 |    0.0392 |    0.0392 |    0.0389 |    0.0382 |    0.0389 |    0.0497 |    0.0474 |    0.0500 |    0.0462 |    0.0503 |    0.0455 |    0.0398 |    0.0383 |    0.0386 |    0.0391 |    0.0400 |    0.0394 |
|            L2 miss rate           |    0.0065 |    0.0067 |    0.0058 |    0.0064 |    0.0056 |    0.0066 |    0.0134 |    0.0133 |    0.0132 |    0.0131 |    0.0127 |    0.0131 |    0.0073 |    0.0066 |    0.0074 |    0.0061 |    0.0076 |    0.0059 |    0.0133 |    0.0126 |    0.0129 |    0.0132 |    0.0136 |    0.0134 |
|           L2 miss ratio           |    0.1362 |    0.1404 |    0.1263 |    0.1352 |    0.1242 |    0.1386 |    0.3353 |    0.3379 |    0.3370 |    0.3369 |    0.3316 |    0.3370 |    0.1462 |    0.1394 |    0.1479 |    0.1327 |    0.1514 |    0.1294 |    0.3357 |    0.3289 |    0.3349 |    0.3387 |    0.3397 |    0.3390 |
|  Memory read bandwidth [MBytes/s] | 5559.5400 |         0 |         0 |         0 |         0 |         0 |         0 |         0 |         0 |         0 |         0 |         0 | 4688.2687 |         0 |         0 |         0 |         0 |         0 |         0 |         0 |         0 |         0 |         0 |         0 |
|  Memory read data volume [GBytes] |  615.9336 |         0 |         0 |         0 |         0 |         0 |         0 |         0 |         0 |         0 |         0 |         0 |  519.4067 |         0 |         0 |         0 |         0 |         0 |         0 |         0 |         0 |         0 |         0 |         0 |
| Memory write bandwidth [MBytes/s] | 1733.0579 |         0 |         0 |         0 |         0 |         0 |         0 |         0 |         0 |         0 |         0 |         0 | 1714.1507 |         0 |         0 |         0 |         0 |         0 |         0 |         0 |         0 |         0 |         0 |         0 |
| Memory write data volume [GBytes] |  192.0030 |         0 |         0 |         0 |         0 |         0 |         0 |         0 |         0 |         0 |         0 |         0 |  189.9083 |         0 |         0 |         0 |         0 |         0 |         0 |         0 |         0 |         0 |         0 |         0 |
|    Memory bandwidth [MBytes/s]    | 7292.5979 |         0 |         0 |         0 |         0 |         0 |         0 |         0 |         0 |         0 |         0 |         0 | 6402.4194 |         0 |         0 |         0 |         0 |         0 |         0 |         0 |         0 |         0 |         0 |         0 |
|    Memory data volume [GBytes]    |  807.9366 |         0 |         0 |         0 |         0 |         0 |         0 |         0 |         0 |         0 |         0 |         0 |  709.3150 |         0 |         0 |         0 |         0 |         0 |         0 |         0 |         0 |         0 |         0 |         0 |
|          Temperature [C]          |        40 |        39 |        40 |        41 |        36 |        37 |        35 |        37 |        42 |        35 |        35 |        34 |        39 |        39 |        41 |        42 |        43 |        41 |        41 |        40 |        36 |        40 |        38 |        37 |
|             Energy [J]            | 7775.9341 |         0 |         0 |         0 |         0 |         0 |         0 |         0 |         0 |         0 |         0 |         0 | 7743.9340 |         0 |         0 |         0 |         0 |         0 |         0 |         0 |         0 |         0 |         0 |         0 |
|             Power [W]             |   70.1871 |         0 |         0 |         0 |         0 |         0 |         0 |         0 |         0 |         0 |         0 |         0 |   69.8983 |         0 |         0 |         0 |         0 |         0 |         0 |         0 |         0 |         0 |         0 |         0 |
|           Energy PP0 [J]          |         0 |         0 |         0 |         0 |         0 |         0 |         0 |         0 |         0 |         0 |         0 |         0 |         0 |         0 |         0 |         0 |         0 |         0 |         0 |         0 |         0 |         0 |         0 |         0 |
|           Power PP0 [W]           |         0 |         0 |         0 |         0 |         0 |         0 |         0 |         0 |         0 |         0 |         0 |         0 |         0 |         0 |         0 |         0 |         0 |         0 |         0 |         0 |         0 |         0 |         0 |         0 |
|          Energy DRAM [J]          |  881.5074 |         0 |         0 |         0 |         0 |         0 |         0 |         0 |         0 |         0 |         0 |         0 |  882.2798 |         0 |         0 |         0 |         0 |         0 |         0 |         0 |         0 |         0 |         0 |         0 |
|           Power DRAM [W]          |    7.9567 |         0 |         0 |         0 |         0 |         0 |         0 |         0 |         0 |         0 |         0 |         0 |    7.9636 |         0 |         0 |         0 |         0 |         0 |         0 |         0 |         0 |         0 |         0 |         0 |
+-----------------------------------+-----------+-----------+-----------+-----------+-----------+-----------+-----------+-----------+-----------+-----------+-----------+-----------+-----------+-----------+-----------+-----------+-----------+-----------+-----------+-----------+-----------+-----------+-----------+-----------+
+----------------------------------------+------------+-----------+-----------+-----------+
|                 Metric                 |     Sum    |    Min    |    Max    |    Avg    |
+----------------------------------------+------------+-----------+-----------+-----------+
|        Runtime (RDTSC) [s] STAT        |  2658.9264 |  110.7886 |  110.7886 |  110.7886 |
|        Runtime unhalted [s] STAT       |  2054.6839 |   31.0012 |  109.9041 |   85.6118 |
|            Clock [MHz] STAT            | 55165.9228 | 2295.4964 | 2299.9890 | 2298.5801 |
|                CPI STAT                |    15.2492 |    0.4305 |    0.8569 |    0.6354 |
|   Local DRAM data volume [GByte] STAT  |   603.1368 |    0.0393 |   55.9759 |   25.1307 |
|   Local DRAM bandwidth [MByte/s] STAT  |  5444.0330 |    0.3545 |  505.2494 |  226.8347 |
|  Remote DRAM data volume [GByte] STAT  |    84.5214 |    0.0145 |   12.3631 |    3.5217 |
|  Remote DRAM bandwidth [MByte/s] STAT  |   762.9077 |    0.1313 |  111.5915 |   31.7878 |
|     Memory data volume [GByte] STAT    |   687.6581 |    0.0604 |   59.8979 |   28.6524 |
|     Memory bandwidth [MByte/s] STAT    |  6206.9410 |    0.5453 |  540.6502 |  258.6225 |
|          L3 request rate STAT          | 17651.0006 |    4.6950 | 3064.6787 |  735.4584 |
|            L3 miss rate STAT           |     2.5870 |    0.0005 |    0.3621 |    0.1078 |
|           L3 miss ratio STAT           |     8.7805 |    0.0690 |    1.0570 |    0.3659 |
|          L2 request rate STAT          |     1.0393 |    0.0382 |    0.0503 |    0.0433 |
|            L2 miss rate STAT           |     0.2363 |    0.0056 |    0.0136 |    0.0098 |
|           L2 miss ratio STAT           |     5.6805 |    0.1242 |    0.3397 |    0.2367 |
|  Memory read bandwidth [MBytes/s] STAT | 10247.8087 |         0 | 5559.5400 |  426.9920 |
|  Memory read data volume [GBytes] STAT |  1135.3403 |         0 |  615.9336 |   47.3058 |
| Memory write bandwidth [MBytes/s] STAT |  3447.2086 |         0 | 1733.0579 |  143.6337 |
| Memory write data volume [GBytes] STAT |   381.9113 |         0 |  192.0030 |   15.9130 |
|    Memory bandwidth [MBytes/s] STAT    | 13695.0173 |         0 | 7292.5979 |  570.6257 |
|    Memory data volume [GBytes] STAT    |  1517.2516 |         0 |  807.9366 |   63.2188 |
|          Temperature [C] STAT          |        928 |        34 |        43 |   38.6667 |
|             Energy [J] STAT            | 15519.8681 |         0 | 7775.9341 |  646.6612 |
|             Power [W] STAT             |   140.0854 |         0 |   70.1871 |    5.8369 |
|           Energy PP0 [J] STAT          |          0 |         0 |         0 |         0 |
|           Power PP0 [W] STAT           |          0 |         0 |         0 |         0 |
|          Energy DRAM [J] STAT          |  1763.7872 |         0 |  882.2798 |   73.4911 |
|           Power DRAM [W] STAT          |    15.9203 |         0 |    7.9636 |    0.6633 |
+----------------------------------------+------------+-----------+-----------+-----------+
