--------------------------------------------------------------------------------
CPU name:	Intel(R) Xeon(R) CPU E5-2670 v3 @ 2.30GHz
CPU type:	Intel Xeon Haswell EN/EP/EX processor
CPU clock:	2.30 GHz
--------------------------------------------------------------------------------
Group 1: POWERPERF
+--------------------------------+---------+--------------+--------------+--------------+--------------+--------------+--------------+--------------+--------------+--------------+--------------+--------------+--------------+--------------+--------------+--------------+--------------+--------------+--------------+--------------+--------------+--------------+--------------+--------------+--------------+
|              Event             | Counter |    Core 0    |    Core 1    |    Core 2    |    Core 3    |    Core 4    |    Core 5    |    Core 6    |    Core 7    |    Core 8    |    Core 9    |    Core 10   |    Core 11   |    Core 12   |    Core 13   |    Core 14   |    Core 15   |    Core 16   |    Core 17   |    Core 18   |    Core 19   |    Core 20   |    Core 21   |    Core 22   |    Core 23   |
+--------------------------------+---------+--------------+--------------+--------------+--------------+--------------+--------------+--------------+--------------+--------------+--------------+--------------+--------------+--------------+--------------+--------------+--------------+--------------+--------------+--------------+--------------+--------------+--------------+--------------+--------------+
|        INSTR_RETIRED_ANY       |  FIXC0  | 585633014589 | 585820613018 | 585258495104 | 586047184911 | 545581677111 | 545556581745 | 417014044083 | 169714210195 | 169757804612 | 169816024319 | 169896849022 | 169947719713 | 545350027754 | 545897256530 | 545872350900 | 545963566012 | 546207826617 | 546083159760 | 169824232886 | 169909433074 | 169822429828 | 169723799765 | 169606531634 | 167574237212 |
|      CPU_CLK_UNHALTED_CORE     |  FIXC1  | 258726368755 | 258696581132 | 259186307599 | 256478938845 | 241672997355 | 240435027448 | 246852426908 |  81424090017 |  81665793639 |  81567847416 |  82216800236 |  82234832008 | 244234190997 | 241419805417 | 244122768595 | 240370731996 | 239606645326 | 239077293982 |  82379449001 |  82590329924 |  82152521237 |  82239091626 |  82378147094 |  81536100431 |
|      CPU_CLK_UNHALTED_REF      |  FIXC2  | 258847371788 | 258796442244 | 259259913496 | 256589687740 | 241782618089 | 240556253995 | 246861117472 |  82267774595 |  82466609020 |  82356462434 |  82964541264 |  82924560042 | 244402989620 | 241589998448 | 244279101178 | 240528158644 | 239765466385 | 239233377508 |  83174398899 |  83340862871 |  82922482153 |  83093247240 |  83164210359 |  82309021070 |
|           FIXC1/FIXC0          |   CPI   |            0 |            0 |            0 |            0 |            0 |            0 |            0 |            0 |            0 |            0 |            0 |            0 |            0 |            0 |            0 |            0 |            0 |            0 |            0 |            0 |            0 |            0 |            0 |            0 |
|  OFFCORE_RESPONSE_0_LOCAL_DRAM |   PMC0  |    855599214 |    872028782 |    853496451 |    828375671 |    823494723 |    760896061 |   1765218786 |    885364063 |    878417937 |    857265793 |    858232018 |    799638827 |    674356791 |    733310133 |    748951745 |    788627049 |    815331432 |    748247522 |    776147525 |    803531842 |    776445333 |    737551656 |    737630321 |    723958742 |
| OFFCORE_RESPONSE_1_REMOTE_DRAM |   PMC1  |     71706258 |     53475350 |     71587380 |     94678735 |     52780309 |    112376128 |     77003719 |      4819087 |      9696194 |     29822778 |     29337756 |     84709103 |    175764284 |    119376260 |    111687068 |     74323354 |     56077012 |    117279887 |    112382578 |     87256563 |    108342765 |    144520855 |    143640199 |    146462821 |
|  MEM_LOAD_UOPS_RETIRED_L3_ALL  |   PMC2  |    530114837 |    531733126 |    529464123 |    528408780 |    487408959 |    505410411 |    511306250 |     58934515 |     60483212 |     60684440 |     62135591 |     61625495 |    535894888 |    504105938 |    519594969 |    505594339 |    481650326 |    469520883 |     60425832 |     60713922 |     60541958 |     62427929 |     62010401 |     60229452 |
|  MEM_LOAD_UOPS_RETIRED_L3_MISS |   PMC3  |    105034060 |    100117371 |    100729810 |    101678041 |     95088571 |     94976955 |    286051425 |     30092611 |     30477247 |     30411413 |     30696095 |     31148848 |     92787713 |     92986726 |     93972494 |     95268248 |     96776321 |     98895208 |     31544313 |     31516494 |     31012379 |     30259375 |     30575763 |     29840073 |
|      L2_TRANS_ALL_REQUESTS     |   PMC4  |  28586668078 |  30100752866 |  31312260314 |  27821384748 |  27361462576 |  26067248917 |  11593130824 |   4546665165 |   4559700293 |   4556106694 |   4568007374 |   4569330149 |  27613799309 |  26164908994 |  28027649220 |  26159442191 |  25970476450 |  25276503087 |   4564865651 |   4563786518 |   4570126286 |   4582783555 |   4592342044 |   4515786788 |
|          L2_RQSTS_MISS         |   PMC5  |   4194683626 |   4773645967 |   5415995383 |   3797852378 |   4157558295 |   3610138920 |   2792350185 |   1132998498 |   1138108464 |   1139460584 |   1142674987 |   1144456447 |   4262474394 |   3654372715 |   4345072912 |   3662027167 |   3671589572 |   3384367099 |   1134026719 |   1132630629 |   1137464888 |   1141833094 |   1140988000 |   1123137005 |
|        UOPS_RETIRED_ALL        |   PMC6  | 704120657644 | 704492335911 | 703370323338 | 704947476625 | 656971104798 | 656919753087 | 488570891013 | 194970177563 | 194954048547 | 195030996932 | 195109853201 | 195142143034 | 656698533609 | 657785577860 | 657737850148 | 657918727267 | 658408600606 | 658158948371 | 194986247446 | 195110948291 | 194969142709 | 194820808257 | 194749266850 | 192652411103 |
|            TEMP_CORE           |   TMP0  |           40 |           41 |           39 |           40 |           36 |           38 |           38 |           37 |           38 |           34 |           35 |           35 |           40 |           39 |           42 |           43 |           43 |           40 |           39 |           39 |           38 |           39 |           37 |           37 |
|         PWR_PKG_ENERGY         |   PWR0  |    7459.9065 |            0 |            0 |            0 |            0 |            0 |            0 |            0 |            0 |            0 |            0 |            0 |    7360.1110 |            0 |            0 |            0 |            0 |            0 |            0 |            0 |            0 |            0 |            0 |            0 |
|         PWR_PP0_ENERGY         |   PWR1  |            0 |            0 |            0 |            0 |            0 |            0 |            0 |            0 |            0 |            0 |            0 |            0 |            0 |            0 |            0 |            0 |            0 |            0 |            0 |            0 |            0 |            0 |            0 |            0 |
|         PWR_DRAM_ENERGY        |   PWR3  |    1114.5298 |            0 |            0 |            0 |            0 |            0 |            0 |            0 |            0 |            0 |            0 |            0 |    1026.5710 |            0 |            0 |            0 |            0 |            0 |            0 |            0 |            0 |            0 |            0 |            0 |
|          CAS_COUNT_RD          | MBOX0C0 |   4233419070 |            0 |            0 |            0 |            0 |            0 |            0 |            0 |            0 |            0 |            0 |            0 |   3361253347 |            0 |            0 |            0 |            0 |            0 |            0 |            0 |            0 |            0 |            0 |            0 |
|          CAS_COUNT_WR          | MBOX0C1 |   1156697541 |            0 |            0 |            0 |            0 |            0 |            0 |            0 |            0 |            0 |            0 |            0 |    946028040 |            0 |            0 |            0 |            0 |            0 |            0 |            0 |            0 |            0 |            0 |            0 |
|          CAS_COUNT_RD          | MBOX1C0 |   4242176560 |            0 |            0 |            0 |            0 |            0 |            0 |            0 |            0 |            0 |            0 |            0 |   3350197998 |            0 |            0 |            0 |            0 |            0 |            0 |            0 |            0 |            0 |            0 |            0 |
|          CAS_COUNT_WR          | MBOX1C1 |   1163659780 |            0 |            0 |            0 |            0 |            0 |            0 |            0 |            0 |            0 |            0 |            0 |    937791488 |            0 |            0 |            0 |            0 |            0 |            0 |            0 |            0 |            0 |            0 |            0 |
|          CAS_COUNT_RD          | MBOX2C0 |            0 |            0 |            0 |            0 |            0 |            0 |            0 |            0 |            0 |            0 |            0 |            0 |            0 |            0 |            0 |            0 |            0 |            0 |            0 |            0 |            0 |            0 |            0 |            0 |
|          CAS_COUNT_WR          | MBOX2C1 |            0 |            0 |            0 |            0 |            0 |            0 |            0 |            0 |            0 |            0 |            0 |            0 |            0 |            0 |            0 |            0 |            0 |            0 |            0 |            0 |            0 |            0 |            0 |            0 |
|          CAS_COUNT_RD          | MBOX3C0 |            0 |            0 |            0 |            0 |            0 |            0 |            0 |            0 |            0 |            0 |            0 |            0 |            0 |            0 |            0 |            0 |            0 |            0 |            0 |            0 |            0 |            0 |            0 |            0 |
|          CAS_COUNT_WR          | MBOX3C1 |            0 |            0 |            0 |            0 |            0 |            0 |            0 |            0 |            0 |            0 |            0 |            0 |            0 |            0 |            0 |            0 |            0 |            0 |            0 |            0 |            0 |            0 |            0 |            0 |
|          CAS_COUNT_RD          | MBOX4C0 |   4224206389 |            0 |            0 |            0 |            0 |            0 |            0 |            0 |            0 |            0 |            0 |            0 |   3360148259 |            0 |            0 |            0 |            0 |            0 |            0 |            0 |            0 |            0 |            0 |            0 |
|          CAS_COUNT_WR          | MBOX4C1 |   1152161846 |            0 |            0 |            0 |            0 |            0 |            0 |            0 |            0 |            0 |            0 |            0 |    945364474 |            0 |            0 |            0 |            0 |            0 |            0 |            0 |            0 |            0 |            0 |            0 |
|          CAS_COUNT_RD          | MBOX5C0 |   4242241321 |            0 |            0 |            0 |            0 |            0 |            0 |            0 |            0 |            0 |            0 |            0 |   3350257504 |            0 |            0 |            0 |            0 |            0 |            0 |            0 |            0 |            0 |            0 |            0 |
|          CAS_COUNT_WR          | MBOX5C1 |   1164764712 |            0 |            0 |            0 |            0 |            0 |            0 |            0 |            0 |            0 |            0 |            0 |    938012807 |            0 |            0 |            0 |            0 |            0 |            0 |            0 |            0 |            0 |            0 |            0 |
|          CAS_COUNT_RD          | MBOX6C0 |            0 |            0 |            0 |            0 |            0 |            0 |            0 |            0 |            0 |            0 |            0 |            0 |            0 |            0 |            0 |            0 |            0 |            0 |            0 |            0 |            0 |            0 |            0 |            0 |
|          CAS_COUNT_WR          | MBOX6C1 |            0 |            0 |            0 |            0 |            0 |            0 |            0 |            0 |            0 |            0 |            0 |            0 |            0 |            0 |            0 |            0 |            0 |            0 |            0 |            0 |            0 |            0 |            0 |            0 |
|          CAS_COUNT_RD          | MBOX7C0 |            0 |            0 |            0 |            0 |            0 |            0 |            0 |            0 |            0 |            0 |            0 |            0 |            0 |            0 |            0 |            0 |            0 |            0 |            0 |            0 |            0 |            0 |            0 |            0 |
|          CAS_COUNT_WR          | MBOX7C1 |            0 |            0 |            0 |            0 |            0 |            0 |            0 |            0 |            0 |            0 |            0 |            0 |            0 |            0 |            0 |            0 |            0 |            0 |            0 |            0 |            0 |            0 |            0 |            0 |
+--------------------------------+---------+--------------+--------------+--------------+--------------+--------------+--------------+--------------+--------------+--------------+--------------+--------------+--------------+--------------+--------------+--------------+--------------+--------------+--------------+--------------+--------------+--------------+--------------+--------------+--------------+
+-------------------------------------+---------+----------------+--------------+--------------+--------------+
|                Event                | Counter |       Sum      |      Min     |      Max     |      Avg     |
+-------------------------------------+---------+----------------+--------------+--------------+--------------+
|        INSTR_RETIRED_ANY STAT       |  FIXC0  |  8991879070394 | 167574237212 | 586047184911 | 3.746616e+11 |
|      CPU_CLK_UNHALTED_CORE STAT     |  FIXC1  |  4113265086984 |  81424090017 | 259186307599 | 171386045291 |
|      CPU_CLK_UNHALTED_REF STAT      |  FIXC2  |  4123476666554 |  82267774595 | 259259913496 | 1.718115e+11 |
|           FIXC1/FIXC0 STAT          |   CPI   |              0 |            0 |            0 |            0 |
|  OFFCORE_RESPONSE_0_LOCAL_DRAM STAT |   PMC0  |    20102118417 |    674356791 |   1765218786 | 8.375883e+08 |
| OFFCORE_RESPONSE_1_REMOTE_DRAM STAT |   PMC1  |     2089106443 |      4819087 |    175764284 | 8.704610e+07 |
|  MEM_LOAD_UOPS_RETIRED_L3_ALL STAT  |   PMC2  |     7310420576 |     58934515 |    535894888 | 3.046009e+08 |
|  MEM_LOAD_UOPS_RETIRED_L3_MISS STAT |   PMC3  |     1791937554 |     29840073 |    286051425 | 7.466406e+07 |
|      L2_TRANS_ALL_REQUESTS STAT     |   PMC4  |   392245188091 |   4515786788 |  31312260314 | 1.634355e+10 |
|          L2_RQSTS_MISS STAT         |   PMC5  |    64229907928 |   1123137005 |   5415995383 | 2.676246e+09 |
|        UOPS_RETIRED_ALL STAT        |   PMC6  | 10708596824210 | 192652411103 | 704947476625 | 4.461915e+11 |
|            TEMP_CORE STAT           |   TMP0  |            927 |           34 |           43 |      38.6250 |
|         PWR_PKG_ENERGY STAT         |   PWR0  |     14820.0175 |            0 |    7459.9065 |     617.5007 |
|         PWR_PP0_ENERGY STAT         |   PWR1  |              0 |            0 |            0 |            0 |
|         PWR_DRAM_ENERGY STAT        |   PWR3  |      2141.1008 |            0 |    1114.5298 |      89.2125 |
|          CAS_COUNT_RD STAT          | MBOX0C0 |     7594672417 |            0 |   4233419070 | 3.164447e+08 |
|          CAS_COUNT_WR STAT          | MBOX0C1 |     2102725581 |            0 |   1156697541 | 8.761357e+07 |
|          CAS_COUNT_RD STAT          | MBOX1C0 |     7592374558 |            0 |   4242176560 | 3.163489e+08 |
|          CAS_COUNT_WR STAT          | MBOX1C1 |     2101451268 |            0 |   1163659780 | 8.756047e+07 |
|          CAS_COUNT_RD STAT          | MBOX2C0 |              0 |            0 |            0 |            0 |
|          CAS_COUNT_WR STAT          | MBOX2C1 |              0 |            0 |            0 |            0 |
|          CAS_COUNT_RD STAT          | MBOX3C0 |              0 |            0 |            0 |            0 |
|          CAS_COUNT_WR STAT          | MBOX3C1 |              0 |            0 |            0 |            0 |
|          CAS_COUNT_RD STAT          | MBOX4C0 |     7584354648 |            0 |   4224206389 |    316014777 |
|          CAS_COUNT_WR STAT          | MBOX4C1 |     2097526320 |            0 |   1152161846 |     87396930 |
|          CAS_COUNT_RD STAT          | MBOX5C0 |     7592498825 |            0 |   4242241321 | 3.163541e+08 |
|          CAS_COUNT_WR STAT          | MBOX5C1 |     2102777519 |            0 |   1164764712 | 8.761573e+07 |
|          CAS_COUNT_RD STAT          | MBOX6C0 |              0 |            0 |            0 |            0 |
|          CAS_COUNT_WR STAT          | MBOX6C1 |              0 |            0 |            0 |            0 |
|          CAS_COUNT_RD STAT          | MBOX7C0 |              0 |            0 |            0 |            0 |
|          CAS_COUNT_WR STAT          | MBOX7C1 |              0 |            0 |            0 |            0 |
+-------------------------------------+---------+----------------+--------------+--------------+--------------+
+-----------------------------------+------------+-----------+-----------+-----------+-----------+-----------+-----------+-----------+-----------+-----------+-----------+-----------+-----------+-----------+-----------+-----------+-----------+-----------+-----------+-----------+-----------+-----------+-----------+-----------+
|               Metric              |   Core 0   |   Core 1  |   Core 2  |   Core 3  |   Core 4  |   Core 5  |   Core 6  |   Core 7  |   Core 8  |   Core 9  |  Core 10  |  Core 11  |  Core 12  |  Core 13  |  Core 14  |  Core 15  |  Core 16  |  Core 17  |  Core 18  |  Core 19  |  Core 20  |  Core 21  |  Core 22  |  Core 23  |
+-----------------------------------+------------+-----------+-----------+-----------+-----------+-----------+-----------+-----------+-----------+-----------+-----------+-----------+-----------+-----------+-----------+-----------+-----------+-----------+-----------+-----------+-----------+-----------+-----------+-----------+
|        Runtime (RDTSC) [s]        |   113.6393 |  113.6393 |  113.6393 |  113.6393 |  113.6393 |  113.6393 |  113.6393 |  113.6393 |  113.6393 |  113.6393 |  113.6393 |  113.6393 |  113.6393 |  113.6393 |  113.6393 |  113.6393 |  113.6393 |  113.6393 |  113.6393 |  113.6393 |  113.6393 |  113.6393 |  113.6393 |  113.6393 |
|        Runtime unhalted [s]       |   112.4896 |  112.4766 |  112.6895 |  111.5124 |  105.0751 |  104.5368 |  107.3270 |   35.4017 |   35.5068 |   35.4642 |   35.7464 |   35.7542 |  106.1886 |  104.9650 |  106.1402 |  104.5089 |  104.1767 |  103.9465 |   35.8171 |   35.9088 |   35.7184 |   35.7561 |   35.8165 |   35.4504 |
|            Clock [MHz]            |  2298.9281 | 2299.1158 | 2299.3503 | 2299.0105 | 2298.9605 | 2298.8442 | 2299.9223 | 2276.4159 | 2277.6684 | 2277.9793 | 2279.2738 | 2280.8729 | 2298.4147 | 2298.3830 | 2298.5313 | 2298.4979 | 2298.4797 | 2298.5027 | 2278.0207 | 2279.2904 | 2278.6470 | 2276.3604 | 2278.2638 | 2278.4051 |
|                CPI                |     0.4418 |    0.4416 |    0.4429 |    0.4376 |    0.4430 |    0.4407 |    0.5920 |    0.4798 |    0.4811 |    0.4803 |    0.4839 |    0.4839 |    0.4478 |    0.4422 |    0.4472 |    0.4403 |    0.4387 |    0.4378 |    0.4851 |    0.4861 |    0.4838 |    0.4845 |    0.4857 |    0.4866 |
|   Local DRAM data volume [GByte]  |    54.7583 |   55.8098 |   54.6238 |   53.0160 |   52.7037 |   48.6973 |  112.9740 |   56.6633 |   56.2187 |   54.8650 |   54.9268 |   51.1769 |   43.1588 |   46.9318 |   47.9329 |   50.4721 |   52.1812 |   47.8878 |   49.6734 |   51.4260 |   49.6925 |   47.2033 |   47.2083 |   46.3334 |
|   Local DRAM bandwidth [MByte/s]  |   481.8609 |  491.1138 |  480.6766 |  466.5290 |  463.7801 |  428.5255 |  994.1453 |  498.6240 |  494.7121 |  482.7995 |  483.3436 |  450.3448 |  379.7878 |  412.9895 |  421.7986 |  444.1432 |  459.1827 |  421.4020 |  437.1149 |  452.5373 |  437.2826 |  415.3782 |  415.4225 |  407.7229 |
|  Remote DRAM data volume [GByte]  |     4.5892 |    3.4224 |    4.5816 |    6.0594 |    3.3779 |    7.1921 |    4.9282 |    0.3084 |    0.6206 |    1.9087 |    1.8776 |    5.4214 |   11.2489 |    7.6401 |    7.1480 |    4.7567 |    3.5889 |    7.5059 |    7.1925 |    5.5844 |    6.9339 |    9.2493 |    9.1930 |    9.3736 |
|  Remote DRAM bandwidth [MByte/s]  |    40.3839 |   30.1165 |   40.3170 |   53.3217 |   29.7251 |   63.2886 |   43.3674 |    2.7140 |    5.4608 |   16.7957 |   16.5226 |   47.7069 |   98.9879 |   67.2310 |   62.9005 |   41.8578 |   31.5817 |   66.0503 |   63.2922 |   49.1416 |   61.0171 |   81.3920 |   80.8960 |   82.4857 |
|     Memory data volume [GByte]    |    59.3476 |   59.2323 |   59.2054 |   59.0755 |   56.0816 |   55.8894 |  117.9022 |   56.9717 |   56.8393 |   56.7737 |   56.8045 |   56.5983 |   54.4077 |   54.5719 |   55.0809 |   55.2288 |   55.7701 |   55.3938 |   56.8659 |   57.0105 |   56.6264 |   56.4526 |   56.4013 |   55.7070 |
|     Memory bandwidth [MByte/s]    |   522.2448 |  521.2303 |  520.9936 |  519.8507 |  493.5052 |  491.8140 | 1037.5126 |  501.3381 |  500.1728 |  499.5952 |  499.8662 |  498.0517 |  478.7757 |  480.2204 |  484.6991 |  486.0010 |  490.7644 |  487.4523 |  500.4071 |  501.6789 |  498.2996 |  496.7703 |  496.3186 |  490.2086 |
|          L3 request rate          |     5.0471 |    5.3111 |    5.2563 |    5.1969 |    5.1258 |    5.3214 |    1.7875 |    1.9584 |    1.9845 |    1.9954 |    2.0242 |    1.9784 |    5.7755 |    5.4213 |    5.5292 |    5.3071 |    4.9769 |    4.7477 |    1.9156 |    1.9264 |    1.9522 |    2.0631 |    2.0281 |    2.0184 |
|            L3 miss rate           |     0.1353 |    0.1006 |    0.1352 |    0.1792 |    0.1083 |    0.2223 |    0.1506 |    0.0818 |    0.1603 |    0.4914 |    0.4722 |    1.3746 |    0.3280 |    0.2368 |    0.2150 |    0.1470 |    0.1164 |    0.2498 |    1.8598 |    1.4372 |    1.7895 |    2.3150 |    2.3164 |    2.4317 |
|           L3 miss ratio           |     0.0838 |    0.0613 |    0.0839 |    0.1143 |    0.0641 |    0.1477 |    0.0436 |    0.0054 |    0.0110 |    0.0348 |    0.0342 |    0.1059 |    0.2606 |    0.1628 |    0.1491 |    0.0942 |    0.0688 |    0.1567 |    0.1448 |    0.1086 |    0.1395 |    0.1959 |    0.1947 |    0.2023 |
|          L2 request rate          |     0.0488 |    0.0514 |    0.0535 |    0.0475 |    0.0502 |    0.0478 |    0.0278 |    0.0268 |    0.0269 |    0.0268 |    0.0269 |    0.0269 |    0.0506 |    0.0479 |    0.0513 |    0.0479 |    0.0475 |    0.0463 |    0.0269 |    0.0269 |    0.0269 |    0.0270 |    0.0271 |    0.0269 |
|            L2 miss rate           |     0.0072 |    0.0081 |    0.0093 |    0.0065 |    0.0076 |    0.0066 |    0.0067 |    0.0067 |    0.0067 |    0.0067 |    0.0067 |    0.0067 |    0.0078 |    0.0067 |    0.0080 |    0.0067 |    0.0067 |    0.0062 |    0.0067 |    0.0067 |    0.0067 |    0.0067 |    0.0067 |    0.0067 |
|           L2 miss ratio           |     0.1467 |    0.1586 |    0.1730 |    0.1365 |    0.1519 |    0.1385 |    0.2409 |    0.2492 |    0.2496 |    0.2501 |    0.2501 |    0.2505 |    0.1544 |    0.1397 |    0.1550 |    0.1400 |    0.1414 |    0.1339 |    0.2484 |    0.2482 |    0.2489 |    0.2492 |    0.2485 |    0.2487 |
|  Memory read bandwidth [MBytes/s] |  9541.5096 |         0 |         0 |         0 |         0 |         0 |         0 |         0 |         0 |         0 |         0 |         0 | 7558.9925 |         0 |         0 |         0 |         0 |         0 |         0 |         0 |         0 |         0 |         0 |         0 |
|  Memory read data volume [GBytes] |  1084.2908 |         0 |         0 |         0 |         0 |         0 |         0 |         0 |         0 |         0 |         0 |         0 |  858.9989 |         0 |         0 |         0 |         0 |         0 |         0 |         0 |         0 |         0 |         0 |         0 |
| Memory write bandwidth [MBytes/s] |  2611.6501 |         0 |         0 |         0 |         0 |         0 |         0 |         0 |         0 |         0 |         0 |         0 | 2121.6298 |         0 |         0 |         0 |         0 |         0 |         0 |         0 |         0 |         0 |         0 |         0 |
| Memory write data volume [GBytes] |   296.7862 |         0 |         0 |         0 |         0 |         0 |         0 |         0 |         0 |         0 |         0 |         0 |  241.1006 |         0 |         0 |         0 |         0 |         0 |         0 |         0 |         0 |         0 |         0 |         0 |
|    Memory bandwidth [MBytes/s]    | 12153.1596 |         0 |         0 |         0 |         0 |         0 |         0 |         0 |         0 |         0 |         0 |         0 | 9680.6223 |         0 |         0 |         0 |         0 |         0 |         0 |         0 |         0 |         0 |         0 |         0 |
|    Memory data volume [GBytes]    |  1381.0769 |         0 |         0 |         0 |         0 |         0 |         0 |         0 |         0 |         0 |         0 |         0 | 1100.0995 |         0 |         0 |         0 |         0 |         0 |         0 |         0 |         0 |         0 |         0 |         0 |
|          Temperature [C]          |         40 |        41 |        39 |        40 |        36 |        38 |        38 |        37 |        38 |        34 |        35 |        35 |        40 |        39 |        42 |        43 |        43 |        40 |        39 |        39 |        38 |        39 |        37 |        37 |
|             Energy [J]            |  7459.9065 |         0 |         0 |         0 |         0 |         0 |         0 |         0 |         0 |         0 |         0 |         0 | 7360.1110 |         0 |         0 |         0 |         0 |         0 |         0 |         0 |         0 |         0 |         0 |         0 |
|             Power [W]             |    65.6455 |         0 |         0 |         0 |         0 |         0 |         0 |         0 |         0 |         0 |         0 |         0 |   64.7673 |         0 |         0 |         0 |         0 |         0 |         0 |         0 |         0 |         0 |         0 |         0 |
|           Energy PP0 [J]          |          0 |         0 |         0 |         0 |         0 |         0 |         0 |         0 |         0 |         0 |         0 |         0 |         0 |         0 |         0 |         0 |         0 |         0 |         0 |         0 |         0 |         0 |         0 |         0 |
|           Power PP0 [W]           |          0 |         0 |         0 |         0 |         0 |         0 |         0 |         0 |         0 |         0 |         0 |         0 |         0 |         0 |         0 |         0 |         0 |         0 |         0 |         0 |         0 |         0 |         0 |         0 |
|          Energy DRAM [J]          |  1114.5298 |         0 |         0 |         0 |         0 |         0 |         0 |         0 |         0 |         0 |         0 |         0 | 1026.5710 |         0 |         0 |         0 |         0 |         0 |         0 |         0 |         0 |         0 |         0 |         0 |
|           Power DRAM [W]          |     9.8076 |         0 |         0 |         0 |         0 |         0 |         0 |         0 |         0 |         0 |         0 |         0 |    9.0336 |         0 |         0 |         0 |         0 |         0 |         0 |         0 |         0 |         0 |         0 |         0 |
+-----------------------------------+------------+-----------+-----------+-----------+-----------+-----------+-----------+-----------+-----------+-----------+-----------+-----------+-----------+-----------+-----------+-----------+-----------+-----------+-----------+-----------+-----------+-----------+-----------+-----------+
+----------------------------------------+------------+-----------+------------+-----------+
|                 Metric                 |     Sum    |    Min    |     Max    |    Avg    |
+----------------------------------------+------------+-----------+------------+-----------+
|        Runtime (RDTSC) [s] STAT        |  2727.3432 |  113.6393 |   113.6393 |  113.6393 |
|        Runtime unhalted [s] STAT       |  1788.3735 |   35.4017 |   112.6895 |   74.5156 |
|            Clock [MHz] STAT            | 54946.1387 | 2276.3604 |  2299.9223 | 2289.4224 |
|                CPI STAT                |    11.2144 |    0.4376 |     0.5920 |    0.4673 |
|   Local DRAM data volume [GByte] STAT  |  1286.5351 |   43.1588 |   112.9740 |   53.6056 |
|   Local DRAM bandwidth [MByte/s] STAT  | 11321.2174 |  379.7878 |   994.1453 |  471.7174 |
|  Remote DRAM data volume [GByte] STAT  |   133.7027 |    0.3084 |    11.2489 |    5.5709 |
|  Remote DRAM bandwidth [MByte/s] STAT  |  1176.5540 |    2.7140 |    98.9879 |   49.0231 |
|     Memory data volume [GByte] STAT    |  1420.2384 |   54.4077 |   117.9022 |   59.1766 |
|     Memory bandwidth [MByte/s] STAT    | 12497.7712 |  478.7757 |  1037.5126 |  520.7405 |
|          L3 request rate STAT          |    86.6485 |    1.7875 |     5.7755 |    3.6104 |
|            L3 miss rate STAT           |    17.0544 |    0.0818 |     2.4317 |    0.7106 |
|           L3 miss ratio STAT           |     2.6680 |    0.0054 |     0.2606 |    0.1112 |
|          L2 request rate STAT          |     0.9145 |    0.0268 |     0.0535 |    0.0381 |
|            L2 miss rate STAT           |     0.1678 |    0.0062 |     0.0093 |    0.0070 |
|           L2 miss ratio STAT           |     4.7519 |    0.1339 |     0.2505 |    0.1980 |
|  Memory read bandwidth [MBytes/s] STAT | 17100.5021 |         0 |  9541.5096 |  712.5209 |
|  Memory read data volume [GBytes] STAT |  1943.2897 |         0 |  1084.2908 |   80.9704 |
| Memory write bandwidth [MBytes/s] STAT |  4733.2799 |         0 |  2611.6501 |  197.2200 |
| Memory write data volume [GBytes] STAT |   537.8868 |         0 |   296.7862 |   22.4120 |
|    Memory bandwidth [MBytes/s] STAT    | 21833.7819 |         0 | 12153.1596 |  909.7409 |
|    Memory data volume [GBytes] STAT    |  2481.1764 |         0 |  1381.0769 |  103.3824 |
|          Temperature [C] STAT          |        927 |        34 |         43 |   38.6250 |
|             Energy [J] STAT            | 14820.0175 |         0 |  7459.9065 |  617.5007 |
|             Power [W] STAT             |   130.4128 |         0 |    65.6455 |    5.4339 |
|           Energy PP0 [J] STAT          |          0 |         0 |          0 |         0 |
|           Power PP0 [W] STAT           |          0 |         0 |          0 |         0 |
|          Energy DRAM [J] STAT          |  2141.1008 |         0 |  1114.5298 |   89.2125 |
|           Power DRAM [W] STAT          |    18.8412 |         0 |     9.8076 |    0.7851 |
+----------------------------------------+------------+-----------+------------+-----------+
