--------------------------------------------------------------------------------
CPU name:	Intel(R) Xeon(R) CPU E5-2670 v3 @ 2.30GHz
CPU type:	Intel Xeon Haswell EN/EP/EX processor
CPU clock:	2.30 GHz
--------------------------------------------------------------------------------
Group 1: POWERPERF
+--------------------------------+---------+--------------+--------------+--------------+--------------+--------------+--------------+--------------+--------------+--------------+--------------+--------------+--------------+--------------+--------------+--------------+--------------+--------------+--------------+--------------+--------------+--------------+--------------+--------------+--------------+
|              Event             | Counter |    Core 0    |    Core 1    |    Core 2    |    Core 3    |    Core 4    |    Core 5    |    Core 6    |    Core 7    |    Core 8    |    Core 9    |    Core 10   |    Core 11   |    Core 12   |    Core 13   |    Core 14   |    Core 15   |    Core 16   |    Core 17   |    Core 18   |    Core 19   |    Core 20   |    Core 21   |    Core 22   |    Core 23   |
+--------------------------------+---------+--------------+--------------+--------------+--------------+--------------+--------------+--------------+--------------+--------------+--------------+--------------+--------------+--------------+--------------+--------------+--------------+--------------+--------------+--------------+--------------+--------------+--------------+--------------+--------------+
|        INSTR_RETIRED_ANY       |  FIXC0  | 584887093087 | 585531602343 | 586074164442 | 586052027573 | 545637176945 | 545457690263 | 377470179445 | 344330280719 | 352010671526 | 351925229751 | 344203032587 | 340446187739 | 545381457997 | 545803814628 | 545579348608 | 545629846218 | 545842051022 | 545695790384 | 340441562268 | 344144859271 | 352085343979 | 351971905251 | 344043733574 | 339948770067 |
|      CPU_CLK_UNHALTED_CORE     |  FIXC1  | 256504838896 | 256066927248 | 255065329259 | 253887607166 | 236906477780 | 236740089475 | 247357310146 | 221214998063 | 225730936947 | 225721563841 | 221297848647 | 219350446174 | 243030041592 | 238392068687 | 240931098294 | 237962171876 | 236664408868 | 237367484894 | 219350903154 | 221127487679 | 225568464882 | 225579259719 | 221196677939 | 219230959278 |
|      CPU_CLK_UNHALTED_REF      |  FIXC2  | 256610760386 | 256174527896 | 255172232516 | 253994723067 | 237014411591 | 236849666800 | 247366836251 | 221383574998 | 225805794382 | 225822659293 | 221417753159 | 219458366484 | 243144834581 | 238435656640 | 241045115407 | 238074860562 | 236701896124 | 237424931852 | 219464662113 | 221240950434 | 225630106099 | 225719107566 | 221261187214 | 219243034228 |
|           FIXC1/FIXC0          |   CPI   |            0 |            0 |            0 |            0 |            0 |            0 |            0 |            0 |            0 |            0 |            0 |            0 |            0 |            0 |            0 |            0 |            0 |            0 |            0 |            0 |            0 |            0 |            0 |            0 |
|  OFFCORE_RESPONSE_0_LOCAL_DRAM |   PMC0  |    837199045 |    859090777 |    875890433 |    873318035 |    820437793 |    789357103 |    589146107 |    332516553 |    332406441 |    329824764 |    326910205 |    280483728 |    715737017 |    796534762 |    770947411 |    809228619 |    813726376 |    758881235 |    290668672 |    321625763 |    321189293 |    321159640 |    318137126 |    287704646 |
| OFFCORE_RESPONSE_1_REMOTE_DRAM |   PMC1  |     95712044 |     57625551 |     57598114 |     57301504 |     61082250 |     94822365 |    193005290 |        65987 |       142783 |      1931987 |      4223448 |     47223723 |    142804588 |     61034190 |     96732518 |     60387167 |     61335825 |    107074410 |     37279689 |      8928035 |      8727439 |      8908136 |     11455589 |     39896614 |
|  MEM_LOAD_UOPS_RETIRED_L3_ALL  |   PMC2  |    559006763 |    521563238 |    526031594 |    516323374 |    452753818 |    453764698 |    123671864 |     80555886 |     81068952 |     81017021 |     80350314 |     80254147 |    510124015 |    466266197 |    478984701 |    467563416 |    449585002 |    466987935 |     80207008 |     80319212 |     81221192 |     80981457 |     80526302 |     79649755 |
|  MEM_LOAD_UOPS_RETIRED_L3_MISS |   PMC3  |    100976962 |     97046676 |    101360137 |    102734838 |     96596288 |     96781451 |     93300993 |     52578515 |     52967196 |     52431835 |     52421716 |     51970991 |     93273645 |     94457578 |     96185736 |     97857879 |     97715790 |     97540642 |     51809199 |     52466126 |     52310109 |     52278664 |     52720487 |     51723076 |
|      L2_TRANS_ALL_REQUESTS     |   PMC4  |  29547136413 |  29327423825 |  27477823501 |  26914718505 |  24627692811 |  24625452949 |   3977321108 |   2101059226 |   2110635075 |   2105464741 |   2096016906 |   2091771920 |  28270122885 |  25416893148 |  26800602592 |  24759071560 |  24623731825 |  24928331226 |   2089392333 |   2100480809 |   2116389806 |   2110959462 |   2101508086 |   2099043803 |
|          L2_RQSTS_MISS         |   PMC5  |   4533412572 |   4479077888 |   3714896016 |   3493782533 |   3063691823 |   3075227534 |   1186886083 |    660118888 |    663533044 |    662265747 |    659804978 |    659722590 |   4575577270 |   3389279312 |   3989963195 |   3142668505 |   3093442495 |   3214173653 |    654997996 |    657995348 |    664325159 |    662545715 |    658356454 |    655552671 |
|        UOPS_RETIRED_ALL        |   PMC6  | 702621827069 | 703901501132 | 704988374038 | 704943284892 | 657058127935 | 656709867774 | 428940399132 | 385715557303 | 394095288236 | 394027088385 | 385531295386 | 381204934818 | 656751636577 | 657589775451 | 657144676459 | 657245260724 | 657666788965 | 657377716442 | 381358620161 | 385478330002 | 394153452117 | 394037196369 | 385353791261 | 380689750691 |
|            TEMP_CORE           |   TMP0  |           42 |           40 |           41 |           43 |           39 |           40 |           43 |           42 |           45 |           44 |           40 |           42 |           42 |           43 |           43 |           45 |           46 |           45 |           46 |           47 |           43 |           45 |           44 |           44 |
|         PWR_PKG_ENERGY         |   PWR0  |    8430.1448 |            0 |            0 |            0 |            0 |            0 |            0 |            0 |            0 |            0 |            0 |            0 |    8477.4113 |            0 |            0 |            0 |            0 |            0 |            0 |            0 |            0 |            0 |            0 |            0 |
|         PWR_PP0_ENERGY         |   PWR1  |            0 |            0 |            0 |            0 |            0 |            0 |            0 |            0 |            0 |            0 |            0 |            0 |            0 |            0 |            0 |            0 |            0 |            0 |            0 |            0 |            0 |            0 |            0 |            0 |
|         PWR_DRAM_ENERGY        |   PWR3  |     971.6966 |            0 |            0 |            0 |            0 |            0 |            0 |            0 |            0 |            0 |            0 |            0 |     972.4591 |            0 |            0 |            0 |            0 |            0 |            0 |            0 |            0 |            0 |            0 |            0 |
|          CAS_COUNT_RD          | MBOX0C0 |   3133220454 |            0 |            0 |            0 |            0 |            0 |            0 |            0 |            0 |            0 |            0 |            0 |   2849595501 |            0 |            0 |            0 |            0 |            0 |            0 |            0 |            0 |            0 |            0 |            0 |
|          CAS_COUNT_WR          | MBOX0C1 |   1014308662 |            0 |            0 |            0 |            0 |            0 |            0 |            0 |            0 |            0 |            0 |            0 |    935398124 |            0 |            0 |            0 |            0 |            0 |            0 |            0 |            0 |            0 |            0 |            0 |
|          CAS_COUNT_RD          | MBOX1C0 |   3137106412 |            0 |            0 |            0 |            0 |            0 |            0 |            0 |            0 |            0 |            0 |            0 |   2833781800 |            0 |            0 |            0 |            0 |            0 |            0 |            0 |            0 |            0 |            0 |            0 |
|          CAS_COUNT_WR          | MBOX1C1 |   1020036488 |            0 |            0 |            0 |            0 |            0 |            0 |            0 |            0 |            0 |            0 |            0 |    925653455 |            0 |            0 |            0 |            0 |            0 |            0 |            0 |            0 |            0 |            0 |            0 |
|          CAS_COUNT_RD          | MBOX2C0 |            0 |            0 |            0 |            0 |            0 |            0 |            0 |            0 |            0 |            0 |            0 |            0 |            0 |            0 |            0 |            0 |            0 |            0 |            0 |            0 |            0 |            0 |            0 |            0 |
|          CAS_COUNT_WR          | MBOX2C1 |            0 |            0 |            0 |            0 |            0 |            0 |            0 |            0 |            0 |            0 |            0 |            0 |            0 |            0 |            0 |            0 |            0 |            0 |            0 |            0 |            0 |            0 |            0 |            0 |
|          CAS_COUNT_RD          | MBOX3C0 |            0 |            0 |            0 |            0 |            0 |            0 |            0 |            0 |            0 |            0 |            0 |            0 |            0 |            0 |            0 |            0 |            0 |            0 |            0 |            0 |            0 |            0 |            0 |            0 |
|          CAS_COUNT_WR          | MBOX3C1 |            0 |            0 |            0 |            0 |            0 |            0 |            0 |            0 |            0 |            0 |            0 |            0 |            0 |            0 |            0 |            0 |            0 |            0 |            0 |            0 |            0 |            0 |            0 |            0 |
|          CAS_COUNT_RD          | MBOX4C0 |   3135020499 |            0 |            0 |            0 |            0 |            0 |            0 |            0 |            0 |            0 |            0 |            0 |   2839178292 |            0 |            0 |            0 |            0 |            0 |            0 |            0 |            0 |            0 |            0 |            0 |
|          CAS_COUNT_WR          | MBOX4C1 |   1015442549 |            0 |            0 |            0 |            0 |            0 |            0 |            0 |            0 |            0 |            0 |            0 |    931761329 |            0 |            0 |            0 |            0 |            0 |            0 |            0 |            0 |            0 |            0 |            0 |
|          CAS_COUNT_RD          | MBOX5C0 |   3138197844 |            0 |            0 |            0 |            0 |            0 |            0 |            0 |            0 |            0 |            0 |            0 |   2834029121 |            0 |            0 |            0 |            0 |            0 |            0 |            0 |            0 |            0 |            0 |            0 |
|          CAS_COUNT_WR          | MBOX5C1 |   1020504820 |            0 |            0 |            0 |            0 |            0 |            0 |            0 |            0 |            0 |            0 |            0 |    925770559 |            0 |            0 |            0 |            0 |            0 |            0 |            0 |            0 |            0 |            0 |            0 |
|          CAS_COUNT_RD          | MBOX6C0 |            0 |            0 |            0 |            0 |            0 |            0 |            0 |            0 |            0 |            0 |            0 |            0 |            0 |            0 |            0 |            0 |            0 |            0 |            0 |            0 |            0 |            0 |            0 |            0 |
|          CAS_COUNT_WR          | MBOX6C1 |            0 |            0 |            0 |            0 |            0 |            0 |            0 |            0 |            0 |            0 |            0 |            0 |            0 |            0 |            0 |            0 |            0 |            0 |            0 |            0 |            0 |            0 |            0 |            0 |
|          CAS_COUNT_RD          | MBOX7C0 |            0 |            0 |            0 |            0 |            0 |            0 |            0 |            0 |            0 |            0 |            0 |            0 |            0 |            0 |            0 |            0 |            0 |            0 |            0 |            0 |            0 |            0 |            0 |            0 |
|          CAS_COUNT_WR          | MBOX7C1 |            0 |            0 |            0 |            0 |            0 |            0 |            0 |            0 |            0 |            0 |            0 |            0 |            0 |            0 |            0 |            0 |            0 |            0 |            0 |            0 |            0 |            0 |            0 |            0 |
+--------------------------------+---------+--------------+--------------+--------------+--------------+--------------+--------------+--------------+--------------+--------------+--------------+--------------+--------------+--------------+--------------+--------------+--------------+--------------+--------------+--------------+--------------+--------------+--------------+--------------+--------------+
+-------------------------------------+---------+----------------+--------------+--------------+--------------+
|                Event                | Counter |       Sum      |      Min     |      Max     |      Avg     |
+-------------------------------------+---------+----------------+--------------+--------------+--------------+
|        INSTR_RETIRED_ANY STAT       |  FIXC0  | 10890593819687 | 339948770067 | 586074164442 | 4.537747e+11 |
|      CPU_CLK_UNHALTED_CORE STAT     |  FIXC1  |  5622245400504 | 219230959278 | 256504838896 | 234260225021 |
|      CPU_CLK_UNHALTED_REF STAT      |  FIXC2  |  5624457649643 | 219243034228 | 256610760386 | 2.343524e+11 |
|           FIXC1/FIXC0 STAT          |   CPI   |              0 |            0 |            0 |            0 |
|  OFFCORE_RESPONSE_0_LOCAL_DRAM STAT |   PMC0  |    13772121544 |    280483728 |    875890433 | 5.738384e+08 |
| OFFCORE_RESPONSE_1_REMOTE_DRAM STAT |   PMC1  |     1315299246 |        65987 |    193005290 | 5.480414e+07 |
|  MEM_LOAD_UOPS_RETIRED_L3_ALL STAT  |   PMC2  |     6878777861 |     79649755 |    559006763 | 2.866157e+08 |
|  MEM_LOAD_UOPS_RETIRED_L3_MISS STAT |   PMC3  |     1841506529 |     51723076 |    102734838 | 7.672944e+07 |
|      L2_TRANS_ALL_REQUESTS STAT     |   PMC4  |   344419044515 |   2089392333 |  29547136413 | 1.435079e+10 |
|          L2_RQSTS_MISS STAT         |   PMC5  |    52211297469 |    654997996 |   4575577270 | 2.175471e+09 |
|        UOPS_RETIRED_ALL STAT        |   PMC6  | 12764584541319 | 380689750691 | 704988374038 | 5.318577e+11 |
|            TEMP_CORE STAT           |   TMP0  |           1034 |           39 |           47 |      43.0833 |
|         PWR_PKG_ENERGY STAT         |   PWR0  |     16907.5561 |            0 |    8477.4113 |     704.4815 |
|         PWR_PP0_ENERGY STAT         |   PWR1  |              0 |            0 |            0 |            0 |
|         PWR_DRAM_ENERGY STAT        |   PWR3  |      1944.1557 |            0 |     972.4591 |      81.0065 |
|          CAS_COUNT_RD STAT          | MBOX0C0 |     5982815955 |            0 |   3133220454 | 2.492840e+08 |
|          CAS_COUNT_WR STAT          | MBOX0C1 |     1949706786 |            0 |   1014308662 | 8.123778e+07 |
|          CAS_COUNT_RD STAT          | MBOX1C0 |     5970888212 |            0 |   3137106412 | 2.487870e+08 |
|          CAS_COUNT_WR STAT          | MBOX1C1 |     1945689943 |            0 |   1020036488 | 8.107041e+07 |
|          CAS_COUNT_RD STAT          | MBOX2C0 |              0 |            0 |            0 |            0 |
|          CAS_COUNT_WR STAT          | MBOX2C1 |              0 |            0 |            0 |            0 |
|          CAS_COUNT_RD STAT          | MBOX3C0 |              0 |            0 |            0 |            0 |
|          CAS_COUNT_WR STAT          | MBOX3C1 |              0 |            0 |            0 |            0 |
|          CAS_COUNT_RD STAT          | MBOX4C0 |     5974198791 |            0 |   3135020499 | 2.489249e+08 |
|          CAS_COUNT_WR STAT          | MBOX4C1 |     1947203878 |            0 |   1015442549 | 8.113349e+07 |
|          CAS_COUNT_RD STAT          | MBOX5C0 |     5972226965 |            0 |   3138197844 | 2.488428e+08 |
|          CAS_COUNT_WR STAT          | MBOX5C1 |     1946275379 |            0 |   1020504820 | 8.109481e+07 |
|          CAS_COUNT_RD STAT          | MBOX6C0 |              0 |            0 |            0 |            0 |
|          CAS_COUNT_WR STAT          | MBOX6C1 |              0 |            0 |            0 |            0 |
|          CAS_COUNT_RD STAT          | MBOX7C0 |              0 |            0 |            0 |            0 |
|          CAS_COUNT_WR STAT          | MBOX7C1 |              0 |            0 |            0 |            0 |
+-------------------------------------+---------+----------------+--------------+--------------+--------------+
+-----------------------------------+-----------+-----------+-----------+-----------+-----------+-----------+-----------+-----------+-----------+-----------+-----------+-----------+-----------+-----------+-----------+-----------+-----------+-----------+-----------+-----------+-----------+-----------+-----------+-----------+
|               Metric              |   Core 0  |   Core 1  |   Core 2  |   Core 3  |   Core 4  |   Core 5  |   Core 6  |   Core 7  |   Core 8  |   Core 9  |  Core 10  |  Core 11  |  Core 12  |  Core 13  |  Core 14  |  Core 15  |  Core 16  |  Core 17  |  Core 18  |  Core 19  |  Core 20  |  Core 21  |  Core 22  |  Core 23  |
+-----------------------------------+-----------+-----------+-----------+-----------+-----------+-----------+-----------+-----------+-----------+-----------+-----------+-----------+-----------+-----------+-----------+-----------+-----------+-----------+-----------+-----------+-----------+-----------+-----------+-----------+
|        Runtime (RDTSC) [s]        |  112.6377 |  112.6377 |  112.6377 |  112.6377 |  112.6377 |  112.6377 |  112.6377 |  112.6377 |  112.6377 |  112.6377 |  112.6377 |  112.6377 |  112.6377 |  112.6377 |  112.6377 |  112.6377 |  112.6377 |  112.6377 |  112.6377 |  112.6377 |  112.6377 |  112.6377 |  112.6377 |  112.6377 |
|        Runtime unhalted [s]       |  111.5237 |  111.3333 |  110.8979 |  110.3858 |  103.0027 |  102.9304 |  107.5466 |   96.1803 |   98.1438 |   98.1397 |   96.2164 |   95.3697 |  105.6651 |  103.6486 |  104.7526 |  103.4617 |  102.8975 |  103.2032 |   95.3699 |   96.1423 |   98.0732 |   98.0778 |   96.1724 |   95.3177 |
|            Clock [MHz]            | 2299.0528 | 2299.0361 | 2299.0386 | 2299.0322 | 2298.9548 | 2298.9381 | 2299.9136 | 2298.2508 | 2299.2397 | 2298.9725 | 2298.7566 | 2298.8711 | 2298.9163 | 2299.5817 | 2298.9142 | 2298.9135 | 2299.6379 | 2299.4456 | 2298.8100 | 2298.8226 | 2299.3738 | 2298.5771 | 2299.3316 | 2299.8755 |
|                CPI                |    0.4386 |    0.4373 |    0.4352 |    0.4332 |    0.4342 |    0.4340 |    0.6553 |    0.6425 |    0.6413 |    0.6414 |    0.6429 |    0.6443 |    0.4456 |    0.4368 |    0.4416 |    0.4361 |    0.4336 |    0.4350 |    0.6443 |    0.6425 |    0.6407 |    0.6409 |    0.6429 |    0.6449 |
|   Local DRAM data volume [GByte]  |   53.5807 |   54.9818 |   56.0570 |   55.8924 |   52.5080 |   50.5189 |   37.7054 |   21.2811 |   21.2740 |   21.1088 |   20.9223 |   17.9510 |   45.8072 |   50.9782 |   49.3406 |   51.7906 |   52.0785 |   48.5684 |   18.6028 |   20.5840 |   20.5561 |   20.5542 |   20.3608 |   18.4131 |
|   Local DRAM bandwidth [MByte/s]  |  475.6910 |  488.1297 |  497.6752 |  496.2135 |  466.1673 |  448.5075 |  334.7489 |  188.9337 |  188.8711 |  187.4043 |  185.7482 |  159.3690 |  406.6770 |  452.5858 |  438.0472 |  459.7984 |  462.3540 |  431.1913 |  165.1560 |  182.7456 |  182.4976 |  182.4808 |  180.7634 |  163.4719 |
|  Remote DRAM data volume [GByte]  |    6.1256 |    3.6880 |    3.6863 |    3.6673 |    3.9093 |    6.0686 |   12.3523 |    0.0042 |    0.0091 |    0.1236 |    0.2703 |    3.0223 |    9.1395 |    3.9062 |    6.1909 |    3.8648 |    3.9255 |    6.8528 |    2.3859 |    0.5714 |    0.5586 |    0.5701 |    0.7332 |    2.5534 |
|  Remote DRAM bandwidth [MByte/s]  |   54.3830 |   32.7425 |   32.7269 |   32.5583 |   34.7065 |   53.8774 |  109.6643 |    0.0375 |    0.0811 |    1.0977 |    2.3997 |   26.8322 |   81.1406 |   34.6792 |   54.9628 |   34.3116 |   34.8506 |   60.8390 |   21.1821 |    5.0729 |    4.9589 |    5.0615 |    6.5090 |   22.6690 |
|     Memory data volume [GByte]    |   59.7063 |   58.6698 |   59.7433 |   59.5597 |   56.4173 |   56.5875 |   50.0577 |   21.2853 |   21.2832 |   21.2324 |   21.1926 |   20.9733 |   54.9467 |   54.8844 |   55.5315 |   55.6554 |   56.0040 |   55.4212 |   20.9887 |   21.1554 |   21.1147 |   21.1243 |   21.0939 |   20.9665 |
|     Memory bandwidth [MByte/s]    |  530.0739 |  520.8722 |  530.4020 |  528.7719 |  500.8739 |  502.3849 |  444.4133 |  188.9712 |  188.9523 |  188.5020 |  188.1480 |  186.2012 |  487.8177 |  487.2650 |  493.0100 |  494.1099 |  497.2046 |  492.0303 |  186.3381 |  187.8185 |  187.4565 |  187.5423 |  187.2724 |  186.1409 |
|          L3 request rate          |    5.5360 |    5.3744 |    5.1897 |    5.0258 |    4.6871 |    4.6886 |    1.3255 |    1.5321 |    1.5306 |    1.5452 |    1.5328 |    1.5442 |    5.4691 |    4.9362 |    4.9798 |    4.7780 |    4.6009 |    4.7876 |    1.5481 |    1.5309 |    1.5527 |    1.5490 |    1.5274 |    1.5399 |
|            L3 miss rate           |    0.1712 |    0.1105 |    0.1095 |    0.1110 |    0.1349 |    0.2090 |    1.5606 |    0.0008 |    0.0018 |    0.0238 |    0.0526 |    0.5884 |    0.2799 |    0.1309 |    0.2020 |    0.1292 |    0.1364 |    0.2293 |    0.4648 |    0.1112 |    0.1075 |    0.1100 |    0.1423 |    0.5009 |
|           L3 miss ratio           |    0.1143 |    0.0671 |    0.0658 |    0.0656 |    0.0745 |    0.1201 |    0.3276 |    0.0002 |    0.0004 |    0.0059 |    0.0129 |    0.1684 |    0.1995 |    0.0766 |    0.1255 |    0.0746 |    0.0754 |    0.1411 |    0.1283 |    0.0278 |    0.0272 |    0.0277 |    0.0360 |    0.1387 |
|          L2 request rate          |    0.0505 |    0.0501 |    0.0469 |    0.0459 |    0.0451 |    0.0451 |    0.0105 |    0.0061 |    0.0060 |    0.0060 |    0.0061 |    0.0061 |    0.0518 |    0.0466 |    0.0491 |    0.0454 |    0.0451 |    0.0457 |    0.0061 |    0.0061 |    0.0060 |    0.0060 |    0.0061 |    0.0062 |
|            L2 miss rate           |    0.0078 |    0.0076 |    0.0063 |    0.0060 |    0.0056 |    0.0056 |    0.0031 |    0.0019 |    0.0019 |    0.0019 |    0.0019 |    0.0019 |    0.0084 |    0.0062 |    0.0073 |    0.0058 |    0.0057 |    0.0059 |    0.0019 |    0.0019 |    0.0019 |    0.0019 |    0.0019 |    0.0019 |
|           L2 miss ratio           |    0.1534 |    0.1527 |    0.1352 |    0.1298 |    0.1244 |    0.1249 |    0.2984 |    0.3142 |    0.3144 |    0.3145 |    0.3148 |    0.3154 |    0.1619 |    0.1333 |    0.1489 |    0.1269 |    0.1256 |    0.1289 |    0.3135 |    0.3133 |    0.3139 |    0.3139 |    0.3133 |    0.3123 |
|  Memory read bandwidth [MBytes/s] | 7127.1595 |         0 |         0 |         0 |         0 |         0 |         0 |         0 |         0 |         0 |         0 |         0 | 6452.7364 |         0 |         0 |         0 |         0 |         0 |         0 |         0 |         0 |         0 |         0 |         0 |
|  Memory read data volume [GBytes] |  802.7869 |         0 |         0 |         0 |         0 |         0 |         0 |         0 |         0 |         0 |         0 |         0 |  726.8214 |         0 |         0 |         0 |         0 |         0 |         0 |         0 |         0 |         0 |         0 |         0 |
| Memory write bandwidth [MBytes/s] | 2312.7133 |         0 |         0 |         0 |         0 |         0 |         0 |         0 |         0 |         0 |         0 |         0 | 2112.8746 |         0 |         0 |         0 |         0 |         0 |         0 |         0 |         0 |         0 |         0 |         0 |
| Memory write data volume [GBytes] |  260.4987 |         0 |         0 |         0 |         0 |         0 |         0 |         0 |         0 |         0 |         0 |         0 |  237.9893 |         0 |         0 |         0 |         0 |         0 |         0 |         0 |         0 |         0 |         0 |         0 |
|    Memory bandwidth [MBytes/s]    | 9439.8728 |         0 |         0 |         0 |         0 |         0 |         0 |         0 |         0 |         0 |         0 |         0 | 8565.6110 |         0 |         0 |         0 |         0 |         0 |         0 |         0 |         0 |         0 |         0 |         0 |
|    Memory data volume [GBytes]    | 1063.2856 |         0 |         0 |         0 |         0 |         0 |         0 |         0 |         0 |         0 |         0 |         0 |  964.8108 |         0 |         0 |         0 |         0 |         0 |         0 |         0 |         0 |         0 |         0 |         0 |
|          Temperature [C]          |        42 |        40 |        41 |        43 |        39 |        40 |        43 |        42 |        45 |        44 |        40 |        42 |        42 |        43 |        43 |        45 |        46 |        45 |        46 |        47 |        43 |        45 |        44 |        44 |
|             Energy [J]            | 8430.1448 |         0 |         0 |         0 |         0 |         0 |         0 |         0 |         0 |         0 |         0 |         0 | 8477.4113 |         0 |         0 |         0 |         0 |         0 |         0 |         0 |         0 |         0 |         0 |         0 |
|             Power [W]             |   74.8430 |         0 |         0 |         0 |         0 |         0 |         0 |         0 |         0 |         0 |         0 |         0 |   75.2626 |         0 |         0 |         0 |         0 |         0 |         0 |         0 |         0 |         0 |         0 |         0 |
|           Energy PP0 [J]          |         0 |         0 |         0 |         0 |         0 |         0 |         0 |         0 |         0 |         0 |         0 |         0 |         0 |         0 |         0 |         0 |         0 |         0 |         0 |         0 |         0 |         0 |         0 |         0 |
|           Power PP0 [W]           |         0 |         0 |         0 |         0 |         0 |         0 |         0 |         0 |         0 |         0 |         0 |         0 |         0 |         0 |         0 |         0 |         0 |         0 |         0 |         0 |         0 |         0 |         0 |         0 |
|          Energy DRAM [J]          |  971.6966 |         0 |         0 |         0 |         0 |         0 |         0 |         0 |         0 |         0 |         0 |         0 |  972.4591 |         0 |         0 |         0 |         0 |         0 |         0 |         0 |         0 |         0 |         0 |         0 |
|           Power DRAM [W]          |    8.6267 |         0 |         0 |         0 |         0 |         0 |         0 |         0 |         0 |         0 |         0 |         0 |    8.6335 |         0 |         0 |         0 |         0 |         0 |         0 |         0 |         0 |         0 |         0 |         0 |
+-----------------------------------+-----------+-----------+-----------+-----------+-----------+-----------+-----------+-----------+-----------+-----------+-----------+-----------+-----------+-----------+-----------+-----------+-----------+-----------+-----------+-----------+-----------+-----------+-----------+-----------+
+----------------------------------------+------------+-----------+-----------+-----------+
|                 Metric                 |     Sum    |    Min    |    Max    |    Avg    |
+----------------------------------------+------------+-----------+-----------+-----------+
|        Runtime (RDTSC) [s] STAT        |  2703.3048 |  112.6377 |  112.6377 |  112.6377 |
|        Runtime unhalted [s] STAT       |  2444.4523 |   95.3177 |  111.5237 |  101.8522 |
|            Clock [MHz] STAT            | 55178.2567 | 2298.2508 | 2299.9136 | 2299.0940 |
|                CPI STAT                |    12.9651 |    0.4332 |    0.6553 |    0.5402 |
|   Local DRAM data volume [GByte] STAT  |   881.4159 |   17.9510 |   56.0570 |   36.7257 |
|   Local DRAM bandwidth [MByte/s] STAT  |  7825.2284 |  159.3690 |  497.6752 |  326.0512 |
|  Remote DRAM data volume [GByte] STAT  |    84.1792 |    0.0042 |   12.3523 |    3.5075 |
|  Remote DRAM bandwidth [MByte/s] STAT  |   747.3443 |    0.0375 |  109.6643 |   31.1393 |
|     Memory data volume [GByte] STAT    |   965.5951 |   20.9665 |   59.7433 |   40.2331 |
|     Memory bandwidth [MByte/s] STAT    |  8572.5730 |  186.1409 |  530.4020 |  357.1905 |
|          L3 request rate STAT          |    78.3116 |    1.3255 |    5.5360 |    3.2630 |
|            L3 miss rate STAT           |     5.6185 |    0.0008 |    1.5606 |    0.2341 |
|           L3 miss ratio STAT           |     2.1012 |    0.0002 |    0.3276 |    0.0876 |
|          L2 request rate STAT          |     0.6446 |    0.0060 |    0.0518 |    0.0269 |
|            L2 miss rate STAT           |     0.1022 |    0.0019 |    0.0084 |    0.0043 |
|           L2 miss ratio STAT           |     5.3978 |    0.1244 |    0.3154 |    0.2249 |
|  Memory read bandwidth [MBytes/s] STAT | 13579.8959 |         0 | 7127.1595 |  565.8290 |
|  Memory read data volume [GBytes] STAT |  1529.6083 |         0 |  802.7869 |   63.7337 |
| Memory write bandwidth [MBytes/s] STAT |  4425.5879 |         0 | 2312.7133 |  184.3995 |
| Memory write data volume [GBytes] STAT |   498.4880 |         0 |  260.4987 |   20.7703 |
|    Memory bandwidth [MBytes/s] STAT    | 18005.4838 |         0 | 9439.8728 |  750.2285 |
|    Memory data volume [GBytes] STAT    |  2028.0964 |         0 | 1063.2856 |   84.5040 |
|          Temperature [C] STAT          |       1034 |        39 |        47 |   43.0833 |
|             Energy [J] STAT            | 16907.5561 |         0 | 8477.4113 |  704.4815 |
|             Power [W] STAT             |   150.1056 |         0 |   75.2626 |    6.2544 |
|           Energy PP0 [J] STAT          |          0 |         0 |         0 |         0 |
|           Power PP0 [W] STAT           |          0 |         0 |         0 |         0 |
|          Energy DRAM [J] STAT          |  1944.1557 |         0 |  972.4591 |   81.0065 |
|           Power DRAM [W] STAT          |    17.2602 |         0 |    8.6335 |    0.7192 |
+----------------------------------------+------------+-----------+-----------+-----------+
