--------------------------------------------------------------------------------
CPU name:	Intel(R) Xeon(R) CPU E5-2670 v3 @ 2.30GHz
CPU type:	Intel Xeon Haswell EN/EP/EX processor
CPU clock:	2.30 GHz
--------------------------------------------------------------------------------
Group 1: POWERPERF
+--------------------------------+---------+--------------+--------------+--------------+--------------+--------------+--------------+--------------+--------------+--------------+--------------+--------------+--------------+--------------+--------------+--------------+--------------+--------------+--------------+--------------+--------------+--------------+--------------+--------------+--------------+
|              Event             | Counter |    Core 0    |    Core 1    |    Core 2    |    Core 3    |    Core 4    |    Core 5    |    Core 6    |    Core 7    |    Core 8    |    Core 9    |    Core 10   |    Core 11   |    Core 12   |    Core 13   |    Core 14   |    Core 15   |    Core 16   |    Core 17   |    Core 18   |    Core 19   |    Core 20   |    Core 21   |    Core 22   |    Core 23   |
+--------------------------------+---------+--------------+--------------+--------------+--------------+--------------+--------------+--------------+--------------+--------------+--------------+--------------+--------------+--------------+--------------+--------------+--------------+--------------+--------------+--------------+--------------+--------------+--------------+--------------+--------------+
|        INSTR_RETIRED_ANY       |  FIXC0  | 586050553374 | 585460657142 | 585174168983 | 586081211957 | 545777245171 | 545675727717 | 352965281192 | 369637872107 | 368708235474 | 345791314055 | 360844297145 | 379211804418 | 545540139739 | 545952002857 | 545830698391 | 545850407471 | 545921931095 | 545919987487 | 380095867086 | 388253768259 | 358375541658 | 375001967411 | 387561103573 | 416095082643 |
|      CPU_CLK_UNHALTED_CORE     |  FIXC1  | 260303985320 | 261097633196 | 261114462243 | 260645220055 | 243727975727 | 241980334521 | 240734311399 | 242232948341 | 241330243359 | 240514058329 | 241822374006 | 242067074130 | 243096454338 | 241589932312 | 243951263565 | 241950542522 | 241314474923 | 240847080881 | 241824371332 | 242882357804 | 240755577801 | 241943593073 | 242339955906 | 245786757172 |
|      CPU_CLK_UNHALTED_REF      |  FIXC2  | 260416981465 | 261198656222 | 261227049308 | 260758316507 | 243842165141 | 242126256581 | 241538800126 | 243046048201 | 242376316376 | 241292117398 | 242637894065 | 242873382463 | 243226706117 | 241729722804 | 244084681764 | 242086085954 | 241460477030 | 241008446967 | 242753556166 | 243626331186 | 241642754353 | 242736457023 | 243275729145 | 245982410039 |
|           FIXC1/FIXC0          |   CPI   |            0 |            0 |            0 |            0 |            0 |            0 |            0 |            0 |            0 |            0 |            0 |            0 |            0 |            0 |            0 |            0 |            0 |            0 |            0 |            0 |            0 |            0 |            0 |            0 |
|  OFFCORE_RESPONSE_0_LOCAL_DRAM |   PMC0  |    828011875 |    851218997 |    829747051 |    873142274 |    831825558 |    801257340 |   1396961194 |   1205175975 |   1128901520 |   1477827979 |   1240894318 |   1044565037 |    695719264 |    807896881 |    810218993 |    814809056 |    820414873 |    790310695 |   1140068143 |   1055253847 |   1325276861 |   1168671200 |    942386331 |    626576079 |
| OFFCORE_RESPONSE_1_REMOTE_DRAM |   PMC1  |    102364805 |     80244826 |    102462719 |     59514676 |     53928364 |     81297520 |     50316261 |     10988176 |     46016327 |     16348699 |     10540842 |      9413440 |    165445121 |     57707974 |     58770392 |     54003610 |     55218614 |     82677490 |      6911966 |      5437456 |     42545525 |      5768392 |     34981823 |      7390003 |
|  MEM_LOAD_UOPS_RETIRED_L3_ALL  |   PMC2  |    521363313 |    508885587 |    562480132 |    531168515 |    509621301 |    455876644 |   1228377331 |   1027153463 |   1018066758 |   1291135717 |   1070906686 |    907506487 |    492316040 |    466527621 |    482021628 |    485118420 |    470695629 |    459758378 |    984761493 |    912288799 |   1214387319 |   1025364754 |    861717811 |    555238665 |
|  MEM_LOAD_UOPS_RETIRED_L3_MISS |   PMC3  |    106101979 |    102168904 |    101826851 |    105001905 |     98451455 |     99878777 |    421266428 |    352088040 |    345529182 |    439971314 |    367461756 |    310316130 |     99004039 |     98540821 |     96628968 |     99399757 |     99133114 |     99707848 |    338773457 |    314813873 |    409781123 |    350694114 |    292789206 |    189372048 |
|      L2_TRANS_ALL_REQUESTS     |   PMC4  |  27503047448 |  29198149702 |  29296912976 |  28291261290 |  25974330565 |  24850854935 |  20110300108 |  16870204751 |  16632567902 |  21038567885 |  17495613439 |  14841861875 |  25286857740 |  24994989980 |  26345614245 |  25046689453 |  25174785857 |  24870777311 |  15814823143 |  14699100140 |  19315963848 |  16453612539 |  13822025713 |   8922556786 |
|          L2_RQSTS_MISS         |   PMC5  |   3610535905 |   4394349883 |   4260271243 |   3951043885 |   3500467980 |   3094977647 |   5999924000 |   5034652261 |   4971957460 |   6284952420 |   5230588765 |   4435659162 |   3260068596 |   3209085247 |   3732231893 |   3235926557 |   3263596845 |   3154556352 |   4743456222 |   4407503000 |   5811271614 |   4944255458 |   4151933149 |   2671840301 |
|        UOPS_RETIRED_ALL        |   PMC6  | 705003354316 | 703830891801 | 703259802429 | 705070702447 | 657389529614 | 657199975320 | 432023162524 | 466044899717 | 465452513018 | 418380988222 | 451527452705 | 485852830533 | 657103766131 | 657922474072 | 657684538610 | 657728974850 | 657866090621 | 657853334452 | 482817682266 | 498376819025 | 440952926039 | 474195582954 | 500271737060 | 555844886636 |
|            TEMP_CORE           |   TMP0  |           41 |           41 |           40 |           42 |           40 |           40 |           42 |           42 |           44 |           44 |           42 |           42 |           41 |           44 |           43 |           44 |           46 |           45 |           47 |           47 |           42 |           45 |           44 |           44 |
|         PWR_PKG_ENERGY         |   PWR0  |    9449.0778 |            0 |            0 |            0 |            0 |            0 |            0 |            0 |            0 |            0 |            0 |            0 |    9474.0417 |            0 |            0 |            0 |            0 |            0 |            0 |            0 |            0 |            0 |            0 |            0 |
|         PWR_PP0_ENERGY         |   PWR1  |            0 |            0 |            0 |            0 |            0 |            0 |            0 |            0 |            0 |            0 |            0 |            0 |            0 |            0 |            0 |            0 |            0 |            0 |            0 |            0 |            0 |            0 |            0 |            0 |
|         PWR_DRAM_ENERGY        |   PWR3  |    1281.5397 |            0 |            0 |            0 |            0 |            0 |            0 |            0 |            0 |            0 |            0 |            0 |    1266.0284 |            0 |            0 |            0 |            0 |            0 |            0 |            0 |            0 |            0 |            0 |            0 |
|          CAS_COUNT_RD          | MBOX0C0 |   5701287364 |            0 |            0 |            0 |            0 |            0 |            0 |            0 |            0 |            0 |            0 |            0 |   5187706319 |            0 |            0 |            0 |            0 |            0 |            0 |            0 |            0 |            0 |            0 |            0 |
|          CAS_COUNT_WR          | MBOX0C1 |   2503929618 |            0 |            0 |            0 |            0 |            0 |            0 |            0 |            0 |            0 |            0 |            0 |   2219197218 |            0 |            0 |            0 |            0 |            0 |            0 |            0 |            0 |            0 |            0 |            0 |
|          CAS_COUNT_RD          | MBOX1C0 |   5704448633 |            0 |            0 |            0 |            0 |            0 |            0 |            0 |            0 |            0 |            0 |            0 |   5184301130 |            0 |            0 |            0 |            0 |            0 |            0 |            0 |            0 |            0 |            0 |            0 |
|          CAS_COUNT_WR          | MBOX1C1 |   2508809352 |            0 |            0 |            0 |            0 |            0 |            0 |            0 |            0 |            0 |            0 |            0 |   2211241490 |            0 |            0 |            0 |            0 |            0 |            0 |            0 |            0 |            0 |            0 |            0 |
|          CAS_COUNT_RD          | MBOX2C0 |            0 |            0 |            0 |            0 |            0 |            0 |            0 |            0 |            0 |            0 |            0 |            0 |            0 |            0 |            0 |            0 |            0 |            0 |            0 |            0 |            0 |            0 |            0 |            0 |
|          CAS_COUNT_WR          | MBOX2C1 |            0 |            0 |            0 |            0 |            0 |            0 |            0 |            0 |            0 |            0 |            0 |            0 |            0 |            0 |            0 |            0 |            0 |            0 |            0 |            0 |            0 |            0 |            0 |            0 |
|          CAS_COUNT_RD          | MBOX3C0 |            0 |            0 |            0 |            0 |            0 |            0 |            0 |            0 |            0 |            0 |            0 |            0 |            0 |            0 |            0 |            0 |            0 |            0 |            0 |            0 |            0 |            0 |            0 |            0 |
|          CAS_COUNT_WR          | MBOX3C1 |            0 |            0 |            0 |            0 |            0 |            0 |            0 |            0 |            0 |            0 |            0 |            0 |            0 |            0 |            0 |            0 |            0 |            0 |            0 |            0 |            0 |            0 |            0 |            0 |
|          CAS_COUNT_RD          | MBOX4C0 |   5699766432 |            0 |            0 |            0 |            0 |            0 |            0 |            0 |            0 |            0 |            0 |            0 |   5180305187 |            0 |            0 |            0 |            0 |            0 |            0 |            0 |            0 |            0 |            0 |            0 |
|          CAS_COUNT_WR          | MBOX4C1 |   2504464610 |            0 |            0 |            0 |            0 |            0 |            0 |            0 |            0 |            0 |            0 |            0 |   2215195035 |            0 |            0 |            0 |            0 |            0 |            0 |            0 |            0 |            0 |            0 |            0 |
|          CAS_COUNT_RD          | MBOX5C0 |   5706302752 |            0 |            0 |            0 |            0 |            0 |            0 |            0 |            0 |            0 |            0 |            0 |   5174975520 |            0 |            0 |            0 |            0 |            0 |            0 |            0 |            0 |            0 |            0 |            0 |
|          CAS_COUNT_WR          | MBOX5C1 |   2509947590 |            0 |            0 |            0 |            0 |            0 |            0 |            0 |            0 |            0 |            0 |            0 |   2209281851 |            0 |            0 |            0 |            0 |            0 |            0 |            0 |            0 |            0 |            0 |            0 |
|          CAS_COUNT_RD          | MBOX6C0 |            0 |            0 |            0 |            0 |            0 |            0 |            0 |            0 |            0 |            0 |            0 |            0 |            0 |            0 |            0 |            0 |            0 |            0 |            0 |            0 |            0 |            0 |            0 |            0 |
|          CAS_COUNT_WR          | MBOX6C1 |            0 |            0 |            0 |            0 |            0 |            0 |            0 |            0 |            0 |            0 |            0 |            0 |            0 |            0 |            0 |            0 |            0 |            0 |            0 |            0 |            0 |            0 |            0 |            0 |
|          CAS_COUNT_RD          | MBOX7C0 |            0 |            0 |            0 |            0 |            0 |            0 |            0 |            0 |            0 |            0 |            0 |            0 |            0 |            0 |            0 |            0 |            0 |            0 |            0 |            0 |            0 |            0 |            0 |            0 |
|          CAS_COUNT_WR          | MBOX7C1 |            0 |            0 |            0 |            0 |            0 |            0 |            0 |            0 |            0 |            0 |            0 |            0 |            0 |            0 |            0 |            0 |            0 |            0 |            0 |            0 |            0 |            0 |            0 |            0 |
+--------------------------------+---------+--------------+--------------+--------------+--------------+--------------+--------------+--------------+--------------+--------------+--------------+--------------+--------------+--------------+--------------+--------------+--------------+--------------+--------------+--------------+--------------+--------------+--------------+--------------+--------------+
+-------------------------------------+---------+----------------+--------------+--------------+--------------+
|                Event                | Counter |       Sum      |      Min     |      Max     |      Avg     |
+-------------------------------------+---------+----------------+--------------+--------------+--------------+
|        INSTR_RETIRED_ANY STAT       |  FIXC0  | 11191776866405 | 345791314055 | 586081211957 | 4.663240e+11 |
|      CPU_CLK_UNHALTED_CORE STAT     |  FIXC1  |  5885852982255 | 240514058329 | 261114462243 | 2.452439e+11 |
|      CPU_CLK_UNHALTED_REF STAT      |  FIXC2  |  5896947342401 | 241008446967 | 261227049308 | 2.457061e+11 |
|           FIXC1/FIXC0 STAT          |   CPI   |              0 |            0 |            0 |            0 |
|  OFFCORE_RESPONSE_0_LOCAL_DRAM STAT |   PMC0  |    23507131341 |    626576079 |   1477827979 | 9.794638e+08 |
| OFFCORE_RESPONSE_1_REMOTE_DRAM STAT |   PMC1  |     1200295021 |      5437456 |    165445121 | 5.001229e+07 |
|  MEM_LOAD_UOPS_RETIRED_L3_ALL STAT  |   PMC2  |    18042738491 |    455876644 |   1291135717 | 7.517808e+08 |
|  MEM_LOAD_UOPS_RETIRED_L3_MISS STAT |   PMC3  |     5338701089 |     96628968 |    439971314 | 2.224459e+08 |
|      L2_TRANS_ALL_REQUESTS STAT     |   PMC4  |   512851469631 |   8922556786 |  29296912976 | 2.136881e+10 |
|          L2_RQSTS_MISS STAT         |   PMC5  |   101355105845 |   2671840301 |   6284952420 | 4.223129e+09 |
|        UOPS_RETIRED_ALL STAT        |   PMC6  | 13749654915362 | 418380988222 | 705070702447 | 5.729023e+11 |
|            TEMP_CORE STAT           |   TMP0  |           1032 |           40 |           47 |           43 |
|         PWR_PKG_ENERGY STAT         |   PWR0  |     18923.1195 |            0 |    9474.0417 |     788.4633 |
|         PWR_PP0_ENERGY STAT         |   PWR1  |              0 |            0 |            0 |            0 |
|         PWR_DRAM_ENERGY STAT        |   PWR3  |      2547.5681 |            0 |    1281.5397 |     106.1487 |
|          CAS_COUNT_RD STAT          | MBOX0C0 |    10888993683 |            0 |   5701287364 | 4.537081e+08 |
|          CAS_COUNT_WR STAT          | MBOX0C1 |     4723126836 |            0 |   2503929618 | 1.967970e+08 |
|          CAS_COUNT_RD STAT          | MBOX1C0 |    10888749763 |            0 |   5704448633 | 4.536979e+08 |
|          CAS_COUNT_WR STAT          | MBOX1C1 |     4720050842 |            0 |   2508809352 | 1.966688e+08 |
|          CAS_COUNT_RD STAT          | MBOX2C0 |              0 |            0 |            0 |            0 |
|          CAS_COUNT_WR STAT          | MBOX2C1 |              0 |            0 |            0 |            0 |
|          CAS_COUNT_RD STAT          | MBOX3C0 |              0 |            0 |            0 |            0 |
|          CAS_COUNT_WR STAT          | MBOX3C1 |              0 |            0 |            0 |            0 |
|          CAS_COUNT_RD STAT          | MBOX4C0 |    10880071619 |            0 |   5699766432 | 4.533363e+08 |
|          CAS_COUNT_WR STAT          | MBOX4C1 |     4719659645 |            0 |   2504464610 | 1.966525e+08 |
|          CAS_COUNT_RD STAT          | MBOX5C0 |    10881278272 |            0 |   5706302752 | 4.533866e+08 |
|          CAS_COUNT_WR STAT          | MBOX5C1 |     4719229441 |            0 |   2509947590 | 1.966346e+08 |
|          CAS_COUNT_RD STAT          | MBOX6C0 |              0 |            0 |            0 |            0 |
|          CAS_COUNT_WR STAT          | MBOX6C1 |              0 |            0 |            0 |            0 |
|          CAS_COUNT_RD STAT          | MBOX7C0 |              0 |            0 |            0 |            0 |
|          CAS_COUNT_WR STAT          | MBOX7C1 |              0 |            0 |            0 |            0 |
+-------------------------------------+---------+----------------+--------------+--------------+--------------+
+-----------------------------------+------------+-----------+-----------+-----------+-----------+-----------+-----------+-----------+-----------+-----------+-----------+-----------+------------+-----------+-----------+-----------+-----------+-----------+-----------+-----------+-----------+-----------+-----------+-----------+
|               Metric              |   Core 0   |   Core 1  |   Core 2  |   Core 3  |   Core 4  |   Core 5  |   Core 6  |   Core 7  |   Core 8  |   Core 9  |  Core 10  |  Core 11  |   Core 12  |  Core 13  |  Core 14  |  Core 15  |  Core 16  |  Core 17  |  Core 18  |  Core 19  |  Core 20  |  Core 21  |  Core 22  |  Core 23  |
+-----------------------------------+------------+-----------+-----------+-----------+-----------+-----------+-----------+-----------+-----------+-----------+-----------+-----------+------------+-----------+-----------+-----------+-----------+-----------+-----------+-----------+-----------+-----------+-----------+-----------+
|        Runtime (RDTSC) [s]        |   114.7298 |  114.7298 |  114.7298 |  114.7298 |  114.7298 |  114.7298 |  114.7298 |  114.7298 |  114.7298 |  114.7298 |  114.7298 |  114.7298 |   114.7298 |  114.7298 |  114.7298 |  114.7298 |  114.7298 |  114.7298 |  114.7298 |  114.7298 |  114.7298 |  114.7298 |  114.7298 |  114.7298 |
|        Runtime unhalted [s]       |   113.1782 |  113.5233 |  113.5306 |  113.3265 |  105.9711 |  105.2112 |  104.6694 |  105.3210 |  104.9285 |  104.5737 |  105.1425 |  105.2489 |   105.6965 |  105.0415 |  106.0681 |  105.1982 |  104.9217 |  104.7185 |  105.1434 |  105.6034 |  104.6787 |  105.1952 |  105.3676 |  106.8662 |
|            Clock [MHz]            |  2298.9506 | 2299.0590 | 2298.9573 | 2298.9510 | 2298.8715 | 2298.5624 | 2292.2881 | 2292.2541 | 2290.0222 | 2292.5322 | 2292.2183 | 2292.3130 |  2298.7169 | 2298.6185 | 2298.6913 | 2298.6608 | 2298.5578 | 2298.4086 | 2291.1450 | 2292.9251 | 2291.5044 | 2292.4361 | 2291.1016 | 2298.1191 |
|                CPI                |     0.4442 |    0.4460 |    0.4462 |    0.4447 |    0.4466 |    0.4435 |    0.6820 |    0.6553 |    0.6545 |    0.6955 |    0.6702 |    0.6383 |     0.4456 |    0.4425 |    0.4469 |    0.4433 |    0.4420 |    0.4412 |    0.6362 |    0.6256 |    0.6718 |    0.6452 |    0.6253 |    0.5907 |
|   Local DRAM data volume [GByte]  |    52.9928 |   54.4780 |   53.1038 |   55.8811 |   53.2368 |   51.2805 |   89.4055 |   77.1313 |   72.2497 |   94.5810 |   79.4172 |   66.8522 |    44.5260 |   51.7054 |   51.8540 |   52.1478 |   52.5066 |   50.5799 |   72.9644 |   67.5362 |   84.8177 |   74.7950 |   60.3127 |   40.1009 |
|   Local DRAM bandwidth [MByte/s]  |   461.8917 |  474.8374 |  462.8597 |  487.0669 |  464.0191 |  446.9672 |  779.2700 |  672.2861 |  629.7377 |  824.3801 |  692.2109 |  582.6921 |   388.0947 |  450.6710 |  451.9663 |  454.5268 |  457.6539 |  440.8608 |  635.9668 |  588.6547 |  739.2822 |  651.9225 |  525.6935 |  349.5244 |
|  Remote DRAM data volume [GByte]  |     6.5513 |    5.1357 |    6.5576 |    3.8089 |    3.4514 |    5.2030 |    3.2202 |    0.7032 |    2.9450 |    1.0463 |    0.6746 |    0.6025 |    10.5885 |    3.6933 |    3.7613 |    3.4562 |    3.5340 |    5.2914 |    0.4424 |    0.3480 |    2.7229 |    0.3692 |    2.2388 |    0.4730 |
|  Remote DRAM bandwidth [MByte/s]  |    57.1024 |   44.7632 |   57.1570 |   33.1992 |   30.0830 |   45.3504 |   28.0680 |    6.1296 |   25.6694 |    9.1198 |    5.8800 |    5.2511 |    92.2906 |   32.1914 |   32.7840 |   30.1250 |   30.8027 |   46.1202 |    3.8557 |    3.0332 |   23.7333 |    3.2178 |   19.5140 |    4.1224 |
|     Memory data volume [GByte]    |    59.5441 |   59.6137 |   59.6614 |   59.6900 |   56.6883 |   56.4835 |   92.6258 |   77.8345 |   75.1947 |   95.6273 |   80.0919 |   67.4546 |    55.1145 |   55.3987 |   55.6153 |   55.6040 |   56.0405 |   55.8712 |   73.4067 |   67.8842 |   87.5406 |   75.1641 |   62.5516 |   40.5738 |
|     Memory bandwidth [MByte/s]    |   518.9941 |  519.6006 |  520.0167 |  520.2661 |  494.1021 |  492.3176 |  807.3381 |  678.4156 |  655.4071 |  833.5000 |  698.0909 |  587.9432 |   480.3853 |  482.8623 |  484.7503 |  484.6517 |  488.4566 |  486.9810 |  639.8225 |  591.6878 |  763.0155 |  655.1403 |  545.2075 |  353.6467 |
|          L3 request rate          |     4.9138 |    4.9808 |    5.5239 |    5.0587 |    5.1764 |    4.5643 |    2.9159 |    2.9173 |    2.9464 |    2.9346 |    2.9143 |    2.9245 |     4.9727 |    4.7344 |    4.9884 |    4.8805 |    4.7481 |    4.6111 |    2.9068 |    2.8979 |    2.9635 |    2.9238 |    2.9431 |    2.9320 |
|            L3 miss rate           |     0.1963 |    0.1577 |    0.1822 |    0.1120 |    0.1058 |    0.1783 |    0.0410 |    0.0107 |    0.0452 |    0.0127 |    0.0098 |    0.0104 |     0.3361 |    0.1237 |    0.1219 |    0.1113 |    0.1173 |    0.1798 |    0.0070 |    0.0060 |    0.0350 |    0.0056 |    0.0406 |    0.0133 |
|           L3 miss ratio           |     0.1236 |    0.0943 |    0.1235 |    0.0682 |    0.0648 |    0.1015 |    0.0360 |    0.0091 |    0.0408 |    0.0111 |    0.0085 |    0.0090 |     0.2378 |    0.0714 |    0.0725 |    0.0663 |    0.0673 |    0.1046 |    0.0061 |    0.0052 |    0.0321 |    0.0049 |    0.0371 |    0.0118 |
|          L2 request rate          |     0.0469 |    0.0499 |    0.0501 |    0.0483 |    0.0476 |    0.0455 |    0.0570 |    0.0456 |    0.0451 |    0.0608 |    0.0485 |    0.0391 |     0.0464 |    0.0458 |    0.0483 |    0.0459 |    0.0461 |    0.0456 |    0.0416 |    0.0379 |    0.0539 |    0.0439 |    0.0357 |    0.0214 |
|            L2 miss rate           |     0.0062 |    0.0075 |    0.0073 |    0.0067 |    0.0064 |    0.0057 |    0.0170 |    0.0136 |    0.0135 |    0.0182 |    0.0145 |    0.0117 |     0.0060 |    0.0059 |    0.0068 |    0.0059 |    0.0060 |    0.0058 |    0.0125 |    0.0114 |    0.0162 |    0.0132 |    0.0107 |    0.0064 |
|           L2 miss ratio           |     0.1313 |    0.1505 |    0.1454 |    0.1397 |    0.1348 |    0.1245 |    0.2984 |    0.2984 |    0.2989 |    0.2987 |    0.2990 |    0.2989 |     0.1289 |    0.1284 |    0.1417 |    0.1292 |    0.1296 |    0.1268 |    0.2999 |    0.2998 |    0.3009 |    0.3005 |    0.3004 |    0.2994 |
|  Memory read bandwidth [MBytes/s] | 12725.1611 |         0 |         0 |         0 |         0 |         0 |         0 |         0 |         0 |         0 |         0 |         0 | 11562.3503 |         0 |         0 |         0 |         0 |         0 |         0 |         0 |         0 |         0 |         0 |         0 |
|  Memory read data volume [GBytes] |  1459.9555 |         0 |         0 |         0 |         0 |         0 |         0 |         0 |         0 |         0 |         0 |         0 |  1326.5464 |         0 |         0 |         0 |         0 |         0 |         0 |         0 |         0 |         0 |         0 |         0 |
| Memory write bandwidth [MBytes/s] |  5593.4685 |         0 |         0 |         0 |         0 |         0 |         0 |         0 |         0 |         0 |         0 |         0 |  4939.5577 |         0 |         0 |         0 |         0 |         0 |         0 |         0 |         0 |         0 |         0 |         0 |
| Memory write data volume [GBytes] |   641.7377 |         0 |         0 |         0 |         0 |         0 |         0 |         0 |         0 |         0 |         0 |         0 |   566.7146 |         0 |         0 |         0 |         0 |         0 |         0 |         0 |         0 |         0 |         0 |         0 |
|    Memory bandwidth [MBytes/s]    | 18318.6297 |         0 |         0 |         0 |         0 |         0 |         0 |         0 |         0 |         0 |         0 |         0 | 16501.9080 |         0 |         0 |         0 |         0 |         0 |         0 |         0 |         0 |         0 |         0 |         0 |
|    Memory data volume [GBytes]    |  2101.6932 |         0 |         0 |         0 |         0 |         0 |         0 |         0 |         0 |         0 |         0 |         0 |  1893.2610 |         0 |         0 |         0 |         0 |         0 |         0 |         0 |         0 |         0 |         0 |         0 |
|          Temperature [C]          |         41 |        41 |        40 |        42 |        40 |        40 |        42 |        42 |        44 |        44 |        42 |        42 |         41 |        44 |        43 |        44 |        46 |        45 |        47 |        47 |        42 |        45 |        44 |        44 |
|             Energy [J]            |  9449.0778 |         0 |         0 |         0 |         0 |         0 |         0 |         0 |         0 |         0 |         0 |         0 |  9474.0417 |         0 |         0 |         0 |         0 |         0 |         0 |         0 |         0 |         0 |         0 |         0 |
|             Power [W]             |    82.3594 |         0 |         0 |         0 |         0 |         0 |         0 |         0 |         0 |         0 |         0 |         0 |    82.5770 |         0 |         0 |         0 |         0 |         0 |         0 |         0 |         0 |         0 |         0 |         0 |
|           Energy PP0 [J]          |          0 |         0 |         0 |         0 |         0 |         0 |         0 |         0 |         0 |         0 |         0 |         0 |          0 |         0 |         0 |         0 |         0 |         0 |         0 |         0 |         0 |         0 |         0 |         0 |
|           Power PP0 [W]           |          0 |         0 |         0 |         0 |         0 |         0 |         0 |         0 |         0 |         0 |         0 |         0 |          0 |         0 |         0 |         0 |         0 |         0 |         0 |         0 |         0 |         0 |         0 |         0 |
|          Energy DRAM [J]          |  1281.5397 |         0 |         0 |         0 |         0 |         0 |         0 |         0 |         0 |         0 |         0 |         0 |  1266.0284 |         0 |         0 |         0 |         0 |         0 |         0 |         0 |         0 |         0 |         0 |         0 |
|           Power DRAM [W]          |    11.1701 |         0 |         0 |         0 |         0 |         0 |         0 |         0 |         0 |         0 |         0 |         0 |    11.0349 |         0 |         0 |         0 |         0 |         0 |         0 |         0 |         0 |         0 |         0 |         0 |
+-----------------------------------+------------+-----------+-----------+-----------+-----------+-----------+-----------+-----------+-----------+-----------+-----------+-----------+------------+-----------+-----------+-----------+-----------+-----------+-----------+-----------+-----------+-----------+-----------+-----------+
+----------------------------------------+------------+-----------+------------+-----------+
|                 Metric                 |     Sum    |    Min    |     Max    |    Avg    |
+----------------------------------------+------------+-----------+------------+-----------+
|        Runtime (RDTSC) [s] STAT        |  2753.5152 |  114.7298 |   114.7298 |  114.7298 |
|        Runtime unhalted [s] STAT       |  2559.1239 |  104.5737 |   113.5306 |  106.6302 |
|            Clock [MHz] STAT            | 55093.8649 | 2290.0222 |  2299.0590 | 2295.5777 |
|                CPI STAT                |    13.1233 |    0.4412 |     0.6955 |    0.5468 |
|   Local DRAM data volume [GByte] STAT  |  1504.4565 |   40.1009 |    94.5810 |   62.6857 |
|   Local DRAM bandwidth [MByte/s] STAT  | 13113.0365 |  349.5244 |   824.3801 |  546.3765 |
|  Remote DRAM data volume [GByte] STAT  |    76.8187 |    0.3480 |    10.5885 |    3.2008 |
|  Remote DRAM bandwidth [MByte/s] STAT  |   669.5634 |    3.0332 |    92.2906 |   27.8985 |
|     Memory data volume [GByte] STAT    |  1581.2750 |   40.5738 |    95.6273 |   65.8865 |
|     Memory bandwidth [MByte/s] STAT    | 13782.5996 |  353.6467 |   833.5000 |  574.2750 |
|          L3 request rate STAT          |    94.2732 |    2.8979 |     5.5239 |    3.9280 |
|            L3 miss rate STAT           |     2.1597 |    0.0056 |     0.3361 |    0.0900 |
|           L3 miss ratio STAT           |     1.4075 |    0.0049 |     0.2378 |    0.0586 |
|          L2 request rate STAT          |     1.0969 |    0.0214 |     0.0608 |    0.0457 |
|            L2 miss rate STAT           |     0.2351 |    0.0057 |     0.0182 |    0.0098 |
|           L2 miss ratio STAT           |     5.2040 |    0.1245 |     0.3009 |    0.2168 |
|  Memory read bandwidth [MBytes/s] STAT | 24287.5114 |         0 | 12725.1611 | 1011.9796 |
|  Memory read data volume [GBytes] STAT |  2786.5019 |         0 |  1459.9555 |  116.1042 |
| Memory write bandwidth [MBytes/s] STAT | 10533.0262 |         0 |  5593.4685 |  438.8761 |
| Memory write data volume [GBytes] STAT |  1208.4523 |         0 |   641.7377 |   50.3522 |
|    Memory bandwidth [MBytes/s] STAT    | 34820.5377 |         0 | 18318.6297 | 1450.8557 |
|    Memory data volume [GBytes] STAT    |  3994.9542 |         0 |  2101.6932 |  166.4564 |
|          Temperature [C] STAT          |       1032 |        40 |         47 |        43 |
|             Energy [J] STAT            | 18923.1195 |         0 |  9474.0417 |  788.4633 |
|             Power [W] STAT             |   164.9364 |         0 |    82.5770 |    6.8723 |
|           Energy PP0 [J] STAT          |          0 |         0 |          0 |         0 |
|           Power PP0 [W] STAT           |          0 |         0 |          0 |         0 |
|          Energy DRAM [J] STAT          |  2547.5681 |         0 |  1281.5397 |  106.1487 |
|           Power DRAM [W] STAT          |    22.2050 |         0 |    11.1701 |    0.9252 |
+----------------------------------------+------------+-----------+------------+-----------+
