--------------------------------------------------------------------------------
CPU name:	Intel(R) Xeon(R) CPU E5-2670 v3 @ 2.30GHz
CPU type:	Intel Xeon Haswell EN/EP/EX processor
CPU clock:	2.30 GHz
--------------------------------------------------------------------------------
Group 1: POWERPERF
+--------------------------------+---------+-------------+-------------+-------------+-------------+-------------+-------------+-------------+-------------+-------------+-------------+-------------+-------------+-------------+-------------+-------------+-------------+-------------+-------------+-------------+-------------+-------------+-------------+-------------+-------------+
|              Event             | Counter |    Core 0   |    Core 1   |    Core 2   |    Core 3   |    Core 4   |    Core 5   |    Core 6   |    Core 7   |    Core 8   |    Core 9   |   Core 10   |   Core 11   |   Core 12   |   Core 13   |   Core 14   |   Core 15   |   Core 16   |   Core 17   |   Core 18   |   Core 19   |   Core 20   |   Core 21   |   Core 22   |   Core 23   |
+--------------------------------+---------+-------------+-------------+-------------+-------------+-------------+-------------+-------------+-------------+-------------+-------------+-------------+-------------+-------------+-------------+-------------+-------------+-------------+-------------+-------------+-------------+-------------+-------------+-------------+-------------+
|        INSTR_RETIRED_ANY       |  FIXC0  | 67002098209 | 67004737875 | 67005264852 | 67004553840 | 66988823748 | 66992592227 | 67127775283 | 67108630848 | 67150698933 | 67116041433 | 67091871956 | 67168076043 | 66988752884 | 66987882996 | 66998813647 | 66989311750 | 66988520619 | 66988086526 | 67083052814 | 67064218438 | 67063452392 | 67148910955 | 67063484330 | 67116329980 |
|      CPU_CLK_UNHALTED_CORE     |  FIXC1  | 56898946726 | 56922022702 | 56929650175 | 56946153514 | 56928083055 | 56924427865 | 57061967631 | 57024403532 | 57077587341 | 57041070842 | 57025713010 | 57099809365 | 56919551802 | 56923943918 | 56926174422 | 56926383807 | 56911408485 | 56915618525 | 57008874541 | 56966449031 | 56968199253 | 57079195938 | 56998876910 | 57033373349 |
|      CPU_CLK_UNHALTED_REF      |  FIXC2  | 57016609276 | 57033802006 | 57068604180 | 57085220300 | 57045411854 | 57041656598 | 57061973648 | 57024415315 | 57079377863 | 57042768947 | 57027520315 | 57101671004 | 57036890906 | 57063872183 | 57042559923 | 57041766929 | 57025724613 | 57050749855 | 57010731465 | 56968397573 | 56970018268 | 57080933353 | 57000652474 | 57035049043 |
|           FIXC1/FIXC0          |   CPI   |           0 |           0 |           0 |           0 |           0 |           0 |           0 |           0 |           0 |           0 |           0 |           0 |           0 |           0 |           0 |           0 |           0 |           0 |           0 |           0 |           0 |           0 |           0 |           0 |
|  OFFCORE_RESPONSE_0_LOCAL_DRAM |   PMC0  |        4048 |        7197 |        9037 |       11680 |       28036 |       14306 |       39434 |        5865 |       11375 |       26495 |       26674 |       11472 |        5146 |        8010 |        7985 |        3945 |        4098 |        7604 |        2772 |        3021 |        4025 |        3336 |        5812 |        4124 |
| OFFCORE_RESPONSE_1_REMOTE_DRAM |   PMC1  |        3058 |         211 |         266 |         126 |         226 |         199 |         466 |        2269 |         199 |         145 |         156 |        1331 |        1047 |        1036 |       62588 |         860 |         418 |        2834 |        1843 |         865 |        4084 |        2126 |        3542 |        3887 |
|  MEM_LOAD_UOPS_RETIRED_L3_ALL  |   PMC2  |     2500454 |     2408348 |     2532528 |     2376128 |     2558853 |     2541507 |     2470103 |     2464002 |     2519351 |     2384421 |     2439579 |     2458076 |     2563676 |     2573068 |     2620297 |     2613089 |     2570627 |     2565804 |     2457371 |     2571185 |     2469060 |     2497818 |     2513766 |     2627477 |
|  MEM_LOAD_UOPS_RETIRED_L3_MISS |   PMC3  |        8951 |        2905 |        2685 |        2650 |        2495 |        2508 |        6525 |        4276 |        2955 |        2664 |        2563 |        3546 |        3085 |        2957 |        2641 |        1996 |        1935 |        2593 |        2198 |        2438 |        3171 |        2196 |        2955 |        1794 |
|      L2_TRANS_ALL_REQUESTS     |   PMC4  |   735528636 |   733563961 |   733305083 |   731818086 |   733381890 |   733550972 |   735091032 |   736013823 |   735511789 |   734389486 |   734947618 |   735722113 |   733448981 |   733173456 |   735090051 |   734352278 |   734671652 |   733487341 |   734745570 |   734227691 |   734806500 |   735264104 |   734218221 |   735588265 |
|          L2_RQSTS_MISS         |   PMC5  |   183931434 |   183664464 |   183981372 |   183678488 |   183935550 |   183726027 |   184100785 |   184139964 |   184263013 |   184101362 |   184063933 |   184270007 |   183736003 |   183749713 |   184263413 |   184223925 |   184101376 |   183829160 |   184142781 |   184022869 |   183921244 |   184314822 |   184029591 |   184453082 |
|        UOPS_RETIRED_ALL        |   PMC6  | 78736052548 | 78738830946 | 78739700351 | 78738711977 | 78720041598 | 78724601116 | 78883940250 | 78861219625 | 78910638466 | 78869914783 | 78841444533 | 78931355275 | 78719265614 | 78716942166 | 78732210986 | 78719137913 | 78717736780 | 78716885505 | 78830182730 | 78808237530 | 78807377409 | 78907111425 | 78806402072 | 78866250183 |
|            TEMP_CORE           |   TMP0  |          35 |          36 |          39 |          38 |          36 |          36 |          41 |          40 |          42 |          41 |          39 |          39 |          40 |          40 |          41 |          44 |          43 |          41 |          42 |          44 |          40 |          42 |          40 |          41 |
|         PWR_PKG_ENERGY         |   PWR0  |   1838.5219 |           0 |           0 |           0 |           0 |           0 |           0 |           0 |           0 |           0 |           0 |           0 |   1861.1573 |           0 |           0 |           0 |           0 |           0 |           0 |           0 |           0 |           0 |           0 |           0 |
|         PWR_PP0_ENERGY         |   PWR1  |           0 |           0 |           0 |           0 |           0 |           0 |           0 |           0 |           0 |           0 |           0 |           0 |           0 |           0 |           0 |           0 |           0 |           0 |           0 |           0 |           0 |           0 |           0 |           0 |
|         PWR_DRAM_ENERGY        |   PWR3  |    105.7144 |           0 |           0 |           0 |           0 |           0 |           0 |           0 |           0 |           0 |           0 |           0 |    112.4215 |           0 |           0 |           0 |           0 |           0 |           0 |           0 |           0 |           0 |           0 |           0 |
|          CAS_COUNT_RD          | MBOX0C0 |      840792 |           0 |           0 |           0 |           0 |           0 |           0 |           0 |           0 |           0 |           0 |           0 |     4285520 |           0 |           0 |           0 |           0 |           0 |           0 |           0 |           0 |           0 |           0 |           0 |
|          CAS_COUNT_WR          | MBOX0C1 |      264305 |           0 |           0 |           0 |           0 |           0 |           0 |           0 |           0 |           0 |           0 |           0 |     2378088 |           0 |           0 |           0 |           0 |           0 |           0 |           0 |           0 |           0 |           0 |           0 |
|          CAS_COUNT_RD          | MBOX1C0 |     1922912 |           0 |           0 |           0 |           0 |           0 |           0 |           0 |           0 |           0 |           0 |           0 |      277188 |           0 |           0 |           0 |           0 |           0 |           0 |           0 |           0 |           0 |           0 |           0 |
|          CAS_COUNT_WR          | MBOX1C1 |     1540324 |           0 |           0 |           0 |           0 |           0 |           0 |           0 |           0 |           0 |           0 |           0 |       62602 |           0 |           0 |           0 |           0 |           0 |           0 |           0 |           0 |           0 |           0 |           0 |
|          CAS_COUNT_RD          | MBOX2C0 |           0 |           0 |           0 |           0 |           0 |           0 |           0 |           0 |           0 |           0 |           0 |           0 |           0 |           0 |           0 |           0 |           0 |           0 |           0 |           0 |           0 |           0 |           0 |           0 |
|          CAS_COUNT_WR          | MBOX2C1 |           0 |           0 |           0 |           0 |           0 |           0 |           0 |           0 |           0 |           0 |           0 |           0 |           0 |           0 |           0 |           0 |           0 |           0 |           0 |           0 |           0 |           0 |           0 |           0 |
|          CAS_COUNT_RD          | MBOX3C0 |           0 |           0 |           0 |           0 |           0 |           0 |           0 |           0 |           0 |           0 |           0 |           0 |           0 |           0 |           0 |           0 |           0 |           0 |           0 |           0 |           0 |           0 |           0 |           0 |
|          CAS_COUNT_WR          | MBOX3C1 |           0 |           0 |           0 |           0 |           0 |           0 |           0 |           0 |           0 |           0 |           0 |           0 |           0 |           0 |           0 |           0 |           0 |           0 |           0 |           0 |           0 |           0 |           0 |           0 |
|          CAS_COUNT_RD          | MBOX4C0 |      950992 |           0 |           0 |           0 |           0 |           0 |           0 |           0 |           0 |           0 |           0 |           0 |     1508391 |           0 |           0 |           0 |           0 |           0 |           0 |           0 |           0 |           0 |           0 |           0 |
|          CAS_COUNT_WR          | MBOX4C1 |      281761 |           0 |           0 |           0 |           0 |           0 |           0 |           0 |           0 |           0 |           0 |           0 |     1369939 |           0 |           0 |           0 |           0 |           0 |           0 |           0 |           0 |           0 |           0 |           0 |
|          CAS_COUNT_RD          | MBOX5C0 |     2108360 |           0 |           0 |           0 |           0 |           0 |           0 |           0 |           0 |           0 |           0 |           0 |      310315 |           0 |           0 |           0 |           0 |           0 |           0 |           0 |           0 |           0 |           0 |           0 |
|          CAS_COUNT_WR          | MBOX5C1 |     1616044 |           0 |           0 |           0 |           0 |           0 |           0 |           0 |           0 |           0 |           0 |           0 |       59793 |           0 |           0 |           0 |           0 |           0 |           0 |           0 |           0 |           0 |           0 |           0 |
|          CAS_COUNT_RD          | MBOX6C0 |           0 |           0 |           0 |           0 |           0 |           0 |           0 |           0 |           0 |           0 |           0 |           0 |           0 |           0 |           0 |           0 |           0 |           0 |           0 |           0 |           0 |           0 |           0 |           0 |
|          CAS_COUNT_WR          | MBOX6C1 |           0 |           0 |           0 |           0 |           0 |           0 |           0 |           0 |           0 |           0 |           0 |           0 |           0 |           0 |           0 |           0 |           0 |           0 |           0 |           0 |           0 |           0 |           0 |           0 |
|          CAS_COUNT_RD          | MBOX7C0 |           0 |           0 |           0 |           0 |           0 |           0 |           0 |           0 |           0 |           0 |           0 |           0 |           0 |           0 |           0 |           0 |           0 |           0 |           0 |           0 |           0 |           0 |           0 |           0 |
|          CAS_COUNT_WR          | MBOX7C1 |           0 |           0 |           0 |           0 |           0 |           0 |           0 |           0 |           0 |           0 |           0 |           0 |           0 |           0 |           0 |           0 |           0 |           0 |           0 |           0 |           0 |           0 |           0 |           0 |
+--------------------------------+---------+-------------+-------------+-------------+-------------+-------------+-------------+-------------+-------------+-------------+-------------+-------------+-------------+-------------+-------------+-------------+-------------+-------------+-------------+-------------+-------------+-------------+-------------+-------------+-------------+
+-------------------------------------+---------+---------------+-------------+-------------+--------------+
|                Event                | Counter |      Sum      |     Min     |     Max     |      Avg     |
+-------------------------------------+---------+---------------+-------------+-------------+--------------+
|        INSTR_RETIRED_ANY STAT       |  FIXC0  | 1609241982578 | 66987882996 | 67168076043 | 6.705175e+10 |
|      CPU_CLK_UNHALTED_CORE STAT     |  FIXC1  | 1367457885739 | 56898946726 | 57099809365 | 5.697741e+10 |
|      CPU_CLK_UNHALTED_REF STAT      |  FIXC2  | 1368956377891 | 56968397573 | 57101671004 | 5.703985e+10 |
|           FIXC1/FIXC0 STAT          |   CPI   |             0 |           0 |           0 |            0 |
|  OFFCORE_RESPONSE_0_LOCAL_DRAM STAT |   PMC0  |        255497 |        2772 |       39434 |   10645.7083 |
| OFFCORE_RESPONSE_1_REMOTE_DRAM STAT |   PMC1  |         93782 |         126 |       62588 |    3907.5833 |
|  MEM_LOAD_UOPS_RETIRED_L3_ALL STAT  |   PMC2  |      60296588 |     2376128 |     2627477 | 2.512358e+06 |
|  MEM_LOAD_UOPS_RETIRED_L3_MISS STAT |   PMC3  |         74682 |        1794 |        8951 |    3111.7500 |
|      L2_TRANS_ALL_REQUESTS STAT     |   PMC4  |   17625898599 |   731818086 |   736013823 | 7.344124e+08 |
|          L2_RQSTS_MISS STAT         |   PMC5  |    4416644378 |   183664464 |   184453082 | 1.840268e+08 |
|        UOPS_RETIRED_ALL STAT        |   PMC6  | 1891044191781 | 78716885505 | 78931355275 | 7.879351e+10 |
|            TEMP_CORE STAT           |   TMP0  |           960 |          35 |          44 |           40 |
|         PWR_PKG_ENERGY STAT         |   PWR0  |     3699.6792 |           0 |   1861.1573 |     154.1533 |
|         PWR_PP0_ENERGY STAT         |   PWR1  |             0 |           0 |           0 |            0 |
|         PWR_DRAM_ENERGY STAT        |   PWR3  |      218.1359 |           0 |    112.4215 |       9.0890 |
|          CAS_COUNT_RD STAT          | MBOX0C0 |       5126312 |           0 |     4285520 |  213596.3333 |
|          CAS_COUNT_WR STAT          | MBOX0C1 |       2642393 |           0 |     2378088 |  110099.7083 |
|          CAS_COUNT_RD STAT          | MBOX1C0 |       2200100 |           0 |     1922912 |   91670.8333 |
|          CAS_COUNT_WR STAT          | MBOX1C1 |       1602926 |           0 |     1540324 |   66788.5833 |
|          CAS_COUNT_RD STAT          | MBOX2C0 |             0 |           0 |           0 |            0 |
|          CAS_COUNT_WR STAT          | MBOX2C1 |             0 |           0 |           0 |            0 |
|          CAS_COUNT_RD STAT          | MBOX3C0 |             0 |           0 |           0 |            0 |
|          CAS_COUNT_WR STAT          | MBOX3C1 |             0 |           0 |           0 |            0 |
|          CAS_COUNT_RD STAT          | MBOX4C0 |       2459383 |           0 |     1508391 |  102474.2917 |
|          CAS_COUNT_WR STAT          | MBOX4C1 |       1651700 |           0 |     1369939 |   68820.8333 |
|          CAS_COUNT_RD STAT          | MBOX5C0 |       2418675 |           0 |     2108360 |  100778.1250 |
|          CAS_COUNT_WR STAT          | MBOX5C1 |       1675837 |           0 |     1616044 |   69826.5417 |
|          CAS_COUNT_RD STAT          | MBOX6C0 |             0 |           0 |           0 |            0 |
|          CAS_COUNT_WR STAT          | MBOX6C1 |             0 |           0 |           0 |            0 |
|          CAS_COUNT_RD STAT          | MBOX7C0 |             0 |           0 |           0 |            0 |
|          CAS_COUNT_WR STAT          | MBOX7C1 |             0 |           0 |           0 |            0 |
+-------------------------------------+---------+---------------+-------------+-------------+--------------+
+-----------------------------------+-----------+--------------+--------------+--------------+--------------+--------------+--------------+-----------+--------------+--------------+--------------+-----------+-----------+-----------+-----------+-----------+--------------+-----------+-----------+-----------+-----------+-----------+-----------+-----------+
|               Metric              |   Core 0  |    Core 1    |    Core 2    |    Core 3    |    Core 4    |    Core 5    |    Core 6    |   Core 7  |    Core 8    |    Core 9    |    Core 10   |  Core 11  |  Core 12  |  Core 13  |  Core 14  |  Core 15  |    Core 16   |  Core 17  |  Core 18  |  Core 19  |  Core 20  |  Core 21  |  Core 22  |  Core 23  |
+-----------------------------------+-----------+--------------+--------------+--------------+--------------+--------------+--------------+-----------+--------------+--------------+--------------+-----------+-----------+-----------+-----------+-----------+--------------+-----------+-----------+-----------+-----------+-----------+-----------+-----------+
|        Runtime (RDTSC) [s]        |   25.0600 |      25.0600 |      25.0600 |      25.0600 |      25.0600 |      25.0600 |      25.0600 |   25.0600 |      25.0600 |      25.0600 |      25.0600 |   25.0600 |   25.0600 |   25.0600 |   25.0600 |   25.0600 |      25.0600 |   25.0600 |   25.0600 |   25.0600 |   25.0600 |   25.0600 |   25.0600 |   25.0600 |
|        Runtime unhalted [s]       |   24.7387 |      24.7487 |      24.7521 |      24.7592 |      24.7514 |      24.7498 |      24.8096 |   24.7933 |      24.8164 |      24.8005 |      24.7938 |   24.8260 |   24.7477 |   24.7496 |   24.7505 |   24.7506 |      24.7441 |   24.7460 |   24.7865 |   24.7681 |   24.7688 |   24.8171 |   24.7822 |   24.7972 |
|            Clock [MHz]            | 2295.2507 |    2295.4893 |    2294.3969 |    2294.3940 |    2295.2665 |    2295.2702 |    2299.9968 | 2299.9966 |    2299.9249 |    2299.9286 |    2299.9242 | 2299.9221 | 2295.2654 | 2294.3572 | 2295.3043 | 2295.3447 |    2295.3864 | 2294.5492 | 2299.9221 | 2299.9184 | 2299.9236 | 2299.9271 | 2299.9254 | 2299.9295 |
|                CPI                |    0.8492 |       0.8495 |       0.8496 |       0.8499 |       0.8498 |       0.8497 |       0.8501 |    0.8497 |       0.8500 |       0.8499 |       0.8500 |    0.8501 |    0.8497 |    0.8498 |    0.8497 |    0.8498 |       0.8496 |    0.8496 |    0.8498 |    0.8494 |    0.8495 |    0.8500 |    0.8499 |    0.8498 |
|   Local DRAM data volume [GByte]  |    0.0003 |       0.0005 |       0.0006 |       0.0007 |       0.0018 |       0.0009 |       0.0025 |    0.0004 |       0.0007 |       0.0017 |       0.0017 |    0.0007 |    0.0003 |    0.0005 |    0.0005 |    0.0003 |       0.0003 |    0.0005 |    0.0002 |    0.0002 |    0.0003 |    0.0002 |    0.0004 |    0.0003 |
|   Local DRAM bandwidth [MByte/s]  |    0.0103 |       0.0184 |       0.0231 |       0.0298 |       0.0716 |       0.0365 |       0.1007 |    0.0150 |       0.0291 |       0.0677 |       0.0681 |    0.0293 |    0.0131 |    0.0205 |    0.0204 |    0.0101 |       0.0105 |    0.0194 |    0.0071 |    0.0077 |    0.0103 |    0.0085 |    0.0148 |    0.0105 |
|  Remote DRAM data volume [GByte]  |    0.0002 | 1.350400e-05 | 1.702400e-05 | 8.064000e-06 | 1.446400e-05 | 1.273600e-05 | 2.982400e-05 |    0.0001 | 1.273600e-05 | 9.280000e-06 | 9.984000e-06 |    0.0001 |    0.0001 |    0.0001 |    0.0040 |    0.0001 | 2.675200e-05 |    0.0002 |    0.0001 |    0.0001 |    0.0003 |    0.0001 |    0.0002 |    0.0002 |
|  Remote DRAM bandwidth [MByte/s]  |    0.0078 |       0.0005 |       0.0007 |       0.0003 |       0.0006 |       0.0005 |       0.0012 |    0.0058 |       0.0005 |       0.0004 |       0.0004 |    0.0034 |    0.0027 |    0.0026 |    0.1598 |    0.0022 |       0.0011 |    0.0072 |    0.0047 |    0.0022 |    0.0104 |    0.0054 |    0.0090 |    0.0099 |
|     Memory data volume [GByte]    |    0.0005 |       0.0005 |       0.0006 |       0.0008 |       0.0018 |       0.0009 |       0.0026 |    0.0005 |       0.0007 |       0.0017 |       0.0017 |    0.0008 |    0.0004 |    0.0006 |    0.0045 |    0.0003 |       0.0003 |    0.0007 |    0.0003 |    0.0002 |    0.0005 |    0.0003 |    0.0006 |    0.0005 |
|     Memory bandwidth [MByte/s]    |    0.0181 |       0.0189 |       0.0238 |       0.0302 |       0.0722 |       0.0370 |       0.1019 |    0.0208 |       0.0296 |       0.0680 |       0.0685 |    0.0327 |    0.0158 |    0.0231 |    0.1802 |    0.0123 |       0.0115 |    0.0267 |    0.0118 |    0.0099 |    0.0207 |    0.0139 |    0.0239 |    0.0205 |
|          L3 request rate          |  279.3491 |     829.0355 |     943.2134 |     896.6521 |    1025.5924 |    1013.3600 |     378.5598 |  576.2399 |     852.5723 |     895.0529 |     951.8451 |  693.1968 |  831.0133 |  870.1617 |  992.1609 | 1309.1628 |    1328.4894 |  989.5118 | 1118.0032 | 1054.6288 |  778.6377 | 1137.4399 |  850.6822 | 1464.5914 |
|            L3 miss rate           |    0.0012 |       0.0001 |       0.0001 |       0.0001 |       0.0001 |       0.0001 |       0.0002 |    0.0009 |       0.0001 |       0.0001 |       0.0001 |    0.0005 |    0.0004 |    0.0004 |    0.0239 |    0.0003 |       0.0002 |    0.0011 |    0.0007 |    0.0003 |    0.0017 |    0.0009 |    0.0014 |    0.0015 |
|           L3 miss ratio           |    0.7554 |       0.0293 |       0.0294 |       0.0108 |       0.0081 |       0.0139 |       0.0118 |    0.3869 |       0.0175 |       0.0055 |       0.0058 |    0.1160 |    0.2035 |    0.1293 |    7.8382 |    0.2180 |       0.1020 |    0.3727 |    0.6649 |    0.2863 |    1.0147 |    0.6373 |    0.6094 |    0.9425 |
|          L2 request rate          |    0.0110 |       0.0109 |       0.0109 |       0.0109 |       0.0109 |       0.0109 |       0.0110 |    0.0110 |       0.0110 |       0.0109 |       0.0110 |    0.0110 |    0.0109 |    0.0109 |    0.0110 |    0.0110 |       0.0110 |    0.0109 |    0.0110 |    0.0109 |    0.0110 |    0.0109 |    0.0109 |    0.0110 |
|            L2 miss rate           |    0.0027 |       0.0027 |       0.0027 |       0.0027 |       0.0027 |       0.0027 |       0.0027 |    0.0027 |       0.0027 |       0.0027 |       0.0027 |    0.0027 |    0.0027 |    0.0027 |    0.0028 |    0.0028 |       0.0027 |    0.0027 |    0.0027 |    0.0027 |    0.0027 |    0.0027 |    0.0027 |    0.0027 |
|           L2 miss ratio           |    0.2501 |       0.2504 |       0.2509 |       0.2510 |       0.2508 |       0.2505 |       0.2504 |    0.2502 |       0.2505 |       0.2507 |       0.2504 |    0.2505 |    0.2505 |    0.2506 |    0.2507 |    0.2509 |       0.2506 |    0.2506 |    0.2506 |    0.2506 |    0.2503 |    0.2507 |    0.2506 |    0.2508 |
|  Memory read bandwidth [MBytes/s] |   14.8713 |            0 |            0 |            0 |            0 |            0 |            0 |         0 |            0 |            0 |            0 |         0 |   16.2973 |         0 |         0 |         0 |            0 |         0 |         0 |         0 |         0 |         0 |         0 |         0 |
|  Memory read data volume [GBytes] |    0.3727 |            0 |            0 |            0 |            0 |            0 |            0 |         0 |            0 |            0 |            0 |         0 |    0.4084 |         0 |         0 |         0 |            0 |         0 |         0 |         0 |         0 |         0 |         0 |         0 |
| Memory write bandwidth [MBytes/s] |    9.4555 |            0 |            0 |            0 |            0 |            0 |            0 |         0 |            0 |            0 |            0 |         0 |    9.8845 |         0 |         0 |         0 |            0 |         0 |         0 |         0 |         0 |         0 |         0 |         0 |
| Memory write data volume [GBytes] |    0.2370 |            0 |            0 |            0 |            0 |            0 |            0 |         0 |            0 |            0 |            0 |         0 |    0.2477 |         0 |         0 |         0 |            0 |         0 |         0 |         0 |         0 |         0 |         0 |         0 |
|    Memory bandwidth [MBytes/s]    |   24.3268 |            0 |            0 |            0 |            0 |            0 |            0 |         0 |            0 |            0 |            0 |         0 |   26.1818 |         0 |         0 |         0 |            0 |         0 |         0 |         0 |         0 |         0 |         0 |         0 |
|    Memory data volume [GBytes]    |    0.6096 |            0 |            0 |            0 |            0 |            0 |            0 |         0 |            0 |            0 |            0 |         0 |    0.6561 |         0 |         0 |         0 |            0 |         0 |         0 |         0 |         0 |         0 |         0 |         0 |
|          Temperature [C]          |        35 |           36 |           39 |           38 |           36 |           36 |           41 |        40 |           42 |           41 |           39 |        39 |        40 |        40 |        41 |        44 |           43 |        41 |        42 |        44 |        40 |        42 |        40 |        41 |
|             Energy [J]            | 1838.5219 |            0 |            0 |            0 |            0 |            0 |            0 |         0 |            0 |            0 |            0 |         0 | 1861.1573 |         0 |         0 |         0 |            0 |         0 |         0 |         0 |         0 |         0 |         0 |         0 |
|             Power [W]             |   73.3647 |            0 |            0 |            0 |            0 |            0 |            0 |         0 |            0 |            0 |            0 |         0 |   74.2679 |         0 |         0 |         0 |            0 |         0 |         0 |         0 |         0 |         0 |         0 |         0 |
|           Energy PP0 [J]          |         0 |            0 |            0 |            0 |            0 |            0 |            0 |         0 |            0 |            0 |            0 |         0 |         0 |         0 |         0 |         0 |            0 |         0 |         0 |         0 |         0 |         0 |         0 |         0 |
|           Power PP0 [W]           |         0 |            0 |            0 |            0 |            0 |            0 |            0 |         0 |            0 |            0 |            0 |         0 |         0 |         0 |         0 |         0 |            0 |         0 |         0 |         0 |         0 |         0 |         0 |         0 |
|          Energy DRAM [J]          |  105.7144 |            0 |            0 |            0 |            0 |            0 |            0 |         0 |            0 |            0 |            0 |         0 |  112.4215 |         0 |         0 |         0 |            0 |         0 |         0 |         0 |         0 |         0 |         0 |         0 |
|           Power DRAM [W]          |    4.2184 |            0 |            0 |            0 |            0 |            0 |            0 |         0 |            0 |            0 |            0 |         0 |    4.4861 |         0 |         0 |         0 |            0 |         0 |         0 |         0 |         0 |         0 |         0 |         0 |
+-----------------------------------+-----------+--------------+--------------+--------------+--------------+--------------+--------------+-----------+--------------+--------------+--------------+-----------+-----------+-----------+-----------+-----------+--------------+-----------+-----------+-----------+-----------+-----------+-----------+-----------+
+----------------------------------------+------------+--------------+-----------+-----------+
|                 Metric                 |     Sum    |      Min     |    Max    |    Avg    |
+----------------------------------------+------------+--------------+-----------+-----------+
|        Runtime (RDTSC) [s] STAT        |   601.4400 |      25.0600 |   25.0600 |   25.0600 |
|        Runtime unhalted [s] STAT       |   594.5479 |      24.7387 |   24.8260 |   24.7728 |
|            Clock [MHz] STAT            | 55139.5141 |    2294.3572 | 2299.9968 | 2297.4798 |
|                CPI STAT                |    20.3941 |       0.8492 |    0.8501 |    0.8498 |
|   Local DRAM data volume [GByte] STAT  |     0.0165 |       0.0002 |    0.0025 |    0.0007 |
|   Local DRAM bandwidth [MByte/s] STAT  |     0.6525 |       0.0071 |    0.1007 |    0.0272 |
|  Remote DRAM data volume [GByte] STAT  |     0.0061 | 8.064000e-06 |    0.0040 |    0.0003 |
|  Remote DRAM bandwidth [MByte/s] STAT  |     0.2393 |       0.0003 |    0.1598 |    0.0100 |
|     Memory data volume [GByte] STAT    |     0.0223 |       0.0002 |    0.0045 |    0.0009 |
|     Memory bandwidth [MByte/s] STAT    |     0.8920 |       0.0099 |    0.1802 |    0.0372 |
|          L3 request rate STAT          | 22059.1524 |     279.3491 | 1464.5914 |  919.1314 |
|            L3 miss rate STAT           |     0.0364 |       0.0001 |    0.0239 |    0.0015 |
|           L3 miss ratio STAT           |    14.4092 |       0.0055 |    7.8382 |    0.6004 |
|          L2 request rate STAT          |     0.2628 |       0.0109 |    0.0110 |    0.0110 |
|            L2 miss rate STAT           |     0.0650 |       0.0027 |    0.0028 |    0.0027 |
|           L2 miss ratio STAT           |     6.0139 |       0.2501 |    0.2510 |    0.2506 |
|  Memory read bandwidth [MBytes/s] STAT |    31.1686 |            0 |   16.2973 |    1.2987 |
|  Memory read data volume [GBytes] STAT |     0.7811 |            0 |    0.4084 |    0.0325 |
| Memory write bandwidth [MBytes/s] STAT |    19.3400 |            0 |    9.8845 |    0.8058 |
| Memory write data volume [GBytes] STAT |     0.4847 |            0 |    0.2477 |    0.0202 |
|    Memory bandwidth [MBytes/s] STAT    |    50.5086 |            0 |   26.1818 |    2.1045 |
|    Memory data volume [GBytes] STAT    |     1.2657 |            0 |    0.6561 |    0.0527 |
|          Temperature [C] STAT          |        960 |           35 |        44 |        40 |
|             Energy [J] STAT            |  3699.6792 |            0 | 1861.1573 |  154.1533 |
|             Power [W] STAT             |   147.6326 |            0 |   74.2679 |    6.1514 |
|           Energy PP0 [J] STAT          |          0 |            0 |         0 |         0 |
|           Power PP0 [W] STAT           |          0 |            0 |         0 |         0 |
|          Energy DRAM [J] STAT          |   218.1359 |            0 |  112.4215 |    9.0890 |
|           Power DRAM [W] STAT          |     8.7045 |            0 |    4.4861 |    0.3627 |
+----------------------------------------+------------+--------------+-----------+-----------+
