--------------------------------------------------------------------------------
CPU name:	Intel(R) Xeon(R) CPU E5-2670 v3 @ 2.30GHz
CPU type:	Intel Xeon Haswell EN/EP/EX processor
CPU clock:	2.30 GHz
--------------------------------------------------------------------------------
Group 1: POWERPERF
+--------------------------------+---------+-------------+-------------+-------------+-------------+-------------+-------------+-------------+-------------+-------------+-------------+-------------+-------------+-------------+-------------+-------------+-------------+-------------+-------------+-------------+-------------+-------------+-------------+-------------+-------------+
|              Event             | Counter |    Core 0   |    Core 1   |    Core 2   |    Core 3   |    Core 4   |    Core 5   |    Core 6   |    Core 7   |    Core 8   |    Core 9   |   Core 10   |   Core 11   |   Core 12   |   Core 13   |   Core 14   |   Core 15   |   Core 16   |   Core 17   |   Core 18   |   Core 19   |   Core 20   |   Core 21   |   Core 22   |   Core 23   |
+--------------------------------+---------+-------------+-------------+-------------+-------------+-------------+-------------+-------------+-------------+-------------+-------------+-------------+-------------+-------------+-------------+-------------+-------------+-------------+-------------+-------------+-------------+-------------+-------------+-------------+-------------+
|        INSTR_RETIRED_ANY       |  FIXC0  | 66999609929 | 67004829471 | 67004700145 | 67004617345 | 66988844658 | 66992634416 | 81797089541 | 39641120201 | 39499829846 | 39515602507 | 39289873341 | 38543412877 | 66990455870 | 66989548191 | 66989614503 | 66988785502 | 66988611168 | 66988001835 | 38784159896 | 39203498098 | 39123704470 | 39103802524 | 38929091785 | 43567493021 |
|      CPU_CLK_UNHALTED_CORE     |  FIXC1  | 59856869011 | 57527232102 | 57519395159 | 57500183529 | 57483158322 | 57490452216 | 59858679358 | 46391037866 | 46403942702 | 46447989581 | 46439903033 | 46439377410 | 57534535567 | 57528594309 | 57545993940 | 57548061521 | 57546895195 | 57554649956 | 46337827838 | 46322297648 | 46324875515 | 46320088208 | 46330031541 | 46379261161 |
|      CPU_CLK_UNHALTED_REF      |  FIXC2  | 59977956543 | 57646490450 | 57661776756 | 57619076198 | 57603841343 | 57611137748 | 59858711249 | 46493818671 | 46504843629 | 46518335567 | 46510098324 | 46509984405 | 57655119291 | 57649148238 | 57666712809 | 57666773736 | 57664596441 | 57671283415 | 46409492207 | 46412874725 | 46426649770 | 46420291236 | 46420516015 | 46405280769 |
|           FIXC1/FIXC0          |   CPI   |           0 |           0 |           0 |           0 |           0 |           0 |           0 |           0 |           0 |           0 |           0 |           0 |           0 |           0 |           0 |           0 |           0 |           0 |           0 |           0 |           0 |           0 |           0 |           0 |
|  OFFCORE_RESPONSE_0_LOCAL_DRAM |   PMC0  |    81876142 |    79857797 |    79926224 |    81219011 |    80629826 |    78491709 |   880446968 |   893718655 |   893535981 |   893542380 |   893360227 |   768441433 |    84903497 |    85823845 |    85326927 |    85374124 |    85452915 |    86543448 |   830438431 |   880832109 |   880814255 |   880977917 |   880851456 |   857219754 |
| OFFCORE_RESPONSE_1_REMOTE_DRAM |   PMC1  |      153898 |       53782 |       69888 |       54648 |       50778 |       58548 |       67384 |       13753 |       11796 |        8501 |       10619 |   124883862 |       23223 |       16186 |       17050 |       18321 |       21123 |       18268 |    62993618 |    12523246 |    12512095 |    12524062 |    12516988 |    20778415 |
|  MEM_LOAD_UOPS_RETIRED_L3_ALL  |   PMC2  |     2585439 |     2562198 |     2384336 |     2311925 |     2388978 |     2453942 |   241576243 |   256042741 |   257972788 |   259327849 |   259361751 |   261648587 |     2437475 |     2455514 |     2473008 |     2426575 |     2484013 |     2522918 |   257157378 |   258300580 |   258562924 |   259897817 |   259171664 |   236431895 |
|  MEM_LOAD_UOPS_RETIRED_L3_MISS |   PMC3  |      754308 |      658563 |      664923 |      647893 |      654533 |      667040 |    94063866 |   100321923 |   102316816 |   102931752 |   102591859 |   105428597 |      705621 |      711334 |      731598 |      716385 |      712073 |      746895 |   100469165 |   101635944 |   102373478 |   102711715 |   102430079 |    94484892 |
|      L2_TRANS_ALL_REQUESTS     |   PMC4  |   792362182 |   791483709 |   788965552 |   790214552 |   790814457 |   790287731 |  5246952949 |  5282324269 |  5259514512 |  5280157938 |  5282902071 |  5233693637 |   795440521 |   796103791 |   795175887 |   795957827 |   795376819 |   798368002 |  5278727503 |  5294350364 |  5266635884 |  5292511419 |  5277054979 |  5252191916 |
|          L2_RQSTS_MISS         |   PMC5  |   197373050 |   197940471 |   196541581 |   197570215 |   196770686 |   196547566 |  1271399097 |  1277381351 |  1279402261 |  1273230564 |  1273826649 |  1279178894 |   197846028 |   198003025 |   197949849 |   198062081 |   197370872 |   197539506 |  1280084526 |  1271392749 |  1278533454 |  1272341036 |  1277648420 |  1267311879 |
|        UOPS_RETIRED_ALL        |   PMC6  | 78795409651 | 78799838296 | 78800049031 | 78799700658 | 78780474306 | 78784740088 | 90830215330 | 41194863005 | 40880654525 | 40946000780 | 40500705800 | 38975550661 | 78786632756 | 78786305985 | 78786561942 | 78785757552 | 78784728451 | 78788712131 | 39493249716 | 40330493707 | 40136247101 | 40129589172 | 39779949611 | 44619401852 |
|            TEMP_CORE           |   TMP0  |          38 |          34 |          35 |          34 |          35 |          35 |          38 |          37 |          41 |          38 |          37 |          38 |          38 |          36 |          37 |          41 |          42 |          40 |          41 |          42 |          40 |          42 |          40 |          42 |
|         PWR_PKG_ENERGY         |   PWR0  |   1880.3414 |           0 |           0 |           0 |           0 |           0 |           0 |           0 |           0 |           0 |           0 |           0 |   1903.8571 |           0 |           0 |           0 |           0 |           0 |           0 |           0 |           0 |           0 |           0 |           0 |
|         PWR_PP0_ENERGY         |   PWR1  |           0 |           0 |           0 |           0 |           0 |           0 |           0 |           0 |           0 |           0 |           0 |           0 |           0 |           0 |           0 |           0 |           0 |           0 |           0 |           0 |           0 |           0 |           0 |           0 |
|         PWR_DRAM_ENERGY        |   PWR3  |    314.9867 |           0 |           0 |           0 |           0 |           0 |           0 |           0 |           0 |           0 |           0 |           0 |    324.6003 |           0 |           0 |           0 |           0 |           0 |           0 |           0 |           0 |           0 |           0 |           0 |
|          CAS_COUNT_RD          | MBOX0C0 |  1486049614 |           0 |           0 |           0 |           0 |           0 |           0 |           0 |           0 |           0 |           0 |           0 |  1487922872 |           0 |           0 |           0 |           0 |           0 |           0 |           0 |           0 |           0 |           0 |           0 |
|          CAS_COUNT_WR          | MBOX0C1 |   542292237 |           0 |           0 |           0 |           0 |           0 |           0 |           0 |           0 |           0 |           0 |           0 |   560380851 |           0 |           0 |           0 |           0 |           0 |           0 |           0 |           0 |           0 |           0 |           0 |
|          CAS_COUNT_RD          | MBOX1C0 |  1484645212 |           0 |           0 |           0 |           0 |           0 |           0 |           0 |           0 |           0 |           0 |           0 |  1487661725 |           0 |           0 |           0 |           0 |           0 |           0 |           0 |           0 |           0 |           0 |           0 |
|          CAS_COUNT_WR          | MBOX1C1 |   540905495 |           0 |           0 |           0 |           0 |           0 |           0 |           0 |           0 |           0 |           0 |           0 |   561068412 |           0 |           0 |           0 |           0 |           0 |           0 |           0 |           0 |           0 |           0 |           0 |
|          CAS_COUNT_RD          | MBOX2C0 |           0 |           0 |           0 |           0 |           0 |           0 |           0 |           0 |           0 |           0 |           0 |           0 |           0 |           0 |           0 |           0 |           0 |           0 |           0 |           0 |           0 |           0 |           0 |           0 |
|          CAS_COUNT_WR          | MBOX2C1 |           0 |           0 |           0 |           0 |           0 |           0 |           0 |           0 |           0 |           0 |           0 |           0 |           0 |           0 |           0 |           0 |           0 |           0 |           0 |           0 |           0 |           0 |           0 |           0 |
|          CAS_COUNT_RD          | MBOX3C0 |           0 |           0 |           0 |           0 |           0 |           0 |           0 |           0 |           0 |           0 |           0 |           0 |           0 |           0 |           0 |           0 |           0 |           0 |           0 |           0 |           0 |           0 |           0 |           0 |
|          CAS_COUNT_WR          | MBOX3C1 |           0 |           0 |           0 |           0 |           0 |           0 |           0 |           0 |           0 |           0 |           0 |           0 |           0 |           0 |           0 |           0 |           0 |           0 |           0 |           0 |           0 |           0 |           0 |           0 |
|          CAS_COUNT_RD          | MBOX4C0 |  1486466788 |           0 |           0 |           0 |           0 |           0 |           0 |           0 |           0 |           0 |           0 |           0 |  1486501599 |           0 |           0 |           0 |           0 |           0 |           0 |           0 |           0 |           0 |           0 |           0 |
|          CAS_COUNT_WR          | MBOX4C1 |   542496737 |           0 |           0 |           0 |           0 |           0 |           0 |           0 |           0 |           0 |           0 |           0 |   559827054 |           0 |           0 |           0 |           0 |           0 |           0 |           0 |           0 |           0 |           0 |           0 |
|          CAS_COUNT_RD          | MBOX5C0 |  1484646456 |           0 |           0 |           0 |           0 |           0 |           0 |           0 |           0 |           0 |           0 |           0 |  1487582264 |           0 |           0 |           0 |           0 |           0 |           0 |           0 |           0 |           0 |           0 |           0 |
|          CAS_COUNT_WR          | MBOX5C1 |   541079106 |           0 |           0 |           0 |           0 |           0 |           0 |           0 |           0 |           0 |           0 |           0 |   561191081 |           0 |           0 |           0 |           0 |           0 |           0 |           0 |           0 |           0 |           0 |           0 |
|          CAS_COUNT_RD          | MBOX6C0 |           0 |           0 |           0 |           0 |           0 |           0 |           0 |           0 |           0 |           0 |           0 |           0 |           0 |           0 |           0 |           0 |           0 |           0 |           0 |           0 |           0 |           0 |           0 |           0 |
|          CAS_COUNT_WR          | MBOX6C1 |           0 |           0 |           0 |           0 |           0 |           0 |           0 |           0 |           0 |           0 |           0 |           0 |           0 |           0 |           0 |           0 |           0 |           0 |           0 |           0 |           0 |           0 |           0 |           0 |
|          CAS_COUNT_RD          | MBOX7C0 |           0 |           0 |           0 |           0 |           0 |           0 |           0 |           0 |           0 |           0 |           0 |           0 |           0 |           0 |           0 |           0 |           0 |           0 |           0 |           0 |           0 |           0 |           0 |           0 |
|          CAS_COUNT_WR          | MBOX7C1 |           0 |           0 |           0 |           0 |           0 |           0 |           0 |           0 |           0 |           0 |           0 |           0 |           0 |           0 |           0 |           0 |           0 |           0 |           0 |           0 |           0 |           0 |           0 |           0 |
+--------------------------------+---------+-------------+-------------+-------------+-------------+-------------+-------------+-------------+-------------+-------------+-------------+-------------+-------------+-------------+-------------+-------------+-------------+-------------+-------------+-------------+-------------+-------------+-------------+-------------+-------------+
+-------------------------------------+---------+---------------+-------------+-------------+--------------+
|                Event                | Counter |      Sum      |     Min     |     Max     |      Avg     |
+-------------------------------------+---------+---------------+-------------+-------------+--------------+
|        INSTR_RETIRED_ANY STAT       |  FIXC0  | 1320928931140 | 38543412877 | 81797089541 | 5.503871e+10 |
|      CPU_CLK_UNHALTED_CORE STAT     |  FIXC1  | 1262631332688 | 46320088208 | 59858679358 |  52609638862 |
|      CPU_CLK_UNHALTED_REF STAT      |  FIXC2  | 1264984809535 | 46405280769 | 59977956543 | 5.270770e+10 |
|           FIXC1/FIXC0 STAT          |   CPI   |             0 |           0 |           0 |            0 |
|  OFFCORE_RESPONSE_0_LOCAL_DRAM STAT |   PMC0  |   11429605031 |    78491709 |   893718655 | 4.762335e+08 |
| OFFCORE_RESPONSE_1_REMOTE_DRAM STAT |   PMC1  |     259400052 |        8501 |   124883862 | 1.080834e+07 |
|  MEM_LOAD_UOPS_RETIRED_L3_ALL STAT  |   PMC2  |    3094938538 |     2311925 |   261648587 | 1.289558e+08 |
|  MEM_LOAD_UOPS_RETIRED_L3_MISS STAT |   PMC3  |    1220131252 |      647893 |   105428597 | 5.083880e+07 |
|      L2_TRANS_ALL_REQUESTS STAT     |   PMC4  |   72767568471 |   788965552 |  5294350364 | 3.031982e+09 |
|          L2_RQSTS_MISS STAT         |   PMC5  |   17671245810 |   196541581 |  1280084526 | 7.363019e+08 |
|        UOPS_RETIRED_ALL STAT        |   PMC6  | 1483295832107 | 38975550661 | 90830215330 | 6.180399e+10 |
|            TEMP_CORE STAT           |   TMP0  |           921 |          34 |          42 |      38.3750 |
|         PWR_PKG_ENERGY STAT         |   PWR0  |     3784.1985 |           0 |   1903.8571 |     157.6749 |
|         PWR_PP0_ENERGY STAT         |   PWR1  |             0 |           0 |           0 |            0 |
|         PWR_DRAM_ENERGY STAT        |   PWR3  |      639.5870 |           0 |    324.6003 |      26.6495 |
|          CAS_COUNT_RD STAT          | MBOX0C0 |    2973972486 |           0 |  1487922872 | 1.239155e+08 |
|          CAS_COUNT_WR STAT          | MBOX0C1 |    1102673088 |           0 |   560380851 |     45944712 |
|          CAS_COUNT_RD STAT          | MBOX1C0 |    2972306937 |           0 |  1487661725 | 1.238461e+08 |
|          CAS_COUNT_WR STAT          | MBOX1C1 |    1101973907 |           0 |   561068412 | 4.591558e+07 |
|          CAS_COUNT_RD STAT          | MBOX2C0 |             0 |           0 |           0 |            0 |
|          CAS_COUNT_WR STAT          | MBOX2C1 |             0 |           0 |           0 |            0 |
|          CAS_COUNT_RD STAT          | MBOX3C0 |             0 |           0 |           0 |            0 |
|          CAS_COUNT_WR STAT          | MBOX3C1 |             0 |           0 |           0 |            0 |
|          CAS_COUNT_RD STAT          | MBOX4C0 |    2972968387 |           0 |  1486501599 | 1.238737e+08 |
|          CAS_COUNT_WR STAT          | MBOX4C1 |    1102323791 |           0 |   559827054 | 4.593016e+07 |
|          CAS_COUNT_RD STAT          | MBOX5C0 |    2972228720 |           0 |  1487582264 | 1.238429e+08 |
|          CAS_COUNT_WR STAT          | MBOX5C1 |    1102270187 |           0 |   561191081 | 4.592792e+07 |
|          CAS_COUNT_RD STAT          | MBOX6C0 |             0 |           0 |           0 |            0 |
|          CAS_COUNT_WR STAT          | MBOX6C1 |             0 |           0 |           0 |            0 |
|          CAS_COUNT_RD STAT          | MBOX7C0 |             0 |           0 |           0 |            0 |
|          CAS_COUNT_WR STAT          | MBOX7C1 |             0 |           0 |           0 |            0 |
+-------------------------------------+---------+---------------+-------------+-------------+--------------+
+-----------------------------------+------------+-----------+-----------+-----------+-----------+-----------+-----------+--------------+--------------+--------------+--------------+-----------+------------+-----------+-----------+-----------+-----------+-----------+-----------+-----------+-----------+-----------+-----------+-----------+
|               Metric              |   Core 0   |   Core 1  |   Core 2  |   Core 3  |   Core 4  |   Core 5  |   Core 6  |    Core 7    |    Core 8    |    Core 9    |    Core 10   |  Core 11  |   Core 12  |  Core 13  |  Core 14  |  Core 15  |  Core 16  |  Core 17  |  Core 18  |  Core 19  |  Core 20  |  Core 21  |  Core 22  |  Core 23  |
+-----------------------------------+------------+-----------+-----------+-----------+-----------+-----------+-----------+--------------+--------------+--------------+--------------+-----------+------------+-----------+-----------+-----------+-----------+-----------+-----------+-----------+-----------+-----------+-----------+-----------+
|        Runtime (RDTSC) [s]        |    26.2986 |   26.2986 |   26.2986 |   26.2986 |   26.2986 |   26.2986 |   26.2986 |      26.2986 |      26.2986 |      26.2986 |      26.2986 |   26.2986 |    26.2986 |   26.2986 |   26.2986 |   26.2986 |   26.2986 |   26.2986 |   26.2986 |   26.2986 |   26.2986 |   26.2986 |   26.2986 |   26.2986 |
|        Runtime unhalted [s]       |    26.0247 |   25.0118 |   25.0084 |   25.0001 |   24.9927 |   24.9958 |   26.0255 |      20.1700 |      20.1756 |      20.1948 |      20.1912 |   20.1910 |    25.0150 |   25.0124 |   25.0200 |   25.0209 |   25.0204 |   25.0237 |   20.1469 |   20.1401 |   20.1412 |   20.1391 |   20.1435 |   20.1649 |
|            Clock [MHz]            |  2295.3589 | 2295.2441 | 2294.3231 | 2295.2565 | 2295.1837 | 2295.1842 | 2300.0011 |    2294.9179 |    2295.0121 |    2296.5242 |    2296.5311 | 2296.5107 |  2295.1920 | 2295.1927 | 2295.1875 | 2295.2676 | 2295.3077 | 2295.3509 | 2296.4507 | 2295.5138 | 2294.9604 | 2295.0376 | 2295.5191 | 2298.7127 |
|                CPI                |     0.8934 |    0.8586 |    0.8584 |    0.8582 |    0.8581 |    0.8582 |    0.7318 |       1.1703 |       1.1748 |       1.1754 |       1.1820 |    1.2049 |     0.8588 |    0.8588 |    0.8590 |    0.8591 |    0.8591 |    0.8592 |    1.1948 |    1.1816 |    1.1841 |    1.1845 |    1.1901 |    1.0645 |
|   Local DRAM data volume [GByte]  |     5.2401 |    5.1109 |    5.1153 |    5.1980 |    5.1603 |    5.0235 |   56.3486 |      57.1980 |      57.1863 |      57.1867 |      57.1751 |   49.1803 |     5.4338 |    5.4927 |    5.4609 |    5.4639 |    5.4690 |    5.5388 |   53.1481 |   56.3733 |   56.3721 |   56.3826 |   56.3745 |   54.8621 |
|   Local DRAM bandwidth [MByte/s]  |   199.2528 |  194.3409 |  194.5075 |  197.6536 |  196.2197 |  191.0164 | 2142.6447 |    2174.9426 |    2174.4980 |    2174.5136 |    2174.0703 | 1870.0695 |   206.6201 |  208.8598 |  207.6505 |  207.7654 |  207.9571 |  210.6111 | 2020.9446 | 2143.5820 | 2143.5386 | 2143.9369 | 2143.6291 | 2086.1193 |
|  Remote DRAM data volume [GByte]  |     0.0098 |    0.0034 |    0.0045 |    0.0035 |    0.0032 |    0.0037 |    0.0043 |       0.0009 |       0.0008 |       0.0005 |       0.0007 |    7.9926 |     0.0015 |    0.0010 |    0.0011 |    0.0012 |    0.0014 |    0.0012 |    4.0316 |    0.8015 |    0.8008 |    0.8015 |    0.8011 |    1.3298 |
|  Remote DRAM bandwidth [MByte/s]  |     0.3745 |    0.1309 |    0.1701 |    0.1330 |    0.1236 |    0.1425 |    0.1640 |       0.0335 |       0.0287 |       0.0207 |       0.0258 |  303.9158 |     0.0565 |    0.0394 |    0.0415 |    0.0446 |    0.0514 |    0.0445 |  153.3005 |   30.4764 |   30.4493 |   30.4784 |   30.4612 |   50.5661 |
|     Memory data volume [GByte]    |     5.2499 |    5.1143 |    5.1198 |    5.2015 |    5.1636 |    5.0272 |   56.3529 |      57.1989 |      57.1871 |      57.1873 |      57.1757 |   57.1728 |     5.4353 |    5.4938 |    5.4620 |    5.4651 |    5.4703 |    5.5399 |   57.1797 |   57.1747 |   57.1729 |   57.1841 |   57.1756 |   56.1919 |
|     Memory bandwidth [MByte/s]    |   199.6273 |  194.4718 |  194.6775 |  197.7866 |  196.3433 |  191.1589 | 2142.8087 |    2174.9760 |    2174.5267 |    2174.5343 |    2174.0961 | 2173.9853 |   206.6766 |  208.8992 |  207.6920 |  207.8100 |  208.0086 |  210.6555 | 2174.2451 | 2174.0584 | 2173.9878 | 2174.4153 | 2174.0903 | 2136.6854 |
|          L3 request rate          |     3.4276 |    3.8906 |    3.5859 |    3.5684 |    3.6499 |    3.6789 |    2.5682 |       2.5522 |       2.5213 |       2.5194 |       2.5281 |    2.4818 |     3.4544 |    3.4520 |    3.3803 |    3.3872 |    3.4884 |    3.3779 |    2.5596 |    2.5414 |    2.5257 |    2.5304 |    2.5302 |    2.5023 |
|            L3 miss rate           |     0.0595 |    0.0210 |    0.0293 |    0.0236 |    0.0213 |    0.0239 |    0.0003 |       0.0001 | 4.572575e-05 | 3.278090e-05 | 4.094281e-05 |    0.4773 |     0.0095 |    0.0066 |    0.0069 |    0.0076 |    0.0085 |    0.0072 |    0.2450 |    0.0485 |    0.0484 |    0.0482 |    0.0483 |    0.0879 |
|           L3 miss ratio           |     0.0019 |    0.0007 |    0.0009 |    0.0007 |    0.0006 |    0.0007 |    0.0001 | 1.538851e-05 | 1.320148e-05 | 9.513818e-06 | 1.188658e-05 |    0.1625 |     0.0003 |    0.0002 |    0.0002 |    0.0002 |    0.0002 |    0.0002 |    0.0759 |    0.0142 |    0.0142 |    0.0142 |    0.0142 |    0.0242 |
|          L2 request rate          |     0.0118 |    0.0118 |    0.0118 |    0.0118 |    0.0118 |    0.0118 |    0.0641 |       0.1333 |       0.1332 |       0.1336 |       0.1345 |    0.1358 |     0.0119 |    0.0119 |    0.0119 |    0.0119 |    0.0119 |    0.0119 |    0.1361 |    0.1350 |    0.1346 |    0.1353 |    0.1356 |    0.1206 |
|            L2 miss rate           |     0.0029 |    0.0030 |    0.0029 |    0.0029 |    0.0029 |    0.0029 |    0.0155 |       0.0322 |       0.0324 |       0.0322 |       0.0324 |    0.0332 |     0.0030 |    0.0030 |    0.0030 |    0.0030 |    0.0029 |    0.0029 |    0.0330 |    0.0324 |    0.0327 |    0.0325 |    0.0328 |    0.0291 |
|           L2 miss ratio           |     0.2491 |    0.2501 |    0.2491 |    0.2500 |    0.2488 |    0.2487 |    0.2423 |       0.2418 |       0.2433 |       0.2411 |       0.2411 |    0.2444 |     0.2487 |    0.2487 |    0.2489 |    0.2488 |    0.2481 |    0.2474 |    0.2425 |    0.2401 |    0.2428 |    0.2404 |    0.2421 |    0.2413 |
|  Memory read bandwidth [MBytes/s] | 14459.9099 |         0 |         0 |         0 |         0 |         0 |         0 |            0 |            0 |            0 |            0 |         0 | 14479.0389 |         0 |         0 |         0 |         0 |         0 |         0 |         0 |         0 |         0 |         0 |         0 |
|  Memory read data volume [GBytes] |   380.2757 |         0 |         0 |         0 |         0 |         0 |         0 |            0 |            0 |            0 |            0 |         0 |   380.7788 |         0 |         0 |         0 |         0 |         0 |         0 |         0 |         0 |         0 |         0 |         0 |
| Memory write bandwidth [MBytes/s] |  5273.0331 |         0 |         0 |         0 |         0 |         0 |         0 |            0 |            0 |            0 |            0 |         0 |  5457.2407 |         0 |         0 |         0 |         0 |         0 |         0 |         0 |         0 |         0 |         0 |         0 |
| Memory write data volume [GBytes] |   138.6735 |         0 |         0 |         0 |         0 |         0 |         0 |            0 |            0 |            0 |            0 |         0 |   143.5179 |         0 |         0 |         0 |         0 |         0 |         0 |         0 |         0 |         0 |         0 |         0 |
|    Memory bandwidth [MBytes/s]    | 19732.9430 |         0 |         0 |         0 |         0 |         0 |         0 |            0 |            0 |            0 |            0 |         0 | 19936.2795 |         0 |         0 |         0 |         0 |         0 |         0 |         0 |         0 |         0 |         0 |         0 |
|    Memory data volume [GBytes]    |   518.9492 |         0 |         0 |         0 |         0 |         0 |         0 |            0 |            0 |            0 |            0 |         0 |   524.2967 |         0 |         0 |         0 |         0 |         0 |         0 |         0 |         0 |         0 |         0 |         0 |
|          Temperature [C]          |         38 |        34 |        35 |        34 |        35 |        35 |        38 |           37 |           41 |           38 |           37 |        38 |         38 |        36 |        37 |        41 |        42 |        40 |        41 |        42 |        40 |        42 |        40 |        42 |
|             Energy [J]            |  1880.3414 |         0 |         0 |         0 |         0 |         0 |         0 |            0 |            0 |            0 |            0 |         0 |  1903.8571 |         0 |         0 |         0 |         0 |         0 |         0 |         0 |         0 |         0 |         0 |         0 |
|             Power [W]             |    71.4996 |         0 |         0 |         0 |         0 |         0 |         0 |            0 |            0 |            0 |            0 |         0 |    72.3938 |         0 |         0 |         0 |         0 |         0 |         0 |         0 |         0 |         0 |         0 |         0 |
|           Energy PP0 [J]          |          0 |         0 |         0 |         0 |         0 |         0 |         0 |            0 |            0 |            0 |            0 |         0 |          0 |         0 |         0 |         0 |         0 |         0 |         0 |         0 |         0 |         0 |         0 |         0 |
|           Power PP0 [W]           |          0 |         0 |         0 |         0 |         0 |         0 |         0 |            0 |            0 |            0 |            0 |         0 |          0 |         0 |         0 |         0 |         0 |         0 |         0 |         0 |         0 |         0 |         0 |         0 |
|          Energy DRAM [J]          |   314.9867 |         0 |         0 |         0 |         0 |         0 |         0 |            0 |            0 |            0 |            0 |         0 |   324.6003 |         0 |         0 |         0 |         0 |         0 |         0 |         0 |         0 |         0 |         0 |         0 |
|           Power DRAM [W]          |    11.9773 |         0 |         0 |         0 |         0 |         0 |         0 |            0 |            0 |            0 |            0 |         0 |    12.3429 |         0 |         0 |         0 |         0 |         0 |         0 |         0 |         0 |         0 |         0 |         0 |
+-----------------------------------+------------+-----------+-----------+-----------+-----------+-----------+-----------+--------------+--------------+--------------+--------------+-----------+------------+-----------+-----------+-----------+-----------+-----------+-----------+-----------+-----------+-----------+-----------+-----------+
+----------------------------------------+------------+--------------+------------+-----------+
|                 Metric                 |     Sum    |      Min     |     Max    |    Avg    |
+----------------------------------------+------------+--------------+------------+-----------+
|        Runtime (RDTSC) [s] STAT        |   631.1664 |      26.2986 |    26.2986 |   26.2986 |
|        Runtime unhalted [s] STAT       |   548.9697 |      20.1391 |    26.0255 |   22.8737 |
|            Clock [MHz] STAT            | 55097.7403 |    2294.3231 |  2300.0011 | 2295.7392 |
|                CPI STAT                |    23.9777 |       0.7318 |     1.2049 |    0.9991 |
|   Local DRAM data volume [GByte] STAT  |   731.4949 |       5.0235 |    57.1980 |   30.4790 |
|   Local DRAM bandwidth [MByte/s] STAT  | 27814.9441 |     191.0164 |  2174.9426 | 1158.9560 |
|  Remote DRAM data volume [GByte] STAT  |    16.6016 |       0.0005 |     7.9926 |    0.6917 |
|  Remote DRAM bandwidth [MByte/s] STAT  |   631.2729 |       0.0207 |   303.9158 |   26.3030 |
|     Memory data volume [GByte] STAT    |   748.0963 |       5.0272 |    57.1989 |   31.1707 |
|     Memory bandwidth [MByte/s] STAT    | 28446.2167 |     191.1589 |  2174.9760 | 1185.2590 |
|          L3 request rate STAT          |    72.7021 |       2.4818 |     3.8906 |    3.0293 |
|            L3 miss rate STAT           |     1.2290 | 3.278090e-05 |     0.4773 |    0.0512 |
|           L3 miss ratio STAT           |     0.3263 | 9.513818e-06 |     0.1625 |    0.0136 |
|          L2 request rate STAT          |     1.6739 |       0.0118 |     0.1361 |    0.0697 |
|            L2 miss rate STAT           |     0.4057 |       0.0029 |     0.0332 |    0.0169 |
|           L2 miss ratio STAT           |     5.8896 |       0.2401 |     0.2501 |    0.2454 |
|  Memory read bandwidth [MBytes/s] STAT | 28938.9488 |            0 | 14479.0389 | 1205.7895 |
|  Memory read data volume [GBytes] STAT |   761.0545 |            0 |   380.7788 |   31.7106 |
| Memory write bandwidth [MBytes/s] STAT | 10730.2738 |            0 |  5457.2407 |  447.0947 |
| Memory write data volume [GBytes] STAT |   282.1914 |            0 |   143.5179 |   11.7580 |
|    Memory bandwidth [MBytes/s] STAT    | 39669.2225 |            0 | 19936.2795 | 1652.8843 |
|    Memory data volume [GBytes] STAT    |  1043.2459 |            0 |   524.2967 |   43.4686 |
|          Temperature [C] STAT          |        921 |           34 |         42 |   38.3750 |
|             Energy [J] STAT            |  3784.1985 |            0 |  1903.8571 |  157.6749 |
|             Power [W] STAT             |   143.8934 |            0 |    72.3938 |    5.9956 |
|           Energy PP0 [J] STAT          |          0 |            0 |          0 |         0 |
|           Power PP0 [W] STAT           |          0 |            0 |          0 |         0 |
|          Energy DRAM [J] STAT          |   639.5870 |            0 |   324.6003 |   26.6495 |
|           Power DRAM [W] STAT          |    24.3202 |            0 |    12.3429 |    1.0133 |
+----------------------------------------+------------+--------------+------------+-----------+
