--------------------------------------------------------------------------------
CPU name:	Intel(R) Xeon(R) CPU E5-2670 v3 @ 2.30GHz
CPU type:	Intel Xeon Haswell EN/EP/EX processor
CPU clock:	2.30 GHz
--------------------------------------------------------------------------------
Group 1: POWERPERF
+--------------------------------+---------+-------------+-------------+-------------+-------------+-------------+-------------+-------------+-------------+-------------+-------------+-------------+-------------+-------------+-------------+-------------+-------------+-------------+-------------+-------------+-------------+-------------+-------------+-------------+-------------+
|              Event             | Counter |    Core 0   |    Core 1   |    Core 2   |    Core 3   |    Core 4   |    Core 5   |    Core 6   |    Core 7   |    Core 8   |    Core 9   |   Core 10   |   Core 11   |   Core 12   |   Core 13   |   Core 14   |   Core 15   |   Core 16   |   Core 17   |   Core 18   |   Core 19   |   Core 20   |   Core 21   |   Core 22   |   Core 23   |
+--------------------------------+---------+-------------+-------------+-------------+-------------+-------------+-------------+-------------+-------------+-------------+-------------+-------------+-------------+-------------+-------------+-------------+-------------+-------------+-------------+-------------+-------------+-------------+-------------+-------------+-------------+
|        INSTR_RETIRED_ANY       |  FIXC0  | 14550881526 | 14656330584 | 11850643872 | 11815530457 | 11635969075 | 11779267641 | 21003431780 | 21009190407 | 16669498009 | 16485317407 | 16482626941 | 16132239564 | 11680272460 | 14709070052 | 11664926490 | 14743985945 | 11733856109 | 11735528832 | 16091728543 | 15935121330 | 15586276140 | 15266037317 | 14884722889 | 14870552777 |
|      CPU_CLK_UNHALTED_CORE     |  FIXC1  |  8540323389 |  8553077261 |  8292922235 |  8258366746 |  8225501763 |  8203552670 |  8961299609 |  8938127843 |  8918352831 |  8891359512 |  8874905966 |  8864804979 |  8204642705 |  8518310489 |  8197982421 |  8535787037 |  8227334504 |  8195679378 |  8856568852 |  8856457710 |  8855540368 |  8853232918 |  8854041432 |  8846013797 |
|      CPU_CLK_UNHALTED_REF      |  FIXC2  |  8591524558 |  8599421033 |  8315671206 |  8280581923 |  8271913131 |  8240225962 |  8961299169 |  8938130809 |  8918349590 |  8891359826 |  8874907788 |  8864803750 |  8248761515 |  8553564208 |  8252692652 |  8584449597 |  8271638787 |  8236648657 |  8856569014 |  8856459097 |  8855536889 |  8853230702 |  8854039888 |  8846013440 |
|           FIXC1/FIXC0          |   CPI   |           0 |           0 |           0 |           0 |           0 |           0 |           0 |           0 |           0 |           0 |           0 |           0 |           0 |           0 |           0 |           0 |           0 |           0 |           0 |           0 |           0 |           0 |           0 |           0 |
|  OFFCORE_RESPONSE_0_LOCAL_DRAM |   PMC0  |      125942 |      122558 |    59706188 |    59140030 |    60492429 |    60605737 |     1813142 |     1156392 |     1045450 |     1073481 |      913659 |     1041292 |    59230752 |       82402 |    59321048 |       57496 |    59453601 |    60407840 |     4966256 |     4524097 |     4484641 |     4486466 |     4531642 |     4850767 |
| OFFCORE_RESPONSE_1_REMOTE_DRAM |   PMC1  |        7286 |       21438 |       67249 |       50522 |       66872 |       54025 |     5754720 |     5804110 |     5038935 |     5017737 |     3983121 |     4497315 |       64856 |       12503 |       53635 |       22711 |      879442 |       65418 |      852332 |      761556 |      739675 |      721613 |      705582 |      747775 |
|  MEM_LOAD_UOPS_RETIRED_L3_ALL  |   PMC2  |      269057 |      199765 |    54703576 |    54486489 |    54392482 |    54401185 |     5683215 |     5208217 |     4502706 |     4422232 |     4147161 |     4294413 |    54538496 |      161120 |    54646793 |      168150 |    54165442 |    54229549 |     4621654 |     4025258 |     3959763 |     3801674 |     3331268 |     3732719 |
|  MEM_LOAD_UOPS_RETIRED_L3_MISS |   PMC3  |       75037 |       75067 |    18146780 |    17774593 |    18231804 |    18343683 |     1828522 |     1517306 |     1308852 |     1295220 |     1238825 |     1443982 |    17996755 |       67787 |    18052457 |       68603 |    18139206 |    18212311 |     1678057 |     1397501 |     1318379 |     1256442 |     1191805 |     1374055 |
|      L2_TRANS_ALL_REQUESTS     |   PMC4  |     4487806 |     3842184 |   861308130 |   859906922 |   862627594 |   863689939 |   530486387 |   524767271 |   404363909 |   405199650 |   389040524 |   389876152 |   857990272 |     2796026 |   860256345 |     3222457 |   862720808 |   862215405 |   364941829 |   361253592 |   354473087 |   348000097 |   331148574 |   338210255 |
|          L2_RQSTS_MISS         |   PMC5  |      972446 |      767824 |   261349315 |   260570749 |   260284863 |   260497483 |    63042365 |    59555462 |    45359089 |    45626101 |    42261135 |    44324888 |   260335819 |      577005 |   260585701 |      671961 |   260391729 |   260281767 |    42370044 |    40578385 |    40407028 |    39763558 |    37765409 |    40084755 |
|        UOPS_RETIRED_ALL        |   PMC6  | 21026348012 | 21189110231 | 13788075657 | 13749169632 | 13492644342 | 13685175599 | 25550452560 | 25579457606 | 21072297762 | 20870073705 | 20893393264 | 20502871562 | 13560732221 | 21272864843 | 13538435070 | 21319472322 | 13633895800 | 13629830508 | 20582553631 | 20435018530 | 20070227384 | 19738938866 | 19347976745 | 19316740120 |
|            TEMP_CORE           |   TMP0  |          37 |          35 |          35 |          34 |          36 |          37 |          38 |          39 |          37 |          38 |          40 |          41 |          33 |          37 |          36 |          37 |          40 |          37 |          38 |          38 |          38 |          40 |          39 |          33 |
|         PWR_PKG_ENERGY         |   PWR0  |    293.9958 |           0 |           0 |           0 |           0 |           0 |           0 |           0 |           0 |           0 |           0 |           0 |    300.4768 |           0 |           0 |           0 |           0 |           0 |           0 |           0 |           0 |           0 |           0 |           0 |
|         PWR_PP0_ENERGY         |   PWR1  |           0 |           0 |           0 |           0 |           0 |           0 |           0 |           0 |           0 |           0 |           0 |           0 |           0 |           0 |           0 |           0 |           0 |           0 |           0 |           0 |           0 |           0 |           0 |           0 |
|         PWR_DRAM_ENERGY        |   PWR3  |     36.0955 |           0 |           0 |           0 |           0 |           0 |           0 |           0 |           0 |           0 |           0 |           0 |     40.6195 |           0 |           0 |           0 |           0 |           0 |           0 |           0 |           0 |           0 |           0 |           0 |
|          CAS_COUNT_RD          | MBOX0C0 |   118332001 |           0 |           0 |           0 |           0 |           0 |           0 |           0 |           0 |           0 |           0 |           0 |   138210978 |           0 |           0 |           0 |           0 |           0 |           0 |           0 |           0 |           0 |           0 |           0 |
|          CAS_COUNT_WR          | MBOX0C1 |    58949574 |           0 |           0 |           0 |           0 |           0 |           0 |           0 |           0 |           0 |           0 |           0 |    69271446 |           0 |           0 |           0 |           0 |           0 |           0 |           0 |           0 |           0 |           0 |           0 |
|          CAS_COUNT_RD          | MBOX1C0 |   118134872 |           0 |           0 |           0 |           0 |           0 |           0 |           0 |           0 |           0 |           0 |           0 |   137908837 |           0 |           0 |           0 |           0 |           0 |           0 |           0 |           0 |           0 |           0 |           0 |
|          CAS_COUNT_WR          | MBOX1C1 |    58760435 |           0 |           0 |           0 |           0 |           0 |           0 |           0 |           0 |           0 |           0 |           0 |    69039090 |           0 |           0 |           0 |           0 |           0 |           0 |           0 |           0 |           0 |           0 |           0 |
|          CAS_COUNT_RD          | MBOX2C0 |           0 |           0 |           0 |           0 |           0 |           0 |           0 |           0 |           0 |           0 |           0 |           0 |           0 |           0 |           0 |           0 |           0 |           0 |           0 |           0 |           0 |           0 |           0 |           0 |
|          CAS_COUNT_WR          | MBOX2C1 |           0 |           0 |           0 |           0 |           0 |           0 |           0 |           0 |           0 |           0 |           0 |           0 |           0 |           0 |           0 |           0 |           0 |           0 |           0 |           0 |           0 |           0 |           0 |           0 |
|          CAS_COUNT_RD          | MBOX3C0 |           0 |           0 |           0 |           0 |           0 |           0 |           0 |           0 |           0 |           0 |           0 |           0 |           0 |           0 |           0 |           0 |           0 |           0 |           0 |           0 |           0 |           0 |           0 |           0 |
|          CAS_COUNT_WR          | MBOX3C1 |           0 |           0 |           0 |           0 |           0 |           0 |           0 |           0 |           0 |           0 |           0 |           0 |           0 |           0 |           0 |           0 |           0 |           0 |           0 |           0 |           0 |           0 |           0 |           0 |
|          CAS_COUNT_RD          | MBOX4C0 |   118712630 |           0 |           0 |           0 |           0 |           0 |           0 |           0 |           0 |           0 |           0 |           0 |   138176155 |           0 |           0 |           0 |           0 |           0 |           0 |           0 |           0 |           0 |           0 |           0 |
|          CAS_COUNT_WR          | MBOX4C1 |    59174125 |           0 |           0 |           0 |           0 |           0 |           0 |           0 |           0 |           0 |           0 |           0 |    69358526 |           0 |           0 |           0 |           0 |           0 |           0 |           0 |           0 |           0 |           0 |           0 |
|          CAS_COUNT_RD          | MBOX5C0 |   118129716 |           0 |           0 |           0 |           0 |           0 |           0 |           0 |           0 |           0 |           0 |           0 |   138232962 |           0 |           0 |           0 |           0 |           0 |           0 |           0 |           0 |           0 |           0 |           0 |
|          CAS_COUNT_WR          | MBOX5C1 |    58741875 |           0 |           0 |           0 |           0 |           0 |           0 |           0 |           0 |           0 |           0 |           0 |    69170423 |           0 |           0 |           0 |           0 |           0 |           0 |           0 |           0 |           0 |           0 |           0 |
|          CAS_COUNT_RD          | MBOX6C0 |           0 |           0 |           0 |           0 |           0 |           0 |           0 |           0 |           0 |           0 |           0 |           0 |           0 |           0 |           0 |           0 |           0 |           0 |           0 |           0 |           0 |           0 |           0 |           0 |
|          CAS_COUNT_WR          | MBOX6C1 |           0 |           0 |           0 |           0 |           0 |           0 |           0 |           0 |           0 |           0 |           0 |           0 |           0 |           0 |           0 |           0 |           0 |           0 |           0 |           0 |           0 |           0 |           0 |           0 |
|          CAS_COUNT_RD          | MBOX7C0 |           0 |           0 |           0 |           0 |           0 |           0 |           0 |           0 |           0 |           0 |           0 |           0 |           0 |           0 |           0 |           0 |           0 |           0 |           0 |           0 |           0 |           0 |           0 |           0 |
|          CAS_COUNT_WR          | MBOX7C1 |           0 |           0 |           0 |           0 |           0 |           0 |           0 |           0 |           0 |           0 |           0 |           0 |           0 |           0 |           0 |           0 |           0 |           0 |           0 |           0 |           0 |           0 |           0 |           0 |
+--------------------------------+---------+-------------+-------------+-------------+-------------+-------------+-------------+-------------+-------------+-------------+-------------+-------------+-------------+-------------+-------------+-------------+-------------+-------------+-------------+-------------+-------------+-------------+-------------+-------------+-------------+
+-------------------------------------+---------+--------------+-------------+-------------+--------------+
|                Event                | Counter |      Sum     |     Min     |     Max     |      Avg     |
+-------------------------------------+---------+--------------+-------------+-------------+--------------+
|        INSTR_RETIRED_ANY STAT       |  FIXC0  | 352973006147 | 11635969075 | 21009190407 | 1.470721e+10 |
|      CPU_CLK_UNHALTED_CORE STAT     |  FIXC1  | 206524186415 |  8195679378 |  8961299609 | 8.605174e+09 |
|      CPU_CLK_UNHALTED_REF STAT      |  FIXC2  | 207017793191 |  8236648657 |  8961299169 | 8.625741e+09 |
|           FIXC1/FIXC0 STAT          |   CPI   |            0 |           0 |           0 |            0 |
|  OFFCORE_RESPONSE_0_LOCAL_DRAM STAT |   PMC0  |    513633308 |       57496 |    60605737 | 2.140139e+07 |
| OFFCORE_RESPONSE_1_REMOTE_DRAM STAT |   PMC1  |     35990428 |        7286 |     5804110 | 1.499601e+06 |
|  MEM_LOAD_UOPS_RETIRED_L3_ALL STAT  |   PMC2  |    488092384 |      161120 |    54703576 | 2.033718e+07 |
|  MEM_LOAD_UOPS_RETIRED_L3_MISS STAT |   PMC3  |    162033029 |       67787 |    18343683 | 6.751376e+06 |
|      L2_TRANS_ALL_REQUESTS STAT     |   PMC4  |  11646825215 |     2796026 |   863689939 | 4.852844e+08 |
|          L2_RQSTS_MISS STAT         |   PMC5  |   2628424881 |      577005 |   261349315 | 1.095177e+08 |
|        UOPS_RETIRED_ALL STAT        |   PMC6  | 447845755972 | 13492644342 | 25579457606 | 1.866024e+10 |
|            TEMP_CORE STAT           |   TMP0  |          893 |          33 |          41 |      37.2083 |
|         PWR_PKG_ENERGY STAT         |   PWR0  |     594.4726 |           0 |    300.4768 |      24.7697 |
|         PWR_PP0_ENERGY STAT         |   PWR1  |            0 |           0 |           0 |            0 |
|         PWR_DRAM_ENERGY STAT        |   PWR3  |      76.7150 |           0 |     40.6195 |       3.1965 |
|          CAS_COUNT_RD STAT          | MBOX0C0 |    256542979 |           0 |   138210978 | 1.068929e+07 |
|          CAS_COUNT_WR STAT          | MBOX0C1 |    128221020 |           0 |    69271446 | 5.342542e+06 |
|          CAS_COUNT_RD STAT          | MBOX1C0 |    256043709 |           0 |   137908837 | 1.066849e+07 |
|          CAS_COUNT_WR STAT          | MBOX1C1 |    127799525 |           0 |    69039090 | 5.324980e+06 |
|          CAS_COUNT_RD STAT          | MBOX2C0 |            0 |           0 |           0 |            0 |
|          CAS_COUNT_WR STAT          | MBOX2C1 |            0 |           0 |           0 |            0 |
|          CAS_COUNT_RD STAT          | MBOX3C0 |            0 |           0 |           0 |            0 |
|          CAS_COUNT_WR STAT          | MBOX3C1 |            0 |           0 |           0 |            0 |
|          CAS_COUNT_RD STAT          | MBOX4C0 |    256888785 |           0 |   138176155 | 1.070370e+07 |
|          CAS_COUNT_WR STAT          | MBOX4C1 |    128532651 |           0 |    69358526 | 5.355527e+06 |
|          CAS_COUNT_RD STAT          | MBOX5C0 |    256362678 |           0 |   138232962 | 1.068178e+07 |
|          CAS_COUNT_WR STAT          | MBOX5C1 |    127912298 |           0 |    69170423 | 5.329679e+06 |
|          CAS_COUNT_RD STAT          | MBOX6C0 |            0 |           0 |           0 |            0 |
|          CAS_COUNT_WR STAT          | MBOX6C1 |            0 |           0 |           0 |            0 |
|          CAS_COUNT_RD STAT          | MBOX7C0 |            0 |           0 |           0 |            0 |
|          CAS_COUNT_WR STAT          | MBOX7C1 |            0 |           0 |           0 |            0 |
+-------------------------------------+---------+--------------+-------------+-------------+--------------+
+-----------------------------------+------------+-----------+-----------+-----------+-----------+-----------+-----------+-----------+-----------+-----------+-----------+-----------+------------+--------------+-----------+--------------+-----------+-----------+-----------+-----------+-----------+-----------+-----------+-----------+
|               Metric              |   Core 0   |   Core 1  |   Core 2  |   Core 3  |   Core 4  |   Core 5  |   Core 6  |   Core 7  |   Core 8  |   Core 9  |  Core 10  |  Core 11  |   Core 12  |    Core 13   |  Core 14  |    Core 15   |  Core 16  |  Core 17  |  Core 18  |  Core 19  |  Core 20  |  Core 21  |  Core 22  |  Core 23  |
+-----------------------------------+------------+-----------+-----------+-----------+-----------+-----------+-----------+-----------+-----------+-----------+-----------+-----------+------------+--------------+-----------+--------------+-----------+-----------+-----------+-----------+-----------+-----------+-----------+-----------+
|        Runtime (RDTSC) [s]        |     3.9553 |    3.9553 |    3.9553 |    3.9553 |    3.9553 |    3.9553 |    3.9553 |    3.9553 |    3.9553 |    3.9553 |    3.9553 |    3.9553 |     3.9553 |       3.9553 |    3.9553 |       3.9553 |    3.9553 |    3.9553 |    3.9553 |    3.9553 |    3.9553 |    3.9553 |    3.9553 |    3.9553 |
|        Runtime unhalted [s]       |     3.7133 |    3.7188 |    3.6057 |    3.5907 |    3.5764 |    3.5668 |    3.8963 |    3.8862 |    3.8776 |    3.8659 |    3.8587 |    3.8543 |     3.5673 |       3.7037 |    3.5644 |       3.7113 |    3.5772 |    3.5634 |    3.8508 |    3.8507 |    3.8503 |    3.8493 |    3.8497 |    3.8462 |
|            Clock [MHz]            |  2286.2520 | 2287.5637 | 2293.6666 | 2293.7882 | 2287.0542 | 2289.7226 | 2299.9587 | 2299.9578 | 2299.9594 | 2299.9585 | 2299.9581 | 2299.9589 |  2287.6572 |    2290.4792 | 2284.7113 |    2286.9208 | 2287.6396 | 2288.5185 | 2299.9585 | 2299.9582 | 2299.9595 | 2299.9591 | 2299.9590 | 2299.9587 |
|                CPI                |     0.5869 |    0.5836 |    0.6998 |    0.6989 |    0.7069 |    0.6964 |    0.4267 |    0.4254 |    0.5350 |    0.5394 |    0.5384 |    0.5495 |     0.7024 |       0.5791 |    0.7028 |       0.5789 |    0.7012 |    0.6984 |    0.5504 |    0.5558 |    0.5682 |    0.5799 |    0.5948 |    0.5949 |
|   Local DRAM data volume [GByte]  |     0.0081 |    0.0078 |    3.8212 |    3.7850 |    3.8715 |    3.8788 |    0.1160 |    0.0740 |    0.0669 |    0.0687 |    0.0585 |    0.0666 |     3.7908 |       0.0053 |    3.7965 |       0.0037 |    3.8050 |    3.8661 |    0.3178 |    0.2895 |    0.2870 |    0.2871 |    0.2900 |    0.3104 |
|   Local DRAM bandwidth [MByte/s]  |     2.0378 |    1.9831 |  966.0864 |  956.9256 |  978.8083 |  980.6417 |   29.3379 |   18.7112 |   16.9161 |   17.3696 |   14.7836 |   16.8488 |   958.3935 |       1.3333 |  959.8546 |       0.9303 |  961.9993 |  977.4396 |   80.3574 |   73.2029 |   72.5645 |   72.5940 |   73.3250 |   78.4887 |
|  Remote DRAM data volume [GByte]  |     0.0005 |    0.0014 |    0.0043 |    0.0032 |    0.0043 |    0.0035 |    0.3683 |    0.3715 |    0.3225 |    0.3211 |    0.2549 |    0.2878 |     0.0042 |       0.0008 |    0.0034 |       0.0015 |    0.0563 |    0.0042 |    0.0545 |    0.0487 |    0.0473 |    0.0462 |    0.0452 |    0.0479 |
|  Remote DRAM bandwidth [MByte/s]  |     0.1179 |    0.3469 |    1.0881 |    0.8175 |    1.0820 |    0.8742 |   93.1152 |   93.9144 |   81.5334 |   81.1904 |   64.4496 |   72.7696 |     1.0494 |       0.2023 |    0.8679 |       0.3675 |   14.2300 |    1.0585 |   13.7913 |   12.3225 |   11.9684 |   11.6762 |   11.4168 |   12.0995 |
|     Memory data volume [GByte]    |     0.0085 |    0.0092 |    3.8255 |    3.7882 |    3.8758 |    3.8822 |    0.4843 |    0.4455 |    0.3894 |    0.3898 |    0.3134 |    0.3545 |     3.7949 |       0.0061 |    3.8000 |       0.0051 |    3.8613 |    3.8703 |    0.3724 |    0.3383 |    0.3344 |    0.3333 |    0.3352 |    0.3583 |
|     Memory bandwidth [MByte/s]    |     2.1557 |    2.3300 |  967.1745 |  957.7430 |  979.8903 |  981.5158 |  122.4531 |  112.6256 |   98.4495 |   98.5600 |   79.2332 |   89.6184 |   959.4429 |       1.5356 |  960.7224 |       1.2978 |  976.2293 |  978.4981 |   94.1487 |   85.5254 |   84.5330 |   84.2702 |   84.7418 |   90.5882 |
|          L3 request rate          |     3.5857 |    2.6612 |    3.0145 |    3.0654 |    2.9834 |    2.9657 |    3.1081 |    3.4325 |    3.4402 |    3.4143 |    3.3477 |    2.9740 |     3.0305 |       2.3769 |    3.0271 |       2.4511 |    2.9861 |    2.9776 |    2.7542 |    2.8803 |    3.0035 |    3.0257 |    2.7951 |    2.7166 |
|            L3 miss rate           |     0.0271 |    0.1073 |    0.0012 |    0.0009 |    0.0012 |    0.0010 |    1.0126 |    1.1144 |    1.1191 |    1.1347 |    0.9604 |    1.0472 |     0.0012 |       0.0776 |    0.0010 |       0.1351 |    0.0162 |    0.0012 |    0.1844 |    0.1892 |    0.1868 |    0.1898 |    0.2118 |    0.2003 |
|           L3 miss ratio           |     0.0579 |    0.1749 |    0.0011 |    0.0009 |    0.0011 |    0.0009 |    3.1739 |    5.0192 |    4.8199 |    4.6743 |    4.3595 |    4.3190 |     0.0011 |       0.1517 |    0.0009 |       0.3950 |    0.0148 |    0.0011 |    0.1716 |    0.1683 |    0.1649 |    0.1608 |    0.1557 |    0.1542 |
|          L2 request rate          |     0.0003 |    0.0003 |    0.0727 |    0.0728 |    0.0741 |    0.0733 |    0.0253 |    0.0250 |    0.0243 |    0.0246 |    0.0236 |    0.0242 |     0.0735 |       0.0002 |    0.0737 |       0.0002 |    0.0735 |    0.0735 |    0.0227 |    0.0227 |    0.0227 |    0.0228 |    0.0222 |    0.0227 |
|            L2 miss rate           |     0.0001 |    0.0001 |    0.0221 |    0.0221 |    0.0224 |    0.0221 |    0.0030 |    0.0028 |    0.0027 |    0.0028 |    0.0026 |    0.0027 |     0.0223 | 3.922784e-05 |    0.0223 | 4.557526e-05 |    0.0222 |    0.0222 |    0.0026 |    0.0025 |    0.0026 |    0.0026 |    0.0025 |    0.0027 |
|           L2 miss ratio           |     0.2167 |    0.1998 |    0.3034 |    0.3030 |    0.3017 |    0.3016 |    0.1188 |    0.1135 |    0.1122 |    0.1126 |    0.1086 |    0.1137 |     0.3034 |       0.2064 |    0.3029 |       0.2085 |    0.3018 |    0.3019 |    0.1161 |    0.1123 |    0.1140 |    0.1143 |    0.1140 |    0.1185 |
|  Memory read bandwidth [MBytes/s] |  7658.4623 |         0 |         0 |         0 |         0 |         0 |         0 |         0 |         0 |         0 |         0 |         0 |  8940.2906 |            0 |         0 |            0 |         0 |         0 |         0 |         0 |         0 |         0 |         0 |         0 |
|  Memory read data volume [GBytes] |    30.2918 |         0 |         0 |         0 |         0 |         0 |         0 |         0 |         0 |         0 |         0 |         0 |    35.3619 |            0 |         0 |            0 |         0 |         0 |         0 |         0 |         0 |         0 |         0 |         0 |
| Memory write bandwidth [MBytes/s] |  3812.5877 |         0 |         0 |         0 |         0 |         0 |         0 |         0 |         0 |         0 |         0 |         0 |  4479.4495 |            0 |         0 |            0 |         0 |         0 |         0 |         0 |         0 |         0 |         0 |         0 |
| Memory write data volume [GBytes] |    15.0801 |         0 |         0 |         0 |         0 |         0 |         0 |         0 |         0 |         0 |         0 |         0 |    17.7177 |            0 |         0 |            0 |         0 |         0 |         0 |         0 |         0 |         0 |         0 |         0 |
|    Memory bandwidth [MBytes/s]    | 11471.0500 |         0 |         0 |         0 |         0 |         0 |         0 |         0 |         0 |         0 |         0 |         0 | 13419.7402 |            0 |         0 |            0 |         0 |         0 |         0 |         0 |         0 |         0 |         0 |         0 |
|    Memory data volume [GBytes]    |    45.3719 |         0 |         0 |         0 |         0 |         0 |         0 |         0 |         0 |         0 |         0 |         0 |    53.0796 |            0 |         0 |            0 |         0 |         0 |         0 |         0 |         0 |         0 |         0 |         0 |
|          Temperature [C]          |         37 |        35 |        35 |        34 |        36 |        37 |        38 |        39 |        37 |        38 |        40 |        41 |         33 |           37 |        36 |           37 |        40 |        37 |        38 |        38 |        38 |        40 |        39 |        33 |
|             Energy [J]            |   293.9958 |         0 |         0 |         0 |         0 |         0 |         0 |         0 |         0 |         0 |         0 |         0 |   300.4768 |            0 |         0 |            0 |         0 |         0 |         0 |         0 |         0 |         0 |         0 |         0 |
|             Power [W]             |    74.3289 |         0 |         0 |         0 |         0 |         0 |         0 |         0 |         0 |         0 |         0 |         0 |    75.9675 |            0 |         0 |            0 |         0 |         0 |         0 |         0 |         0 |         0 |         0 |         0 |
|           Energy PP0 [J]          |          0 |         0 |         0 |         0 |         0 |         0 |         0 |         0 |         0 |         0 |         0 |         0 |          0 |            0 |         0 |            0 |         0 |         0 |         0 |         0 |         0 |         0 |         0 |         0 |
|           Power PP0 [W]           |          0 |         0 |         0 |         0 |         0 |         0 |         0 |         0 |         0 |         0 |         0 |         0 |          0 |            0 |         0 |            0 |         0 |         0 |         0 |         0 |         0 |         0 |         0 |         0 |
|          Energy DRAM [J]          |    36.0955 |         0 |         0 |         0 |         0 |         0 |         0 |         0 |         0 |         0 |         0 |         0 |    40.6195 |            0 |         0 |            0 |         0 |         0 |         0 |         0 |         0 |         0 |         0 |         0 |
|           Power DRAM [W]          |     9.1258 |         0 |         0 |         0 |         0 |         0 |         0 |         0 |         0 |         0 |         0 |         0 |    10.2695 |            0 |         0 |            0 |         0 |         0 |         0 |         0 |         0 |         0 |         0 |         0 |
+-----------------------------------+------------+-----------+-----------+-----------+-----------+-----------+-----------+-----------+-----------+-----------+-----------+-----------+------------+--------------+-----------+--------------+-----------+-----------+-----------+-----------+-----------+-----------+-----------+-----------+
+----------------------------------------+------------+--------------+------------+-----------+
|                 Metric                 |     Sum    |      Min     |     Max    |    Avg    |
+----------------------------------------+------------+--------------+------------+-----------+
|        Runtime (RDTSC) [s] STAT        |    94.9272 |       3.9553 |     3.9553 |    3.9553 |
|        Runtime unhalted [s] STAT       |    89.7950 |       3.5634 |     3.8963 |    3.7415 |
|            Clock [MHz] STAT            | 55063.4783 |    2284.7113 |  2299.9595 | 2294.3116 |
|                CPI STAT                |    14.3937 |       0.4254 |     0.7069 |    0.5997 |
|   Local DRAM data volume [GByte] STAT  |    32.8723 |       0.0037 |     3.8788 |    1.3697 |
|   Local DRAM bandwidth [MByte/s] STAT  |  8310.9332 |       0.9303 |   980.6417 |  346.2889 |
|  Remote DRAM data volume [GByte] STAT  |     2.3035 |       0.0005 |     0.3715 |    0.0960 |
|  Remote DRAM bandwidth [MByte/s] STAT  |   582.3495 |       0.1179 |    93.9144 |   24.2646 |
|     Memory data volume [GByte] STAT    |    35.1759 |       0.0051 |     3.8822 |    1.4657 |
|     Memory bandwidth [MByte/s] STAT    |  8893.2825 |       1.2978 |   981.5158 |  370.5534 |
|          L3 request rate STAT          |    72.0174 |       2.3769 |     3.5857 |    3.0007 |
|            L3 miss rate STAT           |     7.9217 |       0.0009 |     1.1347 |    0.3301 |
|           L3 miss ratio STAT           |    28.1427 |       0.0009 |     5.0192 |    1.1726 |
|          L2 request rate STAT          |     0.8709 |       0.0002 |     0.0741 |    0.0363 |
|            L2 miss rate STAT           |     0.2101 | 3.922784e-05 |     0.0224 |    0.0088 |
|           L2 miss ratio STAT           |     4.6197 |       0.1086 |     0.3034 |    0.1925 |
|  Memory read bandwidth [MBytes/s] STAT | 16598.7529 |            0 |  8940.2906 |  691.6147 |
|  Memory read data volume [GBytes] STAT |    65.6537 |            0 |    35.3619 |    2.7356 |
| Memory write bandwidth [MBytes/s] STAT |  8292.0372 |            0 |  4479.4495 |  345.5015 |
| Memory write data volume [GBytes] STAT |    32.7978 |            0 |    17.7177 |    1.3666 |
|    Memory bandwidth [MBytes/s] STAT    | 24890.7902 |            0 | 13419.7402 | 1037.1163 |
|    Memory data volume [GBytes] STAT    |    98.4515 |            0 |    53.0796 |    4.1021 |
|          Temperature [C] STAT          |        893 |           33 |         41 |   37.2083 |
|             Energy [J] STAT            |   594.4726 |            0 |   300.4768 |   24.7697 |
|             Power [W] STAT             |   150.2964 |            0 |    75.9675 |    6.2624 |
|           Energy PP0 [J] STAT          |          0 |            0 |          0 |         0 |
|           Power PP0 [W] STAT           |          0 |            0 |          0 |         0 |
|          Energy DRAM [J] STAT          |    76.7150 |            0 |    40.6195 |    3.1965 |
|           Power DRAM [W] STAT          |    19.3953 |            0 |    10.2695 |    0.8081 |
+----------------------------------------+------------+--------------+------------+-----------+
