--------------------------------------------------------------------------------
CPU name:	Intel(R) Xeon(R) CPU E5-2670 v3 @ 2.30GHz
CPU type:	Intel Xeon Haswell EN/EP/EX processor
CPU clock:	2.30 GHz
--------------------------------------------------------------------------------
Group 1: POWERPERF
+--------------------------------+---------+-------------+-------------+-------------+-------------+-------------+-------------+------------+------------+------------+------------+------------+------------+-------------+-------------+-------------+-------------+-------------+-------------+------------+------------+------------+------------+------------+------------+
|              Event             | Counter |    Core 0   |    Core 1   |    Core 2   |    Core 3   |    Core 4   |    Core 5   |   Core 6   |   Core 7   |   Core 8   |   Core 9   |   Core 10  |   Core 11  |   Core 12   |   Core 13   |   Core 14   |   Core 15   |   Core 16   |   Core 17   |   Core 18  |   Core 19  |   Core 20  |   Core 21  |   Core 22  |   Core 23  |
+--------------------------------+---------+-------------+-------------+-------------+-------------+-------------+-------------+------------+------------+------------+------------+------------+------------+-------------+-------------+-------------+-------------+-------------+-------------+------------+------------+------------+------------+------------+------------+
|        INSTR_RETIRED_ANY       |  FIXC0  | 11869461293 | 11885586773 | 12708482985 | 16915108142 | 15659076555 | 11958722967 | 7054311692 | 3416040384 | 3415589639 | 3415583473 | 3407577765 | 3408217754 | 14044205496 | 13995392075 | 16789966560 | 14169440492 | 14081831041 | 16983551302 | 3019862271 | 3005544279 | 2991573367 | 2998320059 | 3008922226 | 3041995928 |
|      CPU_CLK_UNHALTED_CORE     |  FIXC1  |  9597701230 |  9615855228 |  9598455767 |  9895682908 |  9863836746 |  9621785769 | 8071452575 | 4770679869 | 4798445178 | 4830971620 | 4783425330 | 4793107358 |  9630399910 |  9649894935 |  9924708277 |  9640929511 |  9640790720 |  9926182280 | 6538843647 | 6531414440 | 6530633693 | 6531080145 | 6534359762 | 6553404299 |
|      CPU_CLK_UNHALTED_REF      |  FIXC2  |  9642573567 |  9656625693 |  9641437482 |  9935945996 |  9916558744 |  9661995227 | 8072248268 | 4866222240 | 4894409246 | 4921557871 | 4879247278 | 4888737262 |  9660271262 |  9694641749 |  9974907030 |  9682096399 |  9674691618 |  9973050516 | 6608608193 | 6610438441 | 6609737217 | 6610186177 | 6613594179 | 6647354591 |
|           FIXC1/FIXC0          |   CPI   |           0 |           0 |           0 |           0 |           0 |           0 |          0 |          0 |          0 |          0 |          0 |          0 |           0 |           0 |           0 |           0 |           0 |           0 |          0 |          0 |          0 |          0 |          0 |          0 |
|  OFFCORE_RESPONSE_0_LOCAL_DRAM |   PMC0  |    67608062 |    66691808 |    60183726 |      211566 |     8090252 |    68107797 |   87372865 |   45441648 |   44376657 |   44685061 |   44604861 |   44193476 |    65256106 |    64700565 |      183990 |    65364292 |    65890158 |      193542 |   16220769 |   16147622 |   15937853 |   15940351 |   15986786 |   15889965 |
| OFFCORE_RESPONSE_1_REMOTE_DRAM |   PMC1  |      680161 |     1551694 |      753649 |       10755 |        8630 |      687346 |      57548 |       3794 |       1928 |       2078 |       2739 |     356003 |       33782 |      813213 |       19742 |       43431 |       41100 |       42263 |   27770512 |   27867253 |   27558234 |   27568980 |   27663336 |   27583900 |
|  MEM_LOAD_UOPS_RETIRED_L3_ALL  |   PMC2  |    54251022 |    55123329 |    52396492 |      211206 |     2066468 |    54023353 |   42942603 |   36578779 |   37169062 |   36928840 |   37094717 |   37151236 |    54425392 |    54425487 |      294966 |    54630867 |    54244331 |      271648 |   36484949 |   36348528 |   36733380 |   36650121 |   36562649 |   36907007 |
|  MEM_LOAD_UOPS_RETIRED_L3_MISS |   PMC3  |    18939786 |    18911704 |    18503523 |      146625 |      677921 |    19019478 |    9913064 |    8114420 |    7998707 |    7987883 |    8110623 |    8144287 |    18645088 |    18613791 |      141568 |    18696645 |    18755735 |      140286 |    9251242 |    9188572 |    9183660 |    9167386 |    9169671 |    9181355 |
|      L2_TRANS_ALL_REQUESTS     |   PMC4  |   912680160 |   917475904 |   852735461 |     3667595 |    64557405 |   912998578 | 1432315571 |  783279135 |  787492795 |  783003843 |  784921660 |  784346033 |   891909280 |   893625561 |     4812001 |   885312432 |   889604131 |     4513900 | 1122909931 | 1121480582 | 1135482224 | 1127698036 | 1125538306 | 1131959415 |
|          L2_RQSTS_MISS         |   PMC5  |   266077450 |   268588066 |   250267135 |      679816 |    16690600 |   265151337 |  340098276 |  202099550 |  203366529 |  203126025 |  202487977 |  202596266 |   262963200 |   262358697 |      930712 |   263262371 |   261835043 |      854265 |  202750473 |  202667654 |  203277867 |  203301779 |  203195283 |  205803282 |
|        UOPS_RETIRED_ALL        |   PMC6  | 13803707358 | 13820804226 | 15361637978 | 24471320878 | 22305034737 | 13915493125 | 9151332582 | 4801758380 | 4800833501 | 4800773166 | 4790689476 | 4791505073 | 16631935832 | 16570230507 | 24280937694 | 16792002024 | 16686252724 | 24556895973 | 4012107465 | 3985034982 | 3956885419 | 3970346999 | 3991183921 | 4022791132 |
|            TEMP_CORE           |   TMP0  |          35 |          34 |          34 |          33 |          36 |          37 |         39 |         38 |         36 |         38 |         40 |         41 |          33 |          37 |          35 |          38 |          41 |          39 |         39 |         40 |         37 |         39 |         38 |         35 |
|         PWR_PKG_ENERGY         |   PWR0  |    336.3997 |           0 |           0 |           0 |           0 |           0 |          0 |          0 |          0 |          0 |          0 |          0 |    343.1853 |           0 |           0 |           0 |           0 |           0 |          0 |          0 |          0 |          0 |          0 |          0 |
|         PWR_PP0_ENERGY         |   PWR1  |           0 |           0 |           0 |           0 |           0 |           0 |          0 |          0 |          0 |          0 |          0 |          0 |           0 |           0 |           0 |           0 |           0 |           0 |          0 |          0 |          0 |          0 |          0 |          0 |
|         PWR_DRAM_ENERGY        |   PWR3  |     68.6120 |           0 |           0 |           0 |           0 |           0 |          0 |          0 |          0 |          0 |          0 |          0 |     50.7473 |           0 |           0 |           0 |           0 |           0 |          0 |          0 |          0 |          0 |          0 |          0 |
|          CAS_COUNT_RD          | MBOX0C0 |   418123088 |           0 |           0 |           0 |           0 |           0 |          0 |          0 |          0 |          0 |          0 |          0 |   193288030 |           0 |           0 |           0 |           0 |           0 |          0 |          0 |          0 |          0 |          0 |          0 |
|          CAS_COUNT_WR          | MBOX0C1 |   181565611 |           0 |           0 |           0 |           0 |           0 |          0 |          0 |          0 |          0 |          0 |          0 |    96252551 |           0 |           0 |           0 |           0 |           0 |          0 |          0 |          0 |          0 |          0 |          0 |
|          CAS_COUNT_RD          | MBOX1C0 |   418374970 |           0 |           0 |           0 |           0 |           0 |          0 |          0 |          0 |          0 |          0 |          0 |   193000962 |           0 |           0 |           0 |           0 |           0 |          0 |          0 |          0 |          0 |          0 |          0 |
|          CAS_COUNT_WR          | MBOX1C1 |   181810668 |           0 |           0 |           0 |           0 |           0 |          0 |          0 |          0 |          0 |          0 |          0 |    96030813 |           0 |           0 |           0 |           0 |           0 |          0 |          0 |          0 |          0 |          0 |          0 |
|          CAS_COUNT_RD          | MBOX2C0 |           0 |           0 |           0 |           0 |           0 |           0 |          0 |          0 |          0 |          0 |          0 |          0 |           0 |           0 |           0 |           0 |           0 |           0 |          0 |          0 |          0 |          0 |          0 |          0 |
|          CAS_COUNT_WR          | MBOX2C1 |           0 |           0 |           0 |           0 |           0 |           0 |          0 |          0 |          0 |          0 |          0 |          0 |           0 |           0 |           0 |           0 |           0 |           0 |          0 |          0 |          0 |          0 |          0 |          0 |
|          CAS_COUNT_RD          | MBOX3C0 |           0 |           0 |           0 |           0 |           0 |           0 |          0 |          0 |          0 |          0 |          0 |          0 |           0 |           0 |           0 |           0 |           0 |           0 |          0 |          0 |          0 |          0 |          0 |          0 |
|          CAS_COUNT_WR          | MBOX3C1 |           0 |           0 |           0 |           0 |           0 |           0 |          0 |          0 |          0 |          0 |          0 |          0 |           0 |           0 |           0 |           0 |           0 |           0 |          0 |          0 |          0 |          0 |          0 |          0 |
|          CAS_COUNT_RD          | MBOX4C0 |   418156697 |           0 |           0 |           0 |           0 |           0 |          0 |          0 |          0 |          0 |          0 |          0 |   193140312 |           0 |           0 |           0 |           0 |           0 |          0 |          0 |          0 |          0 |          0 |          0 |
|          CAS_COUNT_WR          | MBOX4C1 |   181598286 |           0 |           0 |           0 |           0 |           0 |          0 |          0 |          0 |          0 |          0 |          0 |    96338759 |           0 |           0 |           0 |           0 |           0 |          0 |          0 |          0 |          0 |          0 |          0 |
|          CAS_COUNT_RD          | MBOX5C0 |   418358735 |           0 |           0 |           0 |           0 |           0 |          0 |          0 |          0 |          0 |          0 |          0 |   193430398 |           0 |           0 |           0 |           0 |           0 |          0 |          0 |          0 |          0 |          0 |          0 |
|          CAS_COUNT_WR          | MBOX5C1 |   181855229 |           0 |           0 |           0 |           0 |           0 |          0 |          0 |          0 |          0 |          0 |          0 |    96224135 |           0 |           0 |           0 |           0 |           0 |          0 |          0 |          0 |          0 |          0 |          0 |
|          CAS_COUNT_RD          | MBOX6C0 |           0 |           0 |           0 |           0 |           0 |           0 |          0 |          0 |          0 |          0 |          0 |          0 |           0 |           0 |           0 |           0 |           0 |           0 |          0 |          0 |          0 |          0 |          0 |          0 |
|          CAS_COUNT_WR          | MBOX6C1 |           0 |           0 |           0 |           0 |           0 |           0 |          0 |          0 |          0 |          0 |          0 |          0 |           0 |           0 |           0 |           0 |           0 |           0 |          0 |          0 |          0 |          0 |          0 |          0 |
|          CAS_COUNT_RD          | MBOX7C0 |           0 |           0 |           0 |           0 |           0 |           0 |          0 |          0 |          0 |          0 |          0 |          0 |           0 |           0 |           0 |           0 |           0 |           0 |          0 |          0 |          0 |          0 |          0 |          0 |
|          CAS_COUNT_WR          | MBOX7C1 |           0 |           0 |           0 |           0 |           0 |           0 |          0 |          0 |          0 |          0 |          0 |          0 |           0 |           0 |           0 |           0 |           0 |           0 |          0 |          0 |          0 |          0 |          0 |          0 |
+--------------------------------+---------+-------------+-------------+-------------+-------------+-------------+-------------+------------+------------+------------+------------+------------+------------+-------------+-------------+-------------+-------------+-------------+-------------+------------+------------+------------+------------+------------+------------+
+-------------------------------------+---------+--------------+------------+-------------+--------------+
|                Event                | Counter |      Sum     |     Min    |     Max     |      Avg     |
+-------------------------------------+---------+--------------+------------+-------------+--------------+
|        INSTR_RETIRED_ANY STAT       |  FIXC0  | 213244364518 | 2991573367 | 16983551302 | 8.885182e+09 |
|      CPU_CLK_UNHALTED_CORE STAT     |  FIXC1  | 187874041197 | 4770679869 |  9926182280 | 7.828085e+09 |
|      CPU_CLK_UNHALTED_REF STAT      |  FIXC2  | 189337136246 | 4866222240 |  9974907030 | 7.889047e+09 |
|           FIXC1/FIXC0 STAT          |   CPI   |            0 |          0 |           0 |            0 |
|  OFFCORE_RESPONSE_0_LOCAL_DRAM STAT |   PMC0  |    939279778 |     183990 |    87372865 | 3.913666e+07 |
| OFFCORE_RESPONSE_1_REMOTE_DRAM STAT |   PMC1  |    171122071 |       1928 |    27867253 | 7.130086e+06 |
|  MEM_LOAD_UOPS_RETIRED_L3_ALL STAT  |   PMC2  |    883916432 |     211206 |    55123329 | 3.682985e+07 |
|  MEM_LOAD_UOPS_RETIRED_L3_MISS STAT |   PMC3  |    256603020 |     140286 |    19019478 | 1.069179e+07 |
|      L2_TRANS_ALL_REQUESTS STAT     |   PMC4  |  19354319939 |    3667595 |  1432315571 | 8.064300e+08 |
|          L2_RQSTS_MISS STAT         |   PMC5  |   4694429653 |     679816 |   340098276 | 1.956012e+08 |
|        UOPS_RETIRED_ALL STAT        |   PMC6  | 276271495152 | 3956885419 | 24556895973 |  11511312298 |
|            TEMP_CORE STAT           |   TMP0  |          892 |         33 |          41 |      37.1667 |
|         PWR_PKG_ENERGY STAT         |   PWR0  |     679.5850 |          0 |    343.1853 |      28.3160 |
|         PWR_PP0_ENERGY STAT         |   PWR1  |            0 |          0 |           0 |            0 |
|         PWR_DRAM_ENERGY STAT        |   PWR3  |     119.3593 |          0 |     68.6120 |       4.9733 |
|          CAS_COUNT_RD STAT          | MBOX0C0 |    611411118 |          0 |   418123088 | 2.547546e+07 |
|          CAS_COUNT_WR STAT          | MBOX0C1 |    277818162 |          0 |   181565611 | 1.157576e+07 |
|          CAS_COUNT_RD STAT          | MBOX1C0 |    611375932 |          0 |   418374970 | 2.547400e+07 |
|          CAS_COUNT_WR STAT          | MBOX1C1 |    277841481 |          0 |   181810668 | 1.157673e+07 |
|          CAS_COUNT_RD STAT          | MBOX2C0 |            0 |          0 |           0 |            0 |
|          CAS_COUNT_WR STAT          | MBOX2C1 |            0 |          0 |           0 |            0 |
|          CAS_COUNT_RD STAT          | MBOX3C0 |            0 |          0 |           0 |            0 |
|          CAS_COUNT_WR STAT          | MBOX3C1 |            0 |          0 |           0 |            0 |
|          CAS_COUNT_RD STAT          | MBOX4C0 |    611297009 |          0 |   418156697 | 2.547071e+07 |
|          CAS_COUNT_WR STAT          | MBOX4C1 |    277937045 |          0 |   181598286 | 1.158071e+07 |
|          CAS_COUNT_RD STAT          | MBOX5C0 |    611789133 |          0 |   418358735 | 2.549121e+07 |
|          CAS_COUNT_WR STAT          | MBOX5C1 |    278079364 |          0 |   181855229 | 1.158664e+07 |
|          CAS_COUNT_RD STAT          | MBOX6C0 |            0 |          0 |           0 |            0 |
|          CAS_COUNT_WR STAT          | MBOX6C1 |            0 |          0 |           0 |            0 |
|          CAS_COUNT_RD STAT          | MBOX7C0 |            0 |          0 |           0 |            0 |
|          CAS_COUNT_WR STAT          | MBOX7C1 |            0 |          0 |           0 |            0 |
+-------------------------------------+---------+--------------+------------+-------------+--------------+
+-----------------------------------+------------+-----------+-----------+--------------+-----------+-----------+-----------+-----------+--------------+--------------+-----------+-----------+------------+-----------+-----------+-----------+-----------+-----------+-----------+-----------+-----------+-----------+-----------+-----------+
|               Metric              |   Core 0   |   Core 1  |   Core 2  |    Core 3    |   Core 4  |   Core 5  |   Core 6  |   Core 7  |    Core 8    |    Core 9    |  Core 10  |  Core 11  |   Core 12  |  Core 13  |  Core 14  |  Core 15  |  Core 16  |  Core 17  |  Core 18  |  Core 19  |  Core 20  |  Core 21  |  Core 22  |  Core 23  |
+-----------------------------------+------------+-----------+-----------+--------------+-----------+-----------+-----------+-----------+--------------+--------------+-----------+-----------+------------+-----------+-----------+-----------+-----------+-----------+-----------+-----------+-----------+-----------+-----------+-----------+
|        Runtime (RDTSC) [s]        |     4.6387 |    4.6387 |    4.6387 |       4.6387 |    4.6387 |    4.6387 |    4.6387 |    4.6387 |       4.6387 |       4.6387 |    4.6387 |    4.6387 |     4.6387 |    4.6387 |    4.6387 |    4.6387 |    4.6387 |    4.6387 |    4.6387 |    4.6387 |    4.6387 |    4.6387 |    4.6387 |    4.6387 |
|        Runtime unhalted [s]       |     4.1729 |    4.1808 |    4.1732 |       4.3025 |    4.2886 |    4.1834 |    3.5093 |    2.0742 |       2.0863 |       2.1004 |    2.0797 |    2.0840 |     4.1871 |    4.1956 |    4.3151 |    4.1917 |    4.1916 |    4.3157 |    2.8430 |    2.8397 |    2.8394 |    2.8396 |    2.8410 |    2.8493 |
|            Clock [MHz]            |  2289.3014 | 2290.2940 | 2289.7512 |    2290.6844 | 2287.7765 | 2290.4329 | 2299.7779 | 2254.8468 |    2254.9087 |    2257.6707 | 2254.8356 | 2255.0136 |  2292.8926 | 2289.3887 | 2288.4298 | 2290.2253 | 2291.9452 | 2289.1958 | 2275.7244 | 2272.5094 | 2272.4788 | 2272.4798 | 2272.4493 | 2267.4975 |
|                CPI                |     0.8086 |    0.8090 |    0.7553 |       0.5850 |    0.6299 |    0.8046 |    1.1442 |    1.3966 |       1.4049 |       1.4144 |    1.4038 |    1.4063 |     0.6857 |    0.6895 |    0.5911 |    0.6804 |    0.6846 |    0.5845 |    2.1653 |    2.1731 |    2.1830 |    2.1782 |    2.1717 |    2.1543 |
|   Local DRAM data volume [GByte]  |     4.3269 |    4.2683 |    3.8518 |       0.0135 |    0.5178 |    4.3589 |    5.5919 |    2.9083 |       2.8401 |       2.8598 |    2.8547 |    2.8284 |     4.1764 |    4.1408 |    0.0118 |    4.1833 |    4.2170 |    0.0124 |    1.0381 |    1.0334 |    1.0200 |    1.0202 |    1.0232 |    1.0170 |
|   Local DRAM bandwidth [MByte/s]  |   932.7850 |  920.1435 |  830.3519 |       2.9190 |  111.6208 |  939.6799 | 1205.4790 |  626.9561 |     612.2625 |     616.5175 |  615.4110 |  609.7352 |   900.3352 |  892.6705 |    2.5385 |  901.8279 |  909.0832 |    2.6703 |  223.7971 |  222.7879 |  219.8938 |  219.9282 |  220.5689 |  219.2331 |
|  Remote DRAM data volume [GByte]  |     0.0435 |    0.0993 |    0.0482 |       0.0007 |    0.0006 |    0.0440 |    0.0037 |    0.0002 |       0.0001 |       0.0001 |    0.0002 |    0.0228 |     0.0022 |    0.0520 |    0.0013 |    0.0028 |    0.0026 |    0.0027 |    1.7773 |    1.7835 |    1.7637 |    1.7644 |    1.7705 |    1.7654 |
|  Remote DRAM bandwidth [MByte/s]  |     9.3841 |   21.4086 |   10.3981 |       0.1484 |    0.1191 |    9.4833 |    0.7940 |    0.0523 |       0.0266 |       0.0287 |    0.0378 |    4.9118 |     0.4661 |   11.2199 |    0.2724 |    0.5992 |    0.5671 |    0.5831 |  383.1484 |  384.4831 |  380.2196 |  380.3678 |  381.6697 |  380.5737 |
|     Memory data volume [GByte]    |     4.3704 |    4.3676 |    3.9000 |       0.0142 |    0.5183 |    4.4029 |    5.5955 |    2.9085 |       2.8402 |       2.8600 |    2.8549 |    2.8512 |     4.1786 |    4.1929 |    0.0130 |    4.1861 |    4.2196 |    0.0151 |    2.8154 |    2.8170 |    2.7837 |    2.7846 |    2.7936 |    2.7823 |
|     Memory bandwidth [MByte/s]    |   942.1692 |  941.5522 |  840.7499 |       3.0674 |  111.7399 |  949.1631 | 1206.2730 |  627.0085 |     612.2891 |     616.5462 |  615.4488 |  614.6469 |   900.8013 |  903.8903 |    2.8109 |  902.4271 |  909.6503 |    3.2534 |  606.9455 |  607.2710 |  600.1133 |  600.2961 |  602.2385 |  599.8067 |
|          L3 request rate          |     2.8644 |    2.9148 |    2.8317 |       1.4405 |    3.0482 |    2.8404 |    4.3319 |    4.5079 |       4.6469 |       4.6231 |    4.5736 |    4.5616 |     2.9190 |    2.9239 |    2.0836 |    2.9220 |    2.8921 |    1.9364 |    3.9438 |    3.9558 |    3.9999 |    3.9979 |    3.9873 |    4.0198 |
|            L3 miss rate           |     0.0125 |    0.0281 |    0.0144 |       0.0509 |    0.0042 |    0.0127 |    0.0013 |    0.0001 |       0.0001 |       0.0001 |    0.0001 |    0.0096 |     0.0006 |    0.0149 |    0.0669 |    0.0008 |    0.0008 |    0.1556 |    0.7611 |    0.7667 |    0.7502 |    0.7522 |    0.7566 |    0.7474 |
|           L3 miss ratio           |     0.0101 |    0.0233 |    0.0125 |       0.0508 |    0.0011 |    0.0101 |    0.0007 |    0.0001 | 4.344627e-05 | 4.650324e-05 |    0.0001 |    0.0081 |     0.0005 |    0.0126 |    0.1073 |    0.0007 |    0.0006 |    0.2184 |    1.7120 |    1.7258 |    1.7291 |    1.7295 |    1.7304 |    1.7359 |
|          L2 request rate          |     0.0769 |    0.0772 |    0.0671 |       0.0002 |    0.0041 |    0.0763 |    0.2030 |    0.2293 |       0.2306 |       0.2292 |    0.2303 |    0.2301 |     0.0635 |    0.0639 |    0.0003 |    0.0625 |    0.0632 |    0.0003 |    0.3718 |    0.3731 |    0.3796 |    0.3761 |    0.3741 |    0.3721 |
|            L2 miss rate           |     0.0224 |    0.0226 |    0.0197 | 4.018987e-05 |    0.0011 |    0.0222 |    0.0482 |    0.0592 |       0.0595 |       0.0595 |    0.0594 |    0.0594 |     0.0187 |    0.0187 |    0.0001 |    0.0186 |    0.0186 |    0.0001 |    0.0671 |    0.0674 |    0.0680 |    0.0678 |    0.0675 |    0.0677 |
|           L2 miss ratio           |     0.2915 |    0.2927 |    0.2935 |       0.1854 |    0.2585 |    0.2904 |    0.2374 |    0.2580 |       0.2582 |       0.2594 |    0.2580 |    0.2583 |     0.2948 |    0.2936 |    0.1934 |    0.2974 |    0.2943 |    0.1893 |    0.1806 |    0.1807 |    0.1790 |    0.1803 |    0.1805 |    0.1818 |
|  Memory read bandwidth [MBytes/s] | 23082.4833 |         0 |         0 |            0 |         0 |         0 |         0 |         0 |            0 |            0 |         0 |         0 | 10663.1066 |         0 |         0 |         0 |         0 |         0 |         0 |         0 |         0 |         0 |         0 |         0 |
|  Memory read data volume [GBytes] |   107.0729 |         0 |         0 |            0 |         0 |         0 |         0 |         0 |            0 |            0 |         0 |         0 |    49.4630 |         0 |         0 |         0 |         0 |         0 |         0 |         0 |         0 |         0 |         0 |         0 |
| Memory write bandwidth [MBytes/s] | 10028.0342 |         0 |         0 |            0 |         0 |         0 |         0 |         0 |            0 |            0 |         0 |         0 |  5309.7045 |         0 |         0 |         0 |         0 |         0 |         0 |         0 |         0 |         0 |         0 |         0 |
| Memory write data volume [GBytes] |    46.5171 |         0 |         0 |            0 |         0 |         0 |         0 |         0 |            0 |            0 |         0 |         0 |    24.6302 |         0 |         0 |         0 |         0 |         0 |         0 |         0 |         0 |         0 |         0 |         0 |
|    Memory bandwidth [MBytes/s]    | 33110.5175 |         0 |         0 |            0 |         0 |         0 |         0 |         0 |            0 |            0 |         0 |         0 | 15972.8111 |         0 |         0 |         0 |         0 |         0 |         0 |         0 |         0 |         0 |         0 |         0 |
|    Memory data volume [GBytes]    |   153.5900 |         0 |         0 |            0 |         0 |         0 |         0 |         0 |            0 |            0 |         0 |         0 |    74.0932 |         0 |         0 |         0 |         0 |         0 |         0 |         0 |         0 |         0 |         0 |         0 |
|          Temperature [C]          |         35 |        34 |        34 |           33 |        36 |        37 |        39 |        38 |           36 |           38 |        40 |        41 |         33 |        37 |        35 |        38 |        41 |        39 |        39 |        40 |        37 |        39 |        38 |        35 |
|             Energy [J]            |   336.3997 |         0 |         0 |            0 |         0 |         0 |         0 |         0 |            0 |            0 |         0 |         0 |   343.1853 |         0 |         0 |         0 |         0 |         0 |         0 |         0 |         0 |         0 |         0 |         0 |
|             Power [W]             |    72.5201 |         0 |         0 |            0 |         0 |         0 |         0 |         0 |            0 |            0 |         0 |         0 |    73.9830 |         0 |         0 |         0 |         0 |         0 |         0 |         0 |         0 |         0 |         0 |         0 |
|           Energy PP0 [J]          |          0 |         0 |         0 |            0 |         0 |         0 |         0 |         0 |            0 |            0 |         0 |         0 |          0 |         0 |         0 |         0 |         0 |         0 |         0 |         0 |         0 |         0 |         0 |         0 |
|           Power PP0 [W]           |          0 |         0 |         0 |            0 |         0 |         0 |         0 |         0 |            0 |            0 |         0 |         0 |          0 |         0 |         0 |         0 |         0 |         0 |         0 |         0 |         0 |         0 |         0 |         0 |
|          Energy DRAM [J]          |    68.6120 |         0 |         0 |            0 |         0 |         0 |         0 |         0 |            0 |            0 |         0 |         0 |    50.7473 |         0 |         0 |         0 |         0 |         0 |         0 |         0 |         0 |         0 |         0 |         0 |
|           Power DRAM [W]          |    14.7912 |         0 |         0 |            0 |         0 |         0 |         0 |         0 |            0 |            0 |         0 |         0 |    10.9400 |         0 |         0 |         0 |         0 |         0 |         0 |         0 |         0 |         0 |         0 |         0 |
+-----------------------------------+------------+-----------+-----------+--------------+-----------+-----------+-----------+-----------+--------------+--------------+-----------+-----------+------------+-----------+-----------+-----------+-----------+-----------+-----------+-----------+-----------+-----------+-----------+-----------+
+----------------------------------------+------------+--------------+------------+-----------+
|                 Metric                 |     Sum    |      Min     |     Max    |    Avg    |
+----------------------------------------+------------+--------------+------------+-----------+
|        Runtime (RDTSC) [s] STAT        |   111.3288 |       4.6387 |     4.6387 |    4.6387 |
|        Runtime unhalted [s] STAT       |    81.6841 |       2.0742 |     4.3157 |    3.4035 |
|            Clock [MHz] STAT            | 54690.5103 |    2254.8356 |  2299.7779 | 2278.7713 |
|                CPI STAT                |    29.5040 |       0.5845 |     2.1830 |    1.2293 |
|   Local DRAM data volume [GByte] STAT  |    60.1140 |       0.0118 |     5.5919 |    2.5048 |
|   Local DRAM bandwidth [MByte/s] STAT  | 12959.1960 |       2.5385 |  1205.4790 |  539.9665 |
|  Remote DRAM data volume [GByte] STAT  |    10.9518 |       0.0001 |     1.7835 |    0.4563 |
|  Remote DRAM bandwidth [MByte/s] STAT  |  2360.9629 |       0.0266 |   384.4831 |   98.3735 |
|     Memory data volume [GByte] STAT    |    71.0656 |       0.0130 |     5.5955 |    2.9611 |
|     Memory bandwidth [MByte/s] STAT    | 15320.1586 |       2.8109 |  1206.2730 |  638.3399 |
|          L3 request rate STAT          |    82.7665 |       1.4405 |     4.6469 |    3.4486 |
|            L3 miss rate STAT           |     4.9079 |       0.0001 |     0.7667 |    0.2045 |
|           L3 miss ratio STAT           |    10.8198 | 4.344627e-05 |     1.7359 |    0.4508 |
|          L2 request rate STAT          |     4.1548 |       0.0002 |     0.3796 |    0.1731 |
|            L2 miss rate STAT           |     0.9135 | 4.018987e-05 |     0.0680 |    0.0381 |
|           L2 miss ratio STAT           |     5.7870 |       0.1790 |     0.2974 |    0.2411 |
|  Memory read bandwidth [MBytes/s] STAT | 33745.5899 |            0 | 23082.4833 | 1406.0662 |
|  Memory read data volume [GBytes] STAT |   156.5359 |            0 |   107.0729 |    6.5223 |
| Memory write bandwidth [MBytes/s] STAT | 15337.7387 |            0 | 10028.0342 |  639.0724 |
| Memory write data volume [GBytes] STAT |    71.1473 |            0 |    46.5171 |    2.9645 |
|    Memory bandwidth [MBytes/s] STAT    | 49083.3286 |            0 | 33110.5175 | 2045.1387 |
|    Memory data volume [GBytes] STAT    |   227.6832 |            0 |   153.5900 |    9.4868 |
|          Temperature [C] STAT          |        892 |           33 |         41 |   37.1667 |
|             Energy [J] STAT            |   679.5850 |            0 |   343.1853 |   28.3160 |
|             Power [W] STAT             |   146.5031 |            0 |    73.9830 |    6.1043 |
|           Energy PP0 [J] STAT          |          0 |            0 |          0 |         0 |
|           Power PP0 [W] STAT           |          0 |            0 |          0 |         0 |
|          Energy DRAM [J] STAT          |   119.3593 |            0 |    68.6120 |    4.9733 |
|           Power DRAM [W] STAT          |    25.7312 |            0 |    14.7912 |    1.0721 |
+----------------------------------------+------------+--------------+------------+-----------+
