--------------------------------------------------------------------------------
CPU name:	Intel(R) Xeon(R) CPU E5-2670 v3 @ 2.30GHz
CPU type:	Intel Xeon Haswell EN/EP/EX processor
CPU clock:	2.30 GHz
--------------------------------------------------------------------------------
Group 1: POWERPERF
+--------------------------------+---------+-------------+-------------+-------------+-------------+-------------+-------------+-------------+-------------+-------------+-------------+-------------+-------------+-------------+-------------+-------------+-------------+-------------+-------------+-------------+-------------+-------------+-------------+-------------+-------------+
|              Event             | Counter |    Core 0   |    Core 1   |    Core 2   |    Core 3   |    Core 4   |    Core 5   |    Core 6   |    Core 7   |    Core 8   |    Core 9   |   Core 10   |   Core 11   |   Core 12   |   Core 13   |   Core 14   |   Core 15   |   Core 16   |   Core 17   |   Core 18   |   Core 19   |   Core 20   |   Core 21   |   Core 22   |   Core 23   |
+--------------------------------+---------+-------------+-------------+-------------+-------------+-------------+-------------+-------------+-------------+-------------+-------------+-------------+-------------+-------------+-------------+-------------+-------------+-------------+-------------+-------------+-------------+-------------+-------------+-------------+-------------+
|        INSTR_RETIRED_ANY       |  FIXC0  | 11621706664 | 11774230355 | 11670297076 | 15254100931 | 11750175399 | 11761092488 | 14434063821 | 14533487659 | 11424754565 | 11532520569 | 12131272365 | 11463750372 | 12479619017 | 12217605248 | 15124146327 | 12730497248 | 12436281946 | 15258078008 | 12741916402 | 12185813370 | 12043551982 | 14649114608 | 12638626347 | 15212240467 |
|      CPU_CLK_UNHALTED_CORE     |  FIXC1  |  8574488906 |  8652153297 |  8587166814 |  8871893215 |  8607244460 |  8577386771 |  8655203329 |  8640105887 |  8511563934 |  8518673243 |  8610158519 |  8478235069 |  8645831282 |  8585823513 |  8867252450 |  8886245620 |  8587730767 |  8861170153 |  8631113452 |  8500955929 |  8503191713 |  8688319931 |  8630869182 |  8835181661 |
|      CPU_CLK_UNHALTED_REF      |  FIXC2  |  8615131620 |  8659316644 |  8621252426 |  8929366590 |  8651429599 |  8616755374 |  8696521444 |  8693319637 |  8528834562 |  8554906971 |  8658352093 |  8525134966 |  8667160518 |  8620888957 |  8914974731 |  8934867638 |  8637172520 |  8910996996 |  8666188101 |  8563697778 |  8547029770 |  8727122737 |  8673120140 |  8855081443 |
|           FIXC1/FIXC0          |   CPI   |           0 |           0 |           0 |           0 |           0 |           0 |           0 |           0 |           0 |           0 |           0 |           0 |           0 |           0 |           0 |           0 |           0 |           0 |           0 |           0 |           0 |           0 |           0 |           0 |
|  OFFCORE_RESPONSE_0_LOCAL_DRAM |   PMC0  |    64837524 |    65132502 |    65212321 |      173588 |    65841101 |    65429935 |     1701944 |     1781447 |    65246577 |    65609793 |    64728996 |    65254699 |    63533661 |    63555621 |      130380 |      146737 |    64572710 |      152792 |    62545475 |    63684680 |    62571410 |     1100914 |    61725516 |      159026 |
| OFFCORE_RESPONSE_1_REMOTE_DRAM |   PMC1  |      640375 |      612513 |      657998 |       10441 |      657937 |      766389 |       10726 |       25729 |      881520 |     1014723 |       76878 |      941006 |      120402 |       72436 |       20862 |       41452 |       73520 |       31094 |       64932 |       67586 |       43940 |       32025 |       49604 |       57266 |
|  MEM_LOAD_UOPS_RETIRED_L3_ALL  |   PMC2  |    53534462 |    53601686 |    53446107 |      206918 |    53012379 |    53107132 |      169625 |      238629 |    54676461 |    54472044 |    54500281 |    54688435 |    55395792 |    55207108 |      182051 |      222858 |    55019429 |      209784 |    54295685 |    54218186 |    54616654 |      241471 |    54605577 |      262521 |
|  MEM_LOAD_UOPS_RETIRED_L3_MISS |   PMC3  |    17964466 |    18044231 |    18050926 |      109959 |    18174631 |    18112797 |       90745 |      112343 |    18697849 |    18856023 |    18646570 |    18751681 |    18459262 |    18414840 |       88417 |       97746 |    18660164 |       95788 |    18474196 |    18477140 |    18363901 |       88079 |    18401393 |      104319 |
|      L2_TRANS_ALL_REQUESTS     |   PMC4  |   882582933 |   881826292 |   882694116 |     4067070 |   881638726 |   879357868 |    24476484 |    25446806 |   886054680 |   887509607 |   864409383 |   886251634 |   863161580 |   862694869 |     3337028 |     3607238 |   863171616 |     3959620 |   845310904 |   867178876 |   866638406 |    25062004 |   845794028 |     5650128 |
|          L2_RQSTS_MISS         |   PMC5  |   262989295 |   262967577 |   262749784 |      734360 |   262002698 |   262138246 |     4604641 |     4854718 |   264168148 |   264364633 |   260138203 |   264400776 |   261221366 |   260869372 |      675435 |      733928 |   260505698 |      772278 |   257259021 |   261475954 |   262238351 |     4960166 |   258080308 |      995462 |
|        UOPS_RETIRED_ALL        |   PMC6  | 13487533993 | 13700116504 | 13548866842 | 22062020224 | 13658528503 | 13659752330 | 20067216231 | 20202419423 | 13230254398 | 13381206273 | 15038426585 | 13277546843 | 14605297179 | 14248960572 | 21871422710 | 18401558070 | 14542135225 | 22063812283 | 15838929360 | 14214118396 | 14039559937 | 20357902871 | 15703781987 | 21992674513 |
|            TEMP_CORE           |   TMP0  |          34 |          33 |          33 |          33 |          33 |          36 |          38 |          38 |          35 |          37 |          38 |          39 |          32 |          36 |          35 |          37 |          40 |          37 |          37 |          38 |          36 |          39 |          38 |          34 |
|         PWR_PKG_ENERGY         |   PWR0  |    323.0503 |           0 |           0 |           0 |           0 |           0 |           0 |           0 |           0 |           0 |           0 |           0 |    328.5150 |           0 |           0 |           0 |           0 |           0 |           0 |           0 |           0 |           0 |           0 |           0 |
|         PWR_PP0_ENERGY         |   PWR1  |           0 |           0 |           0 |           0 |           0 |           0 |           0 |           0 |           0 |           0 |           0 |           0 |           0 |           0 |           0 |           0 |           0 |           0 |           0 |           0 |           0 |           0 |           0 |           0 |
|         PWR_DRAM_ENERGY        |   PWR3  |     53.1859 |           0 |           0 |           0 |           0 |           0 |           0 |           0 |           0 |           0 |           0 |           0 |     49.8092 |           0 |           0 |           0 |           0 |           0 |           0 |           0 |           0 |           0 |           0 |           0 |
|          CAS_COUNT_RD          | MBOX0C0 |   247864796 |           0 |           0 |           0 |           0 |           0 |           0 |           0 |           0 |           0 |           0 |           0 |   212185033 |           0 |           0 |           0 |           0 |           0 |           0 |           0 |           0 |           0 |           0 |           0 |
|          CAS_COUNT_WR          | MBOX0C1 |   135144936 |           0 |           0 |           0 |           0 |           0 |           0 |           0 |           0 |           0 |           0 |           0 |   102601813 |           0 |           0 |           0 |           0 |           0 |           0 |           0 |           0 |           0 |           0 |           0 |
|          CAS_COUNT_RD          | MBOX1C0 |   247714438 |           0 |           0 |           0 |           0 |           0 |           0 |           0 |           0 |           0 |           0 |           0 |   212336328 |           0 |           0 |           0 |           0 |           0 |           0 |           0 |           0 |           0 |           0 |           0 |
|          CAS_COUNT_WR          | MBOX1C1 |   134921736 |           0 |           0 |           0 |           0 |           0 |           0 |           0 |           0 |           0 |           0 |           0 |   102776415 |           0 |           0 |           0 |           0 |           0 |           0 |           0 |           0 |           0 |           0 |           0 |
|          CAS_COUNT_RD          | MBOX2C0 |           0 |           0 |           0 |           0 |           0 |           0 |           0 |           0 |           0 |           0 |           0 |           0 |           0 |           0 |           0 |           0 |           0 |           0 |           0 |           0 |           0 |           0 |           0 |           0 |
|          CAS_COUNT_WR          | MBOX2C1 |           0 |           0 |           0 |           0 |           0 |           0 |           0 |           0 |           0 |           0 |           0 |           0 |           0 |           0 |           0 |           0 |           0 |           0 |           0 |           0 |           0 |           0 |           0 |           0 |
|          CAS_COUNT_RD          | MBOX3C0 |           0 |           0 |           0 |           0 |           0 |           0 |           0 |           0 |           0 |           0 |           0 |           0 |           0 |           0 |           0 |           0 |           0 |           0 |           0 |           0 |           0 |           0 |           0 |           0 |
|          CAS_COUNT_WR          | MBOX3C1 |           0 |           0 |           0 |           0 |           0 |           0 |           0 |           0 |           0 |           0 |           0 |           0 |           0 |           0 |           0 |           0 |           0 |           0 |           0 |           0 |           0 |           0 |           0 |           0 |
|          CAS_COUNT_RD          | MBOX4C0 |   247776427 |           0 |           0 |           0 |           0 |           0 |           0 |           0 |           0 |           0 |           0 |           0 |   212024501 |           0 |           0 |           0 |           0 |           0 |           0 |           0 |           0 |           0 |           0 |           0 |
|          CAS_COUNT_WR          | MBOX4C1 |   135137809 |           0 |           0 |           0 |           0 |           0 |           0 |           0 |           0 |           0 |           0 |           0 |   102673204 |           0 |           0 |           0 |           0 |           0 |           0 |           0 |           0 |           0 |           0 |           0 |
|          CAS_COUNT_RD          | MBOX5C0 |   247545447 |           0 |           0 |           0 |           0 |           0 |           0 |           0 |           0 |           0 |           0 |           0 |   213116554 |           0 |           0 |           0 |           0 |           0 |           0 |           0 |           0 |           0 |           0 |           0 |
|          CAS_COUNT_WR          | MBOX5C1 |   134930762 |           0 |           0 |           0 |           0 |           0 |           0 |           0 |           0 |           0 |           0 |           0 |   103078448 |           0 |           0 |           0 |           0 |           0 |           0 |           0 |           0 |           0 |           0 |           0 |
|          CAS_COUNT_RD          | MBOX6C0 |           0 |           0 |           0 |           0 |           0 |           0 |           0 |           0 |           0 |           0 |           0 |           0 |           0 |           0 |           0 |           0 |           0 |           0 |           0 |           0 |           0 |           0 |           0 |           0 |
|          CAS_COUNT_WR          | MBOX6C1 |           0 |           0 |           0 |           0 |           0 |           0 |           0 |           0 |           0 |           0 |           0 |           0 |           0 |           0 |           0 |           0 |           0 |           0 |           0 |           0 |           0 |           0 |           0 |           0 |
|          CAS_COUNT_RD          | MBOX7C0 |           0 |           0 |           0 |           0 |           0 |           0 |           0 |           0 |           0 |           0 |           0 |           0 |           0 |           0 |           0 |           0 |           0 |           0 |           0 |           0 |           0 |           0 |           0 |           0 |
|          CAS_COUNT_WR          | MBOX7C1 |           0 |           0 |           0 |           0 |           0 |           0 |           0 |           0 |           0 |           0 |           0 |           0 |           0 |           0 |           0 |           0 |           0 |           0 |           0 |           0 |           0 |           0 |           0 |           0 |
+--------------------------------+---------+-------------+-------------+-------------+-------------+-------------+-------------+-------------+-------------+-------------+-------------+-------------+-------------+-------------+-------------+-------------+-------------+-------------+-------------+-------------+-------------+-------------+-------------+-------------+-------------+
+-------------------------------------+---------+--------------+-------------+-------------+--------------+
|                Event                | Counter |      Sum     |     Min     |     Max     |      Avg     |
+-------------------------------------+---------+--------------+-------------+-------------+--------------+
|        INSTR_RETIRED_ANY STAT       |  FIXC0  | 309068943234 | 11424754565 | 15258078008 | 1.287787e+10 |
|      CPU_CLK_UNHALTED_CORE STAT     |  FIXC1  | 207507959097 |  8478235069 |  8886245620 | 8.646165e+09 |
|      CPU_CLK_UNHALTED_REF STAT      |  FIXC2  | 208468623255 |  8525134966 |  8934867638 | 8.686193e+09 |
|           FIXC1/FIXC0 STAT          |   CPI   |            0 |           0 |           0 |            0 |
|  OFFCORE_RESPONSE_0_LOCAL_DRAM STAT |   PMC0  |   1034829349 |      130380 |    65841101 | 4.311789e+07 |
| OFFCORE_RESPONSE_1_REMOTE_DRAM STAT |   PMC1  |      6971354 |       10441 |     1014723 |  290473.0833 |
|  MEM_LOAD_UOPS_RETIRED_L3_ALL STAT  |   PMC2  |    870131275 |      169625 |    55395792 | 3.625547e+07 |
|  MEM_LOAD_UOPS_RETIRED_L3_MISS STAT |   PMC3  |    295337466 |       88079 |    18856023 | 1.230573e+07 |
|      L2_TRANS_ALL_REQUESTS STAT     |   PMC4  |  14041881896 |     3337028 |   887509607 | 5.850784e+08 |
|          L2_RQSTS_MISS STAT         |   PMC5  |   4205900418 |      675435 |   264400776 | 1.752459e+08 |
|        UOPS_RETIRED_ALL STAT        |   PMC6  | 393194041252 | 13230254398 | 22063812283 | 1.638309e+10 |
|            TEMP_CORE STAT           |   TMP0  |          866 |          32 |          40 |      36.0833 |
|         PWR_PKG_ENERGY STAT         |   PWR0  |     651.5653 |           0 |    328.5150 |      27.1486 |
|         PWR_PP0_ENERGY STAT         |   PWR1  |            0 |           0 |           0 |            0 |
|         PWR_DRAM_ENERGY STAT        |   PWR3  |     102.9951 |           0 |     53.1859 |       4.2915 |
|          CAS_COUNT_RD STAT          | MBOX0C0 |    460049829 |           0 |   247864796 | 1.916874e+07 |
|          CAS_COUNT_WR STAT          | MBOX0C1 |    237746749 |           0 |   135144936 | 9.906115e+06 |
|          CAS_COUNT_RD STAT          | MBOX1C0 |    460050766 |           0 |   247714438 | 1.916878e+07 |
|          CAS_COUNT_WR STAT          | MBOX1C1 |    237698151 |           0 |   134921736 | 9.904090e+06 |
|          CAS_COUNT_RD STAT          | MBOX2C0 |            0 |           0 |           0 |            0 |
|          CAS_COUNT_WR STAT          | MBOX2C1 |            0 |           0 |           0 |            0 |
|          CAS_COUNT_RD STAT          | MBOX3C0 |            0 |           0 |           0 |            0 |
|          CAS_COUNT_WR STAT          | MBOX3C1 |            0 |           0 |           0 |            0 |
|          CAS_COUNT_RD STAT          | MBOX4C0 |    459800928 |           0 |   247776427 |     19158372 |
|          CAS_COUNT_WR STAT          | MBOX4C1 |    237811013 |           0 |   135137809 | 9.908792e+06 |
|          CAS_COUNT_RD STAT          | MBOX5C0 |    460662001 |           0 |   247545447 | 1.919425e+07 |
|          CAS_COUNT_WR STAT          | MBOX5C1 |    238009210 |           0 |   134930762 | 9.917050e+06 |
|          CAS_COUNT_RD STAT          | MBOX6C0 |            0 |           0 |           0 |            0 |
|          CAS_COUNT_WR STAT          | MBOX6C1 |            0 |           0 |           0 |            0 |
|          CAS_COUNT_RD STAT          | MBOX7C0 |            0 |           0 |           0 |            0 |
|          CAS_COUNT_WR STAT          | MBOX7C1 |            0 |           0 |           0 |            0 |
+-------------------------------------+---------+--------------+-------------+-------------+--------------+
+-----------------------------------+------------+-----------+-----------+--------------+-----------+-----------+-----------+-----------+-----------+-----------+-----------+-----------+------------+-----------+--------------+-----------+-----------+-----------+-----------+-----------+-----------+-----------+-----------+-----------+
|               Metric              |   Core 0   |   Core 1  |   Core 2  |    Core 3    |   Core 4  |   Core 5  |   Core 6  |   Core 7  |   Core 8  |   Core 9  |  Core 10  |  Core 11  |   Core 12  |  Core 13  |    Core 14   |  Core 15  |  Core 16  |  Core 17  |  Core 18  |  Core 19  |  Core 20  |  Core 21  |  Core 22  |  Core 23  |
+-----------------------------------+------------+-----------+-----------+--------------+-----------+-----------+-----------+-----------+-----------+-----------+-----------+-----------+------------+-----------+--------------+-----------+-----------+-----------+-----------+-----------+-----------+-----------+-----------+-----------+
|        Runtime (RDTSC) [s]        |     4.1448 |    4.1448 |    4.1448 |       4.1448 |    4.1448 |    4.1448 |    4.1448 |    4.1448 |    4.1448 |    4.1448 |    4.1448 |    4.1448 |     4.1448 |    4.1448 |       4.1448 |    4.1448 |    4.1448 |    4.1448 |    4.1448 |    4.1448 |    4.1448 |    4.1448 |    4.1448 |    4.1448 |
|        Runtime unhalted [s]       |     3.7281 |    3.7619 |    3.7336 |       3.8574 |    3.7423 |    3.7294 |    3.7632 |    3.7566 |    3.7007 |    3.7038 |    3.7436 |    3.6862 |     3.7591 |    3.7330 |       3.8554 |    3.8636 |    3.7339 |    3.8527 |    3.7527 |    3.6961 |    3.6971 |    3.7776 |    3.7526 |    3.8414 |
|            Clock [MHz]            |  2289.1132 | 2298.0609 | 2290.8702 |    2285.1600 | 2288.2170 | 2289.4554 | 2289.0362 | 2285.8850 | 2295.3062 | 2290.2222 | 2287.1616 | 2287.3106 |  2294.3035 | 2290.6085 |    2287.6517 | 2287.4475 | 2286.7979 | 2287.1030 | 2290.6549 | 2283.1129 | 2288.1669 | 2289.7374 | 2288.7593 | 2294.7949 |
|                CPI                |     0.7378 |    0.7348 |    0.7358 |       0.5816 |    0.7325 |    0.7293 |    0.5996 |    0.5945 |    0.7450 |    0.7387 |    0.7097 |    0.7396 |     0.6928 |    0.7027 |       0.5863 |    0.6980 |    0.6905 |    0.5808 |    0.6774 |    0.6976 |    0.7060 |    0.5931 |    0.6829 |    0.5808 |
|   Local DRAM data volume [GByte]  |     4.1496 |    4.1685 |    4.1736 |       0.0111 |    4.2138 |    4.1875 |    0.1089 |    0.1140 |    4.1758 |    4.1990 |    4.1427 |    4.1763 |     4.0662 |    4.0676 |       0.0083 |    0.0094 |    4.1327 |    0.0098 |    4.0029 |    4.0758 |    4.0046 |    0.0705 |    3.9504 |    0.0102 |
|   Local DRAM bandwidth [MByte/s]  |  1001.1545 | 1005.7092 | 1006.9417 |       2.6804 | 1016.6507 | 1010.3019 |   26.2797 |   27.5073 | 1007.4707 | 1013.0791 |  999.4787 | 1007.5961 |   981.0216 |  981.3607 |       2.0132 |    2.2658 |  997.0655 |    2.3593 |  965.7630 |  983.3535 |  966.1635 |   16.9992 |  953.1021 |    2.4555 |
|  Remote DRAM data volume [GByte]  |     0.0410 |    0.0392 |    0.0421 |       0.0007 |    0.0421 |    0.0490 |    0.0007 |    0.0016 |    0.0564 |    0.0649 |    0.0049 |    0.0602 |     0.0077 |    0.0046 |       0.0013 |    0.0027 |    0.0047 |    0.0020 |    0.0042 |    0.0043 |    0.0028 |    0.0020 |    0.0032 |    0.0037 |
|  Remote DRAM bandwidth [MByte/s]  |     9.8880 |    9.4578 |   10.1601 |       0.1612 |   10.1592 |   11.8338 |    0.1656 |    0.3973 |   13.6115 |   15.6683 |    1.1871 |   14.5300 |     1.8591 |    1.1185 |       0.3221 |    0.6401 |    1.1352 |    0.4801 |    1.0026 |    1.0436 |    0.6785 |    0.4945 |    0.7659 |    0.8842 |
|     Memory data volume [GByte]    |     4.1906 |    4.2077 |    4.2157 |       0.0118 |    4.2559 |    4.2366 |    0.1096 |    0.1157 |    4.2322 |    4.2640 |    4.1476 |    4.2365 |     4.0739 |    4.0722 |       0.0097 |    0.0120 |    4.1374 |    0.0118 |    4.0071 |    4.0801 |    4.0074 |    0.0725 |    3.9536 |    0.0138 |
|     Memory bandwidth [MByte/s]    |  1011.0425 | 1015.1670 | 1017.1019 |       2.8416 | 1026.8099 | 1022.1357 |   26.4453 |   27.9046 | 1021.0822 | 1028.7474 | 1000.6658 | 1022.1261 |   982.8807 |  982.4792 |       2.3353 |    2.9058 |  998.2007 |    2.8394 |  966.7656 |  984.3971 |  966.8420 |   17.4937 |  953.8680 |    3.3398 |
|          L3 request rate          |     2.9800 |    2.9706 |    2.9609 |       1.8818 |    2.9168 |    2.9320 |    1.8692 |    2.1241 |    2.9242 |    2.8888 |    2.9228 |    2.9165 |     3.0010 |    2.9980 |       2.0590 |    2.2800 |    2.9485 |    2.1901 |    2.9390 |    2.9343 |    2.9741 |    2.7415 |    2.9675 |    2.5165 |
|            L3 miss rate           |     0.0120 |    0.0114 |    0.0123 |       0.0505 |    0.0124 |    0.0144 |    0.0632 |    0.1078 |    0.0161 |    0.0186 |    0.0014 |    0.0172 |     0.0022 |    0.0013 |       0.1146 |    0.1860 |    0.0013 |    0.1482 |    0.0012 |    0.0012 |    0.0008 |    0.1326 |    0.0009 |    0.2181 |
|           L3 miss ratio           |     0.0099 |    0.0094 |    0.0101 |       0.0601 |    0.0100 |    0.0117 |    0.0063 |    0.0144 |    0.0135 |    0.0155 |    0.0012 |    0.0144 |     0.0019 |    0.0011 |       0.1600 |    0.2825 |    0.0011 |    0.2035 |    0.0010 |    0.0011 |    0.0007 |    0.0291 |    0.0008 |    0.3601 |
|          L2 request rate          |     0.0759 |    0.0749 |    0.0756 |       0.0003 |    0.0750 |    0.0748 |    0.0017 |    0.0018 |    0.0776 |    0.0770 |    0.0713 |    0.0773 |     0.0692 |    0.0706 |       0.0002 |    0.0003 |    0.0694 |    0.0003 |    0.0663 |    0.0712 |    0.0720 |    0.0017 |    0.0669 |    0.0004 |
|            L2 miss rate           |     0.0226 |    0.0223 |    0.0225 | 4.814181e-05 |    0.0223 |    0.0223 |    0.0003 |    0.0003 |    0.0231 |    0.0229 |    0.0214 |    0.0231 |     0.0209 |    0.0214 | 4.465938e-05 |    0.0001 |    0.0209 |    0.0001 |    0.0202 |    0.0215 |    0.0218 |    0.0003 |    0.0204 |    0.0001 |
|           L2 miss ratio           |     0.2980 |    0.2982 |    0.2977 |       0.1806 |    0.2972 |    0.2981 |    0.1881 |    0.1908 |    0.2981 |    0.2979 |    0.3009 |    0.2983 |     0.3026 |    0.3024 |       0.2024 |    0.2035 |    0.3018 |    0.1950 |    0.3043 |    0.3015 |    0.3026 |    0.1979 |    0.3051 |    0.1762 |
|  Memory read bandwidth [MBytes/s] | 15300.4779 |         0 |         0 |            0 |         0 |         0 |         0 |         0 |         0 |         0 |         0 |         0 | 13119.6150 |         0 |            0 |         0 |         0 |         0 |         0 |         0 |         0 |         0 |         0 |         0 |
|  Memory read data volume [GBytes] |    63.4177 |         0 |         0 |            0 |         0 |         0 |         0 |         0 |         0 |         0 |         0 |         0 |    54.3784 |         0 |            0 |         0 |         0 |         0 |         0 |         0 |         0 |         0 |         0 |         0 |
| Memory write bandwidth [MBytes/s] |  8340.2140 |         0 |         0 |            0 |         0 |         0 |         0 |         0 |         0 |         0 |         0 |         0 |  6348.2456 |         0 |            0 |         0 |         0 |         0 |         0 |         0 |         0 |         0 |         0 |         0 |
| Memory write data volume [GBytes] |    34.5687 |         0 |         0 |            0 |         0 |         0 |         0 |         0 |         0 |         0 |         0 |         0 |    26.3123 |         0 |            0 |         0 |         0 |         0 |         0 |         0 |         0 |         0 |         0 |         0 |
|    Memory bandwidth [MBytes/s]    | 23640.6919 |         0 |         0 |            0 |         0 |         0 |         0 |         0 |         0 |         0 |         0 |         0 | 19467.8606 |         0 |            0 |         0 |         0 |         0 |         0 |         0 |         0 |         0 |         0 |         0 |
|    Memory data volume [GBytes]    |    97.9863 |         0 |         0 |            0 |         0 |         0 |         0 |         0 |         0 |         0 |         0 |         0 |    80.6907 |         0 |            0 |         0 |         0 |         0 |         0 |         0 |         0 |         0 |         0 |         0 |
|          Temperature [C]          |         34 |        33 |        33 |           33 |        33 |        36 |        38 |        38 |        35 |        37 |        38 |        39 |         32 |        36 |           35 |        37 |        40 |        37 |        37 |        38 |        36 |        39 |        38 |        34 |
|             Energy [J]            |   323.0503 |         0 |         0 |            0 |         0 |         0 |         0 |         0 |         0 |         0 |         0 |         0 |   328.5150 |         0 |            0 |         0 |         0 |         0 |         0 |         0 |         0 |         0 |         0 |         0 |
|             Power [W]             |    77.9408 |         0 |         0 |            0 |         0 |         0 |         0 |         0 |         0 |         0 |         0 |         0 |    79.2592 |         0 |            0 |         0 |         0 |         0 |         0 |         0 |         0 |         0 |         0 |         0 |
|           Energy PP0 [J]          |          0 |         0 |         0 |            0 |         0 |         0 |         0 |         0 |         0 |         0 |         0 |         0 |          0 |         0 |            0 |         0 |         0 |         0 |         0 |         0 |         0 |         0 |         0 |         0 |
|           Power PP0 [W]           |          0 |         0 |         0 |            0 |         0 |         0 |         0 |         0 |         0 |         0 |         0 |         0 |          0 |         0 |            0 |         0 |         0 |         0 |         0 |         0 |         0 |         0 |         0 |         0 |
|          Energy DRAM [J]          |    53.1859 |         0 |         0 |            0 |         0 |         0 |         0 |         0 |         0 |         0 |         0 |         0 |    49.8092 |         0 |            0 |         0 |         0 |         0 |         0 |         0 |         0 |         0 |         0 |         0 |
|           Power DRAM [W]          |    12.8319 |         0 |         0 |            0 |         0 |         0 |         0 |         0 |         0 |         0 |         0 |         0 |    12.0172 |         0 |            0 |         0 |         0 |         0 |         0 |         0 |         0 |         0 |         0 |         0 |
+-----------------------------------+------------+-----------+-----------+--------------+-----------+-----------+-----------+-----------+-----------+-----------+-----------+-----------+------------+-----------+--------------+-----------+-----------+-----------+-----------+-----------+-----------+-----------+-----------+-----------+
+----------------------------------------+------------+--------------+------------+-----------+
|                 Metric                 |     Sum    |      Min     |     Max    |    Avg    |
+----------------------------------------+------------+--------------+------------+-----------+
|        Runtime (RDTSC) [s] STAT        |    99.4752 |       4.1448 |     4.1448 |    4.1448 |
|        Runtime unhalted [s] STAT       |    90.2220 |       3.6862 |     3.8636 |    3.7593 |
|            Clock [MHz] STAT            | 54944.9369 |    2283.1129 |  2298.0609 | 2289.3724 |
|                CPI STAT                |    16.2678 |       0.5808 |     0.7450 |    0.6778 |
|   Local DRAM data volume [GByte] STAT  |    66.2292 |       0.0083 |     4.2138 |    2.7595 |
|   Local DRAM bandwidth [MByte/s] STAT  | 15978.7729 |       2.0132 |  1016.6507 |  665.7822 |
|  Remote DRAM data volume [GByte] STAT  |     0.4460 |       0.0007 |     0.0649 |    0.0186 |
|  Remote DRAM bandwidth [MByte/s] STAT  |   107.6443 |       0.1612 |    15.6683 |    4.4852 |
|     Memory data volume [GByte] STAT    |    66.6754 |       0.0097 |     4.2640 |    2.7781 |
|     Memory bandwidth [MByte/s] STAT    | 16086.4173 |       2.3353 |  1028.7474 |  670.2674 |
|          L3 request rate STAT          |    64.8372 |       1.8692 |     3.0010 |    2.7015 |
|            L3 miss rate STAT           |     1.1457 |       0.0008 |     0.2181 |    0.0477 |
|           L3 miss ratio STAT           |     1.2194 |       0.0007 |     0.3601 |    0.0508 |
|          L2 request rate STAT          |     1.1717 |       0.0002 |     0.0776 |    0.0488 |
|            L2 miss rate STAT           |     0.3509 | 4.465938e-05 |     0.0231 |    0.0146 |
|           L2 miss ratio STAT           |     6.3392 |       0.1762 |     0.3051 |    0.2641 |
|  Memory read bandwidth [MBytes/s] STAT | 28420.0929 |            0 | 15300.4779 | 1184.1705 |
|  Memory read data volume [GBytes] STAT |   117.7961 |            0 |    63.4177 |    4.9082 |
| Memory write bandwidth [MBytes/s] STAT | 14688.4596 |            0 |  8340.2140 |  612.0191 |
| Memory write data volume [GBytes] STAT |    60.8810 |            0 |    34.5687 |    2.5367 |
|    Memory bandwidth [MBytes/s] STAT    | 43108.5525 |            0 | 23640.6919 | 1796.1897 |
|    Memory data volume [GBytes] STAT    |   178.6770 |            0 |    97.9863 |    7.4449 |
|          Temperature [C] STAT          |        866 |           32 |         40 |   36.0833 |
|             Energy [J] STAT            |   651.5653 |            0 |   328.5150 |   27.1486 |
|             Power [W] STAT             |   157.2000 |            0 |    79.2592 |    6.5500 |
|           Energy PP0 [J] STAT          |          0 |            0 |          0 |         0 |
|           Power PP0 [W] STAT           |          0 |            0 |          0 |         0 |
|          Energy DRAM [J] STAT          |   102.9951 |            0 |    53.1859 |    4.2915 |
|           Power DRAM [W] STAT          |    24.8491 |            0 |    12.8319 |    1.0354 |
+----------------------------------------+------------+--------------+------------+-----------+
