--------------------------------------------------------------------------------
CPU name:	Intel(R) Xeon(R) CPU E5-2670 v3 @ 2.30GHz
CPU type:	Intel Xeon Haswell EN/EP/EX processor
CPU clock:	2.30 GHz
--------------------------------------------------------------------------------
Group 1: POWERPERF
+--------------------------------+---------+-------------+-------------+-------------+-------------+-------------+-------------+-------------+-------------+-------------+-------------+-------------+-------------+-------------+-------------+-------------+-------------+-------------+-------------+-------------+-------------+-------------+-------------+-------------+-------------+
|              Event             | Counter |    Core 0   |    Core 1   |    Core 2   |    Core 3   |    Core 4   |    Core 5   |    Core 6   |    Core 7   |    Core 8   |    Core 9   |   Core 10   |   Core 11   |   Core 12   |   Core 13   |   Core 14   |   Core 15   |   Core 16   |   Core 17   |   Core 18   |   Core 19   |   Core 20   |   Core 21   |   Core 22   |   Core 23   |
+--------------------------------+---------+-------------+-------------+-------------+-------------+-------------+-------------+-------------+-------------+-------------+-------------+-------------+-------------+-------------+-------------+-------------+-------------+-------------+-------------+-------------+-------------+-------------+-------------+-------------+-------------+
|        INSTR_RETIRED_ANY       |  FIXC0  | 51235649941 | 51253977483 | 51255181667 | 51256635844 | 50765236190 | 50744873247 | 24942888047 | 24930464763 | 24847511890 | 24724878879 | 25103713567 | 24890123943 | 50749210206 | 50738872653 | 50625769163 | 50556185502 | 50560836381 | 50555987374 | 25088669373 | 25227058557 | 24841692177 | 24703142876 | 24863854340 | 25066590097 |
|      CPU_CLK_UNHALTED_CORE     |  FIXC1  | 23463400748 | 23411022584 | 23401845858 | 23402837084 | 23190918733 | 23186847907 | 23594096035 | 23574444821 | 23583114279 | 23605724682 | 23600923439 | 23591638720 | 23223823789 | 23226744591 | 23171112357 | 23177022531 | 23139208552 | 23129012733 | 23555163104 | 23559932853 | 23563815518 | 23561504763 | 23563516309 | 23572011614 |
|      CPU_CLK_UNHALTED_REF      |  FIXC2  | 44971523030 | 44871120233 | 44853538458 | 44855427793 | 44449258810 | 44441459372 | 45222018698 | 45184344997 | 45200960933 | 45244293600 | 45235096360 | 45217296729 | 44512333803 | 44517933360 | 44411294527 | 44422622993 | 44350137895 | 44330613954 | 45147388758 | 45156529188 | 45163979946 | 45159534897 | 45163408971 | 45179676687 |
|           FIXC1/FIXC0          |   CPI   |           0 |           0 |           0 |           0 |           0 |           0 |           0 |           0 |           0 |           0 |           0 |           0 |           0 |           0 |           0 |           0 |           0 |           0 |           0 |           0 |           0 |           0 |           0 |           0 |
|  OFFCORE_RESPONSE_0_LOCAL_DRAM |   PMC0  |   755891509 |   749821001 |   749674531 |   749362997 |   745244296 |   740187525 |   785324474 |   794321405 |   790931104 |   786473667 |   792299338 |   780174029 |   736819189 |   742218538 |   739453611 |   738485245 |   741032378 |   740281301 |   782300232 |   785785184 |   786018415 |   790596165 |   778443441 |   777050492 |
| OFFCORE_RESPONSE_1_REMOTE_DRAM |   PMC1  |     9673509 |      353654 |      252704 |      247832 |      363534 |     4876494 |       38811 |       37570 |       41587 |      237678 |      424134 |       39096 |     4921312 |      251124 |      232617 |      239041 |      379187 |     1137706 |      138369 |      157429 |      110052 |      139724 |       76892 |      429813 |
|  MEM_LOAD_UOPS_RETIRED_L3_ALL  |   PMC2  |    26720373 |    27887683 |    27909282 |    27951055 |    27268995 |    27432108 |   147872923 |   205983247 |   205824740 |   173476426 |   206322913 |   148287183 |    27850774 |    28265240 |    27836468 |    27727096 |    27231259 |    27426566 |   148650470 |   147304275 |   175558517 |   170750081 |   149068725 |   153899790 |
|  MEM_LOAD_UOPS_RETIRED_L3_MISS |   PMC3  |    13805826 |    13631220 |    13603814 |    13566938 |    13420704 |    13502694 |    98055394 |   130907920 |   128747106 |   111057579 |   128437088 |    97243973 |    13804465 |    13847212 |    13664319 |    13655169 |    13591922 |    13642670 |    98494156 |    98058880 |   114227752 |   111700410 |    98549906 |   100449319 |
|      L2_TRANS_ALL_REQUESTS     |   PMC4  |  6994024288 |  6857429113 |  6860981563 |  6859698479 |  6799130143 |  6802990859 |  4802458939 |  4919699771 |  4918685891 |  4907031573 |  4930287852 |  4799044575 |  6797908507 |  6858823328 |  6841883424 |  6768444501 |  6764668336 |  6783625988 |  4787632867 |  4790852926 |  4898092961 |  4893424243 |  4781898758 |  4799464568 |
|          L2_RQSTS_MISS         |   PMC5  |  1071525829 |  1048751076 |  1050251583 |  1050291056 |  1038316562 |  1038037948 |  1342294939 |  1339326596 |  1345288987 |  1344314601 |  1344527957 |  1345572780 |  1040497938 |  1045389879 |  1043511913 |  1033901771 |  1031750603 |  1034706083 |  1338004306 |  1338000720 |  1336356453 |  1337269652 |  1343663057 |  1347803642 |
|        UOPS_RETIRED_ALL        |   PMC6  | 64659613404 | 64699160202 | 64700932272 | 64703043574 | 64103436263 | 64074988701 | 32858333304 | 32817024318 | 32715984457 | 32540336235 | 33059516875 | 32756764022 | 64087449009 | 64067084363 | 63933428776 | 63846548729 | 63856461092 | 63847034767 | 33047303755 | 33223952489 | 32704665991 | 32503337289 | 32765345394 | 33011706353 |
|            TEMP_CORE           |   TMP0  |          33 |          34 |          35 |          36 |          32 |          34 |          35 |          35 |          37 |          33 |          31 |          33 |          35 |          36 |          36 |          39 |          39 |          38 |          38 |          38 |          35 |          38 |          35 |          35 |
|         PWR_PKG_ENERGY         |   PWR0  |   1368.7833 |           0 |           0 |           0 |           0 |           0 |           0 |           0 |           0 |           0 |           0 |           0 |   1419.4802 |           0 |           0 |           0 |           0 |           0 |           0 |           0 |           0 |           0 |           0 |           0 |
|         PWR_PP0_ENERGY         |   PWR1  |           0 |           0 |           0 |           0 |           0 |           0 |           0 |           0 |           0 |           0 |           0 |           0 |           0 |           0 |           0 |           0 |           0 |           0 |           0 |           0 |           0 |           0 |           0 |           0 |
|         PWR_DRAM_ENERGY        |   PWR3  |    328.5873 |           0 |           0 |           0 |           0 |           0 |           0 |           0 |           0 |           0 |           0 |           0 |    333.9288 |           0 |           0 |           0 |           0 |           0 |           0 |           0 |           0 |           0 |           0 |           0 |
|          CAS_COUNT_RD          | MBOX0C0 |  2901749768 |           0 |           0 |           0 |           0 |           0 |           0 |           0 |           0 |           0 |           0 |           0 |  2886100009 |           0 |           0 |           0 |           0 |           0 |           0 |           0 |           0 |           0 |           0 |           0 |
|          CAS_COUNT_WR          | MBOX0C1 |   430938780 |           0 |           0 |           0 |           0 |           0 |           0 |           0 |           0 |           0 |           0 |           0 |   426635322 |           0 |           0 |           0 |           0 |           0 |           0 |           0 |           0 |           0 |           0 |           0 |
|          CAS_COUNT_RD          | MBOX1C0 |  2900486004 |           0 |           0 |           0 |           0 |           0 |           0 |           0 |           0 |           0 |           0 |           0 |  2883444640 |           0 |           0 |           0 |           0 |           0 |           0 |           0 |           0 |           0 |           0 |           0 |
|          CAS_COUNT_WR          | MBOX1C1 |   429756807 |           0 |           0 |           0 |           0 |           0 |           0 |           0 |           0 |           0 |           0 |           0 |   425777853 |           0 |           0 |           0 |           0 |           0 |           0 |           0 |           0 |           0 |           0 |           0 |
|          CAS_COUNT_RD          | MBOX2C0 |           0 |           0 |           0 |           0 |           0 |           0 |           0 |           0 |           0 |           0 |           0 |           0 |           0 |           0 |           0 |           0 |           0 |           0 |           0 |           0 |           0 |           0 |           0 |           0 |
|          CAS_COUNT_WR          | MBOX2C1 |           0 |           0 |           0 |           0 |           0 |           0 |           0 |           0 |           0 |           0 |           0 |           0 |           0 |           0 |           0 |           0 |           0 |           0 |           0 |           0 |           0 |           0 |           0 |           0 |
|          CAS_COUNT_RD          | MBOX3C0 |           0 |           0 |           0 |           0 |           0 |           0 |           0 |           0 |           0 |           0 |           0 |           0 |           0 |           0 |           0 |           0 |           0 |           0 |           0 |           0 |           0 |           0 |           0 |           0 |
|          CAS_COUNT_WR          | MBOX3C1 |           0 |           0 |           0 |           0 |           0 |           0 |           0 |           0 |           0 |           0 |           0 |           0 |           0 |           0 |           0 |           0 |           0 |           0 |           0 |           0 |           0 |           0 |           0 |           0 |
|          CAS_COUNT_RD          | MBOX4C0 |  2901936647 |           0 |           0 |           0 |           0 |           0 |           0 |           0 |           0 |           0 |           0 |           0 |  2884441366 |           0 |           0 |           0 |           0 |           0 |           0 |           0 |           0 |           0 |           0 |           0 |
|          CAS_COUNT_WR          | MBOX4C1 |   431226467 |           0 |           0 |           0 |           0 |           0 |           0 |           0 |           0 |           0 |           0 |           0 |   426580754 |           0 |           0 |           0 |           0 |           0 |           0 |           0 |           0 |           0 |           0 |           0 |
|          CAS_COUNT_RD          | MBOX5C0 |  2900302233 |           0 |           0 |           0 |           0 |           0 |           0 |           0 |           0 |           0 |           0 |           0 |  2883526746 |           0 |           0 |           0 |           0 |           0 |           0 |           0 |           0 |           0 |           0 |           0 |
|          CAS_COUNT_WR          | MBOX5C1 |   430678339 |           0 |           0 |           0 |           0 |           0 |           0 |           0 |           0 |           0 |           0 |           0 |   425640127 |           0 |           0 |           0 |           0 |           0 |           0 |           0 |           0 |           0 |           0 |           0 |
|          CAS_COUNT_RD          | MBOX6C0 |           0 |           0 |           0 |           0 |           0 |           0 |           0 |           0 |           0 |           0 |           0 |           0 |           0 |           0 |           0 |           0 |           0 |           0 |           0 |           0 |           0 |           0 |           0 |           0 |
|          CAS_COUNT_WR          | MBOX6C1 |           0 |           0 |           0 |           0 |           0 |           0 |           0 |           0 |           0 |           0 |           0 |           0 |           0 |           0 |           0 |           0 |           0 |           0 |           0 |           0 |           0 |           0 |           0 |           0 |
|          CAS_COUNT_RD          | MBOX7C0 |           0 |           0 |           0 |           0 |           0 |           0 |           0 |           0 |           0 |           0 |           0 |           0 |           0 |           0 |           0 |           0 |           0 |           0 |           0 |           0 |           0 |           0 |           0 |           0 |
|          CAS_COUNT_WR          | MBOX7C1 |           0 |           0 |           0 |           0 |           0 |           0 |           0 |           0 |           0 |           0 |           0 |           0 |           0 |           0 |           0 |           0 |           0 |           0 |           0 |           0 |           0 |           0 |           0 |           0 |
+--------------------------------+---------+-------------+-------------+-------------+-------------+-------------+-------------+-------------+-------------+-------------+-------------+-------------+-------------+-------------+-------------+-------------+-------------+-------------+-------------+-------------+-------------+-------------+-------------+-------------+-------------+
+-------------------------------------+---------+---------------+-------------+-------------+--------------+
|                Event                | Counter |      Sum      |     Min     |     Max     |      Avg     |
+-------------------------------------+---------+---------------+-------------+-------------+--------------+
|        INSTR_RETIRED_ANY STAT       |  FIXC0  |  909529004160 | 24703142876 | 51256635844 |  37897041840 |
|      CPU_CLK_UNHALTED_CORE STAT     |  FIXC1  |  562049683604 | 23129012733 | 23605724682 | 2.341874e+10 |
|      CPU_CLK_UNHALTED_REF STAT      |  FIXC2  | 1077261793992 | 44330613954 | 45244293600 |  44885908083 |
|           FIXC1/FIXC0 STAT          |   CPI   |             0 |           0 |           0 |            0 |
|  OFFCORE_RESPONSE_0_LOCAL_DRAM STAT |   PMC0  |   18358190067 |   736819189 |   794321405 | 7.649246e+08 |
| OFFCORE_RESPONSE_1_REMOTE_DRAM STAT |   PMC1  |      24799869 |       37570 |     9673509 | 1.033328e+06 |
|  MEM_LOAD_UOPS_RETIRED_L3_ALL STAT  |   PMC2  |    2364506189 |    26720373 |   206322913 | 9.852109e+07 |
|  MEM_LOAD_UOPS_RETIRED_L3_MISS STAT |   PMC3  |    1479666436 |    13420704 |   130907920 | 6.165277e+07 |
|      L2_TRANS_ALL_REQUESTS STAT     |   PMC4  |  140218183453 |  4781898758 |  6994024288 | 5.842424e+09 |
|          L2_RQSTS_MISS STAT         |   PMC5  |   28629355931 |  1031750603 |  1347803642 | 1.192890e+09 |
|        UOPS_RETIRED_ALL STAT        |   PMC6  | 1164583451634 | 32503337289 | 64703043574 | 4.852431e+10 |
|            TEMP_CORE STAT           |   TMP0  |           850 |          31 |          39 |      35.4167 |
|         PWR_PKG_ENERGY STAT         |   PWR0  |     2788.2635 |           0 |   1419.4802 |     116.1776 |
|         PWR_PP0_ENERGY STAT         |   PWR1  |             0 |           0 |           0 |            0 |
|         PWR_DRAM_ENERGY STAT        |   PWR3  |      662.5161 |           0 |    333.9288 |      27.6048 |
|          CAS_COUNT_RD STAT          | MBOX0C0 |    5787849777 |           0 |  2901749768 | 2.411604e+08 |
|          CAS_COUNT_WR STAT          | MBOX0C1 |     857574102 |           0 |   430938780 | 3.573225e+07 |
|          CAS_COUNT_RD STAT          | MBOX1C0 |    5783930644 |           0 |  2900486004 | 2.409971e+08 |
|          CAS_COUNT_WR STAT          | MBOX1C1 |     855534660 |           0 |   429756807 | 3.564728e+07 |
|          CAS_COUNT_RD STAT          | MBOX2C0 |             0 |           0 |           0 |            0 |
|          CAS_COUNT_WR STAT          | MBOX2C1 |             0 |           0 |           0 |            0 |
|          CAS_COUNT_RD STAT          | MBOX3C0 |             0 |           0 |           0 |            0 |
|          CAS_COUNT_WR STAT          | MBOX3C1 |             0 |           0 |           0 |            0 |
|          CAS_COUNT_RD STAT          | MBOX4C0 |    5786378013 |           0 |  2901936647 | 2.410991e+08 |
|          CAS_COUNT_WR STAT          | MBOX4C1 |     857807221 |           0 |   431226467 | 3.574197e+07 |
|          CAS_COUNT_RD STAT          | MBOX5C0 |    5783828979 |           0 |  2900302233 | 2.409929e+08 |
|          CAS_COUNT_WR STAT          | MBOX5C1 |     856318466 |           0 |   430678339 | 3.567994e+07 |
|          CAS_COUNT_RD STAT          | MBOX6C0 |             0 |           0 |           0 |            0 |
|          CAS_COUNT_WR STAT          | MBOX6C1 |             0 |           0 |           0 |            0 |
|          CAS_COUNT_RD STAT          | MBOX7C0 |             0 |           0 |           0 |            0 |
|          CAS_COUNT_WR STAT          | MBOX7C1 |             0 |           0 |           0 |            0 |
+-------------------------------------+---------+---------------+-------------+-------------+--------------+
+-----------------------------------+------------+-----------+-----------+-----------+-----------+-----------+--------------+--------------+-----------+-----------+-----------+-----------+------------+-----------+-----------+-----------+-----------+-----------+-----------+-----------+-----------+-----------+-----------+-----------+
|               Metric              |   Core 0   |   Core 1  |   Core 2  |   Core 3  |   Core 4  |   Core 5  |    Core 6    |    Core 7    |   Core 8  |   Core 9  |  Core 10  |  Core 11  |   Core 12  |  Core 13  |  Core 14  |  Core 15  |  Core 16  |  Core 17  |  Core 18  |  Core 19  |  Core 20  |  Core 21  |  Core 22  |  Core 23  |
+-----------------------------------+------------+-----------+-----------+-----------+-----------+-----------+--------------+--------------+-----------+-----------+-----------+-----------+------------+-----------+-----------+-----------+-----------+-----------+-----------+-----------+-----------+-----------+-----------+-----------+
|        Runtime (RDTSC) [s]        |    20.0010 |   20.0010 |   20.0010 |   20.0010 |   20.0010 |   20.0010 |      20.0010 |      20.0010 |   20.0010 |   20.0010 |   20.0010 |   20.0010 |    20.0010 |   20.0010 |   20.0010 |   20.0010 |   20.0010 |   20.0010 |   20.0010 |   20.0010 |   20.0010 |   20.0010 |   20.0010 |   20.0010 |
|        Runtime unhalted [s]       |    10.2016 |   10.1788 |   10.1748 |   10.1752 |   10.0831 |   10.0813 |      10.2584 |      10.2498 |   10.2536 |   10.2634 |   10.2613 |   10.2573 |    10.0974 |   10.0987 |   10.0745 |   10.0770 |   10.0606 |   10.0562 |   10.2415 |   10.2435 |   10.2452 |   10.2442 |   10.2451 |   10.2488 |
|            Clock [MHz]            |  1199.9908 | 1199.9911 | 1199.9909 | 1199.9912 | 1199.9910 | 1199.9909 |    1199.9909 |    1199.9911 | 1199.9911 | 1199.9912 | 1199.9911 | 1199.9912 |  1199.9908 | 1199.9908 | 1199.9910 | 1199.9910 | 1199.9912 | 1199.9908 | 1199.9911 | 1199.9912 | 1199.9909 | 1199.9914 | 1199.9909 | 1199.9913 |
|                CPI                |     0.4580 |    0.4568 |    0.4566 |    0.4566 |    0.4568 |    0.4569 |       0.9459 |       0.9456 |    0.9491 |    0.9547 |    0.9401 |    0.9478 |     0.4576 |    0.4578 |    0.4577 |    0.4584 |    0.4577 |    0.4575 |    0.9389 |    0.9339 |    0.9486 |    0.9538 |    0.9477 |    0.9404 |
|   Local DRAM data volume [GByte]  |    48.3771 |   47.9885 |   47.9792 |   47.9592 |   47.6956 |   47.3720 |      50.2608 |      50.8366 |   50.6196 |   50.3343 |   50.7072 |   49.9311 |    47.1564 |   47.5020 |   47.3250 |   47.2631 |   47.4261 |   47.3780 |   50.0672 |   50.2903 |   50.3052 |   50.5982 |   49.8204 |   49.7312 |
|   Local DRAM bandwidth [MByte/s]  |  2418.7350 | 2399.3104 | 2398.8417 | 2397.8448 | 2384.6656 | 2368.4847 |    2512.9159 |    2541.7047 | 2530.8563 | 2516.5932 | 2535.2344 | 2496.4353 |  2357.7066 | 2374.9837 | 2366.1363 | 2363.0377 | 2371.1881 | 2368.7848 | 2503.2388 | 2514.3901 | 2515.1364 | 2529.7845 | 2490.8977 | 2486.4405 |
|  Remote DRAM data volume [GByte]  |     0.6191 |    0.0226 |    0.0162 |    0.0159 |    0.0233 |    0.3121 |       0.0025 |       0.0024 |    0.0027 |    0.0152 |    0.0271 |    0.0025 |     0.3150 |    0.0161 |    0.0149 |    0.0153 |    0.0243 |    0.0728 |    0.0089 |    0.0101 |    0.0070 |    0.0089 |    0.0049 |    0.0275 |
|  Remote DRAM bandwidth [MByte/s]  |    30.9537 |    1.1316 |    0.8086 |    0.7930 |    1.1633 |   15.6040 |       0.1242 |       0.1202 |    0.1331 |    0.7605 |    1.3572 |    0.1251 |    15.7474 |    0.8036 |    0.7443 |    0.7649 |    1.2133 |    3.6405 |    0.4428 |    0.5037 |    0.3521 |    0.4471 |    0.2460 |    1.3753 |
|     Memory data volume [GByte]    |    48.9962 |   48.0112 |   47.9953 |   47.9751 |   47.7189 |   47.6841 |      50.2633 |      50.8390 |   50.6223 |   50.3495 |   50.7343 |   49.9336 |    47.4714 |   47.5181 |   47.3399 |   47.2784 |   47.4503 |   47.4508 |   50.0761 |   50.3003 |   50.3122 |   50.6071 |   49.8253 |   49.7587 |
|     Memory bandwidth [MByte/s]    |  2449.6888 | 2400.4420 | 2399.6503 | 2398.6378 | 2385.8289 | 2384.0888 |    2513.0401 |    2541.8249 | 2530.9894 | 2517.3537 | 2536.5916 | 2496.5604 |  2373.4540 | 2375.7872 | 2366.8807 | 2363.8026 | 2372.4015 | 2372.4253 | 2503.6816 | 2514.8939 | 2515.4886 | 2530.2316 | 2491.1438 | 2487.8158 |
|          L3 request rate          |     1.9354 |    2.0459 |    2.0516 |    2.0602 |    2.0319 |    2.0316 |       1.5081 |       1.5735 |    1.5987 |    1.5620 |    1.6064 |    1.5249 |     2.0175 |    2.0412 |    2.0372 |    2.0305 |    2.0035 |    2.0104 |    1.5092 |    1.5022 |    1.5369 |    1.5286 |    1.5126 |    1.5321 |
|            L3 miss rate           |     0.3620 |    0.0127 |    0.0091 |    0.0089 |    0.0133 |    0.1778 |       0.0003 |       0.0002 |    0.0002 |    0.0014 |    0.0021 |    0.0003 |     0.1767 |    0.0089 |    0.0084 |    0.0086 |    0.0139 |    0.0415 |    0.0009 |    0.0011 |    0.0006 |    0.0008 |    0.0005 |    0.0028 |
|           L3 miss ratio           |     0.0128 |    0.0005 |    0.0003 |    0.0003 |    0.0005 |    0.0066 | 4.942034e-05 | 4.729823e-05 |    0.0001 |    0.0003 |    0.0005 |    0.0001 |     0.0067 |    0.0003 |    0.0003 |    0.0003 |    0.0005 |    0.0015 |    0.0002 |    0.0002 |    0.0001 |    0.0002 |    0.0001 |    0.0006 |
|          L2 request rate          |     0.1365 |    0.1338 |    0.1339 |    0.1338 |    0.1339 |    0.1341 |       0.1925 |       0.1973 |    0.1980 |    0.1985 |    0.1964 |    0.1928 |     0.1340 |    0.1352 |    0.1351 |    0.1339 |    0.1338 |    0.1342 |    0.1908 |    0.1899 |    0.1972 |    0.1981 |    0.1923 |    0.1915 |
|            L2 miss rate           |     0.0209 |    0.0205 |    0.0205 |    0.0205 |    0.0205 |    0.0205 |       0.0538 |       0.0537 |    0.0541 |    0.0544 |    0.0536 |    0.0541 |     0.0205 |    0.0206 |    0.0206 |    0.0205 |    0.0204 |    0.0205 |    0.0533 |    0.0530 |    0.0538 |    0.0541 |    0.0540 |    0.0538 |
|           L2 miss ratio           |     0.1532 |    0.1529 |    0.1531 |    0.1531 |    0.1527 |    0.1526 |       0.2795 |       0.2722 |    0.2735 |    0.2740 |    0.2727 |    0.2804 |     0.1531 |    0.1524 |    0.1525 |    0.1528 |    0.1525 |    0.1525 |    0.2795 |    0.2793 |    0.2728 |    0.2733 |    0.2810 |    0.2808 |
|  Memory read bandwidth [MBytes/s] | 37132.5106 |         0 |         0 |         0 |         0 |         0 |            0 |            0 |         0 |         0 |         0 |         0 | 36918.2430 |         0 |         0 |         0 |         0 |         0 |         0 |         0 |         0 |         0 |         0 |         0 |
|  Memory read data volume [GBytes] |   742.6864 |         0 |         0 |         0 |         0 |         0 |            0 |            0 |         0 |         0 |         0 |         0 |   738.4008 |         0 |         0 |         0 |         0 |         0 |         0 |         0 |         0 |         0 |         0 |         0 |
| Memory write bandwidth [MBytes/s] |  5512.0528 |         0 |         0 |         0 |         0 |         0 |            0 |            0 |         0 |         0 |         0 |         0 |  5454.5634 |         0 |         0 |         0 |         0 |         0 |         0 |         0 |         0 |         0 |         0 |         0 |
| Memory write data volume [GBytes] |   110.2464 |         0 |         0 |         0 |         0 |         0 |            0 |            0 |         0 |         0 |         0 |         0 |   109.0966 |         0 |         0 |         0 |         0 |         0 |         0 |         0 |         0 |         0 |         0 |         0 |
|    Memory bandwidth [MBytes/s]    | 42644.5634 |         0 |         0 |         0 |         0 |         0 |            0 |            0 |         0 |         0 |         0 |         0 | 42372.8063 |         0 |         0 |         0 |         0 |         0 |         0 |         0 |         0 |         0 |         0 |         0 |
|    Memory data volume [GBytes]    |   852.9328 |         0 |         0 |         0 |         0 |         0 |            0 |            0 |         0 |         0 |         0 |         0 |   847.4974 |         0 |         0 |         0 |         0 |         0 |         0 |         0 |         0 |         0 |         0 |         0 |
|          Temperature [C]          |         33 |        34 |        35 |        36 |        32 |        34 |           35 |           35 |        37 |        33 |        31 |        33 |         35 |        36 |        36 |        39 |        39 |        38 |        38 |        38 |        35 |        38 |        35 |        35 |
|             Energy [J]            |  1368.7833 |         0 |         0 |         0 |         0 |         0 |            0 |            0 |         0 |         0 |         0 |         0 |  1419.4802 |         0 |         0 |         0 |         0 |         0 |         0 |         0 |         0 |         0 |         0 |         0 |
|             Power [W]             |    68.4358 |         0 |         0 |         0 |         0 |         0 |            0 |            0 |         0 |         0 |         0 |         0 |    70.9706 |         0 |         0 |         0 |         0 |         0 |         0 |         0 |         0 |         0 |         0 |         0 |
|           Energy PP0 [J]          |          0 |         0 |         0 |         0 |         0 |         0 |            0 |            0 |         0 |         0 |         0 |         0 |          0 |         0 |         0 |         0 |         0 |         0 |         0 |         0 |         0 |         0 |         0 |         0 |
|           Power PP0 [W]           |          0 |         0 |         0 |         0 |         0 |         0 |            0 |            0 |         0 |         0 |         0 |         0 |          0 |         0 |         0 |         0 |         0 |         0 |         0 |         0 |         0 |         0 |         0 |         0 |
|          Energy DRAM [J]          |   328.5873 |         0 |         0 |         0 |         0 |         0 |            0 |            0 |         0 |         0 |         0 |         0 |   333.9288 |         0 |         0 |         0 |         0 |         0 |         0 |         0 |         0 |         0 |         0 |         0 |
|           Power DRAM [W]          |    16.4286 |         0 |         0 |         0 |         0 |         0 |            0 |            0 |         0 |         0 |         0 |         0 |    16.6956 |         0 |         0 |         0 |         0 |         0 |         0 |         0 |         0 |         0 |         0 |         0 |
+-----------------------------------+------------+-----------+-----------+-----------+-----------+-----------+--------------+--------------+-----------+-----------+-----------+-----------+------------+-----------+-----------+-----------+-----------+-----------+-----------+-----------+-----------+-----------+-----------+-----------+
+----------------------------------------+------------+--------------+------------+-----------+
|                 Metric                 |     Sum    |      Min     |     Max    |    Avg    |
+----------------------------------------+------------+--------------+------------+-----------+
|        Runtime (RDTSC) [s] STAT        |   480.0240 |      20.0010 |    20.0010 |   20.0010 |
|        Runtime unhalted [s] STAT       |   244.3713 |      10.0562 |    10.2634 |   10.1821 |
|            Clock [MHz] STAT            | 28799.7849 |    1199.9908 |  1199.9914 | 1199.9910 |
|                CPI STAT                |    16.8349 |       0.4566 |     0.9547 |    0.7015 |
|   Local DRAM data volume [GByte] STAT  |  1174.9243 |      47.1564 |    50.8366 |   48.9552 |
|   Local DRAM bandwidth [MByte/s] STAT  | 58743.3472 |    2357.7066 |  2541.7047 | 2447.6395 |
|  Remote DRAM data volume [GByte] STAT  |     1.5873 |       0.0024 |     0.6191 |    0.0661 |
|  Remote DRAM bandwidth [MByte/s] STAT  |    79.3555 |       0.1202 |    30.9537 |    3.3065 |
|     Memory data volume [GByte] STAT    |  1176.5114 |      47.2784 |    50.8390 |   49.0213 |
|     Memory bandwidth [MByte/s] STAT    | 58822.7033 |    2363.8026 |  2541.8249 | 2450.9460 |
|          L3 request rate STAT          |    42.7921 |       1.5022 |     2.0602 |    1.7830 |
|            L3 miss rate STAT           |     0.8530 |       0.0002 |     0.3620 |    0.0355 |
|           L3 miss ratio STAT           |     0.0331 | 4.729823e-05 |     0.0128 |    0.0014 |
|          L2 request rate STAT          |     3.9475 |       0.1338 |     0.1985 |    0.1645 |
|            L2 miss rate STAT           |     0.8922 |       0.0204 |     0.0544 |    0.0372 |
|           L2 miss ratio STAT           |     5.1524 |       0.1524 |     0.2810 |    0.2147 |
|  Memory read bandwidth [MBytes/s] STAT | 74050.7536 |            0 | 37132.5106 | 3085.4481 |
|  Memory read data volume [GBytes] STAT |  1481.0872 |            0 |   742.6864 |   61.7120 |
| Memory write bandwidth [MBytes/s] STAT | 10966.6162 |            0 |  5512.0528 |  456.9423 |
| Memory write data volume [GBytes] STAT |   219.3430 |            0 |   110.2464 |    9.1393 |
|    Memory bandwidth [MBytes/s] STAT    | 85017.3697 |            0 | 42644.5634 | 3542.3904 |
|    Memory data volume [GBytes] STAT    |  1700.4302 |            0 |   852.9328 |   70.8513 |
|          Temperature [C] STAT          |        850 |           31 |         39 |   35.4167 |
|             Energy [J] STAT            |  2788.2635 |            0 |  1419.4802 |  116.1776 |
|             Power [W] STAT             |   139.4064 |            0 |    70.9706 |    5.8086 |
|           Energy PP0 [J] STAT          |          0 |            0 |          0 |         0 |
|           Power PP0 [W] STAT           |          0 |            0 |          0 |         0 |
|          Energy DRAM [J] STAT          |   662.5161 |            0 |   333.9288 |   27.6048 |
|           Power DRAM [W] STAT          |    33.1242 |            0 |    16.6956 |    1.3802 |
+----------------------------------------+------------+--------------+------------+-----------+
