--------------------------------------------------------------------------------
CPU name:	Intel(R) Xeon(R) CPU E5-2670 v3 @ 2.30GHz
CPU type:	Intel Xeon Haswell EN/EP/EX processor
CPU clock:	2.30 GHz
--------------------------------------------------------------------------------
Group 1: POWERPERF
+--------------------------------+---------+-------------+-------------+-------------+-------------+-------------+-------------+-------------+-------------+-------------+-------------+-------------+-------------+-------------+-------------+-------------+-------------+-------------+-------------+-------------+-------------+-------------+-------------+-------------+-------------+
|              Event             | Counter |    Core 0   |    Core 1   |    Core 2   |    Core 3   |    Core 4   |    Core 5   |    Core 6   |    Core 7   |    Core 8   |    Core 9   |   Core 10   |   Core 11   |   Core 12   |   Core 13   |   Core 14   |   Core 15   |   Core 16   |   Core 17   |   Core 18   |   Core 19   |   Core 20   |   Core 21   |   Core 22   |   Core 23   |
+--------------------------------+---------+-------------+-------------+-------------+-------------+-------------+-------------+-------------+-------------+-------------+-------------+-------------+-------------+-------------+-------------+-------------+-------------+-------------+-------------+-------------+-------------+-------------+-------------+-------------+-------------+
|        INSTR_RETIRED_ANY       |  FIXC0  | 48681741751 | 48709784078 | 48704727509 | 48705265889 | 48259116544 | 48248741750 | 24046649392 | 20418242477 | 20372203714 | 20378881554 | 20322043629 | 20345281875 | 48221855546 | 48241176970 | 48153442836 | 48103326121 | 48113940383 | 48112951299 | 20008957190 | 20025535010 | 20019756090 | 19996966414 | 19934190537 | 19917271901 |
|      CPU_CLK_UNHALTED_CORE     |  FIXC1  | 23465923373 | 23436729003 | 23424300611 | 23430373340 | 23231989644 | 23203700639 | 22340355027 | 18635652702 | 18654221216 | 18657271211 | 18635436845 | 18626373487 | 22799131803 | 22777600659 | 22759303491 | 22740163347 | 22700436341 | 22691601712 | 19319528034 | 19329784259 | 19330893794 | 19328738870 | 19328776397 | 19304874769 |
|      CPU_CLK_UNHALTED_REF      |  FIXC2  | 44976355261 | 44920387314 | 44896576472 | 44908206054 | 44527975367 | 44473761653 | 42819011082 | 35718325341 | 35753924672 | 35759762647 | 35717916148 | 35700542500 | 43698337353 | 43657067234 | 43621995339 | 43585309120 | 43509159616 | 43492236607 | 37029094812 | 37048747530 | 37050881355 | 37046748071 | 37046820360 | 37001003187 |
|           FIXC1/FIXC0          |   CPI   |           0 |           0 |           0 |           0 |           0 |           0 |           0 |           0 |           0 |           0 |           0 |           0 |           0 |           0 |           0 |           0 |           0 |           0 |           0 |           0 |           0 |           0 |           0 |           0 |
|  OFFCORE_RESPONSE_0_LOCAL_DRAM |   PMC0  |   677075169 |   672610345 |   672391378 |   671783231 |   668493902 |   664607515 |   528237726 |   461033725 |   454132778 |   453766035 |   455276266 |   419930424 |   675548949 |   680759129 |   678765164 |   677821001 |   680601084 |   679941376 |   402197082 |   419818156 |   414598469 |   409869682 |   404130889 |   407412844 |
| OFFCORE_RESPONSE_1_REMOTE_DRAM |   PMC1  |    10224158 |      280678 |      231531 |      226806 |      233785 |     3763357 |      251735 |       42891 |       16709 |       17528 |       16814 |    29741412 |     4440302 |      214727 |      206966 |      225892 |      321424 |      817916 |    51735463 |    38814928 |    38404095 |    44405829 |    46500521 |    45555301 |
|  MEM_LOAD_UOPS_RETIRED_L3_ALL  |   PMC2  |    27412619 |    27880877 |    28061858 |    27927941 |    27427775 |    27762682 |   237702955 |   234104642 |   234985036 |   234612696 |   232634656 |   235071212 |    26834974 |    26825411 |    26906776 |    26588416 |    26550841 |    26510094 |   225923343 |   225851371 |   227051712 |   228832308 |   229376044 |   230118324 |
|  MEM_LOAD_UOPS_RETIRED_L3_MISS |   PMC3  |    12710996 |    12448692 |    12449411 |    12369223 |    12240452 |    12334201 |    75801671 |    75883752 |    73566904 |    73481721 |    72868144 |    73437218 |    12571226 |    12551762 |    12481277 |    12385608 |    12423029 |    12455520 |    72754331 |    73587052 |    73414776 |    75264954 |    73952810 |    74261954 |
|      L2_TRANS_ALL_REQUESTS     |   PMC4  |  6603335099 |  6459166863 |  6480392422 |  6460141313 |  6402455533 |  6437979923 |  5526115828 |  4754886842 |  4749644081 |  4747299325 |  4740322779 |  4730459231 |  6403313767 |  6404785093 |  6440846132 |  6375511753 |  6406467410 |  6392028419 |  4952314279 |  4957072595 |  4957314256 |  5014260505 |  5029786637 |  5034783946 |
|          L2_RQSTS_MISS         |   PMC5  |  1047672337 |  1018489106 |  1021396818 |  1019215576 |  1007823082 |  1012749191 |  1304159280 |  1168085383 |  1175735179 |  1176024669 |  1169716061 |  1175656437 |   994209301 |   993551321 |   998788175 |   989697703 |   990814371 |   990018658 |  1171954293 |  1166378644 |  1172523189 |  1171416342 |  1175491802 |  1179330591 |
|        UOPS_RETIRED_ALL        |   PMC6  | 61356582392 | 61411957173 | 61404876317 | 61404114576 | 60858844410 | 60848157649 | 31530510869 | 27220106302 | 27128528214 | 27141483071 | 27074909004 | 27115262248 | 60810619438 | 60838660468 | 60731147767 | 60669494536 | 60683099585 | 60681656267 | 26442858544 | 26478559206 | 26466751589 | 26421116890 | 26295924955 | 26264910794 |
|            TEMP_CORE           |   TMP0  |          33 |          34 |          37 |          37 |          33 |          36 |          37 |          35 |          38 |          34 |          32 |          34 |          36 |          37 |          37 |          39 |          41 |          39 |          39 |          39 |          36 |          38 |          36 |          37 |
|         PWR_PKG_ENERGY         |   PWR0  |   1388.4561 |           0 |           0 |           0 |           0 |           0 |           0 |           0 |           0 |           0 |           0 |           0 |   1421.4750 |           0 |           0 |           0 |           0 |           0 |           0 |           0 |           0 |           0 |           0 |           0 |
|         PWR_PP0_ENERGY         |   PWR1  |           0 |           0 |           0 |           0 |           0 |           0 |           0 |           0 |           0 |           0 |           0 |           0 |           0 |           0 |           0 |           0 |           0 |           0 |           0 |           0 |           0 |           0 |           0 |           0 |
|         PWR_DRAM_ENERGY        |   PWR3  |    349.6843 |           0 |           0 |           0 |           0 |           0 |           0 |           0 |           0 |           0 |           0 |           0 |    335.4660 |           0 |           0 |           0 |           0 |           0 |           0 |           0 |           0 |           0 |           0 |           0 |
|          CAS_COUNT_RD          | MBOX0C0 |  2583421212 |           0 |           0 |           0 |           0 |           0 |           0 |           0 |           0 |           0 |           0 |           0 |  2300742949 |           0 |           0 |           0 |           0 |           0 |           0 |           0 |           0 |           0 |           0 |           0 |
|          CAS_COUNT_WR          | MBOX0C1 |   912315622 |           0 |           0 |           0 |           0 |           0 |           0 |           0 |           0 |           0 |           0 |           0 |   779832085 |           0 |           0 |           0 |           0 |           0 |           0 |           0 |           0 |           0 |           0 |           0 |
|          CAS_COUNT_RD          | MBOX1C0 |  2582675375 |           0 |           0 |           0 |           0 |           0 |           0 |           0 |           0 |           0 |           0 |           0 |  2297645596 |           0 |           0 |           0 |           0 |           0 |           0 |           0 |           0 |           0 |           0 |           0 |
|          CAS_COUNT_WR          | MBOX1C1 |   911009356 |           0 |           0 |           0 |           0 |           0 |           0 |           0 |           0 |           0 |           0 |           0 |   778191053 |           0 |           0 |           0 |           0 |           0 |           0 |           0 |           0 |           0 |           0 |           0 |
|          CAS_COUNT_RD          | MBOX2C0 |           0 |           0 |           0 |           0 |           0 |           0 |           0 |           0 |           0 |           0 |           0 |           0 |           0 |           0 |           0 |           0 |           0 |           0 |           0 |           0 |           0 |           0 |           0 |           0 |
|          CAS_COUNT_WR          | MBOX2C1 |           0 |           0 |           0 |           0 |           0 |           0 |           0 |           0 |           0 |           0 |           0 |           0 |           0 |           0 |           0 |           0 |           0 |           0 |           0 |           0 |           0 |           0 |           0 |           0 |
|          CAS_COUNT_RD          | MBOX3C0 |           0 |           0 |           0 |           0 |           0 |           0 |           0 |           0 |           0 |           0 |           0 |           0 |           0 |           0 |           0 |           0 |           0 |           0 |           0 |           0 |           0 |           0 |           0 |           0 |
|          CAS_COUNT_WR          | MBOX3C1 |           0 |           0 |           0 |           0 |           0 |           0 |           0 |           0 |           0 |           0 |           0 |           0 |           0 |           0 |           0 |           0 |           0 |           0 |           0 |           0 |           0 |           0 |           0 |           0 |
|          CAS_COUNT_RD          | MBOX4C0 |  2583657440 |           0 |           0 |           0 |           0 |           0 |           0 |           0 |           0 |           0 |           0 |           0 |  2299491232 |           0 |           0 |           0 |           0 |           0 |           0 |           0 |           0 |           0 |           0 |           0 |
|          CAS_COUNT_WR          | MBOX4C1 |   912607670 |           0 |           0 |           0 |           0 |           0 |           0 |           0 |           0 |           0 |           0 |           0 |   779469958 |           0 |           0 |           0 |           0 |           0 |           0 |           0 |           0 |           0 |           0 |           0 |
|          CAS_COUNT_RD          | MBOX5C0 |  2582856943 |           0 |           0 |           0 |           0 |           0 |           0 |           0 |           0 |           0 |           0 |           0 |  2297277990 |           0 |           0 |           0 |           0 |           0 |           0 |           0 |           0 |           0 |           0 |           0 |
|          CAS_COUNT_WR          | MBOX5C1 |   911803577 |           0 |           0 |           0 |           0 |           0 |           0 |           0 |           0 |           0 |           0 |           0 |   778510505 |           0 |           0 |           0 |           0 |           0 |           0 |           0 |           0 |           0 |           0 |           0 |
|          CAS_COUNT_RD          | MBOX6C0 |           0 |           0 |           0 |           0 |           0 |           0 |           0 |           0 |           0 |           0 |           0 |           0 |           0 |           0 |           0 |           0 |           0 |           0 |           0 |           0 |           0 |           0 |           0 |           0 |
|          CAS_COUNT_WR          | MBOX6C1 |           0 |           0 |           0 |           0 |           0 |           0 |           0 |           0 |           0 |           0 |           0 |           0 |           0 |           0 |           0 |           0 |           0 |           0 |           0 |           0 |           0 |           0 |           0 |           0 |
|          CAS_COUNT_RD          | MBOX7C0 |           0 |           0 |           0 |           0 |           0 |           0 |           0 |           0 |           0 |           0 |           0 |           0 |           0 |           0 |           0 |           0 |           0 |           0 |           0 |           0 |           0 |           0 |           0 |           0 |
|          CAS_COUNT_WR          | MBOX7C1 |           0 |           0 |           0 |           0 |           0 |           0 |           0 |           0 |           0 |           0 |           0 |           0 |           0 |           0 |           0 |           0 |           0 |           0 |           0 |           0 |           0 |           0 |           0 |           0 |
+--------------------------------+---------+-------------+-------------+-------------+-------------+-------------+-------------+-------------+-------------+-------------+-------------+-------------+-------------+-------------+-------------+-------------+-------------+-------------+-------------+-------------+-------------+-------------+-------------+-------------+-------------+
+-------------------------------------+---------+---------------+-------------+-------------+--------------+
|                Event                | Counter |      Sum      |     Min     |     Max     |      Avg     |
+-------------------------------------+---------+---------------+-------------+-------------+--------------+
|        INSTR_RETIRED_ANY STAT       |  FIXC0  |  826042050459 | 19917271901 | 48709784078 | 3.441842e+10 |
|      CPU_CLK_UNHALTED_CORE STAT     |  FIXC1  |  508153160574 | 18626373487 | 23465923373 | 2.117305e+10 |
|      CPU_CLK_UNHALTED_REF STAT      |  FIXC2  |  973960145095 | 35700542500 | 44976355261 | 4.058167e+10 |
|           FIXC1/FIXC0 STAT          |   CPI   |             0 |           0 |           0 |            0 |
|  OFFCORE_RESPONSE_0_LOCAL_DRAM STAT |   PMC0  |   13330802319 |   402197082 |   680759129 | 5.554501e+08 |
| OFFCORE_RESPONSE_1_REMOTE_DRAM STAT |   PMC1  |     316690768 |       16709 |    51735463 | 1.319545e+07 |
|  MEM_LOAD_UOPS_RETIRED_L3_ALL STAT  |   PMC2  |    3102954563 |    26510094 |   237702955 | 1.292898e+08 |
|  MEM_LOAD_UOPS_RETIRED_L3_MISS STAT |   PMC3  |    1037696684 |    12240452 |    75883752 | 4.323736e+07 |
|      L2_TRANS_ALL_REQUESTS STAT     |   PMC4  |  136460684031 |  4730459231 |  6603335099 | 5.685862e+09 |
|          L2_RQSTS_MISS STAT         |   PMC5  |   26290897509 |   989697703 |  1304159280 | 1.095454e+09 |
|        UOPS_RETIRED_ALL STAT        |   PMC6  | 1057280132264 | 26264910794 | 61411957173 | 4.405334e+10 |
|            TEMP_CORE STAT           |   TMP0  |           874 |          32 |          41 |      36.4167 |
|         PWR_PKG_ENERGY STAT         |   PWR0  |     2809.9311 |           0 |   1421.4750 |     117.0805 |
|         PWR_PP0_ENERGY STAT         |   PWR1  |             0 |           0 |           0 |            0 |
|         PWR_DRAM_ENERGY STAT        |   PWR3  |      685.1503 |           0 |    349.6843 |      28.5479 |
|          CAS_COUNT_RD STAT          | MBOX0C0 |    4884164161 |           0 |  2583421212 | 2.035068e+08 |
|          CAS_COUNT_WR STAT          | MBOX0C1 |    1692147707 |           0 |   912315622 | 7.050615e+07 |
|          CAS_COUNT_RD STAT          | MBOX1C0 |    4880320971 |           0 |  2582675375 | 2.033467e+08 |
|          CAS_COUNT_WR STAT          | MBOX1C1 |    1689200409 |           0 |   911009356 | 7.038335e+07 |
|          CAS_COUNT_RD STAT          | MBOX2C0 |             0 |           0 |           0 |            0 |
|          CAS_COUNT_WR STAT          | MBOX2C1 |             0 |           0 |           0 |            0 |
|          CAS_COUNT_RD STAT          | MBOX3C0 |             0 |           0 |           0 |            0 |
|          CAS_COUNT_WR STAT          | MBOX3C1 |             0 |           0 |           0 |            0 |
|          CAS_COUNT_RD STAT          | MBOX4C0 |    4883148672 |           0 |  2583657440 |    203464528 |
|          CAS_COUNT_WR STAT          | MBOX4C1 |    1692077628 |           0 |   912607670 | 7.050323e+07 |
|          CAS_COUNT_RD STAT          | MBOX5C0 |    4880134933 |           0 |  2582856943 | 2.033390e+08 |
|          CAS_COUNT_WR STAT          | MBOX5C1 |    1690314082 |           0 |   911803577 | 7.042975e+07 |
|          CAS_COUNT_RD STAT          | MBOX6C0 |             0 |           0 |           0 |            0 |
|          CAS_COUNT_WR STAT          | MBOX6C1 |             0 |           0 |           0 |            0 |
|          CAS_COUNT_RD STAT          | MBOX7C0 |             0 |           0 |           0 |            0 |
|          CAS_COUNT_WR STAT          | MBOX7C1 |             0 |           0 |           0 |            0 |
+-------------------------------------+---------+---------------+-------------+-------------+--------------+
+-----------------------------------+------------+-----------+-----------+-----------+-----------+-----------+-----------+-----------+--------------+--------------+--------------+-----------+------------+-----------+-----------+-----------+-----------+-----------+-----------+-----------+-----------+-----------+-----------+-----------+
|               Metric              |   Core 0   |   Core 1  |   Core 2  |   Core 3  |   Core 4  |   Core 5  |   Core 6  |   Core 7  |    Core 8    |    Core 9    |    Core 10   |  Core 11  |   Core 12  |  Core 13  |  Core 14  |  Core 15  |  Core 16  |  Core 17  |  Core 18  |  Core 19  |  Core 20  |  Core 21  |  Core 22  |  Core 23  |
+-----------------------------------+------------+-----------+-----------+-----------+-----------+-----------+-----------+-----------+--------------+--------------+--------------+-----------+------------+-----------+-----------+-----------+-----------+-----------+-----------+-----------+-----------+-----------+-----------+-----------+
|        Runtime (RDTSC) [s]        |    20.0008 |   20.0008 |   20.0008 |   20.0008 |   20.0008 |   20.0008 |   20.0008 |   20.0008 |      20.0008 |      20.0008 |      20.0008 |   20.0008 |    20.0008 |   20.0008 |   20.0008 |   20.0008 |   20.0008 |   20.0008 |   20.0008 |   20.0008 |   20.0008 |   20.0008 |   20.0008 |   20.0008 |
|        Runtime unhalted [s]       |    10.2026 |   10.1899 |   10.1845 |   10.1871 |   10.1009 |   10.0886 |    9.7132 |    8.1025 |       8.1105 |       8.1119 |       8.1024 |    8.0984 |     9.9127 |    9.9033 |    9.8954 |    9.8870 |    9.8698 |    9.8659 |    8.3998 |    8.4043 |    8.4047 |    8.4038 |    8.4038 |    8.3934 |
|            Clock [MHz]            |  1199.9993 | 1199.9996 | 1199.9993 | 1199.9996 | 1199.9995 | 1199.9993 | 1199.9994 | 1199.9996 |    1199.9993 |    1199.9996 |    1199.9995 | 1199.9996 |  1199.9993 | 1199.9993 | 1199.9994 | 1199.9994 | 1199.9996 | 1199.9993 | 1199.9993 | 1199.9995 | 1199.9993 | 1199.9994 | 1199.9994 | 1199.9995 |
|                CPI                |     0.4820 |    0.4812 |    0.4809 |    0.4811 |    0.4814 |    0.4809 |    0.9290 |    0.9127 |       0.9157 |       0.9155 |       0.9170 |    0.9155 |     0.4728 |    0.4722 |    0.4726 |    0.4727 |    0.4718 |    0.4716 |    0.9655 |    0.9653 |    0.9656 |    0.9666 |    0.9696 |    0.9693 |
|   Local DRAM data volume [GByte]  |    43.3328 |   43.0471 |   43.0330 |   42.9941 |   42.7836 |   42.5349 |   33.8072 |   29.5062 |      29.0645 |      29.0410 |      29.1377 |   26.8755 |    43.2351 |   43.5686 |   43.4410 |   43.3805 |   43.5585 |   43.5162 |   25.7406 |   26.8684 |   26.5343 |   26.2317 |   25.8644 |   26.0744 |
|   Local DRAM bandwidth [MByte/s]  |  2166.5558 | 2152.2690 | 2151.5683 | 2149.6223 | 2139.0969 | 2126.6609 | 1690.2946 | 1475.2502 |    1453.1681 |    1451.9945 |    1456.8271 | 1343.7248 |  2161.6721 | 2178.3440 | 2171.9636 | 2168.9424 | 2177.8383 | 2175.7273 | 1286.9803 | 1343.3656 | 1326.6632 | 1311.5317 | 1293.1683 | 1303.6701 |
|  Remote DRAM data volume [GByte]  |     0.6543 |    0.0180 |    0.0148 |    0.0145 |    0.0150 |    0.2409 |    0.0161 |    0.0027 |       0.0011 |       0.0011 |       0.0011 |    1.9035 |     0.2842 |    0.0137 |    0.0132 |    0.0145 |    0.0206 |    0.0523 |    3.3111 |    2.4842 |    2.4579 |    2.8420 |    2.9760 |    2.9155 |
|  Remote DRAM bandwidth [MByte/s]  |    32.7160 |    0.8981 |    0.7409 |    0.7258 |    0.7481 |   12.0423 |    0.8055 |    0.1372 |       0.0535 |       0.0561 |       0.0538 |   95.1688 |    14.2084 |    0.6871 |    0.6623 |    0.7228 |    1.0285 |    2.6172 |  165.5470 |  124.2029 |  122.8883 |  142.0931 |  148.7958 |  145.7713 |
|     Memory data volume [GByte]    |    43.9872 |   43.0650 |   43.0479 |   43.0086 |   42.7986 |   42.7757 |   33.8233 |   29.5089 |      29.0656 |      29.0421 |      29.1388 |   28.7790 |    43.5193 |   43.5823 |   43.4542 |   43.3950 |   43.5790 |   43.5686 |   29.0517 |   29.3525 |   28.9922 |   29.0736 |   28.8404 |   28.9900 |
|     Memory bandwidth [MByte/s]    |  2199.2719 | 2153.1671 | 2152.3092 | 2150.3480 | 2139.8449 | 2138.7032 | 1691.1002 | 1475.3875 |    1453.2215 |    1452.0506 |    1456.8809 | 1438.8936 |  2175.8805 | 2179.0311 | 2172.6259 | 2169.6652 | 2178.8668 | 2178.3446 | 1452.5274 | 1467.5685 | 1449.5515 | 1453.6248 | 1441.9641 | 1449.4414 |
|          L3 request rate          |     2.1566 |    2.2397 |    2.2541 |    2.2579 |    2.2407 |    2.2509 |    3.1359 |    3.0850 |       3.1942 |       3.1928 |       3.1925 |    3.2010 |     2.1346 |    2.1372 |    2.1558 |    2.1467 |    2.1372 |    2.1284 |    3.1053 |    3.0692 |    3.0927 |    3.0404 |    3.1017 |    3.0987 |
|            L3 miss rate           |     0.3730 |    0.0101 |    0.0083 |    0.0081 |    0.0085 |    0.1356 |    0.0011 |    0.0002 |       0.0001 |       0.0001 |       0.0001 |    0.1265 |     0.1655 |    0.0080 |    0.0077 |    0.0085 |    0.0121 |    0.0309 |    0.2290 |    0.1719 |    0.1691 |    0.1941 |    0.2027 |    0.1980 |
|           L3 miss ratio           |     0.0151 |    0.0004 |    0.0003 |    0.0003 |    0.0003 |    0.0057 |    0.0005 |    0.0001 | 3.679320e-05 | 3.862784e-05 | 3.693142e-05 |    0.0708 |     0.0066 |    0.0003 |    0.0003 |    0.0003 |    0.0005 |    0.0012 |    0.1286 |    0.0925 |    0.0926 |    0.1083 |    0.1151 |    0.1118 |
|          L2 request rate          |     0.1356 |    0.1326 |    0.1331 |    0.1326 |    0.1327 |    0.1334 |    0.2298 |    0.2329 |       0.2331 |       0.2330 |       0.2333 |    0.2325 |     0.1328 |    0.1328 |    0.1338 |    0.1325 |    0.1332 |    0.1329 |    0.2475 |    0.2475 |    0.2476 |    0.2508 |    0.2523 |    0.2528 |
|            L2 miss rate           |     0.0215 |    0.0209 |    0.0210 |    0.0209 |    0.0209 |    0.0210 |    0.0542 |    0.0572 |       0.0577 |       0.0577 |       0.0576 |    0.0578 |     0.0206 |    0.0206 |    0.0207 |    0.0206 |    0.0206 |    0.0206 |    0.0586 |    0.0582 |    0.0586 |    0.0586 |    0.0590 |    0.0592 |
|           L2 miss ratio           |     0.1587 |    0.1577 |    0.1576 |    0.1578 |    0.1574 |    0.1573 |    0.2360 |    0.2457 |       0.2475 |       0.2477 |       0.2468 |    0.2485 |     0.1553 |    0.1551 |    0.1551 |    0.1552 |    0.1547 |    0.1549 |    0.2366 |    0.2353 |    0.2365 |    0.2336 |    0.2337 |    0.2342 |
|  Memory read bandwidth [MBytes/s] | 33063.0625 |         0 |         0 |         0 |         0 |         0 |         0 |         0 |            0 |            0 |            0 |         0 | 29423.3545 |         0 |         0 |         0 |         0 |         0 |         0 |         0 |         0 |         0 |         0 |         0 |
|  Memory read data volume [GBytes] |   661.2871 |         0 |         0 |         0 |         0 |         0 |         0 |         0 |            0 |            0 |            0 |         0 |   588.4901 |         0 |         0 |         0 |         0 |         0 |         0 |         0 |         0 |         0 |         0 |         0 |
| Memory write bandwidth [MBytes/s] | 11672.2996 |         0 |         0 |         0 |         0 |         0 |         0 |         0 |            0 |            0 |            0 |         0 |  9970.8217 |         0 |         0 |         0 |         0 |         0 |         0 |         0 |         0 |         0 |         0 |         0 |
| Memory write data volume [GBytes] |   233.4551 |         0 |         0 |         0 |         0 |         0 |         0 |         0 |            0 |            0 |            0 |         0 |   199.4242 |         0 |         0 |         0 |         0 |         0 |         0 |         0 |         0 |         0 |         0 |         0 |
|    Memory bandwidth [MBytes/s]    | 44735.3621 |         0 |         0 |         0 |         0 |         0 |         0 |         0 |            0 |            0 |            0 |         0 | 39394.1762 |         0 |         0 |         0 |         0 |         0 |         0 |         0 |         0 |         0 |         0 |         0 |
|    Memory data volume [GBytes]    |   894.7422 |         0 |         0 |         0 |         0 |         0 |         0 |         0 |            0 |            0 |            0 |         0 |   787.9143 |         0 |         0 |         0 |         0 |         0 |         0 |         0 |         0 |         0 |         0 |         0 |
|          Temperature [C]          |         33 |        34 |        37 |        37 |        33 |        36 |        37 |        35 |           38 |           34 |           32 |        34 |         36 |        37 |        37 |        39 |        41 |        39 |        39 |        39 |        36 |        38 |        36 |        37 |
|             Energy [J]            |  1388.4561 |         0 |         0 |         0 |         0 |         0 |         0 |         0 |            0 |            0 |            0 |         0 |  1421.4750 |         0 |         0 |         0 |         0 |         0 |         0 |         0 |         0 |         0 |         0 |         0 |
|             Power [W]             |    69.4201 |         0 |         0 |         0 |         0 |         0 |         0 |         0 |            0 |            0 |            0 |         0 |    71.0710 |         0 |         0 |         0 |         0 |         0 |         0 |         0 |         0 |         0 |         0 |         0 |
|           Energy PP0 [J]          |          0 |         0 |         0 |         0 |         0 |         0 |         0 |         0 |            0 |            0 |            0 |         0 |          0 |         0 |         0 |         0 |         0 |         0 |         0 |         0 |         0 |         0 |         0 |         0 |
|           Power PP0 [W]           |          0 |         0 |         0 |         0 |         0 |         0 |         0 |         0 |            0 |            0 |            0 |         0 |          0 |         0 |         0 |         0 |         0 |         0 |         0 |         0 |         0 |         0 |         0 |         0 |
|          Energy DRAM [J]          |   349.6843 |         0 |         0 |         0 |         0 |         0 |         0 |         0 |            0 |            0 |            0 |         0 |   335.4660 |         0 |         0 |         0 |         0 |         0 |         0 |         0 |         0 |         0 |         0 |         0 |
|           Power DRAM [W]          |    17.4835 |         0 |         0 |         0 |         0 |         0 |         0 |         0 |            0 |            0 |            0 |         0 |    16.7726 |         0 |         0 |         0 |         0 |         0 |         0 |         0 |         0 |         0 |         0 |         0 |
+-----------------------------------+------------+-----------+-----------+-----------+-----------+-----------+-----------+-----------+--------------+--------------+--------------+-----------+------------+-----------+-----------+-----------+-----------+-----------+-----------+-----------+-----------+-----------+-----------+-----------+
+----------------------------------------+------------+--------------+------------+-----------+
|                 Metric                 |     Sum    |      Min     |     Max    |    Avg    |
+----------------------------------------+------------+--------------+------------+-----------+
|        Runtime (RDTSC) [s] STAT        |   480.0192 |      20.0008 |    20.0008 |   20.0008 |
|        Runtime unhalted [s] STAT       |   220.9364 |       8.0984 |    10.2026 |    9.2057 |
|            Clock [MHz] STAT            | 28799.9863 |    1199.9993 |  1199.9996 | 1199.9994 |
|                CPI STAT                |    17.0285 |       0.4716 |     0.9696 |    0.7095 |
|   Local DRAM data volume [GByte] STAT  |   853.1713 |      25.7406 |    43.5686 |   35.5488 |
|   Local DRAM bandwidth [MByte/s] STAT  | 42656.8994 |    1286.9803 |  2178.3440 | 1777.3708 |
|  Remote DRAM data volume [GByte] STAT  |    20.2683 |       0.0011 |     3.3111 |    0.8445 |
|  Remote DRAM bandwidth [MByte/s] STAT  |  1013.3708 |       0.0535 |   165.5470 |   42.2238 |
|     Memory data volume [GByte] STAT    |   873.4395 |      28.7790 |    43.9872 |   36.3933 |
|     Memory bandwidth [MByte/s] STAT    | 43670.2704 |    1438.8936 |  2199.2719 | 1819.5946 |
|          L3 request rate STAT          |    63.7492 |       2.1284 |     3.2010 |    2.6562 |
|            L3 miss rate STAT           |     2.0692 |       0.0001 |     0.3730 |    0.0862 |
|           L3 miss ratio STAT           |     0.7517 | 3.679320e-05 |     0.1286 |    0.0313 |
|          L2 request rate STAT          |     4.4911 |       0.1325 |     0.2528 |    0.1871 |
|            L2 miss rate STAT           |     0.9443 |       0.0206 |     0.0592 |    0.0393 |
|           L2 miss ratio STAT           |     4.7589 |       0.1547 |     0.2485 |    0.1983 |
|  Memory read bandwidth [MBytes/s] STAT | 62486.4170 |            0 | 33063.0625 | 2603.6007 |
|  Memory read data volume [GBytes] STAT |  1249.7772 |            0 |   661.2871 |   52.0740 |
| Memory write bandwidth [MBytes/s] STAT | 21643.1213 |            0 | 11672.2996 |  901.7967 |
| Memory write data volume [GBytes] STAT |   432.8793 |            0 |   233.4551 |   18.0366 |
|    Memory bandwidth [MBytes/s] STAT    | 84129.5383 |            0 | 44735.3621 | 3505.3974 |
|    Memory data volume [GBytes] STAT    |  1682.6565 |            0 |   894.7422 |   70.1107 |
|          Temperature [C] STAT          |        874 |           32 |         41 |   36.4167 |
|             Energy [J] STAT            |  2809.9311 |            0 |  1421.4750 |  117.0805 |
|             Power [W] STAT             |   140.4911 |            0 |    71.0710 |    5.8538 |
|           Energy PP0 [J] STAT          |          0 |            0 |          0 |         0 |
|           Power PP0 [W] STAT           |          0 |            0 |          0 |         0 |
|          Energy DRAM [J] STAT          |   685.1503 |            0 |   349.6843 |   28.5479 |
|           Power DRAM [W] STAT          |    34.2561 |            0 |    17.4835 |    1.4273 |
+----------------------------------------+------------+--------------+------------+-----------+
