--------------------------------------------------------------------------------
CPU name:	Intel(R) Xeon(R) CPU E5-2670 v3 @ 2.30GHz
CPU type:	Intel Xeon Haswell EN/EP/EX processor
CPU clock:	2.30 GHz
--------------------------------------------------------------------------------
Group 1: POWERPERF
+--------------------------------+---------+-------------+-------------+-------------+-------------+-------------+-------------+-------------+-------------+-------------+-------------+-------------+-------------+-------------+-------------+-------------+-------------+-------------+-------------+-------------+-------------+-------------+-------------+-------------+-------------+
|              Event             | Counter |    Core 0   |    Core 1   |    Core 2   |    Core 3   |    Core 4   |    Core 5   |    Core 6   |    Core 7   |    Core 8   |    Core 9   |   Core 10   |   Core 11   |   Core 12   |   Core 13   |   Core 14   |   Core 15   |   Core 16   |   Core 17   |   Core 18   |   Core 19   |   Core 20   |   Core 21   |   Core 22   |   Core 23   |
+--------------------------------+---------+-------------+-------------+-------------+-------------+-------------+-------------+-------------+-------------+-------------+-------------+-------------+-------------+-------------+-------------+-------------+-------------+-------------+-------------+-------------+-------------+-------------+-------------+-------------+-------------+
|        INSTR_RETIRED_ANY       |  FIXC0  | 13358163810 |  9928961279 |  9928697983 |  9923131140 |  9912220661 |  9910035964 | 22807869964 | 22680516711 | 22750492046 | 22615872418 | 22485011328 | 22732426334 |  9607672859 |  9617720408 |  9624626300 |  9543445433 |  9550541266 |  9547043049 | 23346983790 | 23252762470 | 23294637614 | 23356028429 | 23126635290 | 23334231394 |
|      CPU_CLK_UNHALTED_CORE     |  FIXC1  | 10953880010 |  9026061382 |  9022844716 |  9017900716 |  9014643148 |  9008227106 | 11902988856 | 11903662157 | 11904139934 | 11903348664 | 11902407921 | 11905910182 |  9632611671 |  9636498683 |  9634853332 |  9643510204 |  9644113269 |  9638084360 | 11882788930 | 11880972391 | 11882354056 | 11883215297 | 11876611991 | 11886676748 |
|      CPU_CLK_UNHALTED_REF      |  FIXC2  | 20994931783 | 17299947145 | 17293781995 | 17284304408 | 17278061495 | 17265766937 | 22814058616 | 22815347352 | 22816265742 | 22814745258 | 22812942702 | 22819653849 | 18462503420 | 18469952499 | 18466799751 | 18483392618 | 18484547954 | 18472992225 | 22775342256 | 22771860171 | 22774510346 | 22776162620 | 22763507146 | 22782795590 |
|           FIXC1/FIXC0          |   CPI   |           0 |           0 |           0 |           0 |           0 |           0 |           0 |           0 |           0 |           0 |           0 |           0 |           0 |           0 |           0 |           0 |           0 |           0 |           0 |           0 |           0 |           0 |           0 |           0 |
|  OFFCORE_RESPONSE_0_LOCAL_DRAM |   PMC0  |   275192569 |   229972295 |   230068991 |   228992098 |   231191147 |   223905509 |   107517230 |   111555062 |   109300099 |   112135588 |   112814342 |   107519018 |   168856233 |   182919382 |   182400284 |   172469551 |   175543765 |   178533703 |   106064092 |   107197471 |   109159539 |   110522650 |   110301470 |   111173533 |
| OFFCORE_RESPONSE_1_REMOTE_DRAM |   PMC1  |      209321 |       13678 |       14447 |       14017 |       19164 |     7235763 |      312035 |      384663 |      281024 |      395524 |      334342 |       93885 |    52070061 |    41039244 |    42130023 |    50078865 |    49101876 |    47867918 |      186137 |       88665 |      158659 |       56881 |      105845 |       52144 |
|  MEM_LOAD_UOPS_RETIRED_L3_ALL  |   PMC2  |   119284181 |   114272431 |   114524885 |   114506459 |   113533842 |   113287359 |    12926220 |    12858605 |    13912584 |    12313294 |    12899611 |    12060390 |   110076419 |   109394696 |   110008596 |   112086959 |   111265940 |   111486783 |    11285760 |    12078123 |    12788316 |    11584225 |    11912243 |    12013336 |
|  MEM_LOAD_UOPS_RETIRED_L3_MISS |   PMC3  |    37626958 |    35934118 |    36053121 |    35646182 |    35736763 |    35490215 |     2239161 |     2477741 |     2453860 |     2317652 |     2374590 |     2217997 |    36857351 |    37061588 |    38082608 |    38208133 |    38125517 |    38170273 |     2127402 |     2310681 |     2447664 |     2246668 |     2233853 |     2228881 |
|      L2_TRANS_ALL_REQUESTS     |   PMC4  |  2626885403 |  2197638637 |  2198913336 |  2199091708 |  2191134314 |  2187577007 |  1965939599 |  2000945674 |  2018509476 |  2013047749 |  2035286160 |  1982153666 |  2413611713 |  2410470618 |  2419054704 |  2486560783 |  2482064944 |  2478189440 |  1952610701 |  1986469577 |  2034875438 |  1999267167 |  1979044413 |  2044620133 |
|          L2_RQSTS_MISS         |   PMC5  |   661375968 |   546033212 |   545911328 |   547345178 |   543127729 |   542704811 |   519487324 |   523529682 |   535630921 |   525419579 |   535039543 |   519394320 |   554070132 |   550930001 |   550394293 |   552935749 |   550664825 |   550300611 |   510639623 |   516486373 |   530602103 |   516709158 |   515030442 |   530215119 |
|        UOPS_RETIRED_ALL        |   PMC6  | 17345327245 | 13357935179 | 13356956425 | 13347452263 | 13339813294 | 13337564748 | 28379920375 | 28104623755 | 28215700165 | 27944819472 | 27788389227 | 28201485436 | 12726170199 | 12744305256 | 12758062182 | 12594940656 | 12608859976 | 12603599193 | 29124681781 | 28881696456 | 28867268017 | 28957250278 | 28748262533 | 28859453221 |
|            TEMP_CORE           |   TMP0  |          35 |          33 |          34 |          34 |          34 |          34 |          35 |          33 |          31 |          33 |          29 |          32 |          34 |          35 |          35 |          35 |          38 |          35 |          35 |          36 |          36 |          34 |          38 |          35 |
|         PWR_PKG_ENERGY         |   PWR0  |    629.9357 |           0 |           0 |           0 |           0 |           0 |           0 |           0 |           0 |           0 |           0 |           0 |    585.2731 |           0 |           0 |           0 |           0 |           0 |           0 |           0 |           0 |           0 |           0 |           0 |
|         PWR_PP0_ENERGY         |   PWR1  |           0 |           0 |           0 |           0 |           0 |           0 |           0 |           0 |           0 |           0 |           0 |           0 |           0 |           0 |           0 |           0 |           0 |           0 |           0 |           0 |           0 |           0 |           0 |           0 |
|         PWR_DRAM_ENERGY        |   PWR3  |    155.3876 |           0 |           0 |           0 |           0 |           0 |           0 |           0 |           0 |           0 |           0 |           0 |    132.8911 |           0 |           0 |           0 |           0 |           0 |           0 |           0 |           0 |           0 |           0 |           0 |
|          CAS_COUNT_RD          | MBOX0C0 |   936741919 |           0 |           0 |           0 |           0 |           0 |           0 |           0 |           0 |           0 |           0 |           0 |   635746451 |           0 |           0 |           0 |           0 |           0 |           0 |           0 |           0 |           0 |           0 |           0 |
|          CAS_COUNT_WR          | MBOX0C1 |   410517872 |           0 |           0 |           0 |           0 |           0 |           0 |           0 |           0 |           0 |           0 |           0 |   276451634 |           0 |           0 |           0 |           0 |           0 |           0 |           0 |           0 |           0 |           0 |           0 |
|          CAS_COUNT_RD          | MBOX1C0 |   937242344 |           0 |           0 |           0 |           0 |           0 |           0 |           0 |           0 |           0 |           0 |           0 |   636703383 |           0 |           0 |           0 |           0 |           0 |           0 |           0 |           0 |           0 |           0 |           0 |
|          CAS_COUNT_WR          | MBOX1C1 |   411027779 |           0 |           0 |           0 |           0 |           0 |           0 |           0 |           0 |           0 |           0 |           0 |   277167059 |           0 |           0 |           0 |           0 |           0 |           0 |           0 |           0 |           0 |           0 |           0 |
|          CAS_COUNT_RD          | MBOX2C0 |           0 |           0 |           0 |           0 |           0 |           0 |           0 |           0 |           0 |           0 |           0 |           0 |           0 |           0 |           0 |           0 |           0 |           0 |           0 |           0 |           0 |           0 |           0 |           0 |
|          CAS_COUNT_WR          | MBOX2C1 |           0 |           0 |           0 |           0 |           0 |           0 |           0 |           0 |           0 |           0 |           0 |           0 |           0 |           0 |           0 |           0 |           0 |           0 |           0 |           0 |           0 |           0 |           0 |           0 |
|          CAS_COUNT_RD          | MBOX3C0 |           0 |           0 |           0 |           0 |           0 |           0 |           0 |           0 |           0 |           0 |           0 |           0 |           0 |           0 |           0 |           0 |           0 |           0 |           0 |           0 |           0 |           0 |           0 |           0 |
|          CAS_COUNT_WR          | MBOX3C1 |           0 |           0 |           0 |           0 |           0 |           0 |           0 |           0 |           0 |           0 |           0 |           0 |           0 |           0 |           0 |           0 |           0 |           0 |           0 |           0 |           0 |           0 |           0 |           0 |
|          CAS_COUNT_RD          | MBOX4C0 |   936355276 |           0 |           0 |           0 |           0 |           0 |           0 |           0 |           0 |           0 |           0 |           0 |   635446761 |           0 |           0 |           0 |           0 |           0 |           0 |           0 |           0 |           0 |           0 |           0 |
|          CAS_COUNT_WR          | MBOX4C1 |   410938288 |           0 |           0 |           0 |           0 |           0 |           0 |           0 |           0 |           0 |           0 |           0 |   276859750 |           0 |           0 |           0 |           0 |           0 |           0 |           0 |           0 |           0 |           0 |           0 |
|          CAS_COUNT_RD          | MBOX5C0 |   936756666 |           0 |           0 |           0 |           0 |           0 |           0 |           0 |           0 |           0 |           0 |           0 |   635892022 |           0 |           0 |           0 |           0 |           0 |           0 |           0 |           0 |           0 |           0 |           0 |
|          CAS_COUNT_WR          | MBOX5C1 |   411518939 |           0 |           0 |           0 |           0 |           0 |           0 |           0 |           0 |           0 |           0 |           0 |   277377055 |           0 |           0 |           0 |           0 |           0 |           0 |           0 |           0 |           0 |           0 |           0 |
|          CAS_COUNT_RD          | MBOX6C0 |           0 |           0 |           0 |           0 |           0 |           0 |           0 |           0 |           0 |           0 |           0 |           0 |           0 |           0 |           0 |           0 |           0 |           0 |           0 |           0 |           0 |           0 |           0 |           0 |
|          CAS_COUNT_WR          | MBOX6C1 |           0 |           0 |           0 |           0 |           0 |           0 |           0 |           0 |           0 |           0 |           0 |           0 |           0 |           0 |           0 |           0 |           0 |           0 |           0 |           0 |           0 |           0 |           0 |           0 |
|          CAS_COUNT_RD          | MBOX7C0 |           0 |           0 |           0 |           0 |           0 |           0 |           0 |           0 |           0 |           0 |           0 |           0 |           0 |           0 |           0 |           0 |           0 |           0 |           0 |           0 |           0 |           0 |           0 |           0 |
|          CAS_COUNT_WR          | MBOX7C1 |           0 |           0 |           0 |           0 |           0 |           0 |           0 |           0 |           0 |           0 |           0 |           0 |           0 |           0 |           0 |           0 |           0 |           0 |           0 |           0 |           0 |           0 |           0 |           0 |
+--------------------------------+---------+-------------+-------------+-------------+-------------+-------------+-------------+-------------+-------------+-------------+-------------+-------------+-------------+-------------+-------------+-------------+-------------+-------------+-------------+-------------+-------------+-------------+-------------+-------------+-------------+
+-------------------------------------+---------+--------------+-------------+-------------+--------------+
|                Event                | Counter |      Sum     |     Min     |     Max     |      Avg     |
+-------------------------------------+---------+--------------+-------------+-------------+--------------+
|        INSTR_RETIRED_ANY STAT       |  FIXC0  | 396235727940 |  9543445433 | 23356028429 | 1.650982e+10 |
|      CPU_CLK_UNHALTED_CORE STAT     |  FIXC1  | 256588305724 |  9008227106 | 11905910182 | 1.069118e+10 |
|      CPU_CLK_UNHALTED_REF STAT      |  FIXC2  | 491794173878 | 17265766937 | 22819653849 | 2.049142e+10 |
|           FIXC1/FIXC0 STAT          |   CPI   |            0 |           0 |           0 |            0 |
|  OFFCORE_RESPONSE_0_LOCAL_DRAM STAT |   PMC0  |   3795305621 |   106064092 |   275192569 | 1.581377e+08 |
| OFFCORE_RESPONSE_1_REMOTE_DRAM STAT |   PMC1  |    292244181 |       13678 |    52070061 | 1.217684e+07 |
|  MEM_LOAD_UOPS_RETIRED_L3_ALL STAT  |   PMC2  |   1502361257 |    11285760 |   119284181 | 6.259839e+07 |
|  MEM_LOAD_UOPS_RETIRED_L3_MISS STAT |   PMC3  |    470668977 |     2127402 |    38208133 | 1.961121e+07 |
|      L2_TRANS_ALL_REQUESTS STAT     |   PMC4  |  52303962360 |  1952610701 |  2626885403 |   2179331765 |
|          L2_RQSTS_MISS STAT         |   PMC5  |  12973978024 |   510639623 |   661375968 | 5.405824e+08 |
|        UOPS_RETIRED_ALL STAT        |   PMC6  | 502194537332 | 12594940656 | 29124681781 | 2.092477e+10 |
|            TEMP_CORE STAT           |   TMP0  |          823 |          29 |          38 |      34.2917 |
|         PWR_PKG_ENERGY STAT         |   PWR0  |    1215.2088 |           0 |    629.9357 |      50.6337 |
|         PWR_PP0_ENERGY STAT         |   PWR1  |            0 |           0 |           0 |            0 |
|         PWR_DRAM_ENERGY STAT        |   PWR3  |     288.2787 |           0 |    155.3876 |      12.0116 |
|          CAS_COUNT_RD STAT          | MBOX0C0 |   1572488370 |           0 |   936741919 | 6.552035e+07 |
|          CAS_COUNT_WR STAT          | MBOX0C1 |    686969506 |           0 |   410517872 | 2.862373e+07 |
|          CAS_COUNT_RD STAT          | MBOX1C0 |   1573945727 |           0 |   937242344 | 6.558107e+07 |
|          CAS_COUNT_WR STAT          | MBOX1C1 |    688194838 |           0 |   411027779 | 2.867478e+07 |
|          CAS_COUNT_RD STAT          | MBOX2C0 |            0 |           0 |           0 |            0 |
|          CAS_COUNT_WR STAT          | MBOX2C1 |            0 |           0 |           0 |            0 |
|          CAS_COUNT_RD STAT          | MBOX3C0 |            0 |           0 |           0 |            0 |
|          CAS_COUNT_WR STAT          | MBOX3C1 |            0 |           0 |           0 |            0 |
|          CAS_COUNT_RD STAT          | MBOX4C0 |   1571802037 |           0 |   936355276 | 6.549175e+07 |
|          CAS_COUNT_WR STAT          | MBOX4C1 |    687798038 |           0 |   410938288 | 2.865825e+07 |
|          CAS_COUNT_RD STAT          | MBOX5C0 |   1572648688 |           0 |   936756666 | 6.552703e+07 |
|          CAS_COUNT_WR STAT          | MBOX5C1 |    688895994 |           0 |   411518939 | 2.870400e+07 |
|          CAS_COUNT_RD STAT          | MBOX6C0 |            0 |           0 |           0 |            0 |
|          CAS_COUNT_WR STAT          | MBOX6C1 |            0 |           0 |           0 |            0 |
|          CAS_COUNT_RD STAT          | MBOX7C0 |            0 |           0 |           0 |            0 |
|          CAS_COUNT_WR STAT          | MBOX7C1 |            0 |           0 |           0 |            0 |
+-------------------------------------+---------+--------------+-------------+-------------+--------------+
+-----------------------------------+------------+-----------+-----------+-----------+-----------+-----------+-----------+-----------+-----------+-----------+-----------+-----------+------------+-----------+-----------+-----------+-----------+-----------+-----------+-----------+-----------+-----------+-----------+-----------+
|               Metric              |   Core 0   |   Core 1  |   Core 2  |   Core 3  |   Core 4  |   Core 5  |   Core 6  |   Core 7  |   Core 8  |   Core 9  |  Core 10  |  Core 11  |   Core 12  |  Core 13  |  Core 14  |  Core 15  |  Core 16  |  Core 17  |  Core 18  |  Core 19  |  Core 20  |  Core 21  |  Core 22  |  Core 23  |
+-----------------------------------+------------+-----------+-----------+-----------+-----------+-----------+-----------+-----------+-----------+-----------+-----------+-----------+------------+-----------+-----------+-----------+-----------+-----------+-----------+-----------+-----------+-----------+-----------+-----------+
|        Runtime (RDTSC) [s]        |    10.0007 |   10.0007 |   10.0007 |   10.0007 |   10.0007 |   10.0007 |   10.0007 |   10.0007 |   10.0007 |   10.0007 |   10.0007 |   10.0007 |    10.0007 |   10.0007 |   10.0007 |   10.0007 |   10.0007 |   10.0007 |   10.0007 |   10.0007 |   10.0007 |   10.0007 |   10.0007 |   10.0007 |
|        Runtime unhalted [s]       |     4.7626 |    3.9244 |    3.9230 |    3.9208 |    3.9194 |    3.9166 |    5.1752 |    5.1755 |    5.1757 |    5.1754 |    5.1750 |    5.1765 |     4.1881 |    4.1898 |    4.1891 |    4.1928 |    4.1931 |    4.1905 |    5.1664 |    5.1657 |    5.1663 |    5.1666 |    5.1638 |    5.1681 |
|            Clock [MHz]            |  1199.9966 | 1199.9966 | 1199.9966 | 1199.9967 | 1199.9966 | 1199.9964 | 1199.9965 | 1199.9966 | 1199.9964 | 1199.9966 | 1199.9966 | 1199.9967 |  1199.9965 | 1199.9965 | 1199.9965 | 1199.9964 | 1199.9965 | 1199.9965 | 1199.9965 | 1199.9965 | 1199.9964 | 1199.9963 | 1199.9963 | 1199.9964 |
|                CPI                |     0.8200 |    0.9091 |    0.9088 |    0.9088 |    0.9094 |    0.9090 |    0.5219 |    0.5248 |    0.5232 |    0.5263 |    0.5293 |    0.5237 |     1.0026 |    1.0020 |    1.0011 |    1.0105 |    1.0098 |    1.0095 |    0.5090 |    0.5109 |    0.5101 |    0.5088 |    0.5135 |    0.5094 |
|   Local DRAM data volume [GByte]  |    17.6123 |   14.7182 |   14.7244 |   14.6555 |   14.7962 |   14.3300 |    6.8811 |    7.1395 |    6.9952 |    7.1767 |    7.2201 |    6.8812 |    10.8068 |   11.7068 |   11.6736 |   11.0381 |   11.2348 |   11.4262 |    6.7881 |    6.8606 |    6.9862 |    7.0734 |    7.0593 |    7.1151 |
|   Local DRAM bandwidth [MByte/s]  |  1761.1036 | 1471.7151 | 1472.3339 | 1465.4423 | 1479.5151 | 1432.8905 |  688.0600 |  713.9002 |  699.4695 |  717.6153 |  721.9590 |  688.0714 |  1080.6009 | 1170.5984 | 1167.2765 | 1103.7244 | 1123.3979 | 1142.5321 |  678.7605 |  686.0136 |  698.5700 |  707.2932 |  705.8778 |  711.4586 |
|  Remote DRAM data volume [GByte]  |     0.0134 |    0.0009 |    0.0009 |    0.0009 |    0.0012 |    0.4631 |    0.0200 |    0.0246 |    0.0180 |    0.0253 |    0.0214 |    0.0060 |     3.3325 |    2.6265 |    2.6963 |    3.2050 |    3.1425 |    3.0635 |    0.0119 |    0.0057 |    0.0102 |    0.0036 |    0.0068 |    0.0033 |
|  Remote DRAM bandwidth [MByte/s]  |     1.3396 |    0.0875 |    0.0925 |    0.0897 |    0.1226 |   46.3055 |    1.9969 |    2.4617 |    1.7984 |    2.5312 |    2.1396 |    0.6008 |   333.2240 |  262.6320 |  269.6124 |  320.4813 |  314.2290 |  306.3323 |    1.1912 |    0.5674 |    1.0153 |    0.3640 |    0.6774 |    0.3337 |
|     Memory data volume [GByte]    |    17.6257 |   14.7191 |   14.7253 |   14.6564 |   14.7975 |   14.7930 |    6.9011 |    7.1641 |    7.0132 |    7.2020 |    7.2415 |    6.8872 |    14.1393 |   14.3334 |   14.3699 |   14.2431 |   14.3773 |   14.4897 |    6.8000 |    6.8663 |    6.9964 |    7.0771 |    7.0661 |    7.1184 |
|     Memory bandwidth [MByte/s]    |  1762.4432 | 1471.8026 | 1472.4263 | 1465.5320 | 1479.6378 | 1479.1960 |  690.0568 |  716.3618 |  701.2679 |  720.1464 |  724.0986 |  688.6722 |  1413.8249 | 1433.2304 | 1436.8889 | 1424.2057 | 1437.6270 | 1448.8644 |  679.9517 |  686.5811 |  699.5853 |  707.6572 |  706.5551 |  711.7923 |
|          L3 request rate          |     3.1702 |    3.1801 |    3.1766 |    3.2123 |    3.1769 |    3.1921 |    5.7728 |    5.1896 |    5.6697 |    5.3128 |    5.4324 |    5.4375 |     2.9866 |    2.9517 |    2.8887 |    2.9336 |    2.9184 |    2.9208 |    5.3049 |    5.2271 |    5.2247 |    5.1562 |    5.3326 |    5.3899 |
|            L3 miss rate           |     0.0018 |    0.0001 |    0.0001 |    0.0001 |    0.0002 |    0.0639 |    0.0241 |    0.0299 |    0.0202 |    0.0321 |    0.0259 |    0.0078 |     0.4730 |    0.3751 |    0.3830 |    0.4468 |    0.4413 |    0.4294 |    0.0165 |    0.0073 |    0.0124 |    0.0049 |    0.0089 |    0.0043 |
|           L3 miss ratio           |     0.0008 |    0.0001 |    0.0001 |    0.0001 |    0.0001 |    0.0323 |    0.0029 |    0.0034 |    0.0026 |    0.0035 |    0.0030 |    0.0009 |     0.3084 |    0.2244 |    0.2310 |    0.2904 |    0.2797 |    0.2681 |    0.0018 |    0.0008 |    0.0015 |    0.0005 |    0.0010 |    0.0005 |
|          L2 request rate          |     0.1967 |    0.2213 |    0.2215 |    0.2216 |    0.2211 |    0.2207 |    0.0862 |    0.0882 |    0.0887 |    0.0890 |    0.0905 |    0.0872 |     0.2512 |    0.2506 |    0.2513 |    0.2606 |    0.2599 |    0.2596 |    0.0836 |    0.0854 |    0.0874 |    0.0856 |    0.0856 |    0.0876 |
|            L2 miss rate           |     0.0495 |    0.0550 |    0.0550 |    0.0552 |    0.0548 |    0.0548 |    0.0228 |    0.0231 |    0.0235 |    0.0232 |    0.0238 |    0.0228 |     0.0577 |    0.0573 |    0.0572 |    0.0579 |    0.0577 |    0.0576 |    0.0219 |    0.0222 |    0.0228 |    0.0221 |    0.0223 |    0.0227 |
|           L2 miss ratio           |     0.2518 |    0.2485 |    0.2483 |    0.2489 |    0.2479 |    0.2481 |    0.2642 |    0.2616 |    0.2654 |    0.2610 |    0.2629 |    0.2620 |     0.2296 |    0.2286 |    0.2275 |    0.2224 |    0.2219 |    0.2221 |    0.2615 |    0.2600 |    0.2608 |    0.2584 |    0.2602 |    0.2593 |
|  Memory read bandwidth [MBytes/s] | 23979.6620 |         0 |         0 |         0 |         0 |         0 |         0 |         0 |         0 |         0 |         0 |         0 | 16279.0566 |         0 |         0 |         0 |         0 |         0 |         0 |         0 |         0 |         0 |         0 |         0 |
|  Memory read data volume [GBytes] |   239.8142 |         0 |         0 |         0 |         0 |         0 |         0 |         0 |         0 |         0 |         0 |         0 |   162.8025 |         0 |         0 |         0 |         0 |         0 |         0 |         0 |         0 |         0 |         0 |         0 |
| Memory write bandwidth [MBytes/s] | 10520.8490 |         0 |         0 |         0 |         0 |         0 |         0 |         0 |         0 |         0 |         0 |         0 |  7089.7567 |         0 |         0 |         0 |         0 |         0 |         0 |         0 |         0 |         0 |         0 |         0 |
| Memory write data volume [GBytes] |   105.2162 |         0 |         0 |         0 |         0 |         0 |         0 |         0 |         0 |         0 |         0 |         0 |    70.9028 |         0 |         0 |         0 |         0 |         0 |         0 |         0 |         0 |         0 |         0 |         0 |
|    Memory bandwidth [MBytes/s]    | 34500.5110 |         0 |         0 |         0 |         0 |         0 |         0 |         0 |         0 |         0 |         0 |         0 | 23368.8133 |         0 |         0 |         0 |         0 |         0 |         0 |         0 |         0 |         0 |         0 |         0 |
|    Memory data volume [GBytes]    |   345.0303 |         0 |         0 |         0 |         0 |         0 |         0 |         0 |         0 |         0 |         0 |         0 |   233.7052 |         0 |         0 |         0 |         0 |         0 |         0 |         0 |         0 |         0 |         0 |         0 |
|          Temperature [C]          |         35 |        33 |        34 |        34 |        34 |        34 |        35 |        33 |        31 |        33 |        29 |        32 |         34 |        35 |        35 |        35 |        38 |        35 |        35 |        36 |        36 |        34 |        38 |        35 |
|             Energy [J]            |   629.9357 |         0 |         0 |         0 |         0 |         0 |         0 |         0 |         0 |         0 |         0 |         0 |   585.2731 |         0 |         0 |         0 |         0 |         0 |         0 |         0 |         0 |         0 |         0 |         0 |
|             Power [W]             |    62.9890 |         0 |         0 |         0 |         0 |         0 |         0 |         0 |         0 |         0 |         0 |         0 |    58.5230 |         0 |         0 |         0 |         0 |         0 |         0 |         0 |         0 |         0 |         0 |         0 |
|           Energy PP0 [J]          |          0 |         0 |         0 |         0 |         0 |         0 |         0 |         0 |         0 |         0 |         0 |         0 |          0 |         0 |         0 |         0 |         0 |         0 |         0 |         0 |         0 |         0 |         0 |         0 |
|           Power PP0 [W]           |          0 |         0 |         0 |         0 |         0 |         0 |         0 |         0 |         0 |         0 |         0 |         0 |          0 |         0 |         0 |         0 |         0 |         0 |         0 |         0 |         0 |         0 |         0 |         0 |
|          Energy DRAM [J]          |   155.3876 |         0 |         0 |         0 |         0 |         0 |         0 |         0 |         0 |         0 |         0 |         0 |   132.8911 |         0 |         0 |         0 |         0 |         0 |         0 |         0 |         0 |         0 |         0 |         0 |
|           Power DRAM [W]          |    15.5376 |         0 |         0 |         0 |         0 |         0 |         0 |         0 |         0 |         0 |         0 |         0 |    13.2881 |         0 |         0 |         0 |         0 |         0 |         0 |         0 |         0 |         0 |         0 |         0 |
+-----------------------------------+------------+-----------+-----------+-----------+-----------+-----------+-----------+-----------+-----------+-----------+-----------+-----------+------------+-----------+-----------+-----------+-----------+-----------+-----------+-----------+-----------+-----------+-----------+-----------+
+----------------------------------------+------------+-----------+------------+-----------+
|                 Metric                 |     Sum    |    Min    |     Max    |    Avg    |
+----------------------------------------+------------+-----------+------------+-----------+
|        Runtime (RDTSC) [s] STAT        |   240.0168 |   10.0007 |    10.0007 |   10.0007 |
|        Runtime unhalted [s] STAT       |   111.5604 |    3.9166 |     5.1765 |    4.6483 |
|            Clock [MHz] STAT            | 28799.9162 | 1199.9963 |  1199.9967 | 1199.9965 |
|                CPI STAT                |    17.6115 |    0.5088 |     1.0105 |    0.7338 |
|   Local DRAM data volume [GByte] STAT  |   242.8994 |    6.7881 |    17.6123 |   10.1208 |
|   Local DRAM bandwidth [MByte/s] STAT  | 24288.1798 |  678.7605 |  1761.1036 | 1012.0075 |
|  Remote DRAM data volume [GByte] STAT  |    18.7035 |    0.0009 |     3.3325 |    0.7793 |
|  Remote DRAM bandwidth [MByte/s] STAT  |  1870.2260 |    0.0875 |   333.2240 |   77.9261 |
|     Memory data volume [GByte] STAT    |   261.6031 |    6.8000 |    17.6257 |   10.9001 |
|     Memory bandwidth [MByte/s] STAT    | 26158.4056 |  679.9517 |  1762.4432 | 1089.9336 |
|          L3 request rate STAT          |   101.1582 |    2.8887 |     5.7728 |    4.2149 |
|            L3 miss rate STAT           |     2.8091 |    0.0001 |     0.4730 |    0.1170 |
|           L3 miss ratio STAT           |     1.6579 |    0.0001 |     0.3084 |    0.0691 |
|          L2 request rate STAT          |     3.8811 |    0.0836 |     0.2606 |    0.1617 |
|            L2 miss rate STAT           |     0.9429 |    0.0219 |     0.0579 |    0.0393 |
|           L2 miss ratio STAT           |     5.9829 |    0.2219 |     0.2654 |    0.2493 |
|  Memory read bandwidth [MBytes/s] STAT | 40258.7186 |         0 | 23979.6620 | 1677.4466 |
|  Memory read data volume [GBytes] STAT |   402.6167 |         0 |   239.8142 |   16.7757 |
| Memory write bandwidth [MBytes/s] STAT | 17610.6057 |         0 | 10520.8490 |  733.7752 |
| Memory write data volume [GBytes] STAT |   176.1190 |         0 |   105.2162 |    7.3383 |
|    Memory bandwidth [MBytes/s] STAT    | 57869.3243 |         0 | 34500.5110 | 2411.2218 |
|    Memory data volume [GBytes] STAT    |   578.7355 |         0 |   345.0303 |   24.1140 |
|          Temperature [C] STAT          |        823 |        29 |         38 |   34.2917 |
|             Energy [J] STAT            |  1215.2088 |         0 |   629.9357 |   50.6337 |
|             Power [W] STAT             |   121.5120 |         0 |    62.9890 |    5.0630 |
|           Energy PP0 [J] STAT          |          0 |         0 |          0 |         0 |
|           Power PP0 [W] STAT           |          0 |         0 |          0 |         0 |
|          Energy DRAM [J] STAT          |   288.2787 |         0 |   155.3876 |   12.0116 |
|           Power DRAM [W] STAT          |    28.8257 |         0 |    15.5376 |    1.2011 |
+----------------------------------------+------------+-----------+------------+-----------+
