--------------------------------------------------------------------------------
CPU name:	Intel(R) Xeon(R) CPU E5-2670 v3 @ 2.30GHz
CPU type:	Intel Xeon Haswell EN/EP/EX processor
CPU clock:	2.30 GHz
--------------------------------------------------------------------------------
Group 1: POWERPERF
+--------------------------------+---------+--------------+--------------+--------------+--------------+--------------+--------------+-----------+-------------+------------+------------+-----------+-----------+--------------+--------------+--------------+--------------+--------------+--------------+-----------+-------------+------------+-----------+------------+-----------+
|              Event             | Counter |    Core 0    |    Core 1    |    Core 2    |    Core 3    |    Core 4    |    Core 5    |   Core 6  |    Core 7   |   Core 8   |   Core 9   |  Core 10  |  Core 11  |    Core 12   |    Core 13   |    Core 14   |    Core 15   |    Core 16   |    Core 17   |  Core 18  |   Core 19   |   Core 20  |  Core 21  |   Core 22  |  Core 23  |
+--------------------------------+---------+--------------+--------------+--------------+--------------+--------------+--------------+-----------+-------------+------------+------------+-----------+-----------+--------------+--------------+--------------+--------------+--------------+--------------+-----------+-------------+------------+-----------+------------+-----------+
|        INSTR_RETIRED_ANY       |  FIXC0  | 469531991312 | 428423733114 | 441338783593 | 437004047121 | 427985767688 | 423467558558 | 764792138 | 27901386747 | 2232607536 |  789792885 |  52463353 | 369472126 | 422845032508 | 429364123709 | 437338505031 | 437036755019 | 434558364652 | 422660296260 | 550787791 | 28031786024 | 2182090849 | 208778942 | 1668775967 | 142726823 |
|      CPU_CLK_UNHALTED_CORE     |  FIXC1  | 304187180208 | 272406111943 | 280366285706 | 277190528834 | 271983448887 | 270109072825 | 458631651 | 16712526743 | 1802432098 | 1527212599 |  83575127 | 215177773 | 269942359381 | 272847869351 | 276995593442 | 277236439093 | 276018869575 | 269903055751 | 351413809 | 17290401122 | 2409108864 | 257415633 |  962880963 |  92539609 |
|      CPU_CLK_UNHALTED_REF      |  FIXC2  | 304494842416 | 273554309260 | 281200204757 | 281965681741 | 273111619129 | 271055365516 | 862353145 | 31025243191 | 3345834564 | 2926378297 | 159140105 | 398809512 | 270620954028 | 276632214041 | 283775250004 | 283244486088 | 276764045418 | 270752135839 | 663397763 | 31966028268 | 4602396439 | 488586585 | 1710258150 | 165923863 |
|           FIXC1/FIXC0          |   CPI   |            0 |            0 |            0 |            0 |            0 |            0 |         0 |           0 |          0 |          0 |         0 |         0 |            0 |            0 |            0 |            0 |            0 |            0 |         0 |           0 |          0 |         0 |          0 |         0 |
|  OFFCORE_RESPONSE_0_LOCAL_DRAM |   PMC0  |    683090829 |    376212102 |    380580524 |    384171750 |    380144696 |    317328124 |    327850 |     6270052 |    1307503 |    1021602 |     49707 |    128688 |    325928752 |    359149627 |    369970987 |    371239207 |    361689624 |    326627513 |    339883 |     2846441 |    1126385 |    107539 |     159466 |     66498 |
| OFFCORE_RESPONSE_1_REMOTE_DRAM |   PMC1  |    220907167 |      2710418 |      3007640 |      1280602 |       933606 |     59815418 |     99394 |     2600885 |     394806 |     731563 |     16180 |     49636 |     47391169 |     19883981 |     14624124 |     11831178 |     16278201 |     50192781 |   1347400 |     6484746 |    1982037 |    246719 |     360977 |     77082 |
|  MEM_LOAD_UOPS_RETIRED_L3_ALL  |   PMC2  |    152487850 |    101027564 |    104593092 |    102003264 |    100434352 |    100532343 |    655111 |    24245325 |    3648343 |    5899061 |    171991 |    309883 |    100251326 |    102498809 |    103149937 |    102127867 |    106200715 |     99986406 |    431868 |    25818188 |    7318925 |    563712 |    1361429 |    166049 |
|  MEM_LOAD_UOPS_RETIRED_L3_MISS |   PMC3  |    110232778 |     62192523 |     63409552 |     63189143 |     62185158 |     62079965 |    120316 |     3955777 |     761254 |    1185758 |     22416 |     51057 |     61948238 |     62393434 |     62664597 |     62406786 |     62503727 |     62201390 |    156479 |     4372003 |    1487729 |    105664 |     163967 |     36120 |
|      L2_TRANS_ALL_REQUESTS     |   PMC4  |   4916039040 |   2526976183 |   2642034880 |   2524680953 |   2515121586 |   2509816436 |  23511808 |   830440731 |   87930085 |  143607627 |   3506967 |  10919019 |   2498943163 |   2571127164 |   2579009356 |   2543283272 |   2721670370 |   2506362823 |  20882719 |   850751692 |  188806333 |  13461200 |   48326450 |   4510051 |
|          L2_RQSTS_MISS         |   PMC5  |   1480950802 |    813510414 |    830948085 |    815023115 |    812792430 |    811909013 |   3033610 |   103389575 |   18678879 |   49382440 |   1012375 |   1346699 |    807536343 |    816300775 |    828286110 |    817646594 |    834758892 |    804298827 |   3503613 |   112589111 |   56063021 |   3732431 |    5844480 |    670911 |
|        UOPS_RETIRED_ALL        |   PMC6  | 533593935723 | 479928846315 | 494321250981 | 489248570103 | 479398766701 | 474377422149 | 864991612 | 31797121545 | 2623863064 |  889905258 |  73282629 | 417993174 | 473684939215 | 480945378477 | 489416399401 | 489277638864 | 486871576492 | 473513437982 | 639119371 | 32042025282 | 2466863998 | 261845665 | 1889278343 | 170645975 |
|            TEMP_CORE           |   TMP0  |           37 |           35 |           35 |           36 |           35 |           35 |        36 |          34 |         32 |         31 |        30 |        32 |           39 |           39 |           36 |           37 |           39 |           35 |        34 |          37 |         38 |        35 |         37 |        37 |
|         PWR_PKG_ENERGY         |   PWR0  |    6837.7966 |            0 |            0 |            0 |            0 |            0 |         0 |           0 |          0 |          0 |         0 |         0 |    6691.2225 |            0 |            0 |            0 |            0 |            0 |         0 |           0 |          0 |         0 |          0 |         0 |
|         PWR_PP0_ENERGY         |   PWR1  |            0 |            0 |            0 |            0 |            0 |            0 |         0 |           0 |          0 |          0 |         0 |         0 |            0 |            0 |            0 |            0 |            0 |            0 |         0 |           0 |          0 |         0 |          0 |         0 |
|         PWR_DRAM_ENERGY        |   PWR3  |     846.9106 |            0 |            0 |            0 |            0 |            0 |         0 |           0 |          0 |          0 |         0 |         0 |     893.1358 |            0 |            0 |            0 |            0 |            0 |         0 |           0 |          0 |         0 |          0 |         0 |
|          CAS_COUNT_RD          | MBOX0C0 |   1017697483 |            0 |            0 |            0 |            0 |            0 |         0 |           0 |          0 |          0 |         0 |         0 |    890965374 |            0 |            0 |            0 |            0 |            0 |         0 |           0 |          0 |         0 |          0 |         0 |
|          CAS_COUNT_WR          | MBOX0C1 |    324037850 |            0 |            0 |            0 |            0 |            0 |         0 |           0 |          0 |          0 |         0 |         0 |    265365359 |            0 |            0 |            0 |            0 |            0 |         0 |           0 |          0 |         0 |          0 |         0 |
|          CAS_COUNT_RD          | MBOX1C0 |   1020299914 |            0 |            0 |            0 |            0 |            0 |         0 |           0 |          0 |          0 |         0 |         0 |    897522438 |            0 |            0 |            0 |            0 |            0 |         0 |           0 |          0 |         0 |          0 |         0 |
|          CAS_COUNT_WR          | MBOX1C1 |    329580451 |            0 |            0 |            0 |            0 |            0 |         0 |           0 |          0 |          0 |         0 |         0 |    272861636 |            0 |            0 |            0 |            0 |            0 |         0 |           0 |          0 |         0 |          0 |         0 |
|          CAS_COUNT_RD          | MBOX2C0 |            0 |            0 |            0 |            0 |            0 |            0 |         0 |           0 |          0 |          0 |         0 |         0 |            0 |            0 |            0 |            0 |            0 |            0 |         0 |           0 |          0 |         0 |          0 |         0 |
|          CAS_COUNT_WR          | MBOX2C1 |            0 |            0 |            0 |            0 |            0 |            0 |         0 |           0 |          0 |          0 |         0 |         0 |            0 |            0 |            0 |            0 |            0 |            0 |         0 |           0 |          0 |         0 |          0 |         0 |
|          CAS_COUNT_RD          | MBOX3C0 |            0 |            0 |            0 |            0 |            0 |            0 |         0 |           0 |          0 |          0 |         0 |         0 |            0 |            0 |            0 |            0 |            0 |            0 |         0 |           0 |          0 |         0 |          0 |         0 |
|          CAS_COUNT_WR          | MBOX3C1 |            0 |            0 |            0 |            0 |            0 |            0 |         0 |           0 |          0 |          0 |         0 |         0 |            0 |            0 |            0 |            0 |            0 |            0 |         0 |           0 |          0 |         0 |          0 |         0 |
|          CAS_COUNT_RD          | MBOX4C0 |   1013778347 |            0 |            0 |            0 |            0 |            0 |         0 |           0 |          0 |          0 |         0 |         0 |    890403846 |            0 |            0 |            0 |            0 |            0 |         0 |           0 |          0 |         0 |          0 |         0 |
|          CAS_COUNT_WR          | MBOX4C1 |    322976528 |            0 |            0 |            0 |            0 |            0 |         0 |           0 |          0 |          0 |         0 |         0 |    265710577 |            0 |            0 |            0 |            0 |            0 |         0 |           0 |          0 |         0 |          0 |         0 |
|          CAS_COUNT_RD          | MBOX5C0 |   1023825325 |            0 |            0 |            0 |            0 |            0 |         0 |           0 |          0 |          0 |         0 |         0 |    897366302 |            0 |            0 |            0 |            0 |            0 |         0 |           0 |          0 |         0 |          0 |         0 |
|          CAS_COUNT_WR          | MBOX5C1 |    331734048 |            0 |            0 |            0 |            0 |            0 |         0 |           0 |          0 |          0 |         0 |         0 |    272735157 |            0 |            0 |            0 |            0 |            0 |         0 |           0 |          0 |         0 |          0 |         0 |
|          CAS_COUNT_RD          | MBOX6C0 |            0 |            0 |            0 |            0 |            0 |            0 |         0 |           0 |          0 |          0 |         0 |         0 |            0 |            0 |            0 |            0 |            0 |            0 |         0 |           0 |          0 |         0 |          0 |         0 |
|          CAS_COUNT_WR          | MBOX6C1 |            0 |            0 |            0 |            0 |            0 |            0 |         0 |           0 |          0 |          0 |         0 |         0 |            0 |            0 |            0 |            0 |            0 |            0 |         0 |           0 |          0 |         0 |          0 |         0 |
|          CAS_COUNT_RD          | MBOX7C0 |            0 |            0 |            0 |            0 |            0 |            0 |         0 |           0 |          0 |          0 |         0 |         0 |            0 |            0 |            0 |            0 |            0 |            0 |         0 |           0 |          0 |         0 |          0 |         0 |
|          CAS_COUNT_WR          | MBOX7C1 |            0 |            0 |            0 |            0 |            0 |            0 |         0 |           0 |          0 |          0 |         0 |         0 |            0 |            0 |            0 |            0 |            0 |            0 |         0 |           0 |          0 |         0 |          0 |         0 |
+--------------------------------+---------+--------------+--------------+--------------+--------------+--------------+--------------+-----------+-------------+------------+------------+-----------+-----------+--------------+--------------+--------------+--------------+--------------+--------------+-----------+-------------+------------+-----------+------------+-----------+
+-------------------------------------+---------+---------------+-----------+--------------+--------------+
|                Event                | Counter |      Sum      |    Min    |      Max     |      Avg     |
+-------------------------------------+---------+---------------+-----------+--------------+--------------+
|        INSTR_RETIRED_ANY STAT       |  FIXC0  | 5276450419746 |  52463353 | 469531991312 | 2.198521e+11 |
|      CPU_CLK_UNHALTED_CORE STAT     |  FIXC1  | 3361350130987 |  83575127 | 304187180208 | 1.400563e+11 |
|      CPU_CLK_UNHALTED_REF STAT      |  FIXC2  | 3425485458119 | 159140105 | 304494842416 | 1.427286e+11 |
|           FIXC1/FIXC0 STAT          |   CPI   |             0 |         0 |            0 |            0 |
|  OFFCORE_RESPONSE_0_LOCAL_DRAM STAT |   PMC0  |    4649885349 |     49707 |    683090829 | 1.937452e+08 |
| OFFCORE_RESPONSE_1_REMOTE_DRAM STAT |   PMC1  |     463247710 |     16180 |    220907167 | 1.930199e+07 |
|  MEM_LOAD_UOPS_RETIRED_L3_ALL STAT  |   PMC2  |    1345883410 |    166049 |    152487850 | 5.607848e+07 |
|  MEM_LOAD_UOPS_RETIRED_L3_MISS STAT |   PMC3  |     809825831 |     22416 |    110232778 | 3.374274e+07 |
|      L2_TRANS_ALL_REQUESTS STAT     |   PMC4  |   35281719908 |   3506967 |   4916039040 | 1.470072e+09 |
|          L2_RQSTS_MISS STAT         |   PMC5  |   10833208545 |    670911 |   1480950802 | 4.513837e+08 |
|        UOPS_RETIRED_ALL STAT        |   PMC6  | 5918715098319 |  73282629 | 533593935723 | 2.466131e+11 |
|            TEMP_CORE STAT           |   TMP0  |           851 |        30 |           39 |      35.4583 |
|         PWR_PKG_ENERGY STAT         |   PWR0  |    13529.0191 |         0 |    6837.7966 |     563.7091 |
|         PWR_PP0_ENERGY STAT         |   PWR1  |             0 |         0 |            0 |            0 |
|         PWR_DRAM_ENERGY STAT        |   PWR3  |     1740.0464 |         0 |     893.1358 |      72.5019 |
|          CAS_COUNT_RD STAT          | MBOX0C0 |    1908662857 |         0 |   1017697483 | 7.952762e+07 |
|          CAS_COUNT_WR STAT          | MBOX0C1 |     589403209 |         0 |    324037850 | 2.455847e+07 |
|          CAS_COUNT_RD STAT          | MBOX1C0 |    1917822352 |         0 |   1020299914 | 7.990926e+07 |
|          CAS_COUNT_WR STAT          | MBOX1C1 |     602442087 |         0 |    329580451 | 2.510175e+07 |
|          CAS_COUNT_RD STAT          | MBOX2C0 |             0 |         0 |            0 |            0 |
|          CAS_COUNT_WR STAT          | MBOX2C1 |             0 |         0 |            0 |            0 |
|          CAS_COUNT_RD STAT          | MBOX3C0 |             0 |         0 |            0 |            0 |
|          CAS_COUNT_WR STAT          | MBOX3C1 |             0 |         0 |            0 |            0 |
|          CAS_COUNT_RD STAT          | MBOX4C0 |    1904182193 |         0 |   1013778347 | 7.934092e+07 |
|          CAS_COUNT_WR STAT          | MBOX4C1 |     588687105 |         0 |    322976528 | 2.452863e+07 |
|          CAS_COUNT_RD STAT          | MBOX5C0 |    1921191627 |         0 |   1023825325 | 8.004965e+07 |
|          CAS_COUNT_WR STAT          | MBOX5C1 |     604469205 |         0 |    331734048 | 2.518622e+07 |
|          CAS_COUNT_RD STAT          | MBOX6C0 |             0 |         0 |            0 |            0 |
|          CAS_COUNT_WR STAT          | MBOX6C1 |             0 |         0 |            0 |            0 |
|          CAS_COUNT_RD STAT          | MBOX7C0 |             0 |         0 |            0 |            0 |
|          CAS_COUNT_WR STAT          | MBOX7C1 |             0 |         0 |            0 |            0 |
+-------------------------------------+---------+---------------+-----------+--------------+--------------+
+-----------------------------------+-----------+-----------+-----------+-----------+-----------+-----------+-----------+-----------+-----------+-----------+-----------+-----------+-----------+-----------+-----------+-----------+-----------+-----------+-----------+-----------+-----------+-----------+-----------+-----------+
|               Metric              |   Core 0  |   Core 1  |   Core 2  |   Core 3  |   Core 4  |   Core 5  |   Core 6  |   Core 7  |   Core 8  |   Core 9  |  Core 10  |  Core 11  |  Core 12  |  Core 13  |  Core 14  |  Core 15  |  Core 16  |  Core 17  |  Core 18  |  Core 19  |  Core 20  |  Core 21  |  Core 22  |  Core 23  |
+-----------------------------------+-----------+-----------+-----------+-----------+-----------+-----------+-----------+-----------+-----------+-----------+-----------+-----------+-----------+-----------+-----------+-----------+-----------+-----------+-----------+-----------+-----------+-----------+-----------+-----------+
|        Runtime (RDTSC) [s]        |  141.0135 |  141.0135 |  141.0135 |  141.0135 |  141.0135 |  141.0135 |  141.0135 |  141.0135 |  141.0135 |  141.0135 |  141.0135 |  141.0135 |  141.0135 |  141.0135 |  141.0135 |  141.0135 |  141.0135 |  141.0135 |  141.0135 |  141.0135 |  141.0135 |  141.0135 |  141.0135 |  141.0135 |
|        Runtime unhalted [s]       |  132.2570 |  118.4390 |  121.9000 |  120.5192 |  118.2552 |  117.4403 |    0.1994 |    7.2664 |    0.7837 |    0.6640 |    0.0363 |    0.0936 |  117.3678 |  118.6311 |  120.4345 |  120.5392 |  120.0098 |  117.3507 |    0.1528 |    7.5177 |    1.0475 |    0.1119 |    0.4186 |    0.0402 |
|            Clock [MHz]            | 2297.6457 | 2290.3158 | 2293.1488 | 2261.0190 | 2290.4688 | 2291.9400 | 1223.2098 | 1238.9364 | 1239.0149 | 1200.3036 | 1207.8680 | 1240.9492 | 2294.2023 | 2268.5058 | 2245.0211 | 2251.1837 | 2293.7770 | 2292.7568 | 1218.3355 | 1244.0518 | 1203.9113 | 1211.7568 | 1294.8904 | 1282.7467 |
|                CPI                |    0.6479 |    0.6358 |    0.6353 |    0.6343 |    0.6355 |    0.6379 |    0.5997 |    0.5990 |    0.8073 |    1.9337 |    1.5930 |    0.5824 |    0.6384 |    0.6355 |    0.6334 |    0.6344 |    0.6352 |    0.6386 |    0.6380 |    0.6168 |    1.1040 |    1.2330 |    0.5770 |    0.6484 |
|   Local DRAM data volume [GByte]  |   43.7178 |   24.0776 |   24.3572 |   24.5870 |   24.3293 |   20.3090 |    0.0210 |    0.4013 |    0.0837 |    0.0654 |    0.0032 |    0.0082 |   20.8594 |   22.9856 |   23.6781 |   23.7593 |   23.1481 |   20.9042 |    0.0218 |    0.1822 |    0.0721 |    0.0069 |    0.0102 |    0.0043 |
|   Local DRAM bandwidth [MByte/s]  |  310.0257 |  170.7466 |  172.7292 |  174.3591 |  172.5314 |  144.0217 |    0.1488 |    2.8457 |    0.5934 |    0.4637 |    0.0226 |    0.0584 |  147.9251 |  163.0027 |  167.9140 |  168.4896 |  164.1554 |  148.2423 |    0.1543 |    1.2919 |    0.5112 |    0.0488 |    0.0724 |    0.0302 |
|  Remote DRAM data volume [GByte]  |   14.1381 |    0.1735 |    0.1925 |    0.0820 |    0.0598 |    3.8282 |    0.0064 |    0.1665 |    0.0253 |    0.0468 |    0.0010 |    0.0032 |    3.0330 |    1.2726 |    0.9359 |    0.7572 |    1.0418 |    3.2123 |    0.0862 |    0.4150 |    0.1269 |    0.0158 |    0.0231 |    0.0049 |
|  Remote DRAM bandwidth [MByte/s]  |  100.2603 |    1.2301 |    1.3650 |    0.5812 |    0.4237 |   27.1477 |    0.0451 |    1.1804 |    0.1792 |    0.3320 |    0.0073 |    0.0225 |   21.5088 |    9.0245 |    6.6373 |    5.3697 |    7.3880 |   22.7804 |    0.6115 |    2.9431 |    0.8996 |    0.1120 |    0.1638 |    0.0350 |
|     Memory data volume [GByte]    |   57.8559 |   24.2510 |   24.5496 |   24.6690 |   24.3890 |   24.1372 |    0.0273 |    0.5677 |    0.1089 |    0.1122 |    0.0042 |    0.0114 |   23.8925 |   24.2582 |   24.6141 |   24.5165 |   24.1899 |   24.1165 |    0.1080 |    0.5972 |    0.1989 |    0.0227 |    0.0333 |    0.0092 |
|     Memory bandwidth [MByte/s]    |  410.2860 |  171.9767 |  174.0943 |  174.9403 |  172.9551 |  171.1693 |    0.1939 |    4.0261 |    0.7726 |    0.7957 |    0.0299 |    0.0809 |  169.4339 |  172.0271 |  174.5513 |  173.8593 |  171.5434 |  171.0226 |    0.7658 |    4.2350 |    1.4108 |    0.1608 |    0.2362 |    0.0652 |
|          L3 request rate          |    1.3833 |    1.6244 |    1.6495 |    1.6143 |    1.6151 |    1.6194 |    5.4449 |    6.1291 |    4.7925 |    4.9749 |    7.6727 |    6.0694 |    1.6183 |    1.6428 |    1.6461 |    1.6365 |    1.6991 |    1.6075 |    2.7599 |    5.9053 |    4.9195 |    5.3349 |    8.3031 |    4.5971 |
|            L3 miss rate           |    1.4487 |    0.0268 |    0.0288 |    0.0126 |    0.0093 |    0.5950 |    0.1517 |    0.1073 |    0.1082 |    0.1240 |    0.0941 |    0.1602 |    0.4727 |    0.1940 |    0.1418 |    0.1158 |    0.1533 |    0.5020 |    3.1199 |    0.2512 |    0.2708 |    0.4377 |    0.2651 |    0.4642 |
|           L3 miss ratio           |    0.3234 |    0.0072 |    0.0079 |    0.0033 |    0.0025 |    0.1885 |    0.3032 |    0.4148 |    0.3020 |    0.7161 |    0.3255 |    0.3857 |    0.1454 |    0.0554 |    0.0395 |    0.0319 |    0.0450 |    0.1537 |    3.9643 |    2.2782 |    1.7596 |    2.2942 |    2.2637 |    1.1592 |
|          L2 request rate          |    0.0105 |    0.0059 |    0.0060 |    0.0058 |    0.0059 |    0.0059 |    0.0307 |    0.0298 |    0.0394 |    0.1818 |    0.0668 |    0.0296 |    0.0059 |    0.0060 |    0.0059 |    0.0058 |    0.0063 |    0.0059 |    0.0379 |    0.0303 |    0.0865 |    0.0645 |    0.0290 |    0.0316 |
|            L2 miss rate           |    0.0032 |    0.0019 |    0.0019 |    0.0019 |    0.0019 |    0.0019 |    0.0040 |    0.0037 |    0.0084 |    0.0625 |    0.0193 |    0.0036 |    0.0019 |    0.0019 |    0.0019 |    0.0019 |    0.0019 |    0.0019 |    0.0064 |    0.0040 |    0.0257 |    0.0179 |    0.0035 |    0.0047 |
|           L2 miss ratio           |    0.3012 |    0.3219 |    0.3145 |    0.3228 |    0.3232 |    0.3235 |    0.1290 |    0.1245 |    0.2124 |    0.3439 |    0.2887 |    0.1233 |    0.3232 |    0.3175 |    0.3212 |    0.3215 |    0.3067 |    0.3209 |    0.1678 |    0.1323 |    0.2969 |    0.2773 |    0.1209 |    0.1488 |
|  Memory read bandwidth [MBytes/s] | 1849.7410 |         0 |         0 |         0 |         0 |         0 |         0 |         0 |         0 |         0 |         0 |         0 | 1623.1105 |         0 |         0 |         0 |         0 |         0 |         0 |         0 |         0 |         0 |         0 |         0 |
|  Memory read data volume [GBytes] |  260.8385 |         0 |         0 |         0 |         0 |         0 |         0 |         0 |         0 |         0 |         0 |         0 |  228.8805 |         0 |         0 |         0 |         0 |         0 |         0 |         0 |         0 |         0 |         0 |         0 |
| Memory write bandwidth [MBytes/s] |  593.7945 |         0 |         0 |         0 |         0 |         0 |         0 |         0 |         0 |         0 |         0 |         0 |  488.6557 |         0 |         0 |         0 |         0 |         0 |         0 |         0 |         0 |         0 |         0 |         0 |
| Memory write data volume [GBytes] |   83.7330 |         0 |         0 |         0 |         0 |         0 |         0 |         0 |         0 |         0 |         0 |         0 |   68.9071 |         0 |         0 |         0 |         0 |         0 |         0 |         0 |         0 |         0 |         0 |         0 |
|    Memory bandwidth [MBytes/s]    | 2443.5355 |         0 |         0 |         0 |         0 |         0 |         0 |         0 |         0 |         0 |         0 |         0 | 2111.7662 |         0 |         0 |         0 |         0 |         0 |         0 |         0 |         0 |         0 |         0 |         0 |
|    Memory data volume [GBytes]    |  344.5715 |         0 |         0 |         0 |         0 |         0 |         0 |         0 |         0 |         0 |         0 |         0 |  297.7876 |         0 |         0 |         0 |         0 |         0 |         0 |         0 |         0 |         0 |         0 |         0 |
|          Temperature [C]          |        37 |        35 |        35 |        36 |        35 |        35 |        36 |        34 |        32 |        31 |        30 |        32 |        39 |        39 |        36 |        37 |        39 |        35 |        34 |        37 |        38 |        35 |        37 |        37 |
|             Energy [J]            | 6837.7966 |         0 |         0 |         0 |         0 |         0 |         0 |         0 |         0 |         0 |         0 |         0 | 6691.2225 |         0 |         0 |         0 |         0 |         0 |         0 |         0 |         0 |         0 |         0 |         0 |
|             Power [W]             |   48.4904 |         0 |         0 |         0 |         0 |         0 |         0 |         0 |         0 |         0 |         0 |         0 |   47.4509 |         0 |         0 |         0 |         0 |         0 |         0 |         0 |         0 |         0 |         0 |         0 |
|           Energy PP0 [J]          |         0 |         0 |         0 |         0 |         0 |         0 |         0 |         0 |         0 |         0 |         0 |         0 |         0 |         0 |         0 |         0 |         0 |         0 |         0 |         0 |         0 |         0 |         0 |         0 |
|           Power PP0 [W]           |         0 |         0 |         0 |         0 |         0 |         0 |         0 |         0 |         0 |         0 |         0 |         0 |         0 |         0 |         0 |         0 |         0 |         0 |         0 |         0 |         0 |         0 |         0 |         0 |
|          Energy DRAM [J]          |  846.9106 |         0 |         0 |         0 |         0 |         0 |         0 |         0 |         0 |         0 |         0 |         0 |  893.1358 |         0 |         0 |         0 |         0 |         0 |         0 |         0 |         0 |         0 |         0 |         0 |
|           Power DRAM [W]          |    6.0059 |         0 |         0 |         0 |         0 |         0 |         0 |         0 |         0 |         0 |         0 |         0 |    6.3337 |         0 |         0 |         0 |         0 |         0 |         0 |         0 |         0 |         0 |         0 |         0 |
+-----------------------------------+-----------+-----------+-----------+-----------+-----------+-----------+-----------+-----------+-----------+-----------+-----------+-----------+-----------+-----------+-----------+-----------+-----------+-----------+-----------+-----------+-----------+-----------+-----------+-----------+
+----------------------------------------+------------+-----------+-----------+-----------+
|                 Metric                 |     Sum    |    Min    |    Max    |    Avg    |
+----------------------------------------+------------+-----------+-----------+-----------+
|        Runtime (RDTSC) [s] STAT        |  3384.3240 |  141.0135 |  141.0135 |  141.0135 |
|        Runtime unhalted [s] STAT       |  1461.4759 |    0.0363 |  132.2570 |   60.8948 |
|            Clock [MHz] STAT            | 42175.9592 | 1200.3036 | 2297.6457 | 1757.3316 |
|                CPI STAT                |    18.5745 |    0.5770 |    1.9337 |    0.7739 |
|   Local DRAM data volume [GByte] STAT  |   297.5929 |    0.0032 |   43.7178 |   12.3997 |
|   Local DRAM bandwidth [MByte/s] STAT  |  2110.3842 |    0.0226 |  310.0257 |   87.9327 |
|  Remote DRAM data volume [GByte] STAT  |    29.6480 |    0.0010 |   14.1381 |    1.2353 |
|  Remote DRAM bandwidth [MByte/s] STAT  |   210.2482 |    0.0073 |  100.2603 |    8.7603 |
|     Memory data volume [GByte] STAT    |   327.2404 |    0.0042 |   57.8559 |   13.6350 |
|     Memory bandwidth [MByte/s] STAT    |  2320.6322 |    0.0299 |  410.2860 |   96.6930 |
|          L3 request rate STAT          |    86.2596 |    1.3833 |    8.3031 |    3.5942 |
|            L3 miss rate STAT           |     9.2552 |    0.0093 |    3.1199 |    0.3856 |
|           L3 miss ratio STAT           |    17.1702 |    0.0025 |    3.9643 |    0.7154 |
|          L2 request rate STAT          |     0.7337 |    0.0058 |    0.1818 |    0.0306 |
|            L2 miss rate STAT           |     0.1878 |    0.0019 |    0.0625 |    0.0078 |
|           L2 miss ratio STAT           |     6.1839 |    0.1209 |    0.3439 |    0.2577 |
|  Memory read bandwidth [MBytes/s] STAT |  3472.8515 |         0 | 1849.7410 |  144.7021 |
|  Memory read data volume [GBytes] STAT |   489.7190 |         0 |  260.8385 |   20.4050 |
| Memory write bandwidth [MBytes/s] STAT |  1082.4502 |         0 |  593.7945 |   45.1021 |
| Memory write data volume [GBytes] STAT |   152.6401 |         0 |   83.7330 |    6.3600 |
|    Memory bandwidth [MBytes/s] STAT    |  4555.3017 |         0 | 2443.5355 |  189.8042 |
|    Memory data volume [GBytes] STAT    |   642.3591 |         0 |  344.5715 |   26.7650 |
|          Temperature [C] STAT          |        851 |        30 |        39 |   35.4583 |
|             Energy [J] STAT            | 13529.0191 |         0 | 6837.7966 |  563.7091 |
|             Power [W] STAT             |    95.9413 |         0 |   48.4904 |    3.9976 |
|           Energy PP0 [J] STAT          |          0 |         0 |         0 |         0 |
|           Power PP0 [W] STAT           |          0 |         0 |         0 |         0 |
|          Energy DRAM [J] STAT          |  1740.0464 |         0 |  893.1358 |   72.5019 |
|           Power DRAM [W] STAT          |    12.3396 |         0 |    6.3337 |    0.5141 |
+----------------------------------------+------------+-----------+-----------+-----------+
