--------------------------------------------------------------------------------
CPU name:	Intel(R) Xeon(R) CPU E5-2670 v3 @ 2.30GHz
CPU type:	Intel Xeon Haswell EN/EP/EX processor
CPU clock:	2.30 GHz
--------------------------------------------------------------------------------
Group 1: POWERPERF
+--------------------------------+---------+--------------+--------------+--------------+--------------+--------------+--------------+--------------+--------------+--------------+--------------+--------------+--------------+--------------+--------------+--------------+--------------+--------------+--------------+--------------+--------------+--------------+--------------+--------------+--------------+
|              Event             | Counter |    Core 0    |    Core 1    |    Core 2    |    Core 3    |    Core 4    |    Core 5    |    Core 6    |    Core 7    |    Core 8    |    Core 9    |    Core 10   |    Core 11   |    Core 12   |    Core 13   |    Core 14   |    Core 15   |    Core 16   |    Core 17   |    Core 18   |    Core 19   |    Core 20   |    Core 21   |    Core 22   |    Core 23   |
+--------------------------------+---------+--------------+--------------+--------------+--------------+--------------+--------------+--------------+--------------+--------------+--------------+--------------+--------------+--------------+--------------+--------------+--------------+--------------+--------------+--------------+--------------+--------------+--------------+--------------+--------------+
|        INSTR_RETIRED_ANY       |  FIXC0  | 294986503156 | 295127464344 | 295104828438 | 295146087532 | 279815976092 | 279213726500 | 328494249848 | 328567820917 | 328566945723 | 328600960130 | 306834774382 | 306838232514 | 279093722554 | 280919734831 | 280976590329 | 280823627168 | 280969824494 | 281062728447 | 305329822579 | 305518232431 | 305212894381 | 304823660344 | 304809542830 | 304655169390 |
|      CPU_CLK_UNHALTED_CORE     |  FIXC1  | 229254459633 | 229072826969 | 228965753555 | 228976600906 | 224412534329 | 225762465169 | 211614547700 | 212850061710 | 213707394353 | 214547694526 | 211434272603 | 211599744686 | 221041888615 | 216164342785 | 215654817405 | 217021416615 | 216825237803 | 217118381966 | 229455143615 | 229810539371 | 229532872271 | 230111685979 | 229374392875 | 229105638705 |
|      CPU_CLK_UNHALTED_REF      |  FIXC2  | 229375052349 | 229195852610 | 229084833151 | 229095605592 | 224540067743 | 225889821961 | 211640329465 | 212872685772 | 213728467403 | 214569226768 | 211458779149 | 211625513831 | 221162455321 | 216288967197 | 215778581718 | 217120550413 | 216947829636 | 217237807978 | 229455127907 | 229810543181 | 229532882558 | 230111671279 | 229374404899 | 229105638767 |
|           FIXC1/FIXC0          |   CPI   |            0 |            0 |            0 |            0 |            0 |            0 |            0 |            0 |            0 |            0 |            0 |            0 |            0 |            0 |            0 |            0 |            0 |            0 |            0 |            0 |            0 |            0 |            0 |            0 |
|  OFFCORE_RESPONSE_0_LOCAL_DRAM |   PMC0  |   2861365921 |   2877115006 |   2926790271 |   2907954198 |   2761154282 |   2589665249 |   1038902131 |   1016021925 |   1006161355 |    992045458 |    920690528 |    891323173 |   2532289645 |   2721965038 |   2721187948 |   2696662346 |   2694881584 |   2676556265 |    369309927 |    395722338 |    386096249 |    366521554 |    385533103 |    398580347 |
| OFFCORE_RESPONSE_1_REMOTE_DRAM |   PMC1  |    143996634 |    142454446 |     91710664 |     91597547 |     86041001 |    267085455 |    216120993 |    207825658 |    199102446 |    220031798 |    218987216 |    247527815 |    283489084 |    108422438 |    115677105 |    123054838 |    152989054 |    168123558 |    740634859 |    719761675 |    718109589 |    737029479 |    720714995 |    748125424 |
|  MEM_LOAD_UOPS_RETIRED_L3_ALL  |   PMC2  |    498980654 |    460223202 |    505292301 |    501398828 |    467498256 |    451485395 |    191961330 |    213126428 |    218270503 |    225307380 |    396152150 |    396730735 |    469483654 |    436900510 |    441955910 |    467916644 |    427088778 |    438702232 |    576348283 |    612621150 |    559485979 |    583570565 |    597610958 |    548486101 |
|  MEM_LOAD_UOPS_RETIRED_L3_MISS |   PMC3  |    127279001 |    124447630 |    127570230 |    127313192 |    120026527 |    121546814 |    118617862 |    126476093 |    121182134 |    116856270 |    231231992 |    231929499 |    117441943 |    115806389 |    113387125 |    117289576 |    115537704 |    114461918 |    337474923 |    345156206 |    311031558 |    292958878 |    306473644 |    292117042 |
|      L2_TRANS_ALL_REQUESTS     |   PMC4  |  43803852588 |  43716429294 |  43591101186 |  43724185365 |  40643801181 |  40769354937 |  32799991596 |  32811660072 |  32845461705 |  32832569751 |  30632025846 |  30611987366 |  40979489487 |  40563118294 |  40617892139 |  40614740994 |  40350654555 |  40582266694 |  31552824554 |  31626115800 |  31640448062 |  31647593648 |  31622272322 |  31651287225 |
|          L2_RQSTS_MISS         |   PMC5  |  10512301342 |  10499652160 |  10509714789 |  10537482629 |   9847183033 |   9876775898 |   7647043235 |   7636016631 |   7675389800 |   7670589616 |   7154839814 |   7174332724 |   9676111513 |   9729425030 |   9687652859 |   9770097232 |   9708488228 |   9647234612 |   7123273468 |   7119994436 |   7155287144 |   7155418301 |   7148905874 |   7175732070 |
|        UOPS_RETIRED_ALL        |   PMC6  | 359437828717 | 359712244129 | 359670120200 | 359756591484 | 344222494401 | 343019281033 | 405892951496 | 406040522284 | 406043564551 | 406115277980 | 380595717138 | 380602097224 | 343179706598 | 346839136035 | 346941707967 | 346640669812 | 346939212579 | 347112968078 | 377936995564 | 378337114747 | 377718054540 | 376976283044 | 376936202598 | 376614449755 |
|            TEMP_CORE           |   TMP0  |           44 |           42 |           43 |           44 |           44 |           44 |           48 |           46 |           46 |           46 |           45 |           45 |           44 |           46 |           46 |           48 |           49 |           48 |           50 |           50 |           46 |           47 |           45 |           47 |
|         PWR_PKG_ENERGY         |   PWR0  |    9797.0981 |            0 |            0 |            0 |            0 |            0 |            0 |            0 |            0 |            0 |            0 |            0 |    9775.6876 |            0 |            0 |            0 |            0 |            0 |            0 |            0 |            0 |            0 |            0 |            0 |
|         PWR_PP0_ENERGY         |   PWR1  |            0 |            0 |            0 |            0 |            0 |            0 |            0 |            0 |            0 |            0 |            0 |            0 |            0 |            0 |            0 |            0 |            0 |            0 |            0 |            0 |            0 |            0 |            0 |            0 |
|         PWR_DRAM_ENERGY        |   PWR3  |    1732.6847 |            0 |            0 |            0 |            0 |            0 |            0 |            0 |            0 |            0 |            0 |            0 |    1553.3105 |            0 |            0 |            0 |            0 |            0 |            0 |            0 |            0 |            0 |            0 |            0 |
|          CAS_COUNT_RD          | MBOX0C0 |  11235627404 |            0 |            0 |            0 |            0 |            0 |            0 |            0 |            0 |            0 |            0 |            0 |   8331659767 |            0 |            0 |            0 |            0 |            0 |            0 |            0 |            0 |            0 |            0 |            0 |
|          CAS_COUNT_WR          | MBOX0C1 |   5437764146 |            0 |            0 |            0 |            0 |            0 |            0 |            0 |            0 |            0 |            0 |            0 |   4316712639 |            0 |            0 |            0 |            0 |            0 |            0 |            0 |            0 |            0 |            0 |            0 |
|          CAS_COUNT_RD          | MBOX1C0 |  11227342729 |            0 |            0 |            0 |            0 |            0 |            0 |            0 |            0 |            0 |            0 |            0 |   8333996558 |            0 |            0 |            0 |            0 |            0 |            0 |            0 |            0 |            0 |            0 |            0 |
|          CAS_COUNT_WR          | MBOX1C1 |   5430571609 |            0 |            0 |            0 |            0 |            0 |            0 |            0 |            0 |            0 |            0 |            0 |   4320878081 |            0 |            0 |            0 |            0 |            0 |            0 |            0 |            0 |            0 |            0 |            0 |
|          CAS_COUNT_RD          | MBOX2C0 |            0 |            0 |            0 |            0 |            0 |            0 |            0 |            0 |            0 |            0 |            0 |            0 |            0 |            0 |            0 |            0 |            0 |            0 |            0 |            0 |            0 |            0 |            0 |            0 |
|          CAS_COUNT_WR          | MBOX2C1 |            0 |            0 |            0 |            0 |            0 |            0 |            0 |            0 |            0 |            0 |            0 |            0 |            0 |            0 |            0 |            0 |            0 |            0 |            0 |            0 |            0 |            0 |            0 |            0 |
|          CAS_COUNT_RD          | MBOX3C0 |            0 |            0 |            0 |            0 |            0 |            0 |            0 |            0 |            0 |            0 |            0 |            0 |            0 |            0 |            0 |            0 |            0 |            0 |            0 |            0 |            0 |            0 |            0 |            0 |
|          CAS_COUNT_WR          | MBOX3C1 |            0 |            0 |            0 |            0 |            0 |            0 |            0 |            0 |            0 |            0 |            0 |            0 |            0 |            0 |            0 |            0 |            0 |            0 |            0 |            0 |            0 |            0 |            0 |            0 |
|          CAS_COUNT_RD          | MBOX4C0 |  11237003077 |            0 |            0 |            0 |            0 |            0 |            0 |            0 |            0 |            0 |            0 |            0 |   8325804590 |            0 |            0 |            0 |            0 |            0 |            0 |            0 |            0 |            0 |            0 |            0 |
|          CAS_COUNT_WR          | MBOX4C1 |   5439875634 |            0 |            0 |            0 |            0 |            0 |            0 |            0 |            0 |            0 |            0 |            0 |   4315550024 |            0 |            0 |            0 |            0 |            0 |            0 |            0 |            0 |            0 |            0 |            0 |
|          CAS_COUNT_RD          | MBOX5C0 |  11228515223 |            0 |            0 |            0 |            0 |            0 |            0 |            0 |            0 |            0 |            0 |            0 |   8332191615 |            0 |            0 |            0 |            0 |            0 |            0 |            0 |            0 |            0 |            0 |            0 |
|          CAS_COUNT_WR          | MBOX5C1 |   5432082140 |            0 |            0 |            0 |            0 |            0 |            0 |            0 |            0 |            0 |            0 |            0 |   4321919842 |            0 |            0 |            0 |            0 |            0 |            0 |            0 |            0 |            0 |            0 |            0 |
|          CAS_COUNT_RD          | MBOX6C0 |            0 |            0 |            0 |            0 |            0 |            0 |            0 |            0 |            0 |            0 |            0 |            0 |            0 |            0 |            0 |            0 |            0 |            0 |            0 |            0 |            0 |            0 |            0 |            0 |
|          CAS_COUNT_WR          | MBOX6C1 |            0 |            0 |            0 |            0 |            0 |            0 |            0 |            0 |            0 |            0 |            0 |            0 |            0 |            0 |            0 |            0 |            0 |            0 |            0 |            0 |            0 |            0 |            0 |            0 |
|          CAS_COUNT_RD          | MBOX7C0 |            0 |            0 |            0 |            0 |            0 |            0 |            0 |            0 |            0 |            0 |            0 |            0 |            0 |            0 |            0 |            0 |            0 |            0 |            0 |            0 |            0 |            0 |            0 |            0 |
|          CAS_COUNT_WR          | MBOX7C1 |            0 |            0 |            0 |            0 |            0 |            0 |            0 |            0 |            0 |            0 |            0 |            0 |            0 |            0 |            0 |            0 |            0 |            0 |            0 |            0 |            0 |            0 |            0 |            0 |
+--------------------------------+---------+--------------+--------------+--------------+--------------+--------------+--------------+--------------+--------------+--------------+--------------+--------------+--------------+--------------+--------------+--------------+--------------+--------------+--------------+--------------+--------------+--------------+--------------+--------------+--------------+
+-------------------------------------+---------+---------------+--------------+--------------+--------------+
|                Event                | Counter |      Sum      |      Min     |      Max     |      Avg     |
+-------------------------------------+---------+---------------+--------------+--------------+--------------+
|        INSTR_RETIRED_ANY STAT       |  FIXC0  | 7181493119354 | 279093722554 | 328600960130 | 2.992289e+11 |
|      CPU_CLK_UNHALTED_CORE STAT     |  FIXC1  | 5323414714144 | 211434272603 | 230111685979 | 2.218089e+11 |
|      CPU_CLK_UNHALTED_REF STAT      |  FIXC2  | 5325002696648 | 211458779149 | 230111671279 | 2.218751e+11 |
|           FIXC1/FIXC0 STAT          |   CPI   |             0 |            0 |            0 |            0 |
|  OFFCORE_RESPONSE_0_LOCAL_DRAM STAT |   PMC0  |   41134495841 |    366521554 |   2926790271 | 1.713937e+09 |
| OFFCORE_RESPONSE_1_REMOTE_DRAM STAT |   PMC1  |    7468613771 |     86041001 |    748125424 | 3.111922e+08 |
|  MEM_LOAD_UOPS_RETIRED_L3_ALL STAT  |   PMC2  |   10686597926 |    191961330 |    612621150 | 4.452749e+08 |
|  MEM_LOAD_UOPS_RETIRED_L3_MISS STAT |   PMC3  |    4273614150 |    113387125 |    345156206 | 1.780673e+08 |
|      L2_TRANS_ALL_REQUESTS STAT     |   PMC4  |  882231124661 |  30611987366 |  43803852588 | 3.675963e+10 |
|          L2_RQSTS_MISS STAT         |   PMC5  |  207838942438 |   7119994436 |  10537482629 | 8.659956e+09 |
|        UOPS_RETIRED_ALL STAT        |   PMC6  | 8853281191954 | 343019281033 | 406115277980 | 3.688867e+11 |
|            TEMP_CORE STAT           |   TMP0  |          1103 |           42 |           50 |      45.9583 |
|         PWR_PKG_ENERGY STAT         |   PWR0  |    19572.7857 |            0 |    9797.0981 |     815.5327 |
|         PWR_PP0_ENERGY STAT         |   PWR1  |             0 |            0 |            0 |            0 |
|         PWR_DRAM_ENERGY STAT        |   PWR3  |     3285.9952 |            0 |    1732.6847 |     136.9165 |
|          CAS_COUNT_RD STAT          | MBOX0C0 |   19567287171 |            0 |  11235627404 | 8.153036e+08 |
|          CAS_COUNT_WR STAT          | MBOX0C1 |    9754476785 |            0 |   5437764146 | 4.064365e+08 |
|          CAS_COUNT_RD STAT          | MBOX1C0 |   19561339287 |            0 |  11227342729 | 8.150558e+08 |
|          CAS_COUNT_WR STAT          | MBOX1C1 |    9751449690 |            0 |   5430571609 | 4.063104e+08 |
|          CAS_COUNT_RD STAT          | MBOX2C0 |             0 |            0 |            0 |            0 |
|          CAS_COUNT_WR STAT          | MBOX2C1 |             0 |            0 |            0 |            0 |
|          CAS_COUNT_RD STAT          | MBOX3C0 |             0 |            0 |            0 |            0 |
|          CAS_COUNT_WR STAT          | MBOX3C1 |             0 |            0 |            0 |            0 |
|          CAS_COUNT_RD STAT          | MBOX4C0 |   19562807667 |            0 |  11237003077 | 8.151170e+08 |
|          CAS_COUNT_WR STAT          | MBOX4C1 |    9755425658 |            0 |   5439875634 | 4.064761e+08 |
|          CAS_COUNT_RD STAT          | MBOX5C0 |   19560706838 |            0 |  11228515223 | 8.150295e+08 |
|          CAS_COUNT_WR STAT          | MBOX5C1 |    9754001982 |            0 |   5432082140 | 4.064167e+08 |
|          CAS_COUNT_RD STAT          | MBOX6C0 |             0 |            0 |            0 |            0 |
|          CAS_COUNT_WR STAT          | MBOX6C1 |             0 |            0 |            0 |            0 |
|          CAS_COUNT_RD STAT          | MBOX7C0 |             0 |            0 |            0 |            0 |
|          CAS_COUNT_WR STAT          | MBOX7C1 |             0 |            0 |            0 |            0 |
+-------------------------------------+---------+---------------+--------------+--------------+--------------+
+-----------------------------------+------------+-----------+-----------+-----------+-----------+-----------+-----------+-----------+-----------+-----------+-----------+-----------+------------+-----------+-----------+-----------+-----------+-----------+-----------+-----------+-----------+-----------+-----------+-----------+
|               Metric              |   Core 0   |   Core 1  |   Core 2  |   Core 3  |   Core 4  |   Core 5  |   Core 6  |   Core 7  |   Core 8  |   Core 9  |  Core 10  |  Core 11  |   Core 12  |  Core 13  |  Core 14  |  Core 15  |  Core 16  |  Core 17  |  Core 18  |  Core 19  |  Core 20  |  Core 21  |  Core 22  |  Core 23  |
+-----------------------------------+------------+-----------+-----------+-----------+-----------+-----------+-----------+-----------+-----------+-----------+-----------+-----------+------------+-----------+-----------+-----------+-----------+-----------+-----------+-----------+-----------+-----------+-----------+-----------+
|        Runtime (RDTSC) [s]        |   101.4109 |  101.4109 |  101.4109 |  101.4109 |  101.4109 |  101.4109 |  101.4109 |  101.4109 |  101.4109 |  101.4109 |  101.4109 |  101.4109 |   101.4109 |  101.4109 |  101.4109 |  101.4109 |  101.4109 |  101.4109 |  101.4109 |  101.4109 |  101.4109 |  101.4109 |  101.4109 |  101.4109 |
|        Runtime unhalted [s]       |    99.6760 |   99.5970 |   99.5504 |   99.5551 |   97.5708 |   98.1577 |   92.0064 |   92.5436 |   92.9164 |   93.2817 |   91.9280 |   92.0000 |    96.1053 |   93.9846 |   93.7631 |   94.3572 |   94.2719 |   94.3994 |   99.7632 |   99.9177 |   99.7970 |  100.0487 |   99.7281 |   99.6113 |
|            Clock [MHz]            |  2298.7883 | 2298.7630 | 2298.8020 | 2298.8028 | 2298.6912 | 2298.7008 | 2299.7174 | 2299.7531 | 2299.7708 | 2299.7667 | 2299.7310 | 2299.7175 |  2298.7437 | 2298.6723 | 2298.6783 | 2298.9474 | 2298.6979 | 2298.7331 | 2299.9977 | 2299.9975 | 2299.9974 | 2299.9977 | 2299.9974 | 2299.9976 |
|                CPI                |     0.7772 |    0.7762 |    0.7759 |    0.7758 |    0.8020 |    0.8086 |    0.6442 |    0.6478 |    0.6504 |    0.6529 |    0.6891 |    0.6896 |     0.7920 |    0.7695 |    0.7675 |    0.7728 |    0.7717 |    0.7725 |    0.7515 |    0.7522 |    0.7520 |    0.7549 |    0.7525 |    0.7520 |
|   Local DRAM data volume [GByte]  |   183.1274 |  184.1354 |  187.3146 |  186.1091 |  176.7139 |  165.7386 |   66.4897 |   65.0254 |   64.3943 |   63.4909 |   58.9242 |   57.0447 |   162.0665 |  174.2058 |  174.1560 |  172.5864 |  172.4724 |  171.2996 |   23.6358 |   25.3262 |   24.7102 |   23.4574 |   24.6741 |   25.5091 |
|   Local DRAM bandwidth [MByte/s]  |  1805.7965 | 1815.7357 | 1847.0855 | 1835.1981 | 1742.5533 | 1634.3273 |  655.6469 |  641.2073 |  634.9844 |  626.0759 |  581.0441 |  562.5105 |  1598.1178 | 1717.8211 | 1717.3307 | 1701.8527 | 1700.7289 | 1689.1638 |  233.0700 |  249.7388 |  243.6638 |  231.3103 |  243.3084 |  251.5424 |
|  Remote DRAM data volume [GByte]  |     9.2158 |    9.1171 |    5.8695 |    5.8622 |    5.5066 |   17.0935 |   13.8317 |   13.3008 |   12.7426 |   14.0820 |   14.0152 |   15.8418 |    18.1433 |    6.9390 |    7.4033 |    7.8755 |    9.7913 |   10.7599 |   47.4006 |   46.0647 |   45.9590 |   47.1699 |   46.1258 |   47.8800 |
|  Remote DRAM bandwidth [MByte/s]  |    90.8757 |   89.9024 |   57.8782 |   57.8068 |   54.3001 |  168.5566 |  136.3931 |  131.1579 |  125.6527 |  138.8612 |  138.2019 |  156.2138 |   178.9088 |   68.4250 |   73.0034 |   77.6594 |   96.5508 |  106.1021 |  467.4117 |  454.2387 |  453.1961 |  465.1363 |  454.8403 |  472.1389 |
|     Memory data volume [GByte]    |   192.3432 |  193.2524 |  193.1841 |  191.9713 |  182.2205 |  182.8320 |   80.3215 |   78.3262 |   77.1369 |   77.5729 |   72.9394 |   72.8865 |   180.2098 |  181.1448 |  181.5594 |  180.4619 |  182.2637 |  182.0595 |   71.0365 |   71.3910 |   70.6692 |   70.6273 |   70.7999 |   73.3892 |
|     Memory bandwidth [MByte/s]    |  1896.6722 | 1905.6381 | 1904.9637 | 1893.0050 | 1796.8534 | 1802.8838 |  792.0400 |  772.3653 |  760.6371 |  764.9371 |  719.2460 |  718.7243 |  1777.0266 | 1786.2461 | 1790.3341 | 1779.5121 | 1797.2797 | 1795.2659 |  700.4817 |  703.9775 |  696.8598 |  696.4466 |  698.1487 |  723.6814 |
|          L3 request rate          |     3.9204 |    3.6981 |    3.9609 |    3.9383 |    3.8950 |    3.7145 |    1.6183 |    1.6851 |    1.8012 |    1.9281 |    1.7132 |    1.7106 |     3.9976 |    3.7727 |    3.8978 |    3.9894 |    3.6965 |    3.8327 |    1.7078 |    1.7749 |    1.7988 |    1.9920 |    1.9500 |    1.8776 |
|            L3 miss rate           |     0.2886 |    0.3095 |    0.1815 |    0.1827 |    0.1840 |    0.5916 |    1.1259 |    0.9751 |    0.9122 |    0.9766 |    0.5528 |    0.6239 |     0.6038 |    0.2482 |    0.2617 |    0.2630 |    0.3582 |    0.3832 |    1.2850 |    1.1749 |    1.2835 |    1.2630 |    1.2060 |    1.3640 |
|           L3 miss ratio           |     0.0503 |    0.0495 |    0.0313 |    0.0315 |    0.0312 |    0.1031 |    0.2080 |    0.2045 |    0.1979 |    0.2218 |    0.2379 |    0.2777 |     0.1119 |    0.0398 |    0.0425 |    0.0456 |    0.0568 |    0.0628 |    2.0055 |    1.8189 |    1.8599 |    2.0109 |    1.8694 |    1.8770 |
|          L2 request rate          |     0.1485 |    0.1481 |    0.1477 |    0.1481 |    0.1453 |    0.1460 |    0.0998 |    0.0999 |    0.1000 |    0.0999 |    0.0998 |    0.0998 |     0.1468 |    0.1444 |    0.1446 |    0.1446 |    0.1436 |    0.1444 |    0.1033 |    0.1035 |    0.1037 |    0.1038 |    0.1037 |    0.1039 |
|            L2 miss rate           |     0.0356 |    0.0356 |    0.0356 |    0.0357 |    0.0352 |    0.0354 |    0.0233 |    0.0232 |    0.0234 |    0.0233 |    0.0233 |    0.0234 |     0.0347 |    0.0346 |    0.0345 |    0.0348 |    0.0346 |    0.0343 |    0.0233 |    0.0233 |    0.0234 |    0.0235 |    0.0235 |    0.0236 |
|           L2 miss ratio           |     0.2400 |    0.2402 |    0.2411 |    0.2410 |    0.2423 |    0.2423 |    0.2331 |    0.2327 |    0.2337 |    0.2336 |    0.2336 |    0.2344 |     0.2361 |    0.2399 |    0.2385 |    0.2406 |    0.2406 |    0.2377 |    0.2258 |    0.2251 |    0.2261 |    0.2261 |    0.2261 |    0.2267 |
|  Memory read bandwidth [MBytes/s] | 28354.1876 |         0 |         0 |         0 |         0 |         0 |         0 |         0 |         0 |         0 |         0 |         0 | 21030.4225 |         0 |         0 |         0 |         0 |         0 |         0 |         0 |         0 |         0 |         0 |         0 |
|  Memory read data volume [GBytes] |  2875.4233 |         0 |         0 |         0 |         0 |         0 |         0 |         0 |         0 |         0 |         0 |         0 |  2132.7138 |         0 |         0 |         0 |         0 |         0 |         0 |         0 |         0 |         0 |         0 |         0 |
| Memory write bandwidth [MBytes/s] | 13720.2114 |         0 |         0 |         0 |         0 |         0 |         0 |         0 |         0 |         0 |         0 |         0 | 10902.2210 |         0 |         0 |         0 |         0 |         0 |         0 |         0 |         0 |         0 |         0 |         0 |
| Memory write data volume [GBytes] |  1391.3788 |         0 |         0 |         0 |         0 |         0 |         0 |         0 |         0 |         0 |         0 |         0 |  1105.6039 |         0 |         0 |         0 |         0 |         0 |         0 |         0 |         0 |         0 |         0 |         0 |
|    Memory bandwidth [MBytes/s]    | 42074.3990 |         0 |         0 |         0 |         0 |         0 |         0 |         0 |         0 |         0 |         0 |         0 | 31932.6434 |         0 |         0 |         0 |         0 |         0 |         0 |         0 |         0 |         0 |         0 |         0 |
|    Memory data volume [GBytes]    |  4266.8020 |         0 |         0 |         0 |         0 |         0 |         0 |         0 |         0 |         0 |         0 |         0 |  3238.3176 |         0 |         0 |         0 |         0 |         0 |         0 |         0 |         0 |         0 |         0 |         0 |
|          Temperature [C]          |         44 |        42 |        43 |        44 |        44 |        44 |        48 |        46 |        46 |        46 |        45 |        45 |         44 |        46 |        46 |        48 |        49 |        48 |        50 |        50 |        46 |        47 |        45 |        47 |
|             Energy [J]            |  9797.0981 |         0 |         0 |         0 |         0 |         0 |         0 |         0 |         0 |         0 |         0 |         0 |  9775.6876 |         0 |         0 |         0 |         0 |         0 |         0 |         0 |         0 |         0 |         0 |         0 |
|             Power [W]             |    96.6080 |         0 |         0 |         0 |         0 |         0 |         0 |         0 |         0 |         0 |         0 |         0 |    96.3968 |         0 |         0 |         0 |         0 |         0 |         0 |         0 |         0 |         0 |         0 |         0 |
|           Energy PP0 [J]          |          0 |         0 |         0 |         0 |         0 |         0 |         0 |         0 |         0 |         0 |         0 |         0 |          0 |         0 |         0 |         0 |         0 |         0 |         0 |         0 |         0 |         0 |         0 |         0 |
|           Power PP0 [W]           |          0 |         0 |         0 |         0 |         0 |         0 |         0 |         0 |         0 |         0 |         0 |         0 |          0 |         0 |         0 |         0 |         0 |         0 |         0 |         0 |         0 |         0 |         0 |         0 |
|          Energy DRAM [J]          |  1732.6847 |         0 |         0 |         0 |         0 |         0 |         0 |         0 |         0 |         0 |         0 |         0 |  1553.3105 |         0 |         0 |         0 |         0 |         0 |         0 |         0 |         0 |         0 |         0 |         0 |
|           Power DRAM [W]          |    17.0858 |         0 |         0 |         0 |         0 |         0 |         0 |         0 |         0 |         0 |         0 |         0 |    15.3170 |         0 |         0 |         0 |         0 |         0 |         0 |         0 |         0 |         0 |         0 |         0 |
+-----------------------------------+------------+-----------+-----------+-----------+-----------+-----------+-----------+-----------+-----------+-----------+-----------+-----------+------------+-----------+-----------+-----------+-----------+-----------+-----------+-----------+-----------+-----------+-----------+-----------+
+----------------------------------------+------------+-----------+------------+-----------+
|                 Metric                 |     Sum    |    Min    |     Max    |    Avg    |
+----------------------------------------+------------+-----------+------------+-----------+
|        Runtime (RDTSC) [s] STAT        |  2433.8616 |  101.4109 |   101.4109 |  101.4109 |
|        Runtime unhalted [s] STAT       |  2314.5306 |   91.9280 |   100.0487 |   96.4388 |
|            Clock [MHz] STAT            | 55183.4626 | 2298.6723 |  2299.9977 | 2299.3109 |
|                CPI STAT                |    17.8508 |    0.6442 |     0.8086 |    0.7438 |
|   Local DRAM data volume [GByte] STAT  |  2632.6077 |   23.4574 |   187.3146 |  109.6920 |
|   Local DRAM bandwidth [MByte/s] STAT  | 25959.8142 |  231.3103 |  1847.0855 | 1081.6589 |
|  Remote DRAM data volume [GByte] STAT  |   477.9911 |    5.5066 |    47.8800 |   19.9163 |
|  Remote DRAM bandwidth [MByte/s] STAT  |  4713.4119 |   54.3001 |   472.1389 |  196.3922 |
|     Memory data volume [GByte] STAT    |  3110.5991 |   70.6273 |   193.2524 |  129.6083 |
|     Memory bandwidth [MByte/s] STAT    | 30673.2262 |  696.4466 |  1905.6381 | 1278.0511 |
|          L3 request rate STAT          |    67.8715 |    1.6183 |     3.9976 |    2.8280 |
|            L3 miss rate STAT           |    16.5989 |    0.1815 |     1.3640 |    0.6916 |
|           L3 miss ratio STAT           |    13.4457 |    0.0312 |     2.0109 |    0.5602 |
|          L2 request rate STAT          |     2.9732 |    0.0998 |     0.1485 |    0.1239 |
|            L2 miss rate STAT           |     0.7011 |    0.0232 |     0.0357 |    0.0292 |
|           L2 miss ratio STAT           |     5.6373 |    0.2251 |     0.2423 |    0.2349 |
|  Memory read bandwidth [MBytes/s] STAT | 49384.6101 |         0 | 28354.1876 | 2057.6921 |
|  Memory read data volume [GBytes] STAT |  5008.1371 |         0 |  2875.4233 |  208.6724 |
| Memory write bandwidth [MBytes/s] STAT | 24622.4324 |         0 | 13720.2114 | 1025.9347 |
| Memory write data volume [GBytes] STAT |  2496.9827 |         0 |  1391.3788 |  104.0409 |
|    Memory bandwidth [MBytes/s] STAT    | 74007.0424 |         0 | 42074.3990 | 3083.6268 |
|    Memory data volume [GBytes] STAT    |  7505.1196 |         0 |  4266.8020 |  312.7133 |
|          Temperature [C] STAT          |       1103 |        42 |         50 |   45.9583 |
|             Energy [J] STAT            | 19572.7857 |         0 |  9797.0981 |  815.5327 |
|             Power [W] STAT             |   193.0048 |         0 |    96.6080 |    8.0419 |
|           Energy PP0 [J] STAT          |          0 |         0 |          0 |         0 |
|           Power PP0 [W] STAT           |          0 |         0 |          0 |         0 |
|          Energy DRAM [J] STAT          |  3285.9952 |         0 |  1732.6847 |  136.9165 |
|           Power DRAM [W] STAT          |    32.4028 |         0 |    17.0858 |    1.3501 |
+----------------------------------------+------------+-----------+------------+-----------+
