--------------------------------------------------------------------------------
CPU name:	Intel(R) Xeon(R) CPU E5-2670 v3 @ 2.30GHz
CPU type:	Intel Xeon Haswell EN/EP/EX processor
CPU clock:	2.30 GHz
--------------------------------------------------------------------------------
Group 1: POWERPERF
+--------------------------------+---------+--------------+--------------+--------------+--------------+--------------+--------------+--------------+--------------+--------------+--------------+--------------+--------------+--------------+--------------+--------------+--------------+--------------+--------------+--------------+--------------+--------------+--------------+--------------+--------------+
|              Event             | Counter |    Core 0    |    Core 1    |    Core 2    |    Core 3    |    Core 4    |    Core 5    |    Core 6    |    Core 7    |    Core 8    |    Core 9    |    Core 10   |    Core 11   |    Core 12   |    Core 13   |    Core 14   |    Core 15   |    Core 16   |    Core 17   |    Core 18   |    Core 19   |    Core 20   |    Core 21   |    Core 22   |    Core 23   |
+--------------------------------+---------+--------------+--------------+--------------+--------------+--------------+--------------+--------------+--------------+--------------+--------------+--------------+--------------+--------------+--------------+--------------+--------------+--------------+--------------+--------------+--------------+--------------+--------------+--------------+--------------+
|        INSTR_RETIRED_ANY       |  FIXC0  | 294176006425 | 294857874937 | 294570188123 | 295097436562 | 280175620052 | 279479030983 | 356373093013 | 356556407064 | 356494765852 | 356615305632 | 333467963472 | 333532426651 | 279137980155 | 280317724169 | 280177878427 | 280708767517 | 280372562005 | 280335235858 | 332444209713 | 333191178380 | 332920345672 | 333202263441 | 332960850768 | 332680983685 |
|      CPU_CLK_UNHALTED_CORE     |  FIXC1  | 230295796519 | 230184691720 | 230161186067 | 230104652985 | 225882842828 | 226570916174 | 225184875055 | 226216245164 | 227285978537 | 228013899936 | 226110917834 | 226511434244 | 222538588267 | 220576470352 | 220906445204 | 220756802063 | 220440705619 | 220952412213 | 230753204926 | 229816067311 | 229530842459 | 226192478561 | 224635222698 | 224730322674 |
|      CPU_CLK_UNHALTED_REF      |  FIXC2  | 230388494518 | 230313980383 | 230290364466 | 230239851636 | 226028280029 | 226714677539 | 225193209921 | 226224539075 | 227294310820 | 228022176732 | 226113967219 | 226513177414 | 222672276268 | 220712701085 | 221040174188 | 220842204149 | 220548776313 | 221056745458 | 230754304550 | 229817181096 | 229531962788 | 226193559823 | 224636337440 | 224731435931 |
|           FIXC1/FIXC0          |   CPI   |            0 |            0 |            0 |            0 |            0 |            0 |            0 |            0 |            0 |            0 |            0 |            0 |            0 |            0 |            0 |            0 |            0 |            0 |            0 |            0 |            0 |            0 |            0 |            0 |
|  OFFCORE_RESPONSE_0_LOCAL_DRAM |   PMC0  |   2936185422 |   2961049967 |   2978196991 |   2972945939 |   2823589225 |   2706553869 |   1034169286 |   1041271685 |   1035721630 |   1030941888 |    953626539 |    949969924 |   2519190071 |   2795328969 |   2765747631 |   2775728688 |   2776781611 |   2770276450 |    548475835 |    679178673 |    701191901 |    785755913 |    812579594 |    805964761 |
| OFFCORE_RESPONSE_1_REMOTE_DRAM |   PMC1  |    178178746 |    106995576 |     98677970 |     99334839 |     97332164 |    214134507 |    348601473 |    313022637 |    308612686 |    319391752 |    307797776 |    313255190 |    320934126 |    106338741 |    107761510 |    106678561 |    138320389 |    139513081 |    674848164 |    565064295 |    526521685 |    448313218 |    432014956 |    468467747 |
|  MEM_LOAD_UOPS_RETIRED_L3_ALL  |   PMC2  |    517295769 |    468728419 |    497882606 |    504430820 |    442630925 |    458487512 |    202827575 |    237485002 |    242540090 |    254254093 |    451422387 |    448981512 |    501100093 |    440517605 |    465626075 |    475649473 |    431466110 |    453600260 |    595806730 |    632484972 |    573590494 |    594392715 |    610574186 |    570551388 |
|  MEM_LOAD_UOPS_RETIRED_L3_MISS |   PMC3  |    134432180 |    126921578 |    129476664 |    127388862 |    120252818 |    122645076 |    125008802 |    139813898 |    134901432 |    129526817 |    262942551 |    252801425 |    121072756 |    116936411 |    120058487 |    120198428 |    117416545 |    120205406 |    342777964 |    394718875 |    296397178 |    301485689 |    314213737 |    302035267 |
|      L2_TRANS_ALL_REQUESTS     |   PMC4  |  43910896055 |  43742543529 |  43701718481 |  43829546480 |  40794108892 |  40876783392 |  35639108242 |  35624728430 |  35675380195 |  35666634247 |  33245517083 |  33219302584 |  40813288592 |  40223352951 |  40755707247 |  40657519108 |  40179620957 |  40582525287 |  33240781337 |  33214968044 |  33189206140 |  33073233867 |  32951137904 |  32972739715 |
|          L2_RQSTS_MISS         |   PMC5  |  10587565864 |  10537755654 |  10549172974 |  10519372632 |   9874956580 |   9895554371 |   8351149039 |   8338224099 |   8384336299 |   8377885096 |   7813246168 |   7835462486 |   9752308015 |   9792457124 |   9823967424 |   9846772299 |   9748760487 |   9770090110 |   7757101899 |   7752884965 |   7796317914 |   7781960886 |   7775042153 |   7800957648 |
|        UOPS_RETIRED_ALL        |   PMC6  | 357889040737 | 359220743313 | 358647022973 | 359700953483 | 344989538560 | 343586177091 | 439349514460 | 439740961712 | 439616981312 | 439851746737 | 413193180359 | 413311853240 | 343288937581 | 345654137357 | 345379954461 | 346439783621 | 345755656016 | 345691772976 | 411427887517 | 412950769608 | 412399678778 | 412977411740 | 412493730525 | 411931539722 |
|            TEMP_CORE           |   TMP0  |           45 |           44 |           46 |           43 |           42 |           45 |           47 |           46 |           47 |           47 |           43 |           44 |           45 |           47 |           48 |           48 |           50 |           50 |           50 |           51 |           47 |           47 |           46 |           48 |
|         PWR_PKG_ENERGY         |   PWR0  |    9988.2799 |            0 |            0 |            0 |            0 |            0 |            0 |            0 |            0 |            0 |            0 |            0 |    9979.6316 |            0 |            0 |            0 |            0 |            0 |            0 |            0 |            0 |            0 |            0 |            0 |
|         PWR_PP0_ENERGY         |   PWR1  |            0 |            0 |            0 |            0 |            0 |            0 |            0 |            0 |            0 |            0 |            0 |            0 |            0 |            0 |            0 |            0 |            0 |            0 |            0 |            0 |            0 |            0 |            0 |            0 |
|         PWR_DRAM_ENERGY        |   PWR3  |    1719.9507 |            0 |            0 |            0 |            0 |            0 |            0 |            0 |            0 |            0 |            0 |            0 |    1644.8765 |            0 |            0 |            0 |            0 |            0 |            0 |            0 |            0 |            0 |            0 |            0 |
|          CAS_COUNT_RD          | MBOX0C0 |  11009678607 |            0 |            0 |            0 |            0 |            0 |            0 |            0 |            0 |            0 |            0 |            0 |   9425960080 |            0 |            0 |            0 |            0 |            0 |            0 |            0 |            0 |            0 |            0 |            0 |
|          CAS_COUNT_WR          | MBOX0C1 |   5397008311 |            0 |            0 |            0 |            0 |            0 |            0 |            0 |            0 |            0 |            0 |            0 |   4811396656 |            0 |            0 |            0 |            0 |            0 |            0 |            0 |            0 |            0 |            0 |            0 |
|          CAS_COUNT_RD          | MBOX1C0 |  11010420722 |            0 |            0 |            0 |            0 |            0 |            0 |            0 |            0 |            0 |            0 |            0 |   9420287192 |            0 |            0 |            0 |            0 |            0 |            0 |            0 |            0 |            0 |            0 |            0 |
|          CAS_COUNT_WR          | MBOX1C1 |   5397486896 |            0 |            0 |            0 |            0 |            0 |            0 |            0 |            0 |            0 |            0 |            0 |   4806583332 |            0 |            0 |            0 |            0 |            0 |            0 |            0 |            0 |            0 |            0 |            0 |
|          CAS_COUNT_RD          | MBOX2C0 |            0 |            0 |            0 |            0 |            0 |            0 |            0 |            0 |            0 |            0 |            0 |            0 |            0 |            0 |            0 |            0 |            0 |            0 |            0 |            0 |            0 |            0 |            0 |            0 |
|          CAS_COUNT_WR          | MBOX2C1 |            0 |            0 |            0 |            0 |            0 |            0 |            0 |            0 |            0 |            0 |            0 |            0 |            0 |            0 |            0 |            0 |            0 |            0 |            0 |            0 |            0 |            0 |            0 |            0 |
|          CAS_COUNT_RD          | MBOX3C0 |            0 |            0 |            0 |            0 |            0 |            0 |            0 |            0 |            0 |            0 |            0 |            0 |            0 |            0 |            0 |            0 |            0 |            0 |            0 |            0 |            0 |            0 |            0 |            0 |
|          CAS_COUNT_WR          | MBOX3C1 |            0 |            0 |            0 |            0 |            0 |            0 |            0 |            0 |            0 |            0 |            0 |            0 |            0 |            0 |            0 |            0 |            0 |            0 |            0 |            0 |            0 |            0 |            0 |            0 |
|          CAS_COUNT_RD          | MBOX4C0 |  11010160028 |            0 |            0 |            0 |            0 |            0 |            0 |            0 |            0 |            0 |            0 |            0 |   9421012729 |            0 |            0 |            0 |            0 |            0 |            0 |            0 |            0 |            0 |            0 |            0 |
|          CAS_COUNT_WR          | MBOX4C1 |   5398684139 |            0 |            0 |            0 |            0 |            0 |            0 |            0 |            0 |            0 |            0 |            0 |   4809151739 |            0 |            0 |            0 |            0 |            0 |            0 |            0 |            0 |            0 |            0 |            0 |
|          CAS_COUNT_RD          | MBOX5C0 |  11012937463 |            0 |            0 |            0 |            0 |            0 |            0 |            0 |            0 |            0 |            0 |            0 |   9420565921 |            0 |            0 |            0 |            0 |            0 |            0 |            0 |            0 |            0 |            0 |            0 |
|          CAS_COUNT_WR          | MBOX5C1 |   5401010752 |            0 |            0 |            0 |            0 |            0 |            0 |            0 |            0 |            0 |            0 |            0 |   4809466886 |            0 |            0 |            0 |            0 |            0 |            0 |            0 |            0 |            0 |            0 |            0 |
|          CAS_COUNT_RD          | MBOX6C0 |            0 |            0 |            0 |            0 |            0 |            0 |            0 |            0 |            0 |            0 |            0 |            0 |            0 |            0 |            0 |            0 |            0 |            0 |            0 |            0 |            0 |            0 |            0 |            0 |
|          CAS_COUNT_WR          | MBOX6C1 |            0 |            0 |            0 |            0 |            0 |            0 |            0 |            0 |            0 |            0 |            0 |            0 |            0 |            0 |            0 |            0 |            0 |            0 |            0 |            0 |            0 |            0 |            0 |            0 |
|          CAS_COUNT_RD          | MBOX7C0 |            0 |            0 |            0 |            0 |            0 |            0 |            0 |            0 |            0 |            0 |            0 |            0 |            0 |            0 |            0 |            0 |            0 |            0 |            0 |            0 |            0 |            0 |            0 |            0 |
|          CAS_COUNT_WR          | MBOX7C1 |            0 |            0 |            0 |            0 |            0 |            0 |            0 |            0 |            0 |            0 |            0 |            0 |            0 |            0 |            0 |            0 |            0 |            0 |            0 |            0 |            0 |            0 |            0 |            0 |
+--------------------------------+---------+--------------+--------------+--------------+--------------+--------------+--------------+--------------+--------------+--------------+--------------+--------------+--------------+--------------+--------------+--------------+--------------+--------------+--------------+--------------+--------------+--------------+--------------+--------------+--------------+
+-------------------------------------+---------+---------------+--------------+--------------+--------------+
|                Event                | Counter |      Sum      |      Min     |      Max     |      Avg     |
+-------------------------------------+---------+---------------+--------------+--------------+--------------+
|        INSTR_RETIRED_ANY STAT       |  FIXC0  | 7509846098556 | 279137980155 | 356615305632 | 3.129103e+11 |
|      CPU_CLK_UNHALTED_CORE STAT     |  FIXC1  | 5424352999410 | 220440705619 | 230753204926 | 2.260147e+11 |
|      CPU_CLK_UNHALTED_REF STAT      |  FIXC2  | 5425874688841 | 220548776313 | 230754304550 | 2.260781e+11 |
|           FIXC1/FIXC0 STAT          |   CPI   |             0 |            0 |            0 |            0 |
|  OFFCORE_RESPONSE_0_LOCAL_DRAM STAT |   PMC0  |   44160422462 |    548475835 |   2978196991 | 1.840018e+09 |
| OFFCORE_RESPONSE_1_REMOTE_DRAM STAT |   PMC1  |    6740111789 |     97332164 |    674848164 | 2.808380e+08 |
|  MEM_LOAD_UOPS_RETIRED_L3_ALL STAT  |   PMC2  |   11072326811 |    202827575 |    632484972 | 4.613470e+08 |
|  MEM_LOAD_UOPS_RETIRED_L3_MISS STAT |   PMC3  |    4473628846 |    116936411 |    394718875 | 1.864012e+08 |
|      L2_TRANS_ALL_REQUESTS STAT     |   PMC4  |  907780348759 |  32951137904 |  43910896055 | 3.782418e+10 |
|          L2_RQSTS_MISS STAT         |   PMC5  |  216463302186 |   7752884965 |  10587565864 | 9.019304e+09 |
|        UOPS_RETIRED_ALL STAT        |   PMC6  | 9255488973879 | 343288937581 | 439851746737 | 3.856454e+11 |
|            TEMP_CORE STAT           |   TMP0  |          1116 |           42 |           51 |      46.5000 |
|         PWR_PKG_ENERGY STAT         |   PWR0  |    19967.9115 |            0 |    9988.2799 |     831.9963 |
|         PWR_PP0_ENERGY STAT         |   PWR1  |             0 |            0 |            0 |            0 |
|         PWR_DRAM_ENERGY STAT        |   PWR3  |     3364.8272 |            0 |    1719.9507 |     140.2011 |
|          CAS_COUNT_RD STAT          | MBOX0C0 |   20435638687 |            0 |  11009678607 | 8.514849e+08 |
|          CAS_COUNT_WR STAT          | MBOX0C1 |   10208404967 |            0 |   5397008311 | 4.253502e+08 |
|          CAS_COUNT_RD STAT          | MBOX1C0 |   20430707914 |            0 |  11010420722 | 8.512795e+08 |
|          CAS_COUNT_WR STAT          | MBOX1C1 |   10204070228 |            0 |   5397486896 | 4.251696e+08 |
|          CAS_COUNT_RD STAT          | MBOX2C0 |             0 |            0 |            0 |            0 |
|          CAS_COUNT_WR STAT          | MBOX2C1 |             0 |            0 |            0 |            0 |
|          CAS_COUNT_RD STAT          | MBOX3C0 |             0 |            0 |            0 |            0 |
|          CAS_COUNT_WR STAT          | MBOX3C1 |             0 |            0 |            0 |            0 |
|          CAS_COUNT_RD STAT          | MBOX4C0 |   20431172757 |            0 |  11010160028 | 8.512989e+08 |
|          CAS_COUNT_WR STAT          | MBOX4C1 |   10207835878 |            0 |   5398684139 | 4.253265e+08 |
|          CAS_COUNT_RD STAT          | MBOX5C0 |   20433503384 |            0 |  11012937463 | 8.513960e+08 |
|          CAS_COUNT_WR STAT          | MBOX5C1 |   10210477638 |            0 |   5401010752 | 4.254366e+08 |
|          CAS_COUNT_RD STAT          | MBOX6C0 |             0 |            0 |            0 |            0 |
|          CAS_COUNT_WR STAT          | MBOX6C1 |             0 |            0 |            0 |            0 |
|          CAS_COUNT_RD STAT          | MBOX7C0 |             0 |            0 |            0 |            0 |
|          CAS_COUNT_WR STAT          | MBOX7C1 |             0 |            0 |            0 |            0 |
+-------------------------------------+---------+---------------+--------------+--------------+--------------+
+-----------------------------------+------------+-----------+-----------+-----------+-----------+-----------+-----------+-----------+-----------+-----------+-----------+-----------+------------+-----------+-----------+-----------+-----------+-----------+-----------+-----------+-----------+-----------+-----------+-----------+
|               Metric              |   Core 0   |   Core 1  |   Core 2  |   Core 3  |   Core 4  |   Core 5  |   Core 6  |   Core 7  |   Core 8  |   Core 9  |  Core 10  |  Core 11  |   Core 12  |  Core 13  |  Core 14  |  Core 15  |  Core 16  |  Core 17  |  Core 18  |  Core 19  |  Core 20  |  Core 21  |  Core 22  |  Core 23  |
+-----------------------------------+------------+-----------+-----------+-----------+-----------+-----------+-----------+-----------+-----------+-----------+-----------+-----------+------------+-----------+-----------+-----------+-----------+-----------+-----------+-----------+-----------+-----------+-----------+-----------+
|        Runtime (RDTSC) [s]        |   101.7756 |  101.7756 |  101.7756 |  101.7756 |  101.7756 |  101.7756 |  101.7756 |  101.7756 |  101.7756 |  101.7756 |  101.7756 |  101.7756 |   101.7756 |  101.7756 |  101.7756 |  101.7756 |  101.7756 |  101.7756 |  101.7756 |  101.7756 |  101.7756 |  101.7756 |  101.7756 |  101.7756 |
|        Runtime unhalted [s]       |   100.1299 |  100.0815 |  100.0713 |  100.0467 |   98.2112 |   98.5103 |   97.9077 |   98.3561 |   98.8212 |   99.1377 |   98.3103 |   98.4845 |    96.7571 |   95.9040 |   96.0475 |   95.9824 |   95.8450 |   96.0675 |  100.3287 |   99.9213 |   99.7973 |   98.3458 |   97.6687 |   97.7101 |
|            Clock [MHz]            |  2299.0460 | 2298.6803 | 2298.6813 | 2298.6208 | 2298.4915 | 2298.5130 | 2299.8863 | 2299.8871 | 2299.8871 | 2299.8879 | 2299.9404 | 2299.9537 |  2298.5905 | 2298.5518 | 2298.5799 | 2299.0820 | 2298.8444 | 2298.8859 | 2299.9604 | 2299.9602 | 2299.9602 | 2299.9604 | 2299.9600 | 2299.9600 |
|                CPI                |     0.7829 |    0.7807 |    0.7813 |    0.7798 |    0.8062 |    0.8107 |    0.6319 |    0.6344 |    0.6376 |    0.6394 |    0.6781 |    0.6791 |     0.7972 |    0.7869 |    0.7885 |    0.7864 |    0.7862 |    0.7882 |    0.6941 |    0.6897 |    0.6894 |    0.6788 |    0.6747 |    0.6755 |
|   Local DRAM data volume [GByte]  |   187.9159 |  189.5072 |  190.6046 |  190.2685 |  180.7097 |  173.2194 |   66.1868 |   66.6414 |   66.2862 |   65.9803 |   61.0321 |   60.7981 |   161.2282 |  178.9011 |  177.0078 |  177.6466 |  177.7140 |  177.2977 |   35.1025 |   43.4674 |   44.8763 |   50.2884 |   52.0051 |   51.5817 |
|   Local DRAM bandwidth [MByte/s]  |  1846.3737 | 1862.0093 | 1872.7920 | 1869.4899 | 1775.5693 | 1701.9735 |  650.3210 |  654.7872 |  651.2971 |  648.2915 |  599.6729 |  597.3735 |  1584.1528 | 1757.7983 | 1739.1966 | 1745.4730 | 1746.1351 | 1742.0444 |  344.9003 |  427.0907 |  440.9334 |  494.1102 |  510.9778 |  506.8182 |
|  Remote DRAM data volume [GByte]  |    11.4034 |    6.8477 |    6.3154 |    6.3574 |    6.2293 |   13.7046 |   22.3105 |   20.0334 |   19.7512 |   20.4411 |   19.6991 |   20.0483 |    20.5398 |    6.8057 |    6.8967 |    6.8274 |    8.8525 |    8.9288 |   43.1903 |   36.1641 |   33.6974 |   28.6920 |   27.6490 |   29.9819 |
|  Remote DRAM bandwidth [MByte/s]  |   112.0449 |   67.2825 |   62.0521 |   62.4651 |   61.2058 |  134.6551 |  219.2125 |  196.8393 |  194.0662 |  200.8444 |  193.5538 |  196.9856 |   201.8143 |   66.8694 |   67.7641 |   67.0831 |   86.9806 |   87.7306 |  424.3676 |  355.3317 |  331.0948 |  281.9147 |  271.6658 |  294.5885 |
|     Memory data volume [GByte]    |   199.3193 |  196.3549 |  196.9200 |  196.6260 |  186.9390 |  186.9241 |   88.4973 |   86.6748 |   86.0374 |   86.4214 |   80.7312 |   80.8464 |   181.7679 |  185.7067 |  183.9046 |  184.4741 |  186.5665 |  186.2265 |   78.2927 |   79.6315 |   78.5737 |   78.9804 |   79.6541 |   81.5637 |
|     Memory bandwidth [MByte/s]    |  1958.4186 | 1929.2918 | 1934.8441 | 1931.9551 | 1836.7751 | 1836.6286 |  869.5335 |  851.6265 |  845.3633 |  849.1359 |  793.2267 |  794.3591 |  1785.9671 | 1824.6678 | 1806.9607 | 1812.5561 | 1833.1157 | 1829.7750 |  769.2679 |  782.4225 |  772.0282 |  776.0248 |  782.6436 |  801.4067 |
|          L3 request rate          |     3.8480 |    3.6931 |    3.8453 |    3.9598 |    3.6808 |    3.7383 |    1.6225 |    1.6986 |    1.7979 |    1.9629 |    1.7168 |    1.7760 |     4.1388 |    3.7672 |    3.8783 |    3.9572 |    3.6747 |    3.7735 |    1.7382 |    1.6024 |    1.9352 |    1.9715 |    1.9432 |    1.8890 |
|            L3 miss rate           |     0.3444 |    0.2283 |    0.1982 |    0.1969 |    0.2199 |    0.4670 |    1.7187 |    1.3181 |    1.2724 |    1.2562 |    0.6818 |    0.6977 |     0.6405 |    0.2414 |    0.2314 |    0.2243 |    0.3206 |    0.3076 |    1.1327 |    0.8934 |    0.9179 |    0.7542 |    0.7076 |    0.8211 |
|           L3 miss ratio           |     0.0607 |    0.0361 |    0.0331 |    0.0334 |    0.0345 |    0.0791 |    0.3371 |    0.3006 |    0.2980 |    0.3098 |    0.3228 |    0.3298 |     0.1274 |    0.0380 |    0.0390 |    0.0384 |    0.0498 |    0.0504 |    1.2304 |    0.8320 |    0.7509 |    0.5706 |    0.5317 |    0.5813 |
|          L2 request rate          |     0.1493 |    0.1484 |    0.1484 |    0.1485 |    0.1456 |    0.1463 |    0.1000 |    0.0999 |    0.1001 |    0.1000 |    0.0997 |    0.0996 |     0.1462 |    0.1435 |    0.1455 |    0.1448 |    0.1433 |    0.1448 |    0.1000 |    0.0997 |    0.0997 |    0.0993 |    0.0990 |    0.0991 |
|            L2 miss rate           |     0.0360 |    0.0357 |    0.0358 |    0.0356 |    0.0352 |    0.0354 |    0.0234 |    0.0234 |    0.0235 |    0.0235 |    0.0234 |    0.0235 |     0.0349 |    0.0349 |    0.0351 |    0.0351 |    0.0348 |    0.0349 |    0.0233 |    0.0233 |    0.0234 |    0.0234 |    0.0234 |    0.0234 |
|           L2 miss ratio           |     0.2411 |    0.2409 |    0.2414 |    0.2400 |    0.2421 |    0.2421 |    0.2343 |    0.2341 |    0.2350 |    0.2349 |    0.2350 |    0.2359 |     0.2389 |    0.2435 |    0.2410 |    0.2422 |    0.2426 |    0.2407 |    0.2334 |    0.2334 |    0.2349 |    0.2353 |    0.2360 |    0.2366 |
|  Memory read bandwidth [MBytes/s] | 27695.8664 |         0 |         0 |         0 |         0 |         0 |         0 |         0 |         0 |         0 |         0 |         0 | 23699.3921 |         0 |         0 |         0 |         0 |         0 |         0 |         0 |         0 |         0 |         0 |         0 |
|  Memory read data volume [GBytes] |  2818.7646 |         0 |         0 |         0 |         0 |         0 |         0 |         0 |         0 |         0 |         0 |         0 |  2412.0209 |         0 |         0 |         0 |         0 |         0 |         0 |         0 |         0 |         0 |         0 |         0 |
| Memory write bandwidth [MBytes/s] | 13579.1642 |         0 |         0 |         0 |         0 |         0 |         0 |         0 |         0 |         0 |         0 |         0 | 12096.6302 |         0 |         0 |         0 |         0 |         0 |         0 |         0 |         0 |         0 |         0 |         0 |
| Memory write data volume [GBytes] |  1382.0282 |         0 |         0 |         0 |         0 |         0 |         0 |         0 |         0 |         0 |         0 |         0 |  1231.1423 |         0 |         0 |         0 |         0 |         0 |         0 |         0 |         0 |         0 |         0 |         0 |
|    Memory bandwidth [MBytes/s]    | 41275.0306 |         0 |         0 |         0 |         0 |         0 |         0 |         0 |         0 |         0 |         0 |         0 | 35796.0223 |         0 |         0 |         0 |         0 |         0 |         0 |         0 |         0 |         0 |         0 |         0 |
|    Memory data volume [GBytes]    |  4200.7928 |         0 |         0 |         0 |         0 |         0 |         0 |         0 |         0 |         0 |         0 |         0 |  3643.1632 |         0 |         0 |         0 |         0 |         0 |         0 |         0 |         0 |         0 |         0 |         0 |
|          Temperature [C]          |         45 |        44 |        46 |        43 |        42 |        45 |        47 |        46 |        47 |        47 |        43 |        44 |         45 |        47 |        48 |        48 |        50 |        50 |        50 |        51 |        47 |        47 |        46 |        48 |
|             Energy [J]            |  9988.2799 |         0 |         0 |         0 |         0 |         0 |         0 |         0 |         0 |         0 |         0 |         0 |  9979.6316 |         0 |         0 |         0 |         0 |         0 |         0 |         0 |         0 |         0 |         0 |         0 |
|             Power [W]             |    98.1402 |         0 |         0 |         0 |         0 |         0 |         0 |         0 |         0 |         0 |         0 |         0 |    98.0552 |         0 |         0 |         0 |         0 |         0 |         0 |         0 |         0 |         0 |         0 |         0 |
|           Energy PP0 [J]          |          0 |         0 |         0 |         0 |         0 |         0 |         0 |         0 |         0 |         0 |         0 |         0 |          0 |         0 |         0 |         0 |         0 |         0 |         0 |         0 |         0 |         0 |         0 |         0 |
|           Power PP0 [W]           |          0 |         0 |         0 |         0 |         0 |         0 |         0 |         0 |         0 |         0 |         0 |         0 |          0 |         0 |         0 |         0 |         0 |         0 |         0 |         0 |         0 |         0 |         0 |         0 |
|          Energy DRAM [J]          |  1719.9507 |         0 |         0 |         0 |         0 |         0 |         0 |         0 |         0 |         0 |         0 |         0 |  1644.8765 |         0 |         0 |         0 |         0 |         0 |         0 |         0 |         0 |         0 |         0 |         0 |
|           Power DRAM [W]          |    16.8994 |         0 |         0 |         0 |         0 |         0 |         0 |         0 |         0 |         0 |         0 |         0 |    16.1618 |         0 |         0 |         0 |         0 |         0 |         0 |         0 |         0 |         0 |         0 |         0 |
+-----------------------------------+------------+-----------+-----------+-----------+-----------+-----------+-----------+-----------+-----------+-----------+-----------+-----------+------------+-----------+-----------+-----------+-----------+-----------+-----------+-----------+-----------+-----------+-----------+-----------+
+----------------------------------------+------------+-----------+------------+-----------+
|                 Metric                 |     Sum    |    Min    |     Max    |    Avg    |
+----------------------------------------+------------+-----------+------------+-----------+
|        Runtime (RDTSC) [s] STAT        |  2442.6144 |  101.7756 |   101.7756 |  101.7756 |
|        Runtime unhalted [s] STAT       |  2358.4438 |   95.8450 |   100.3287 |   98.2685 |
|            Clock [MHz] STAT            | 55183.7711 | 2298.4915 |  2299.9604 | 2299.3238 |
|                CPI STAT                |    17.4777 |    0.6319 |     0.8107 |    0.7282 |
|   Local DRAM data volume [GByte] STAT  |  2826.2670 |   35.1025 |   190.6046 |  117.7611 |
|   Local DRAM bandwidth [MByte/s] STAT  | 27769.5817 |  344.9003 |  1872.7920 | 1157.0659 |
|  Remote DRAM data volume [GByte] STAT  |   431.3670 |    6.2293 |    43.1903 |   17.9736 |
|  Remote DRAM bandwidth [MByte/s] STAT  |  4238.4125 |   61.2058 |   424.3676 |  176.6005 |
|     Memory data volume [GByte] STAT    |  3257.6342 |   78.2927 |   199.3193 |  135.7348 |
|     Memory bandwidth [MByte/s] STAT    | 32007.9944 |  769.2679 |  1958.4186 | 1333.6664 |
|          L3 request rate STAT          |    67.6092 |    1.6024 |     4.1388 |    2.8171 |
|            L3 miss rate STAT           |    15.7923 |    0.1969 |     1.7187 |    0.6580 |
|           L3 miss ratio STAT           |     7.0149 |    0.0331 |     1.2304 |    0.2923 |
|          L2 request rate STAT          |     2.9507 |    0.0990 |     0.1493 |    0.1229 |
|            L2 miss rate STAT           |     0.7043 |    0.0233 |     0.0360 |    0.0293 |
|           L2 miss ratio STAT           |     5.7153 |    0.2334 |     0.2435 |    0.2381 |
|  Memory read bandwidth [MBytes/s] STAT | 51395.2585 |         0 | 27695.8664 | 2141.4691 |
|  Memory read data volume [GBytes] STAT |  5230.7855 |         0 |  2818.7646 |  217.9494 |
| Memory write bandwidth [MBytes/s] STAT | 25675.7944 |         0 | 13579.1642 | 1069.8248 |
| Memory write data volume [GBytes] STAT |  2613.1705 |         0 |  1382.0282 |  108.8821 |
|    Memory bandwidth [MBytes/s] STAT    | 77071.0529 |         0 | 41275.0306 | 3211.2939 |
|    Memory data volume [GBytes] STAT    |  7843.9560 |         0 |  4200.7928 |  326.8315 |
|          Temperature [C] STAT          |       1116 |        42 |         51 |   46.5000 |
|             Energy [J] STAT            | 19967.9115 |         0 |  9988.2799 |  831.9963 |
|             Power [W] STAT             |   196.1954 |         0 |    98.1402 |    8.1748 |
|           Energy PP0 [J] STAT          |          0 |         0 |          0 |         0 |
|           Power PP0 [W] STAT           |          0 |         0 |          0 |         0 |
|          Energy DRAM [J] STAT          |  3364.8272 |         0 |  1719.9507 |  140.2011 |
|           Power DRAM [W] STAT          |    33.0612 |         0 |    16.8994 |    1.3776 |
+----------------------------------------+------------+-----------+------------+-----------+
